0 631 1406 573 1026 345 1461 1700 981 1665 193 1263 456 905 1133 1679
631 0 1721 1071 1392 975 1598 1323 1600 1050 824 1823 1085 1484 1547 1108
1406 1721 0 1800 383 1296 466 3024 1177 2662 1332 859 1263 922 2315 2792
573 1071 1800 0 1420 504 1954 1709 949 1974 510 1372 545 1031 566 1911
1026 1392 383 1420 0 916 628 2672 896 2382 948 712 890 629 1946 2488
345 975 1296 504 916 0 1461 1984 642 2009 151 970 111 608 1045 2016
1461 1598 466 1954 628 1461 0 2920 1524 2421 1448 1284 1462 1257 2506 2588
1700 1323 3024 1709 2672 1984 2920 0 2602 969 1858 2952 2087 2590 1791 703
981 1600 1177 949 896 642 1524 2602 0 2645 790 458 531 266 1299 2658
1665 1050 2662 1974 2382 2009 2421 969 2645 0 1858 2871 2121 2535 2298 276
193 824 1332 510 948 151 1448 1858 790 1858 0 1094 262 732 1074 1868
1263 1823 859 1372 712 970 1284 2952 458 2871 1094 0 874 362 1757 2923
456 1085 1263 545 890 111 1462 2087 531 2121 262 874 0 514 1056 2128
905 1484 922 1031 629 608 1257 2590 266 2535 732 362 514 0 1464 2575
1133 1547 2315 566 1946 1045 2506 1791 1299 2298 1074 1757 1056 1464 0 2175
1679 1108 2792 1911 2488 2016 2588 703 2658 276 1868 2923 2128 2575 2175 0
