0 1068 308 619 1488 61 600 180 59 629 1520 1694 1624 879 1545 1160
1068 0 807 1684 2528 1078 841 1228 1088 1333 1057 960 2049 1718 570 2222
308 807 0 916 1793 293 621 489 304 853 1228 1386 1816 962 1247 1421
619 1684 916 0 884 623 1059 457 611 733 2053 2275 1584 826 2162 594
1488 2528 1793 884 0 1501 1791 1312 1489 1317 2929 3159 1686 1507 3032 686
61 1078 293 623 1501 0 653 211 11 687 1484 1669 1684 824 1539 1145
600 841 621 1059 1791 653 0 652 657 506 1690 1728 1274 1478 1409 1652
180 1228 489 457 1312 211 652 0 201 531 1696 1874 1523 885 1720 1025
59 1088 304 611 1489 11 657 201 0 682 1495 1681 1678 821 1551 1134
629 1333 853 733 1317 687 506 531 682 0 2064 2163 996 1402 1893 1307
1520 1057 1228 2053 2929 1484 1690 1696 1495 2064 0 392 2965 1612 794 2405
1694 960 1386 2275 3159 1669 1728 1874 1681 2163 392 0 2987 1937 512 2685
1624 2049 1816 1584 1686 1684 1274 1523 1678 996 2965 2987 0 2363 2612 2028
879 1718 962 826 1507 824 1478 885 821 1402 1612 1937 2363 0 2017 861
1545 570 1247 2162 3032 1539 1409 1720 1551 1893 794 512 2612 2017 0 2653
1160 2222 1421 594 686 1145 1652 1025 1134 1307 2405 2685 2028 861 2653 0
