0 710 551 304 296 33 490 365 699 663 857 54 782 758 577 434 632 220 414 690 668 601 372 317 286 588 598 855 807 167 780 44 336 654 410 345 844 453 791 418 216 848 695 603 244 385 615 516 187 428 287 54 822 386 173 11 654 385 112 59 407 728 642 554 109 0 276 634 376 618 774 297 350 95 17 722 653 184
710 0 416 1014 521 678 248 421 1072 454 292 698 1166 988 1118 1139 1011 678 1061 1393 359 225 632 959 932 1243 1309 753 1278 558 1456 748 954 1302 1118 715 426 598 651 1122 568 1549 1405 261 723 477 975 1082 542 367 424 701 737 463 578 717 200 1058 601 693 503 1411 1061 1165 813 710 977 1235 341 1239 387 1008 1046 631 697 107 1223 734
551 416 0 827 560 531 230 197 1156 738 699 573 760 572 1104 966 611 656 965 1216 131 190 709 676 656 936 1099 392 885 391 1326 595 880 986 937 368 799 207 939 952 337 1282 1172 551 703 585 1058 1050 372 503 379 512 1012 571 378 551 228 785 451 572 158 1271 667 835 618 551 820 1181 279 908 232 815 894 456 534 342 1192 468
304 1014 827 0 554 335 793 656 693 909 1143 318 798 865 474 139 687 412 242 391 952 900 565 264 254 399 295 1070 758 466 506 266 259 461 110 525 1107 683 994 127 493 566 398 887 397 640 641 408 485 709 589 323 1003 646 461 298 954 228 415 324 671 448 668 431 210 304 75 457 680 469 1057 16 98 391 318 1026 503 367
296 521 560 554 0 266 384 373 600 367 592 253 1034 959 600 657 875 161 548 901 634 509 148 612 581 884 842 938 1083 263 944 311 438 949 643 548 555 572 503 639 342 1120 951 338 203 89 502 561 267 164 181 326 545 92 304 307 549 680 245 246 479 903 898 849 401 296 499 713 285 915 729 554 559 282 294 572 703 438
33 678 531 335 266 0 461 341 696 632 824 47 798 764 586 464 646 204 434 720 645 573 350 346 315 620 630 845 829 141 806 70 350 685 441 348 812 444 764 448 200 882 728 570 233 355 609 527 161 395 254 66 798 355 154 43 626 418 84 49 391 755 659 583 142 33 305 651 346 648 750 330 378 76 28 692 667 195
490 248 230 793 384 461 0 173 983 508 495 489 934 776 973 925 775 516 876 1181 258 125 526 715 688 997 1085 619 1038 327 1263 531 776 1056 901 469 576 368 710 909 324 1312 1175 322 564 384 883 927 309 287 226 472 785 369 340 495 171 817 378 486 265 1213 822 917 586 490 766 1072 116 991 347 786 838 402 475 233 1072 490
365 421 197 656 373 341 173 0 962 612 659 380 774 638 906 793 612 458 774 1047 304 250 521 548 523 828 940 565 869 199 1145 408 685 885 766 296 719 224 802 777 165 1151 1023 453 506 412 865 853 179 352 192 333 866 400 194 366 304 653 258 378 118 1092 656 744 445 364 640 986 125 818 409 646 713 269 348 395 996 324
699 1072 1156 693 600 696 983 962 0 688 1012 649 1454 1456 262 674 1317 510 471 783 1234 1106 456 923 901 1087 833 1520 1441 797 699 670 435 1145 690 1043 880 1128 612 663 877 1135 944 823 468 606 99 309 811 715 778 753 558 621 829 707 1143 919 747 646 1053 697 1316 1123 729 699 621 395 886 1162 1329 707 611 765 712 1147 334 881
663 454 738 909 367 632 508 612 688 0 324 620 1364 1250 814 996 1201 496 849 1223 749 594 357 978 947 1251 1186 1127 1430 597 1231 678 740 1316 987 868 210 837 203 978 662 1475 1299 200 519 277 601 801 594 268 455 689 285 277 637 674 604 1047 598 613 731 1200 1233 1214 768 663 846 955 487 1281 812 911 898 637 660 555 923 791
857 292 699 1143 592 824 495 659 1012 324 0 828 1430 1267 1125 1250 1270 749 1130 1492 652 512 643 1149 1119 1434 1434 1045 1528 738 1522 885 1019 1497 1235 954 173 864 464 1232 775 1704 1541 255 784 514 924 1106 726 434 583 866 552 505 768 867 492 1236 763 822 761 1485 1315 1373 967 857 1091 1261 548 1445 674 1141 1152 800 849 393 1234 933
54 698 573 318 253 47 489 380 649 620 828 0 836 809 540 440 686 166 394 695 684 605 319 365 335 631 613 892 860 181 773 58 307 696 420 394 806 491 741 423 245 875 715 573 190 343 564 481 201 395 274 106 771 344 198 65 657 427 122 6 436 723 697 602 148 54 279 608 373 665 789 315 350 122 64 718 622 237
782 1166 760 798 1034 798 934 774 1454 1364 1430 836 0 244 1267 893 162 1002 1040 1040 864 947 1146 538 557 537 887 644 167 774 1216 798 1029 535 861 495 1492 568 1532 892 702 871 881 1225 1025 1111 1382 1201 773 1095 908 732 1579 1105 733 771 988 582 791 841 669 1156 139 421 727 782 856 1254 895 445 923 782 896 756 774 1102 1302 603
758 988 572 865 959 764 776 638 1456 1250 1267 809 244 0 1305 983 200 965 1093 1171 658 763 1090 604 611 704 1021 400 409 698 1335 786 1058 719 950 418 1351 414 1434 978 616 1062 1038 1088 998 1023 1373 1239 691 985 804 703 1492 1014 658 749 798 682 731 813 521 1274 254 578 736 758 906 1319 763 624 703 848 962 704 745 912 1358 575
577 1118 1104 474 600 586 973 906 262 814 1125 540 1267 1305 0 426 1144 457 233 521 1204 1098 491 728 711 851 573 1432 1233 715 452 538 247 906 447 913 1022 1030 796 418 785 873 683 899 409 642 268 66 734 751 749 629 763 656 738 582 1143 702 658 539 975 441 1133 903 570 577 411 148 862 933 1306 490 381 663 593 1173 108 742
434 1139 966 139 657 464 925 793 674 996 1250 440 893 983 426 0 797 503 203 255 1091 1035 642 379 376 427 190 1206 831 600 368 393 277 479 33 662 1200 822 1059 17 631 492 306 995 477 739 642 367 620 818 715 460 1057 746 598 430 1088 311 546 445 811 309 771 494 348 434 162 369 810 514 1196 152 98 525 450 1156 426 507
632 1011 611 687 875 646 775 612 1317 1201 1270 686 162 200 1144 797 0 850 923 974 723 794 991 423 435 503 823 560 275 613 1141 652 901 521 764 332 1329 412 1371 793 540 863 838 1062 876 950 1240 1078 612 933 745 580 1419 943 572 621 838 490 632 691 510 1081 64 377 588 632 737 1145 732 426 791 671 786 599 622 951 1188 450
220 678 656 412 161 204 516 458 510 496 749 166 1002 965 457 503 850 0 386 743 748 640 160 523 493 773 692 1009 1026 286 783 212 277 839 492 547 697 618 591 486 367 978 803 498 48 236 418 412 301 325 291 270 613 244 320 232 686 571 238 160 543 741 863 757 301 220 350 559 404 817 849 415 405 261 228 722 556 400
414 1061 965 242 548 434 876 774 471 849 1130 394 1040 1093 233 203 923 386 0 376 1079 996 493 502 488 619 377 1258 1000 575 396 370 110 676 219 721 1058 858 886 191 630 684 493 882 346 617 439 169 595 712 652 458 875 627 587 416 1046 469 516 396 821 356 908 669 373 414 186 228 760 699 1184 258 147 509 431 1097 265 551
690 1393 1216 391 901 720 1181 1047 783 1223 1492 695 1040 1171 521 255 974 743 376 0 1343 1290 866 587 593 511 152 1433 943 856 183 649 483 537 281 895 1431 1062 1262 272 884 369 201 1240 710 978 781 485 875 1064 969 714 1247 987 852 686 1344 492 802 700 1059 131 936 618 602 690 416 397 1066 608 1447 401 346 781 705 1412 464 751
668 359 131 952 634 645 258 304 1234 749 652 684 864 658 1204 1091 723 748 1079 1343 0 155 780 807 787 1067 1228 394 998 503 1448 712 988 1117 1062 499 775 333 953 1076 459 1413 1303 551 797 642 1136 1153 484 546 459 633 1032 627 496 669 159 917 562 682 289 1394 782 965 742 668 941 1289 349 1037 105 941 1015 573 651 264 1297 598
601 225 190 900 509 573 125 250 1106 594 512 605 947 763 1098 1035 794 640 996 1290 155 0 649 797 772 1073 1188 544 1066 435 1379 644 898 1128 1009 519 624 382 798 1019 414 1401 1273 396 689 504 1007 1052 415 401 350 576 877 489 440 604 54 902 489 602 298 1328 848 983 690 601 878 1195 237 1056 227 891 951 509 585 157 1196 574
372 632 709 565 148 350 526 521 456 357 643 319 1146 1090 491 642 991 160 493 866 780 649 0 682 652 933 832 1087 1179 392 880 371 384 999 635 673 565 714 432 624 475 1126 946 407 168 154 357 465 401 265 330 416 453 169 432 384 686 731 360 313 625 846 1008 917 460 373 498 620 433 978 873 569 544 392 377 697 599 543
317 959 676 264 612 346 715 548 923 978 1149 365 538 604 728 379 423 523 502 587 807 797 682 0 31 285 447 847 519 411 738 311 493 347 345 320 1153 494 1107 373 391 606 502 901 532 701 857 662 424 733 565 290 1135 701 384 305 851 109 388 372 518 677 406 237 222 317 317 722 619 302 907 247 362 350 318 943 766 225
286 932 656 254 581 315 688 523 901 947 1119 335 557 611 711 376 435 493 488 593 787 772 652 31 0 315 457 839 544 382 739 281 472 377 342 305 1122 478 1076 369 364 629 518 871 503 670 833 644 395 702 535 259 1105 670 355 274 826 130 357 341 497 679 422 267 192 286 301 710 591 333 887 237 351 319 287 918 752 199
588 1243 936 399 884 620 997 828 1087 1251 1434 631 537 704 851 427 503 773 619 511 1067 1073 933 285 315 0 361 1034 432 697 692 573 658 65 403 567 1432 738 1365 434 674 366 343 1185 771 973 1040 789 710 1013 850 570 1384 975 669 578 1126 203 671 637 783 635 452 125 482 588 474 794 904 96 1161 387 476 633 593 1223 853 509
598 1309 1099 295 842 630 1085 940 833 1186 1434 613 887 1021 573 190 823 692 377 152 1228 1188 832 447 457 361 0 1294 792 757 331 561 465 392 199 763 1389 934 1249 208 775 307 117 1179 667 926 813 523 776 1001 885 613 1245 932 748 592 1242 346 709 619 940 273 783 466 499 598 343 477 973 457 1331 300 288 682 611 1318 542 630
855 753 392 1070 938 845 619 565 1520 1127 1045 892 644 400 1432 1206 560 1009 1258 1433 394 544 1087 847 839 1034 1294 0 808 725 1574 896 1191 1064 1173 544 1169 401 1329 1195 648 1400 1339 935 1054 973 1425 1372 709 895 757 804 1404 960 696 850 554 949 779 893 466 1514 624 911 885 855 1087 1485 668 971 385 1055 1155 769 838 654 1508 709
807 1278 885 758 1083 829 1038 869 1441 1430 1528 860 167 409 1233 831 275 1026 1000 943 998 1066 1179 519 544 432 792 808 0 832 1124 814 1007 412 802 575 1575 683 1585 833 770 732 768 1309 1042 1165 1377 1167 836 1165 978 763 1625 1161 793 795 1111 530 838 866 775 1066 218 337 732 806 824 1200 983 335 1066 743 853 800 802 1223 1254 644
167 558 391 466 263 141 327 199 797 597 738 181 774 698 715 600 613 286 575 856 503 435 392 411 382 697 757 725 832 0 947 210 488 759 575 284 753 331 758 584 83 991 848 494 329 337 704 659 20 334 155 144 806 331 41 169 488 504 59 180 261 895 640 636 258 167 443 789 217 707 609 458 517 75 150 561 801 198
780 1456 1326 506 944 806 1263 1145 699 1231 1522 773 1216 1335 452 368 1141 783 396 183 1448 1379 880 738 739 692 331 1574 1124 947 0 737 506 721 400 1030 1441 1190 1240 379 989 530 381 1277 742 1011 720 439 967 1108 1041 814 1212 1022 951 779 1431 652 890 777 1173 60 1106 796 708 781 506 306 1146 789 1553 520 432 875 797 1488 365 874
44 748 595 266 311 70 531 408 670 678 885 58 798 786 538 393 652 212 370 649 712 644 371 311 281 573 561 896 814 210 737 0 295 638 371 378 865 494 796 377 259 818 661 630 228 401 589 476 230 453 323 91 823 403 217 45 696 369 154 65 451 685 659 547 91 44 234 592 416 609 818 261 307 139 61 762 612 211
336 954 880 259 438 350 776 685 435 740 1019 307 1029 1058 247 277 901 277 110 483 988 898 384 493 472 658 465 1191 1007 488 506 295 0 719 282 666 949 789 785 262 550 769 582 771 236 506 382 182 507 602 550 386 780 516 505 340 947 484 428 307 742 466 893 688 322 336 186 301 661 729 1093 273 191 427 353 993 317 495
654 1302 986 461 949 685 1056 885 1145 1316 1497 696 535 719 906 479 521 839 676 537 1117 1128 999 347 377 65 392 1064 412 759 721 638 719 0 458 617 1497 785 1431 488 734 342 355 1248 836 1039 1101 844 772 1078 913 634 1449 1040 731 643 1181 269 735 703 836 665 465 155 548 654 536 842 965 94 1209 450 534 697 658 1279 903 569
410 1118 937 110 643 441 901 766 690 987 1235 420 861 950 447 33 764 492 219 281 1062 1009 635 345 342 403 199 1173 802 575 400 371 282 458 0 629 1190 791 1057 31 604 493 311 980 468 726 653 386 594 802 693 433 1057 733 571 406 1063 279 523 425 781 341 738 465 321 410 144 398 787 488 1167 122 93 500 425 1133 453 476
345 715 368 525 548 348 469 296 1043 868 954 394 495 418 913 662 332 547 721 895 499 519 673 320 305 567 763 544 575 284 1030 378 666 617 629 0 1001 174 1039 651 208 918 822 735 581 620 957 849 281 600 412 290 1090 612 243 337 570 428 313 397 221 971 367 467 347 345 544 950 408 540 594 510 612 285 331 675 979 171
844 426 799 1107 555 812 576 719 880 210 173 806 1492 1351 1022 1200 1329 697 1058 1431 775 624 565 1153 1122 1432 1389 1169 1575 753 1441 865 949 1497 1190 1001 0 938 299 1182 805 1673 1501 266 724 467 799 1011 745 420 600 863 385 462 789 855 616 1230 765 800 831 1410 1369 1386 952 844 1048 1164 596 1455 813 1108 1102 804 839 533 1130 951
453 598 207 683 572 444 368 224 1128 837 864 491 568 414 1030 822 412 618 858 1062 333 382 714 494 478 738 934 401 683 331 1190 494 789 785 791 174 938 0 1026 810 251 1092 996 674 660 625 1036 970 318 575 402 403 1088 614 299 449 428 603 382 492 107 1132 465 632 488 453 692 1084 350 704 423 670 763 369 436 540 1107 316
791 651 939 994 503 764 710 802 612 203 464 741 1532 1434 796 1059 1371 591 886 1262 953 798 432 1107 1076 1365 1249 1329 1585 758 1240 796 785 1431 1057 1039 299 1026 0 1042 831 1550 1365 403 598 421 545 800 758 450 630 827 89 427 799 803 808 1162 747 735 920 1218 1398 1344 887 791 925 944 679 1406 1015 1000 964 785 792 754 899 941
418 1122 952 127 639 448 909 777 663 978 1232 423 892 978 418 17 793 486 191 272 1076 1019 624 373 369 434 208 1195 833 584 379 377 262 488 31 651 1182 810 1042 0 617 508 323 978 459 721 628 357 604 800 698 444 1040 728 582 414 1072 310 530 428 797 321 768 497 334 418 144 366 794 519 1181 140 80 510 434 1140 422 494
216 568 337 493 342 200 324 165 877 662 775 245 702 616 785 631 540 367 630 884 459 414 475 391 364 674 775 648 770 83 989 259 550 734 604 208 805 251 831 617 0 989 859 541 409 412 785 727 75 395 207 174 882 404 48 214 469 492 130 245 192 935 571 601 283 215 482 850 231 674 564 483 556 123 198 555 867 165
848 1549 1282 566 1120 882 1312 1151 1135 1475 1704 875 871 1062 873 492 863 978 684 369 1413 1401 1126 606 629 366 307 1400 732 991 530 818 769 342 493 918 1673 1092 1550 508 989 0 191 1449 959 1206 1119 827 1007 1271 1133 849 1549 1212 972 840 1455 499 951 881 1125 492 808 490 740 848 629 762 1208 437 1511 565 586 918 859 1544 829 827
695 1405 1172 398 951 728 1175 1023 944 1299 1541 715 881 1038 683 306 838 803 493 201 1303 1273 946 502 518 343 117 1339 768 848 381 661 582 355 311 822 1501 996 1365 323 859 191 0 1285 780 1036 928 636 866 1107 983 704 1362 1042 836 688 1328 394 803 721 1013 332 791 464 591 695 453 577 1066 437 1404 400 403 774 707 1409 644 705
603 261 551 887 338 570 322 453 823 200 255 573 1225 1088 899 995 1062 498 882 1240 551 396 407 901 871 1185 1179 935 1309 494 1277 630 771 1248 980 735 266 674 403 978 541 1449 1285 0 535 265 728 872 484 178 339 615 486 254 528 613 404 985 513 567 567 1238 1102 1130 713 603 836 1027 330 1201 611 886 898 551 596 357 1007 691
244 723 703 397 203 233 564 506 468 519 784 190 1025 998 409 477 876 48 346 710 797 689 168 532 503 771 667 1054 1042 329 742 228 236 836 468 581 724 660 598 459 409 959 780 535 0 270 378 364 345 366 340 297 613 280 361 255 735 571 278 186 588 702 886 763 311 244 330 512 453 820 898 401 378 298 254 769 507 428
385 477 585 640 89 355 384 412 606 277 514 343 1111 1023 642 739 950 236 617 978 642 504 154 701 670 973 926 973 1165 337 1011 401 506 1039 726 620 467 625 421 721 412 1206 1036 265 270 0 506 611 338 111 223 413 470 15 378 397 538 770 327 336 526 973 977 938 491 385 583 765 305 1004 730 641 640 366 383 543 749 522
615 975 1058 641 502 609 883 865 99 601 924 564 1382 1373 268 642 1240 418 439 781 1136 1007 357 857 833 1040 813 1425 1377 704 720 589 382 1101 653 957 799 1036 545 628 785 1119 928 728 378 506 0 296 718 616 680 669 502 522 738 624 1044 863 656 560 958 709 1243 1067 654 615 567 414 787 1110 1230 654 568 676 627 1048 362 798
516 1082 1050 408 561 527 927 853 309 801 1106 481 1201 1239 66 367 1078 412 169 485 1153 1052 465 662 644 789 523 1372 1167 659 439 476 182 844 386 849 1011 970 800 357 727 827 636 872 364 611 296 0 678 718 702 568 774 624 680 521 1098 637 601 481 918 420 1067 838 504 516 345 155 815 869 1256 424 316 604 533 1133 144 678
187 542 372 485 267 161 309 179 811 594 726 201 773 691 734 620 612 301 595 875 484 415 401 424 395 710 776 709 836 20 967 230 507 772 594 281 745 318 758 604 75 1007 866 484 345 338 718 678 0 329 145 162 808 331 43 189 468 518 78 199 244 915 641 647 277 186 463 808 200 718 589 477 537 94 170 542 820 207
428 367 503 709 164 395 287 352 715 268 434 395 1095 985 751 818 933 325 712 1064 546 401 265 733 702 1013 1001 895 1165 334 1108 453 602 1078 802 600 420 575 450 800 395 1271 1107 178 366 111 616 718 329 0 187 443 515 97 372 438 432 812 345 389 470 1067 966 965 537 428 658 871 231 1034 629 707 721 383 421 432 857 531
287 424 379 589 181 254 226 192 778 455 583 274 908 804 749 715 745 291 652 969 459 350 330 565 535 850 885 757 978 155 1041 323 550 913 693 412 600 402 630 698 207 1133 983 339 340 223 680 702 145 187 0 285 688 212 189 294 397 654 182 269 303 993 778 791 393 287 553 846 113 862 559 584 624 217 275 446 846 352
54 701 512 323 326 66 472 333 753 689 866 106 732 703 629 460 580 270 458 714 633 576 416 290 259 570 613 804 763 144 814 91 386 634 433 290 863 403 827 444 174 849 704 615 297 413 669 568 162 443 285 0 862 412 138 47 630 370 102 110 363 760 593 525 114 54 308 682 361 592 738 315 382 69 42 705 703 130
822 737 1012 1003 545 798 785 866 558 285 552 771 1579 1492 763 1057 1419 613 875 1247 1032 877 453 1135 1105 1384 1245 1404 1625 806 1212 823 780 1449 1057 1090 385 1088 89 1040 882 1549 1362 486 613 470 502 774 808 515 688 862 0 478 847 834 890 1183 790 764 984 1194 1444 1371 913 822 931 911 746 1430 1097 1010 964 826 825 839 862 982
386 463 571 646 92 355 369 400 621 277 505 344 1105 1014 656 746 943 244 627 987 627 489 169 701 670 975 932 960 1161 331 1022 403 516 1040 733 612 462 614 427 728 404 1212 1042 254 280 15 522 624 331 97 212 412 478 0 372 397 523 771 324 338 515 983 971 937 492 386 589 778 291 1004 715 646 648 363 383 528 762 518
173 578 378 461 304 154 340 194 829 637 768 198 733 658 738 598 572 320 587 852 496 440 432 384 355 669 748 696 793 41 951 217 505 731 571 243 789 299 799 582 48 972 836 528 361 378 738 680 43 372 189 138 847 372 0 173 494 480 82 198 237 898 599 604 250 173 445 805 236 676 601 452 519 78 155 573 821 164
11 717 551 298 307 43 495 366 707 674 867 65 771 749 582 430 621 232 416 686 669 604 384 305 274 578 592 850 795 169 779 45 340 643 406 337 855 449 803 414 214 840 688 613 255 397 624 521 189 438 294 47 834 397 173 0 657 375 116 71 405 726 631 542 100 11 274 637 381 607 774 291 347 96 19 727 658 174
654 200 228 954 549 626 171 304 1143 604 492 657 988 798 1143 1088 838 686 1046 1344 159 54 686 851 826 1126 1242 554 1111 488 1431 696 947 1181 1063 570 616 428 808 1072 469 1455 1328 404 735 538 1044 1098 468 432 397 630 890 523 494 657 0 957 542 654 349 1380 893 1035 744 654 931 1243 286 1109 207 945 1004 563 638 114 1242 628
385 1058 785 228 680 418 817 653 919 1047 1236 427 582 682 702 311 490 571 469 492 917 902 731 109 130 203 346 949 530 504 652 369 484 269 279 428 1230 603 1162 310 492 499 394 985 571 770 863 637 518 812 654 370 1183 771 480 375 957 0 473 433 627 592 460 204 279 385 297 674 717 251 1016 213 322 436 391 1047 725 328
112 601 451 415 245 84 378 258 747 598 763 122 791 731 658 546 632 238 516 802 562 489 360 388 357 671 709 779 838 59 890 154 428 735 523 313 765 382 747 530 130 951 803 513 278 327 656 601 78 345 182 102 790 324 82 116 542 473 0 120 317 839 654 620 212 112 388 730 264 689 667 408 461 39 97 610 743 194
59 693 572 324 246 49 486 378 646 613 822 6 841 813 539 445 691 160 396 700 682 602 313 372 341 637 619 893 866 180 777 65 307 703 425 397 800 492 735 428 245 881 721 567 186 336 560 481 199 389 269 110 764 338 198 71 654 433 120 0 436 727 702 609 154 60 283 609 369 672 787 320 354 123 68 714 622 241
407 503 158 671 479 391 265 118 1053 731 761 436 669 521 975 811 510 543 821 1059 289 298 625 518 497 783 940 466 775 261 1173 451 742 836 781 221 831 107 920 797 192 1125 1013 567 588 526 958 918 244 470 303 363 984 515 237 405 349 627 317 436 0 1118 558 688 465 407 668 1042 243 761 391 659 741 315 390 455 1058 310
728 1411 1271 448 903 755 1213 1092 697 1200 1485 723 1156 1274 441 309 1081 741 356 131 1394 1328 846 677 679 635 273 1514 1066 895 60 685 466 665 341 971 1410 1132 1218 321 935 492 332 1238 702 973 709 420 915 1067 993 760 1194 983 898 726 1380 592 839 727 1118 0 1046 736 653 728 452 302 1097 731 1499 462 378 822 745 1440 366 816
642 1061 667 668 898 659 822 656 1316 1233 1315 697 139 254 1133 771 64 863 908 936 782 848 1008 406 422 452 783 624 218 640 1106 659 893 465 738 367 1369 465 1398 768 571 808 791 1102 886 977 1243 1067 641 966 778 593 1444 971 599 631 893 460 654 702 558 1046 0 328 588 642 723 1126 773 370 853 652 767 618 634 1005 1172 465
554 1165 835 431 849 583 917 744 1123 1214 1373 602 421 578 903 494 377 757 669 618 965 983 917 237 267 125 466 911 337 636 796 547 688 155 465 467 1386 632 1344 497 601 490 464 1130 763 938 1067 838 647 965 791 525 1371 937 604 542 1035 204 620 609 688 736 328 0 457 554 502 864 832 73 1055 417 521 581 555 1137 918 440
109 813 618 210 401 142 586 445 729 768 967 148 727 736 570 348 588 301 373 602 742 690 460 222 192 482 499 885 732 258 708 91 322 548 321 347 952 488 887 334 283 740 591 713 311 491 654 504 277 537 393 114 913 492 250 100 744 279 212 154 465 653 588 457 0 109 204 602 475 518 847 201 277 183 118 819 631 177
0 710 551 304 296 33 490 364 699 663 857 54 782 758 577 434 632 220 414 690 668 601 373 317 286 588 598 855 806 167 781 44 336 654 410 345 844 453 791 418 215 848 695 603 244 385 615 516 186 428 287 54 822 386 173 11 654 385 112 60 407 728 642 554 109 0 277 635 376 618 773 297 350 95 17 722 654 184
276 977 820 75 499 305 766 640 621 846 1091 279 856 906 411 162 737 350 186 416 941 878 498 317 301 474 343 1087 824 443 506 234 186 536 144 544 1048 692 925 144 482 629 453 836 330 583 567 345 463 658 553 308 931 589 445 274 931 297 388 283 668 452 723 502 204 277 0 412 650 542 1047 86 73 370 293 996 452 378
634 1235 1181 457 713 651 1072 986 395 955 1261 608 1254 1319 148 369 1145 559 228 397 1289 1195 620 722 710 794 477 1485 1200 789 306 592 301 842 398 950 1164 1084 944 366 850 762 577 1027 512 765 414 155 808 871 846 682 911 778 805 637 1243 674 730 609 1042 302 1126 864 602 635 412 0 957 883 1393 474 359 727 652 1282 67 779
376 341 279 680 285 346 116 125 886 487 548 373 895 763 862 810 732 404 760 1066 349 237 433 619 591 904 973 668 983 217 1146 416 661 965 787 408 596 350 679 794 231 1208 1066 330 453 305 787 815 200 231 113 361 746 291 236 381 286 717 264 369 243 1097 773 832 475 376 650 957 0 905 446 673 723 291 362 345 959 395
618 1239 908 469 915 648 991 818 1162 1281 1445 665 445 624 933 514 426 817 699 608 1037 1056 978 302 333 96 457 971 335 707 789 609 729 94 488 540 1455 704 1406 519 674 437 437 1201 820 1004 1110 869 718 1034 862 592 1430 1004 676 607 1109 251 689 672 761 731 370 73 518 618 542 883 905 0 1126 456 553 650 620 1210 940 512
774 387 232 1057 729 750 347 409 1329 812 674 789 923 703 1306 1196 791 849 1184 1447 105 227 873 907 887 1161 1331 385 1066 609 1553 818 1093 1209 1167 594 813 423 1015 1181 564 1511 1404 611 898 730 1230 1256 589 629 559 738 1097 715 601 774 207 1016 667 787 391 1499 853 1055 847 773 1047 1393 446 1126 0 1046 1120 678 757 281 1400 701
297 1008 815 16 554 330 786 646 707 911 1141 315 782 848 490 152 671 415 258 401 941 891 569 247 237 387 300 1055 743 458 520 261 273 450 122 510 1108 670 1000 140 483 565 400 886 401 641 654 424 477 707 584 315 1010 646 452 291 945 213 408 320 659 462 652 417 201 297 86 474 673 456 1046 0 115 383 311 1018 520 354
350 1046 894 98 559 378 838 713 611 898 1152 350 896 962 381 98 786 405 147 346 1015 951 544 362 351 476 288 1155 853 517 432 307 191 534 93 612 1102 763 964 80 556 586 403 898 378 640 568 316 537 721 624 382 964 648 519 347 1004 322 461 354 741 378 767 521 277 350 73 359 723 553 1120 115 0 444 366 1068 405 447
95 631 456 391 282 76 402 269 765 637 800 122 756 704 663 525 599 261 509 781 573 509 392 350 319 633 682 769 800 75 875 139 427 697 500 285 804 369 785 510 123 918 774 551 298 366 676 604 94 383 217 69 826 363 78 96 563 436 39 123 315 822 618 581 183 95 370 727 291 650 678 383 444 0 78 636 744 156
17 697 534 318 294 28 475 348 712 660 849 64 774 745 593 450 622 228 431 705 651 585 377 318 287 593 611 838 802 150 797 61 353 658 425 331 839 436 792 434 198 859 707 596 254 383 627 533 170 421 275 42 825 383 155 19 638 391 97 68 390 745 634 555 118 17 293 652 362 620 757 311 366 78 0 707 671 173
722 107 342 1026 572 692 233 395 1147 555 393 718 1102 912 1173 1156 951 722 1097 1412 264 157 697 943 918 1223 1318 654 1223 561 1488 762 993 1279 1133 675 533 540 754 1140 555 1544 1409 357 769 543 1048 1133 542 432 446 705 839 528 573 727 114 1047 610 714 455 1440 1005 1137 819 722 996 1282 345 1210 281 1018 1068 636 707 0 1276 718
653 1223 1192 503 703 667 1072 996 334 923 1234 622 1302 1358 108 426 1188 556 265 464 1297 1196 599 766 752 853 542 1508 1254 801 365 612 317 903 453 979 1130 1107 899 422 867 829 644 1007 507 749 362 144 820 857 846 703 862 762 821 658 1242 725 743 622 1058 366 1172 918 631 654 452 67 959 940 1400 520 405 744 671 1276 0 807
184 734 468 367 438 195 490 324 881 791 933 237 603 575 742 507 450 400 551 751 598 574 543 225 199 509 630 709 644 198 874 211 495 569 476 171 951 316 941 494 165 827 705 691 428 522 798 678 207 531 352 130 982 518 164 174 628 328 194 241 310 816 465 440 177 184 378 779 395 512 701 354 447 156 173 718 807 0
