0 44 974 881 797 1464 1598 941 1544 380 612 843 1029 133 1256 1674
44 0 937 904 832 1498 1576 910 1562 350 638 808 992 178 1211 1708
974 937 0 1806 1769 2434 841 188 2417 973 1560 1059 55 1088 779 2170
881 904 1806 0 304 696 2480 1806 677 863 277 1136 1861 823 1813 2019
797 832 1769 304 0 666 2365 1737 908 912 258 1280 1824 700 1905 1719
1464 1498 2434 696 666 0 3022 2404 685 1538 882 1832 2489 1365 2507 2030
1598 1576 841 2480 2365 3022 0 730 3136 1734 2209 1896 806 1670 1550 2124
941 910 188 1806 1737 2404 730 0 2441 1013 1547 1173 204 1040 963 2003
1544 1562 2417 677 908 685 3136 2441 0 1444 954 1564 2470 1497 2272 2580
380 350 973 863 912 1538 1734 1013 1444 0 662 469 1026 484 995 2053
612 638 1560 277 258 882 2209 1547 954 662 0 1022 1615 546 1651 1826
843 808 1059 1136 1280 1832 1896 1173 1564 469 1022 0 1101 953 708 2517
1029 992 55 1861 1824 2489 806 204 2470 1026 1615 1101 0 1142 787 2202
133 178 1088 823 700 1365 1670 1040 1497 484 546 953 1142 0 1389 1573
1256 1211 779 1813 1905 2507 1550 963 2272 995 1651 708 787 1389 0 2800
1674 1708 2170 2019 1719 2030 2124 2003 2580 2053 1826 2517 2202 1573 2800 0
