0 159 234 1151 345 878 455 1558 820 611 1686 1607 1447 253 1139 681
159 0 114 1029 392 919 529 1657 865 515 1543 1516 1508 242 1298 791
234 114 0 923 340 844 643 1615 792 401 1550 1578 1622 356 1342 898
1151 1029 923 0 1008 1079 1552 1910 1075 556 1546 1978 2492 1242 2121 1820
345 392 340 1008 0 535 784 1274 478 459 1884 1908 1768 592 1121 961
878 919 844 1079 535 0 1295 857 59 708 2307 2421 2254 1127 1220 1423
455 529 643 1552 784 1295 0 1859 1236 1044 1698 1407 991 313 1134 295
1558 1657 1615 1910 1274 857 1859 0 883 1561 3142 3166 2665 1806 1150 1860
820 865 792 1075 478 59 1236 883 0 677 2270 2370 2195 1070 1183 1364
611 515 401 556 459 708 1044 1561 677 0 1607 1811 2022 753 1580 1292
1686 1543 1550 1546 1884 2307 1698 3142 2270 1607 0 782 2107 1509 2791 1961
1607 1516 1578 1978 1908 2421 1407 3166 2370 1811 782 0 1459 1364 2538 1589
1447 1508 1622 2492 1768 2254 991 2665 2195 2022 2107 1459 0 1269 1636 835
253 242 356 1242 592 1127 313 1806 1070 753 1509 1364 1269 0 1282 601
1139 1298 1342 2121 1121 1220 1134 1150 1183 1580 2791 2538 1636 1282 0 970
681 791 898 1820 961 1423 295 1860 1364 1292 1961 1589 835 601 970 0
