0 619 1058 1511 139 312 977 756 1427 229 336 1402 939 141 627 1543
619 0 969 1852 713 924 1019 1357 1476 667 650 784 1001 615 1247 1106
1058 969 0 1152 1194 1154 1914 1369 2383 1271 1345 1283 1885 1178 1459 789
1511 1852 1152 0 1581 1334 2480 1138 2909 1720 1839 2394 2439 1647 1403 1917
139 713 1194 1581 0 289 899 723 1334 142 264 1497 858 110 548 1678
312 924 1154 1334 289 0 1165 445 1577 429 549 1700 1122 391 343 1754
977 1019 1914 2480 899 1165 0 1530 469 760 642 1550 44 837 1268 2112
756 1357 1369 1138 723 445 1530 0 1893 853 966 2121 1485 831 283 2070
1427 1476 2383 2909 1334 1577 469 1893 0 1202 1091 1924 499 1286 1615 2553
229 667 1271 1720 142 429 760 853 1202 0 121 1441 719 93 653 1694
336 650 1345 1839 264 549 642 966 1091 121 0 1402 603 195 752 1717
1402 784 1283 2394 1497 1700 1550 2121 1924 1441 1402 0 1552 1397 2029 842
939 1001 1885 2439 858 1122 44 1485 499 719 603 1552 0 798 1224 2099
141 615 1178 1647 110 391 837 831 1286 93 195 1397 798 0 658 1614
627 1247 1459 1403 548 343 1268 283 1615 653 752 2029 1224 658 0 2093
1543 1106 789 1917 1678 1754 2112 2070 2553 1694 1717 842 2099 1614 2093 0
