0 1388 919 727 1461 904 970 891 1557 1338 1118 436 1491 189 867 1518
1388 0 1314 1496 2769 1443 2012 1534 1925 2313 2499 973 2584 1552 2163 1352
919 1314 0 320 2255 142 1890 248 2383 2257 1624 725 2395 1082 1153 637
727 1496 320 0 1958 219 1673 167 2268 2037 1304 698 2145 857 833 947
1461 2769 2255 1958 0 2177 897 2111 1760 887 865 1890 640 1272 1290 2892
904 1443 142 219 2177 0 1867 106 2412 2233 1514 779 2352 1051 1034 731
970 2012 1890 1673 897 1867 0 1841 936 367 1247 1300 575 816 1388 2482
891 1534 248 167 2111 106 1841 0 2423 2205 1426 819 2311 1025 941 820
1557 1925 2383 2268 1760 2412 936 2423 0 887 2172 1665 1198 1492 2236 2858
1338 2313 2257 2037 887 2233 367 2205 887 0 1468 1659 323 1181 1690 2848
1118 2499 1624 1304 865 1514 1247 1426 2172 1468 0 1526 1367 982 494 2245
436 973 725 698 1890 779 1300 819 1665 1659 1526 0 1858 620 1199 1217
1491 2584 2395 2145 640 2352 575 2311 1198 323 1367 1858 0 1315 1675 3009
189 1552 1082 857 1272 1051 816 1025 1492 1181 982 620 1315 0 808 1694
867 2163 1153 833 1290 1034 1388 941 2236 1690 494 1199 1675 808 0 1761
1518 1352 637 947 2892 731 2482 820 2858 2848 2245 1217 3009 1694 1761 0
