0 715 668 1327 68 1608 1516 1217 316 278 1266 1518 1618 689 1553 924
715 0 675 2032 775 892 1759 1926 1017 509 1584 2157 1369 977 1845 735
668 675 0 1854 729 1389 1083 1732 792 429 1910 2138 949 349 1169 273
1327 2032 1854 0 1262 2917 2095 123 1075 1589 1400 528 2723 1637 2040 2126
68 775 729 1262 0 1667 1544 1153 278 347 1221 1449 1679 728 1576 989
1608 892 1389 2917 1667 0 2364 2814 1908 1389 2240 2998 1564 1737 2477 1271
1516 1759 1083 2095 1544 2364 0 1979 1395 1413 2741 2554 1083 843 136 1100
1217 1926 1732 123 1153 2814 1979 0 957 1475 1387 610 2599 1514 1927 2004
316 1017 792 1075 278 1908 1395 957 0 528 1348 1350 1712 659 1406 1065
278 509 429 1589 347 1389 1413 1475 528 0 1481 1796 1366 571 1473 663
1266 1584 1910 1400 1221 2240 2741 1387 1348 1481 0 1098 2840 1948 2755 2136
1518 2157 2138 528 1449 2998 2554 610 1350 1796 1098 0 3061 1987 2512 2410
1618 1369 949 2723 1679 1564 1083 2599 1712 1366 2840 3061 0 1085 1219 704
689 977 349 1637 728 1737 843 1514 659 571 1948 1987 1085 0 901 555
1553 1845 1169 2040 1576 2477 136 1927 1406 1473 2755 2512 1219 901 0 1208
924 735 273 2126 989 1271 1100 2004 1065 663 2136 2410 704 555 1208 0
