0 1334 101 232 984 850 339 996 1701 84 1330 50 70 732 531 71
1334 0 1348 1556 2182 2184 996 1558 966 1250 2413 1333 1264 2007 1690 1327
101 1348 0 211 914 852 355 1098 1769 142 1247 51 133 778 444 173
232 1556 211 0 772 641 560 1118 1926 314 1139 223 301 600 374 271
984 2182 914 772 0 690 1246 1845 2683 1053 402 953 1042 993 495 1037
850 2184 852 641 690 0 1190 1354 2429 934 1075 857 921 367 739 858
339 996 355 560 1246 1190 0 1041 1457 257 1548 336 270 1052 755 345
996 1558 1098 1118 1845 1354 1041 0 1273 984 2237 1046 984 997 1490 925
1701 966 1769 1926 2683 2429 1457 1273 0 1630 3004 1729 1640 2132 2204 1655
84 1250 142 314 1053 934 257 984 1630 0 1389 99 13 804 586 99
1330 2413 1247 1139 402 1075 1548 2237 3004 1389 0 1293 1381 1393 803 1391
50 1333 51 223 953 857 336 1046 1729 99 1293 0 88 760 491 121
70 1264 133 301 1042 921 270 984 1640 13 1381 88 0 792 578 89
732 2007 778 600 993 367 1052 997 2132 804 1393 760 792 0 865 709
531 1690 444 374 495 739 755 1490 2204 586 803 491 578 865 0 595
71 1327 173 271 1037 858 345 925 1655 99 1391 121 89 709 595 0
