0 1695 1612 1529 803 1604 282 1599 120 282 824 497 1139 280 80 177
1695 0 2552 2087 1036 2690 1456 996 1700 1910 1261 1737 2605 1956 1756 1580
1612 2552 0 3141 2193 230 1545 2978 1493 1779 2343 1137 2466 1692 1654 1765
1529 2087 3141 0 1245 3123 1648 1209 1649 1392 977 2017 1222 1489 1488 1384
803 1036 2193 1245 0 2248 685 815 864 940 272 1096 1568 1009 837 641
1604 2690 230 3123 2248 0 1578 3049 1491 1740 2376 1161 2368 1647 1636 1769
282 1456 1545 1648 685 1578 0 1500 246 561 799 417 1411 561 361 297
1599 996 2978 1209 815 3049 1500 0 1672 1679 802 1907 2081 1764 1620 1426
120 1700 1493 1649 864 1491 246 1672 0 375 914 377 1231 345 183 278
282 1910 1779 1392 940 1740 561 1679 375 0 877 730 858 99 202 332
824 1261 2343 977 272 2376 799 802 914 877 0 1214 1372 963 832 647
497 1737 1137 2017 1096 1161 417 1907 377 730 1214 0 1558 671 557 633
1139 2605 2466 1222 1568 2368 1411 2081 1231 858 1372 1558 0 892 1060 1139
280 1956 1692 1489 1009 1647 561 1764 345 99 963 671 892 0 205 379
80 1756 1654 1488 837 1636 361 1620 183 202 832 557 1060 205 0 196
177 1580 1765 1384 641 1769 297 1426 278 332 647 633 1139 379 196 0
