0 249 1716 1525 589 1435 1422 197 1180 1627 1649 1375 556 322 880 627
249 0 1611 1490 724 1226 1193 76 1412 1679 1849 1533 385 475 781 380
1716 1611 0 488 1427 884 2082 1587 2747 3289 2140 3086 1875 1531 837 1597
1525 1490 488 0 1101 1182 2234 1445 2420 3149 1660 2844 1822 1272 744 1592
589 724 1427 1101 0 1480 1882 649 1326 2154 1157 1758 1105 267 717 1055
1435 1226 884 1182 1480 0 1243 1246 2611 2756 2528 2747 1320 1423 783 1012
1422 1193 2082 2234 1882 1243 0 1267 2406 1898 3032 2206 898 1659 1538 828
197 76 1587 1445 649 1246 1267 0 1375 1712 1772 1531 458 398 751 449
1180 1412 2747 2420 1326 2611 2406 1375 0 1423 1541 706 1533 1234 1967 1748
1627 1679 3289 3149 2154 2756 1898 1712 1423 0 2864 752 1445 1914 2461 1751
1649 1849 2140 1660 1157 2528 3032 1772 1541 2864 0 2228 2205 1375 1750 2204
1375 1533 3086 2844 1758 2747 2206 1531 706 752 2228 0 1471 1573 2254 1760
556 385 1875 1822 1105 1320 898 458 1533 1445 2205 1471 0 847 1085 308
322 475 1531 1272 267 1423 1659 398 1234 1914 1375 1573 847 0 732 832
880 781 837 744 717 783 1538 751 1967 2461 1750 2254 1085 732 0 848
627 380 1597 1592 1055 1012 828 449 1748 1751 2204 1760 308 832 848 0
