0 1393 992 789 525 1564 563 1559 306 903 912 577 764 1350 16 358
1393 0 1694 2023 1020 1548 1059 1785 1548 2260 488 1517 2120 2591 1407 1046
992 1694 0 1659 789 2483 717 2525 1278 1095 1387 415 1009 2125 1000 1121
789 2023 1659 0 1310 1509 1352 1348 509 934 1540 1265 872 577 773 1022
525 1020 789 1310 0 1729 77 1813 808 1267 620 506 1129 1876 541 399
1564 1548 2483 1509 1729 0 1806 310 1398 2315 1334 2098 2203 1857 1564 1362
563 1059 717 1352 77 1806 0 1889 856 1255 680 458 1119 1913 579 471
1559 1785 2525 1348 1813 310 1889 0 1342 2218 1508 2122 2119 1623 1555 1423
306 1548 1278 509 808 1398 856 1342 0 931 1059 863 810 1085 293 518
903 2260 1095 934 1267 2315 1255 2218 931 0 1797 874 140 1178 892 1258
912 488 1387 1540 620 1334 680 1508 1059 1797 0 1125 1657 2112 926 560
577 1517 415 1265 506 2098 458 2122 863 874 1125 0 753 1763 585 748
764 2120 1009 872 1129 2203 1119 2119 810 140 1657 753 0 1184 754 1119
1350 2591 2125 577 1876 1857 1913 1623 1085 1178 2112 1763 1184 0 1334 1600
16 1407 1000 773 541 1564 579 1555 293 892 926 585 754 1334 0 370
358 1046 1121 1022 399 1362 471 1423 518 1258 560 748 1119 1600 370 0
