0 1703 1322 357 265 1150 307 638 1308 642 163 1056 294 729 1652 803
1703 0 2734 1850 1936 2757 1465 1066 596 2059 1698 2753 1716 1089 2109 2291
1322 2734 0 1543 1313 474 1372 1776 2516 714 1460 899 1118 2003 1315 518
357 1850 1543 0 230 1272 634 837 1366 934 217 1053 645 775 2008 1041
265 1936 1313 230 0 1050 573 881 1498 721 242 868 494 903 1845 813
1150 2757 474 1272 1050 0 1304 1721 2442 719 1252 430 1044 1877 1690 493
307 1465 1372 634 573 1304 0 417 1150 657 416 1294 262 640 1438 873
638 1066 1776 837 881 1721 417 0 739 1065 653 1688 679 339 1614 1287
1308 596 2516 1366 1498 2442 1150 739 0 1804 1256 2358 1412 595 2196 2023
642 2059 714 934 721 719 657 1065 1804 0 798 883 405 1290 1204 233
163 1698 1460 217 242 1252 416 653 1256 798 0 1106 457 662 1810 944
1056 2753 899 1053 868 430 1294 1688 2358 883 1106 0 1066 1767 2017 721
294 1716 1118 645 494 1044 262 679 1412 405 457 1066 0 885 1363 612
729 1089 2003 775 903 1877 640 339 595 1290 662 1767 885 0 1952 1492
1652 2109 1315 2008 1845 1690 1438 1614 2196 1204 1810 2017 1363 1952 0 1301
803 2291 518 1041 813 493 873 1287 2023 233 944 721 612 1492 1301 0
