0 671 929 1493 1584 274 321 1480 1353 777 718 1444 158 1719 988 220
671 0 259 1130 2137 642 974 1580 1720 1447 534 1455 754 2298 1564 760
929 259 0 1099 2355 877 1233 1666 1924 1703 640 1515 1012 2522 1813 1017
1493 1130 1099 0 3075 1639 1635 2710 1562 2144 1664 2583 1448 3201 1859 1396
1584 2137 2355 3075 0 1498 1474 1379 2394 1057 1785 1555 1632 201 1721 1690
274 642 877 1639 1498 0 544 1215 1628 879 490 1171 432 1655 1228 495
321 974 1233 1635 1474 544 0 1656 1146 518 1024 1655 225 1579 684 249
1480 1580 1666 2710 1379 1215 1656 0 2801 1663 1046 212 1629 1578 2278 1697
1353 1720 1924 1562 2394 1628 1146 2801 0 1350 2034 2789 1195 2428 677 1134
777 1447 1703 2144 1057 879 518 1663 1350 0 1355 1727 735 1123 696 768
718 534 640 1664 1785 490 1024 1046 2034 1355 0 923 869 1967 1704 917
1444 1455 1515 2583 1555 1171 1655 212 2789 1727 923 0 1599 1756 2305 1665
158 754 1012 1448 1632 432 225 1629 1195 735 869 1599 0 1752 846 71
1719 2298 2522 3201 201 1655 1579 1578 2428 1123 1967 1756 1752 0 1750 1807
988 1564 1813 1859 1721 1228 684 2278 677 696 1704 2305 846 1750 0 816
220 760 1017 1396 1690 495 249 1697 1134 768 917 1665 71 1807 816 0
