0 388 379 691 429 771 49 840 798 497 211 43 716 809 80 665 223 756 762 16 832 60 666 243 497 361 580 353 22 496 707 602 493 775 415 191 422 563 215 531 336 224 646 710 458 713 304 45 618 81 778 362 435 256 293 697 321 474 819 540 553 229 770 367 631 18 843 656 575 654 606 705 186 620 768 230 642 309 125 626 686 694 603 181 611 600 280 460 207 721 177 173 190 660 260 206 569 219 414 845 450 740 537 275 859 491 779 252 202 72 863 488 127 89 495 196
388 0 359 1079 689 1133 412 1228 1001 862 259 355 1101 1194 360 1020 333 862 377 392 1058 329 377 629 818 456 439 726 408 108 752 447 689 775 372 215 396 859 190 275 705 573 1014 848 699 854 513 379 589 419 457 686 49 444 555 380 157 724 960 468 377 613 639 259 993 407 883 349 390 755 797 1086 512 1000 389 537 1031 270 380 551 1065 788 400 272 716 404 619 828 593 963 518 558 541 1047 160 203 839 169 770 612 495 419 917 395 506 853 985 337 458 354 929 365 367 458 257 215
379 359 0 964 806 1117 356 1075 655 661 187 337 1020 1110 425 787 514 1096 597 394 1208 361 737 580 563 672 771 705 400 415 398 784 856 437 654 374 673 575 372 629 538 600 989 490 393 1064 661 336 258 457 491 739 398 599 666 736 204 421 601 162 202 572 391 103 776 388 1155 707 733 989 971 1022 565 941 579 340 924 100 473 864 880 1027 255 212 358 751 427 638 547 1099 556 466 566 899 237 378 537 314 567 970 745 461 745 586 601 846 1151 128 566 307 1188 125 257 375 606 382
691 1079 964 0 629 319 673 178 875 351 869 726 113 164 728 378 823 990 1453 687 805 750 1307 453 509 850 1149 387 671 1187 1078 1174 745 1175 981 873 972 577 898 1176 427 544 260 950 693 911 721 705 1102 670 1439 512 1125 751 651 1351 997 678 1005 1089 1166 469 1302 1006 334 672 1138 1308 1172 945 781 157 607 169 1457 623 51 944 726 1127 218 975 1219 842 947 1199 539 353 487 718 591 526 565 107 944 887 644 910 423 1427 923 1404 248 817 1533 334 820 854 690 734 1114 1090 746 631 1139 876
429 689 806 629 0 514 462 807 1143 670 626 469 582 661 383 827 356 397 1046 413 403 446 764 344 763 277 562 283 410 786 1127 586 119 1200 420 490 402 849 509 651 555 235 429 1100 818 329 177 474 1047 348 1141 135 718 244 142 819 702 825 1201 968 965 335 1196 778 777 424 529 778 603 327 199 544 245 474 1068 597 580 726 339 512 755 362 1010 597 1020 628 588 634 349 293 260 434 260 667 634 497 884 557 637 829 321 1102 638 300 1196 296 352 680 245 500 521 907 557 466 620 486
771 1133 1117 319 514 0 774 446 1168 621 979 814 207 219 775 689 821 784 1509 762 533 820 1273 538 776 786 1076 418 749 1239 1315 1100 604 1407 929 918 913 857 942 1154 630 561 128 1213 934 704 667 802 1303 719 1550 455 1172 721 603 1326 1093 925 1283 1264 1312 549 1491 1132 642 756 937 1284 1116 770 593 162 621 201 1523 797 307 1071 753 1021 537 791 1363 949 1186 1141 731 608 573 471 616 650 594 423 1030 930 918 973 663 1341 835 1512 526 787 1627 281 569 993 682 834 899 1240 868 745 1120 918
49 412 356 673 462 774 0 816 749 459 205 57 706 798 129 625 272 800 780 62 864 98 706 237 451 409 628 356 57 518 667 649 533 738 463 227 471 515 250 572 299 244 647 664 409 755 347 32 586 122 780 383 459 302 330 735 326 425 772 515 540 225 746 358 593 42 890 695 620 700 644 698 217 613 783 181 626 297 174 675 655 740 591 175 567 646 235 423 201 753 203 147 211 635 271 242 520 244 373 890 498 743 506 324 865 496 814 228 245 62 909 472 98 47 537 234
840 1228 1075 178 807 446 816 0 872 420 1003 872 253 233 885 367 990 1165 1596 839 964 901 1475 612 560 1025 1323 561 823 1335 1132 1348 923 1230 1154 1028 1146 608 1053 1342 541 713 422 981 758 1085 897 849 1182 829 1561 689 1275 924 827 1516 1133 737 1017 1186 1277 629 1385 1129 343 821 1314 1474 1344 1123 956 302 776 342 1596 737 228 1068 889 1305 211 1152 1330 978 1003 1371 649 438 645 883 758 669 733 181 1085 1042 676 1059 510 1602 1100 1528 329 988 1661 512 985 975 860 876 1288 1200 880 771 1305 1032
798 1001 655 875 1143 1168 749 872 0 548 758 785 982 1037 879 508 1018 1526 1238 812 1505 833 1374 801 401 1159 1357 895 804 1069 390 1376 1243 470 1205 929 1215 314 941 1253 597 911 1059 200 340 1468 1081 762 545 865 1066 1019 1046 1048 1044 1382 845 325 160 634 776 808 716 758 543 790 1631 1350 1336 1433 1342 1013 925 968 1211 571 868 732 923 1420 674 1473 812 760 321 1358 556 567 794 1393 903 713 893 769 851 940 263 899 528 1594 1248 1048 642 1074 1187 996 1478 670 982 758 1642 720 704 719 1224 938
497 862 661 351 670 621 459 420 548 0 615 516 446 515 564 171 697 1067 1212 502 985 556 1163 345 158 787 1058 390 486 964 728 1082 786 824 886 687 886 235 710 1028 161 473 511 600 344 998 674 490 763 519 1152 535 911 671 615 1194 745 327 662 766 861 359 966 725 134 479 1196 1154 1063 992 864 471 516 420 1206 334 331 666 587 1077 218 1029 913 594 597 1089 245 39 359 877 494 329 473 258 707 702 298 700 95 1332 876 1119 103 722 1257 461 971 572 598 510 1192 784 496 412 992 693
211 259 187 869 626 979 205 1003 758 615 0 167 909 1001 242 766 327 909 597 224 1027 179 618 443 559 486 610 561 234 353 569 626 671 618 478 192 495 599 196 495 465 436 853 624 442 877 475 176 444 282 574 572 308 412 484 631 130 466 737 347 343 431 571 156 744 225 971 596 582 802 785 902 392 818 594 283 824 100 289 692 826 840 391 30 502 602 369 583 407 919 386 344 401 822 99 199 580 144 521 836 561 538 680 399 664 700 967 90 383 144 1002 281 123 240 466 201
43 355 337 726 469 814 57 872 785 516 167 0 755 848 100 682 233 786 726 57 872 48 651 283 503 381 581 396 66 462 675 601 528 740 420 171 430 564 193 517 356 268 689 688 446 745 336 27 580 120 736 405 403 282 331 679 279 464 798 499 510 270 728 324 650 58 867 639 570 682 641 745 228 660 731 226 678 265 150 635 712 722 559 137 584 595 288 480 247 762 220 202 233 691 220 186 564 187 429 839 467 698 563 293 818 534 817 211 235 33 889 445 93 104 482 178
716 1101 1020 113 582 207 706 253 982 446 909 755 0 92 742 490 821 919 1477 710 711 773 1299 473 605 826 1125 381 695 1209 1166 1150 693 1261 963 889 952 678 914 1171 495 541 170 1046 780 839 698 737 1177 683 1483 481 1144 737 628 1346 1033 767 1106 1155 1222 487 1373 1053 445 698 1070 1304 1155 884 714 49 606 110 1485 683 114 991 732 1092 331 912 1274 880 1035 1182 605 441 509 631 593 565 568 219 976 902 743 933 506 1401 892 1447 344 804 1572 289 733 904 683 768 1041 1146 788 668 1135 891
809 1194 1110 164 661 219 798 233 1037 515 1001 848 92 0 834 534 912 980 1570 803 749 866 1388 565 673 912 1211 473 788 1302 1241 1236 767 1338 1051 981 1039 742 1007 1261 579 632 234 1114 856 900 785 830 1260 776 1575 566 1237 826 715 1436 1125 841 1168 1241 1311 580 1458 1144 494 791 1133 1393 1242 953 779 117 697 198 1578 771 189 1082 824 1173 369 978 1364 972 1111 1269 690 516 602 679 685 656 660 268 1068 995 808 1026 583 1485 975 1539 412 893 1664 373 780 994 773 861 1100 1235 880 760 1225 983
80 360 425 728 383 775 129 885 879 564 242 100 742 834 0 734 143 686 738 68 784 64 601 274 574 282 503 365 81 468 775 525 433 838 335 147 342 642 172 466 404 214 654 787 539 647 238 118 674 58 781 340 402 182 242 636 327 555 897 587 582 258 813 395 698 92 767 594 500 582 547 725 159 640 748 311 678 342 50 545 743 622 628 213 684 526 358 526 240 676 160 234 181 707 260 160 649 197 485 770 370 742 595 195 852 494 726 303 141 132 789 523 193 167 430 149
665 1020 787 378 827 689 625 367 508 171 766 682 490 534 734 0 868 1223 1359 671 1113 723 1331 513 225 957 1230 543 655 1119 774 1253 944 872 1057 853 1057 249 876 1196 330 641 600 615 420 1151 842 655 845 690 1278 691 1069 841 782 1361 894 396 650 869 980 528 1049 861 51 648 1356 1321 1233 1152 1016 528 686 502 1350 483 382 806 758 1248 166 1188 1030 748 648 1260 400 210 529 1010 664 500 643 270 862 868 315 862 252 1503 1046 1248 193 893 1388 589 1107 713 769 673 1348 904 653 578 1161 860
223 333 514 823 356 821 272 990 1018 697 327 233 821 912 143 868 0 582 695 211 732 186 484 380 716 158 362 440 223 431 890 385 364 945 193 147 199 785 161 352 539 280 709 918 679 555 180 256 771 178 787 365 363 111 224 527 365 696 1029 671 638 363 887 458 829 235 645 485 366 474 477 797 216 713 715 453 772 419 110 403 864 513 678 306 808 392 500 658 352 633 231 368 257 816 300 150 792 216 622 635 238 748 718 72 840 549 664 407 139 262 675 592 320 310 316 141
756 862 1096 990 397 784 800 1165 1526 1067 909 786 919 980 686 1223 582 0 1140 740 327 748 744 736 1156 425 515 679 743 927 1461 529 284 1523 492 727 467 1241 735 690 948 616 749 1463 1192 80 453 800 1352 677 1310 532 870 503 482 807 939 1202 1569 1253 1212 725 1467 1039 1173 758 153 776 580 108 210 873 602 823 1176 962 945 1001 635 395 1141 74 1248 885 1368 593 970 1031 736 323 623 813 632 1046 878 726 1271 794 1033 684 367 1273 1032 509 1331 661 249 984 555 819 125 1172 879 819 674 719
762 377 597 1453 1046 1509 780 1596 1238 1212 597 726 1477 1570 738 1359 695 1140 0 767 1385 705 434 1005 1143 786 635 1103 783 269 902 628 1025 883 664 592 689 1168 567 450 1062 949 1391 1053 989 1152 870 748 721 796 266 1057 336 804 920 383 467 1016 1154 609 468 990 655 505 1339 781 1119 393 569 1041 1123 1463 888 1377 48 878 1405 554 756 763 1423 1067 444 620 920 564 966 1181 969 1301 894 928 918 1414 511 579 1133 544 1117 646 796 251 1277 745 212 1230 1307 646 829 720 1177 517 719 824 466 591
16 392 394 687 413 762 62 839 812 502 224 57 710 803 68 671 211 740 767 0 817 62 661 237 506 347 571 344 16 500 723 592 477 791 404 190 411 573 215 526 341 211 637 726 472 697 288 61 634 65 788 348 437 240 277 693 331 487 834 555 567 223 785 380 636 23 827 652 566 639 590 698 171 612 774 242 638 322 111 614 688 679 615 193 627 592 289 464 201 706 162 175 177 658 268 205 581 223 420 837 436 750 539 261 867 481 763 267 186 87 847 502 143 99 490 195
832 1058 1208 805 403 533 864 964 1505 985 1027 872 711 749 784 1113 732 327 1385 817 0 848 1028 712 1108 604 798 609 813 1143 1525 817 368 1601 721 876 697 1196 893 948 907 628 545 1485 1197 267 557 877 1450 751 1515 497 1078 625 542 1090 1094 1200 1580 1370 1362 708 1598 1176 1062 826 465 1054 858 378 262 661 647 638 1414 987 771 1126 737 694 995 374 1405 998 1414 876 964 955 728 113 661 819 657 886 1027 881 1241 946 979 1002 590 1477 921 664 1556 525 82 1083 643 904 409 1307 960 865 924 871
60 329 361 750 446 820 98 901 833 556 179 48 773 866 64 723 186 748 705 62 848 0 608 300 549 337 533 404 78 437 714 553 497 775 372 131 382 611 154 473 395 263 696 732 494 710 302 74 610 105 731 395 375 244 305 637 274 512 843 523 521 285 750 334 690 79 824 597 523 643 611 760 214 674 712 274 701 280 113 587 747 682 568 150 626 548 333 519 264 739 211 234 229 720 210 145 612 160 471 792 422 693 598 248 807 539 790 239 205 75 849 461 135 145 438 136
666 377 737 1307 764 1273 706 1475 1374 1163 618 651 1299 1388 601 1331 484 744 434 661 1028 608 0 864 1152 487 231 921 676 345 1126 215 703 1143 344 479 361 1205 459 135 1002 763 1173 1225 1059 772 607 678 958 652 668 825 340 561 674 62 534 1083 1337 836 724 847 974 636 1297 683 699 41 170 657 777 1271 699 1190 479 869 1256 646 588 350 1344 675 731 622 1094 152 939 1125 834 963 716 835 742 1301 523 465 1194 485 1079 242 454 639 1196 494 645 1017 946 705 617 664 761 730 699 753 171 472
243 629 580 453 344 538 237 612 801 345 443 283 473 565 274 513 380 736 1005 237 712 300 864 0 420 446 730 125 222 737 827 754 451 911 557 420 554 505 445 730 212 128 411 773 485 672 329 267 783 217 1017 218 673 332 270 904 562 488 867 731 773 17 961 594 468 226 857 862 743 653 543 461 176 376 1012 284 403 532 276 737 486 692 825 413 708 770 252 306 36 598 155 118 131 436 503 434 540 460 297 1008 533 980 344 390 1101 266 679 454 261 299 858 701 329 206 694 423
497 818 563 509 763 776 451 560 401 158 559 503 605 673 574 225 716 1156 1143 506 1108 549 1152 420 0 831 1077 500 493 912 574 1099 872 672 909 673 914 88 693 1019 208 542 663 441 199 1093 732 476 626 541 1053 632 867 714 683 1175 683 177 506 644 754 431 830 641 224 482 1274 1136 1072 1072 962 629 570 575 1132 283 490 589 608 1114 349 1110 804 545 444 1097 216 169 421 997 547 359 532 412 657 686 142 670 129 1341 922 1023 261 755 1164 595 1086 497 643 487 1278 678 455 407 985 680
361 456 672 850 277 786 409 1025 1159 787 486 381 826 912 282 957 158 425 786 347 604 337 487 446 831 0 299 464 354 538 1047 324 239 1104 143 302 127 906 310 374 637 322 690 1069 819 403 128 401 930 294 913 345 474 117 199 542 516 833 1179 829 789 430 1042 614 914 368 488 500 331 317 342 795 271 716 813 587 798 577 235 290 928 354 827 464 963 357 620 748 428 515 293 472 315 863 454 302 921 369 724 577 91 875 789 88 952 538 530 565 189 412 516 747 472 440 343 294
580 439 771 1149 562 1076 628 1323 1357 1058 610 581 1125 1211 503 1230 362 515 635 571 798 533 231 730 1077 299 0 761 584 464 1169 24 486 1204 173 428 177 1143 417 190 901 613 986 1234 1023 541 428 607 1019 540 836 644 424 400 498 293 572 1043 1348 901 816 713 1078 682 1190 594 483 261 66 426 551 1093 554 1015 675 807 1097 671 472 127 1216 444 838 602 1112 78 860 1019 706 737 575 730 599 1157 534 417 1145 466 985 279 241 802 1073 339 836 837 715 701 469 604 541 801 653 670 189 419
353 726 705 387 283 418 356 561 895 390 561 396 381 473 365 543 440 679 1103 344 609 404 921 125 500 464 761 0 330 833 948 786 402 1034 593 511 585 588 536 791 297 159 293 884 595 608 336 384 909 306 1132 148 767 363 266 967 675 594 974 857 895 132 1087 714 494 337 813 924 785 610 474 361 224 275 1113 407 336 653 351 747 477 645 947 530 827 811 364 356 157 498 212 244 187 401 613 524 631 560 371 1040 541 1094 354 429 1211 141 586 578 303 416 804 825 451 330 755 512
22 408 400 671 410 749 57 823 804 486 234 66 695 788 81 655 223 743 783 16 813 78 676 222 493 354 584 330 0 516 723 606 477 792 416 206 422 561 231 541 325 202 623 721 464 698 290 64 637 65 801 339 453 245 275 709 344 479 829 561 576 208 791 390 620 14 833 668 580 642 589 683 165 598 789 233 622 332 119 625 672 682 625 203 625 606 277 448 186 701 155 159 167 642 282 221 570 239 405 851 444 763 523 270 881 468 760 273 187 93 851 511 146 87 506 211
496 108 415 1187 786 1239 518 1335 1069 964 353 462 1209 1302 468 1119 431 927 269 500 1143 437 345 737 912 538 464 833 516 0 789 466 777 799 436 322 461 948 297 278 809 679 1121 904 781 926 609 485 616 527 382 789 68 541 655 331 232 807 1014 493 378 722 631 311 1094 515 933 310 405 822 880 1193 618 1108 284 635 1139 340 486 586 1169 853 387 370 770 412 720 930 701 1052 624 665 648 1154 257 309 924 277 871 587 565 346 1022 487 413 960 1068 420 561 459 983 387 467 564 274 321
707 752 398 1078 1127 1315 667 1132 390 728 569 675 1166 1241 775 774 890 1461 902 723 1525 714 1126 827 574 1047 1169 948 723 789 0 1182 1201 97 1047 761 1064 525 764 1025 684 896 1190 192 385 1420 1011 662 181 789 697 1030 786 957 998 1119 601 400 262 299 436 827 325 493 789 709 1535 1094 1132 1357 1312 1183 882 1117 869 543 1054 498 825 1260 921 1397 458 586 130 1149 588 725 804 1412 866 712 868 985 635 767 458 708 659 1364 1127 685 831 959 819 1080 1479 483 909 642 1563 403 582 661 1004 770
602 447 784 1174 586 1100 649 1348 1376 1082 626 601 1150 1236 525 1253 385 529 628 592 817 553 215 754 1099 324 24 786 606 466 1182 0 509 1215 197 446 201 1164 434 189 924 637 1011 1250 1043 558 453 627 1030 563 834 669 429 425 523 277 583 1063 1364 912 824 737 1085 693 1213 616 491 247 61 443 572 1118 579 1040 669 827 1122 684 495 136 1240 459 844 619 1127 64 882 1042 730 758 599 753 624 1182 547 435 1166 482 1008 254 265 801 1097 364 831 862 734 717 493 624 550 810 673 691 193 437
493 689 856 745 119 604 533 923 1243 786 671 528 693 767 433 944 364 284 1025 477 368 497 703 451 872 239 486 402 477 777 1201 509 0 1268 369 510 348 956 525 604 664 332 533 1188 912 225 195 538 1107 412 1147 253 711 261 204 762 728 921 1292 1018 999 441 1242 815 895 492 411 723 535 207 114 652 324 587 1052 685 697 769 383 417 874 243 1041 644 1100 558 687 749 452 275 343 530 350 786 662 514 987 580 748 739 249 1108 757 296 1190 411 299 736 292 561 407 948 620 545 576 504
775 775 437 1175 1200 1407 738 1230 470 824 618 740 1261 1338 838 872 945 1523 883 791 1601 775 1143 911 672 1104 1204 1034 792 799 97 1215 1268 0 1092 810 1110 623 809 1050 776 973 1282 278 481 1485 1076 730 185 857 660 1109 805 1020 1068 1130 632 497 326 307 429 909 262 522 887 778 1589 1109 1162 1417 1381 1278 955 1210 846 626 1149 537 889 1301 1018 1456 440 639 227 1178 678 821 886 1488 940 794 943 1083 674 814 556 752 754 1383 1180 653 927 1016 779 1167 1552 538 976 707 1620 413 648 736 1031 819
415 372 654 981 420 929 463 1154 1205 886 478 420 963 1051 335 1057 193 492 664 404 721 372 344 557 909 143 173 593 416 436 1047 197 369 1092 0 286 24 978 283 234 729 441 832 1094 867 491 266 445 911 369 818 484 378 230 335 399 471 885 1206 799 737 540 997 578 1017 428 513 358 192 386 460 933 382 853 696 644 929 554 301 216 1043 417 767 464 977 218 693 846 532 641 402 559 427 986 419 279 984 340 814 451 131 781 900 167 844 677 642 567 296 447 557 707 501 503 206 277
191 215 374 873 490 918 227 1028 929 687 192 171 889 981 147 853 147 727 592 190 876 131 479 420 673 302 428 511 206 322 761 446 510 810 286 0 302 730 25 346 526 357 799 809 598 702 320 198 632 205 652 473 256 251 350 507 218 618 922 527 490 404 741 312 821 210 780 467 408 619 623 872 297 786 604 391 823 276 165 502 878 656 530 178 691 432 459 650 385 775 302 365 326 848 153 14 725 69 601 673 371 613 729 220 715 638 810 280 249 186 814 445 228 275 311 9
422 396 673 972 402 913 471 1146 1215 886 495 430 952 1039 342 1057 199 467 689 411 697 382 361 554 914 127 177 585 422 461 1064 201 348 1110 24 302 0 984 301 256 731 435 818 1108 877 466 253 454 930 372 843 472 402 223 323 417 492 895 1220 820 759 537 1019 599 1016 434 490 377 203 361 436 921 378 842 720 652 920 573 305 204 1040 392 790 480 993 230 698 847 530 618 398 561 423 980 439 296 991 358 816 456 107 806 897 164 869 665 618 583 292 457 533 728 512 509 229 293
563 859 575 577 849 857 515 608 314 235 599 564 678 742 642 249 785 1241 1168 573 1196 611 1205 505 88 906 1143 588 561 948 525 1164 956 623 978 730 984 0 748 1074 294 625 746 375 185 1178 812 537 600 614 1058 719 908 790 765 1225 716 158 428 635 756 515 803 663 265 549 1357 1188 1134 1155 1048 706 650 656 1153 338 563 615 679 1186 398 1194 804 589 399 1159 286 252 505 1085 628 437 613 475 698 743 68 720 217 1402 997 1031 334 828 1173 682 1174 528 720 544 1362 683 505 474 1041 738
215 190 372 898 509 942 250 1053 941 710 196 193 914 1007 172 876 161 735 567 215 893 154 459 445 693 310 417 536 231 297 764 434 525 809 283 25 301 748 0 326 549 382 823 817 612 713 337 220 630 231 632 496 230 268 371 485 205 634 930 522 479 429 732 304 844 234 784 445 394 627 638 897 321 812 580 410 849 273 189 496 902 663 517 185 697 417 480 673 411 792 327 389 351 873 143 12 741 59 623 657 375 593 753 232 692 663 825 285 271 205 820 437 244 298 292 24
531 275 629 1176 651 1154 572 1342 1253 1028 495 517 1171 1261 466 1196 352 690 450 526 948 473 135 730 1019 374 190 791 541 278 1025 189 604 1050 234 346 256 1074 326 0 867 632 1050 1112 933 704 487 544 864 517 645 701 249 435 551 175 425 955 1225 743 645 713 904 532 1162 548 672 132 128 593 690 1145 568 1062 488 737 1124 534 454 317 1209 616 661 495 983 134 805 990 700 873 584 700 610 1167 404 332 1065 357 945 342 359 611 1061 368 647 892 868 584 488 531 728 639 569 618 36 338
336 705 538 427 555 630 299 541 597 161 465 356 495 579 404 330 539 948 1062 341 907 395 1002 212 208 637 901 297 325 809 684 924 664 776 729 526 731 294 549 867 0 336 506 595 308 884 531 330 682 360 1020 425 754 520 478 1033 596 303 680 662 740 223 878 588 295 318 1068 993 903 865 754 505 370 434 1060 197 390 527 428 925 360 904 793 442 556 930 111 123 216 795 347 170 329 362 553 541 334 541 87 1173 727 986 215 568 1120 408 881 434 448 352 1070 663 343 251 831 532
224 573 600 544 235 561 244 713 911 473 436 268 541 632 214 641 280 616 949 211 628 263 763 128 542 322 613 159 202 679 896 637 332 973 441 357 435 625 382 632 336 0 441 864 583 557 202 264 829 159 994 139 613 212 143 808 538 590 965 760 778 113 991 592 595 213 732 765 631 529 432 519 64 435 962 361 492 534 194 612 606 568 827 405 786 658 354 434 120 515 54 199 34 545 472 370 654 412 422 892 407 956 467 275 1067 280 585 472 146 295 736 713 343 237 596 358
646 1014 989 260 429 128 647 422 1059 511 853 689 170 234 654 600 709 749 1391 637 545 696 1173 411 663 690 986 293 623 1121 1190 1011 533 1282 832 799 818 746 823 1050 506 441 0 1095 812 669 566 676 1176 596 1425 348 1054 614 499 1224 968 804 1168 1136 1184 421 1362 1005 550 630 901 1182 1022 719 546 123 503 98 1403 669 230 943 635 942 461 744 1235 822 1063 1047 605 494 446 461 496 522 473 348 905 811 805 851 545 1257 748 1387 422 682 1504 161 563 865 570 708 871 1112 740 617 1015 799
710 848 490 950 1100 1213 664 981 200 600 624 688 1046 1114 787 615 918 1463 1053 726 1485 732 1225 773 441 1069 1234 884 721 904 192 1250 1188 278 1094 809 1108 375 817 1112 595 864 1095 0 289 1413 1010 668 347 786 870 988 889 966 985 1226 690 292 113 444 587 776 516 593 638 706 1554 1197 1205 1364 1295 1070 864 1012 1024 504 932 578 836 1310 772 1404 619 632 134 1226 521 607 757 1371 845 667 841 850 708 818 307 768 549 1454 1155 853 703 981 991 1004 1448 533 908 657 1573 537 598 644 1086 818
458 699 393 693 818 934 409 758 340 344 442 446 780 856 539 420 679 1192 989 472 1197 494 1059 485 199 819 1023 595 464 781 385 1043 912 481 867 598 877 185 612 933 308 583 812 289 0 1138 744 422 426 526 873 702 746 708 710 1073 549 27 382 452 571 489 630 485 423 450 1293 1038 1006 1097 1015 799 590 735 973 232 668 442 583 1082 548 1137 619 437 254 1029 232 340 471 1084 569 384 562 603 540 609 144 575 274 1269 908 846 446 734 988 715 1163 361 644 420 1307 498 370 379 902 606
713 854 1064 911 329 704 755 1085 1468 998 877 745 839 900 647 1151 555 80 1152 697 267 710 772 672 1093 403 541 608 698 926 1420 558 225 1485 491 702 466 1178 713 704 884 557 669 1413 1138 0 409 758 1319 632 1307 463 866 466 428 834 918 1146 1517 1224 1192 663 1443 1014 1101 713 233 801 603 114 135 793 548 743 1185 910 867 973 596 430 1065 106 1230 852 1322 619 912 963 675 247 569 755 575 968 855 703 1211 771 967 735 361 1270 960 482 1335 583 185 949 510 778 203 1147 838 769 685 695
304 513 661 721 177 667 347 897 1081 674 475 336 698 785 238 842 180 453 870 288 557 302 607 329 732 128 428 336 290 609 1011 453 195 1076 266 320 253 812 337 487 531 202 566 1010 744 409 0 349 912 224 967 218 541 69 70 659 536 756 1117 822 805 314 1046 621 797 305 549 617 457 353 310 667 161 588 891 512 670 574 188 412 804 393 848 449 915 483 530 635 316 454 185 375 202 736 470 326 834 389 618 706 206 928 669 124 1020 411 493 542 102 369 563 753 429 367 453 315
45 379 336 705 474 802 32 849 762 490 176 27 737 830 118 655 256 800 748 61 877 74 678 267 476 401 607 384 64 485 662 627 538 730 445 198 454 537 220 544 330 264 676 668 422 758 349 0 573 127 749 403 427 298 338 706 295 440 778 497 515 255 727 331 624 51 885 666 597 698 651 729 230 644 751 199 658 271 167 659 687 738 565 146 567 622 261 454 231 766 219 180 230 668 238 213 538 212 402 866 488 712 538 313 834 524 824 208 247 32 906 448 82 79 509 205
618 589 258 1102 1047 1303 586 1182 545 763 444 580 1177 1260 674 845 771 1352 721 634 1450 610 958 783 626 930 1019 909 637 616 181 1030 1107 185 911 632 930 600 630 864 682 829 1176 347 426 1319 912 573 0 699 523 967 620 852 911 947 446 450 437 122 254 779 203 336 850 623 1413 924 976 1245 1221 1187 803 1113 688 506 1070 356 724 1117 973 1284 277 467 228 992 574 752 754 1339 790 665 797 1020 491 635 541 571 680 1198 1003 508 862 843 644 1048 1397 370 814 547 1446 228 490 592 845 640
81 419 457 670 348 719 122 829 865 519 282 120 683 776 58 690 178 677 796 65 751 105 652 217 541 294 540 306 65 527 789 563 412 857 369 205 372 614 231 517 360 159 596 786 526 632 224 127 699 0 835 290 461 182 211 690 379 539 894 619 625 200 848 438 651 80 768 648 543 577 524 666 109 581 807 294 619 382 68 572 691 617 673 252 690 570 327 480 184 641 106 190 125 651 313 219 627 254 444 813 385 796 544 214 908 437 697 331 122 152 786 563 209 146 481 207
778 457 491 1439 1141 1550 780 1561 1066 1152 574 736 1483 1575 781 1278 787 1310 266 788 1515 731 668 1017 1053 913 836 1132 801 382 697 834 1147 660 818 652 843 1058 632 645 1020 994 1425 870 873 1307 967 749 523 835 0 1121 441 898 1003 626 457 900 959 435 302 1005 410 433 1268 794 1313 626 773 1205 1255 1477 940 1393 218 823 1396 495 814 962 1370 1235 257 604 744 774 912 1127 981 1420 940 918 960 1383 521 644 1011 587 1057 896 946 38 1232 852 121 1269 1443 586 902 718 1365 375 695 815 649 655
362 686 739 512 135 455 383 689 1019 535 572 405 481 566 340 691 365 532 1057 348 497 395 825 218 632 345 644 148 339 789 1030 669 253 1109 484 473 472 719 496 701 425 139 348 988 702 463 218 403 967 290 1121 0 721 266 150 876 667 706 1085 899 915 212 1130 728 642 351 665 833 676 461 330 449 181 370 1074 490 461 671 307 616 623 497 963 541 917 702 469 499 231 383 185 322 172 540 601 483 757 534 505 920 413 1082 503 333 1188 193 461 611 228 433 657 850 482 375 667 471
435 49 398 1125 718 1172 459 1275 1046 911 308 403 1144 1237 402 1069 363 870 336 437 1078 375 340 673 867 474 424 767 453 68 786 429 711 805 378 256 402 908 230 249 754 613 1054 889 746 866 541 427 620 461 441 721 0 473 587 337 200 771 1000 497 396 658 656 296 1043 453 882 309 371 764 816 1128 551 1042 352 587 1076 313 419 542 1113 795 414 322 757 381 669 876 638 986 558 606 581 1094 209 243 887 215 819 578 505 404 965 420 479 893 1004 384 493 402 931 392 416 506 236 255
256 444 599 751 244 721 302 924 1048 671 412 282 737 826 182 841 111 503 804 240 625 244 561 332 714 117 400 363 245 541 957 425 261 1020 230 251 223 790 268 435 520 212 614 966 708 466 69 298 852 182 898 266 473 0 118 610 468 722 1075 759 738 315 981 554 798 260 587 568 421 400 375 710 155 628 825 476 699 509 132 406 817 439 780 386 866 448 504 631 311 524 177 355 200 757 401 256 807 320 607 680 207 859 676 67 951 456 560 482 72 315 607 687 376 329 401 246
293 555 666 651 142 603 330 827 1044 615 484 331 628 715 242 782 224 482 920 277 542 305 674 270 683 199 498 266 275 655 998 523 204 1068 335 350 323 765 371 551 478 143 499 985 710 428 70 338 911 211 1003 150 587 118 0 725 560 720 1089 828 823 256 1055 636 736 290 591 683 526 390 313 598 120 518 939 481 600 584 197 480 738 429 868 456 896 553 488 576 262 434 141 331 151 667 493 358 791 417 565 776 274 964 605 183 1061 343 486 542 103 363 598 765 421 341 517 347
697 380 736 1351 819 1326 735 1516 1382 1194 631 679 1346 1436 636 1361 527 807 383 693 1090 637 62 904 1175 542 293 967 709 331 1119 277 762 1130 399 507 417 1225 485 175 1033 808 1224 1226 1073 834 659 706 947 690 626 876 337 610 725 0 537 1098 1338 824 706 887 951 633 1328 715 759 42 231 720 838 1320 743 1238 429 892 1299 650 627 412 1380 737 709 637 1094 214 965 1157 873 1024 759 869 785 1341 533 493 1211 505 1108 271 513 599 1231 543 595 1067 1008 715 663 690 822 718 720 782 211 501
321 157 204 997 702 1093 326 1133 845 745 130 279 1033 1125 327 894 365 939 467 331 1094 274 534 562 683 516 572 675 344 232 601 583 728 632 471 218 492 716 205 425 596 538 968 690 549 918 536 295 446 379 457 667 200 468 560 537 0 575 803 330 273 549 529 110 873 338 982 507 531 831 842 1024 486 939 463 411 951 112 365 672 956 867 312 155 560 548 499 714 526 990 484 470 503 952 67 215 691 148 650 766 576 419 811 437 539 812 1028 188 457 264 1021 236 253 366 403 224
474 724 421 678 825 925 425 737 325 327 466 464 767 841 555 396 696 1202 1016 487 1200 512 1083 488 177 833 1043 594 479 807 400 1063 921 497 885 618 895 158 634 955 303 590 804 292 27 1146 756 440 450 539 900 706 771 722 720 1098 575 0 380 478 598 493 653 512 400 465 1305 1062 1027 1108 1022 787 600 724 1000 245 654 469 598 1099 527 1148 646 461 269 1050 236 325 476 1086 579 391 570 585 565 630 117 598 262 1291 923 873 430 749 1015 711 1167 387 657 439 1317 525 390 393 924 627
819 960 601 1005 1201 1283 772 1017 160 662 737 798 1106 1168 897 650 1029 1569 1154 834 1580 843 1337 867 506 1179 1348 974 829 1014 262 1364 1292 326 1206 922 1220 428 930 1225 680 965 1168 113 382 1517 1117 778 437 894 959 1085 1000 1075 1089 1338 803 380 0 544 686 872 584 704 680 814 1662 1309 1319 1471 1396 1134 968 1081 1123 607 992 691 945 1423 813 1511 714 745 243 1339 615 675 854 1466 948 766 943 901 822 931 364 881 624 1567 1266 945 762 1091 1080 1087 1546 646 1015 767 1680 640 709 750 1199 931
540 468 162 1089 968 1264 515 1186 634 766 347 499 1155 1241 587 869 671 1253 609 555 1370 523 836 731 644 829 901 857 561 493 299 912 1018 307 799 527 820 635 522 743 662 760 1136 444 452 1224 822 497 122 619 435 899 497 759 828 824 330 478 544 0 142 725 230 221 867 549 1307 802 857 1146 1133 1160 727 1082 580 471 1053 252 635 1003 982 1183 178 373 313 872 551 748 700 1261 716 615 727 1016 381 529 583 463 676 1076 898 414 858 744 555 998 1313 288 728 468 1342 105 416 530 725 535
553 377 202 1166 965 1312 540 1277 776 861 343 510 1222 1311 582 980 638 1212 468 567 1362 521 724 773 754 789 816 895 576 378 436 824 999 429 737 490 759 756 479 645 740 778 1184 587 571 1192 805 515 254 625 302 915 396 738 823 706 273 598 686 142 0 763 262 187 972 566 1250 687 766 1104 1113 1221 735 1140 437 543 1126 244 626 927 1079 1140 52 373 455 778 630 839 738 1256 729 663 744 1101 337 488 709 421 768 966 848 277 947 710 420 1037 1298 319 720 484 1291 77 444 566 632 497
229 613 572 469 335 549 225 629 808 359 431 270 487 580 258 528 363 725 990 223 708 285 847 17 431 430 713 132 208 722 827 737 441 909 540 404 537 515 429 713 223 113 421 776 489 663 314 255 779 200 1005 212 658 315 256 887 549 493 872 725 763 0 954 583 484 212 845 844 725 641 534 475 159 390 997 283 419 522 259 721 503 680 815 401 709 752 256 320 25 594 138 115 115 454 490 418 548 445 309 991 517 967 360 373 1088 274 673 445 244 287 847 692 319 197 676 407
770 639 391 1302 1196 1491 746 1385 716 966 571 728 1373 1458 813 1049 887 1467 655 785 1598 750 974 961 830 1042 1078 1087 791 631 325 1085 1242 262 997 741 1019 803 732 904 878 991 1362 516 630 1443 1046 727 203 848 410 1130 656 981 1055 951 529 653 584 230 262 954 0 428 1054 779 1510 936 1027 1359 1356 1381 956 1305 613 694 1268 472 860 1189 1177 1396 243 599 418 1038 768 953 929 1489 947 844 957 1222 588 740 742 673 881 1216 1105 410 1063 960 525 1227 1539 518 954 698 1550 295 647 760 893 748
367 259 103 1006 778 1132 358 1129 758 725 156 324 1053 1144 395 861 458 1039 505 380 1176 334 636 594 641 614 682 714 390 311 493 693 815 522 578 312 599 663 304 532 588 592 1005 593 485 1014 621 331 336 438 433 728 296 554 636 633 110 512 704 221 187 583 428 0 846 381 1087 605 640 930 930 1050 548 966 491 392 963 62 439 781 941 968 235 186 461 657 482 697 559 1070 542 489 557 950 161 312 629 245 629 871 679 398 801 531 532 855 1114 153 533 299 1124 133 266 388 511 319
631 993 776 334 777 642 593 343 543 134 744 650 445 494 698 51 829 1173 1339 636 1062 690 1297 468 224 914 1190 494 620 1094 789 1213 895 887 1017 821 1016 265 844 1162 295 595 550 638 423 1101 797 624 850 651 1268 642 1043 798 736 1328 873 400 680 867 972 484 1054 846 0 614 1307 1288 1195 1103 966 481 643 452 1332 461 335 789 719 1205 133 1139 1023 724 661 1222 374 172 486 959 621 463 599 227 837 836 333 833 223 1465 1002 1237 142 852 1376 537 1056 695 726 643 1298 895 627 546 1126 827
18 407 388 672 424 756 42 821 790 479 225 58 698 791 92 648 235 758 781 23 826 79 683 226 482 368 594 337 14 515 709 616 492 778 428 210 434 549 234 548 318 213 630 706 450 713 305 51 623 80 794 351 453 260 290 715 338 465 814 549 566 212 779 381 614 0 847 674 590 657 603 687 179 602 787 220 624 321 133 637 668 697 616 194 610 616 266 442 189 715 167 155 178 641 277 224 557 238 397 860 458 757 518 284 876 476 774 260 202 82 866 500 133 75 513 215
843 883 1155 1138 529 937 890 1314 1631 1196 971 867 1070 1133 767 1356 645 153 1119 827 465 824 699 857 1274 488 483 813 833 933 1535 491 411 1589 513 780 490 1357 784 672 1068 732 901 1554 1293 233 549 885 1413 768 1313 665 882 587 591 759 982 1305 1662 1307 1250 845 1510 1087 1307 847 0 735 549 204 357 1025 708 972 1159 1061 1092 1057 718 355 1282 167 1281 951 1450 555 1078 1158 852 474 730 922 743 1190 926 777 1382 843 1154 593 409 1277 1168 576 1319 806 394 1053 648 899 67 1218 959 914 664 772
656 349 707 1308 778 1284 695 1474 1350 1154 596 639 1304 1393 594 1321 485 776 393 652 1054 597 41 862 1136 500 261 924 668 310 1094 247 723 1109 358 467 377 1188 445 132 993 765 1182 1197 1038 801 617 666 924 648 626 833 309 568 683 42 507 1062 1309 802 687 844 936 605 1288 674 735 0 197 687 801 1277 701 1195 438 853 1257 619 585 384 1338 706 693 601 1066 183 926 1116 831 987 716 827 742 1298 499 452 1175 467 1068 280 474 597 1190 500 603 1024 973 681 621 650 797 696 682 742 168 460
575 390 733 1172 603 1116 620 1344 1336 1063 582 570 1155 1242 500 1233 366 580 569 566 858 523 170 743 1072 331 66 785 580 405 1132 61 535 1162 192 408 203 1134 394 128 903 631 1022 1205 1006 603 457 597 976 543 773 676 371 421 526 231 531 1027 1319 857 766 725 1027 640 1195 590 549 197 0 489 607 1125 570 1045 609 796 1121 635 476 193 1229 509 785 576 1080 27 855 1024 716 793 589 733 614 1176 499 396 1132 438 985 270 286 740 1084 356 771 869 776 672 485 590 607 755 636 664 134 399
654 755 989 945 327 770 700 1123 1433 992 802 682 884 953 582 1152 474 108 1041 639 378 643 657 653 1072 317 426 610 642 822 1357 443 207 1417 386 619 361 1155 627 593 865 529 719 1364 1097 114 353 698 1245 577 1205 461 764 400 390 720 831 1108 1471 1146 1104 641 1359 930 1103 657 204 687 489 0 176 841 508 782 1076 866 898 894 532 316 1081 40 1139 779 1266 505 878 954 650 340 530 721 542 992 770 618 1182 685 950 625 259 1167 964 402 1228 611 296 878 455 715 209 1063 776 720 574 611
606 797 971 781 199 593 644 956 1342 864 785 641 714 779 547 1016 477 210 1123 590 262 611 777 543 962 342 551 474 589 880 1312 572 114 1381 460 623 436 1048 638 690 754 432 546 1295 1015 135 310 651 1221 524 1255 330 816 375 313 838 842 1022 1396 1133 1113 534 1356 930 966 603 357 801 607 176 0 669 431 615 1152 790 735 884 497 461 931 198 1154 759 1209 627 786 829 548 186 450 631 453 835 776 627 1083 693 835 782 330 1216 824 406 1294 450 188 850 406 674 336 1062 733 654 665 617
705 1086 1022 157 544 162 698 302 1013 471 902 745 49 117 725 528 797 873 1463 698 661 760 1271 461 629 795 1093 361 683 1193 1183 1118 652 1278 933 872 921 706 897 1145 505 519 123 1070 799 793 667 729 1187 666 1477 449 1128 710 598 1320 1024 787 1134 1160 1221 475 1381 1050 481 687 1025 1277 1125 841 669 0 584 85 1472 688 146 987 713 1056 374 867 1274 873 1053 1151 613 463 498 582 573 560 548 260 965 885 770 919 525 1367 858 1441 372 777 1563 256 684 903 658 760 995 1147 784 662 1109 873
186 512 565 607 245 621 217 776 925 516 392 228 606 697 159 686 216 602 888 171 647 214 699 176 570 271 554 224 165 618 882 579 324 955 382 297 378 650 321 568 370 64 503 864 590 548 161 230 803 109 940 181 551 155 120 743 486 600 968 727 735 159 956 548 643 179 708 701 570 508 431 584 0 499 901 361 556 492 132 561 661 548 783 362 778 597 370 477 157 536 23 214 45 605 420 309 674 354 457 833 359 902 520 215 1010 342 597 438 85 258 717 672 312 222 532 297
620 1000 941 169 474 201 613 342 968 420 818 660 110 198 640 502 713 823 1377 612 638 674 1190 376 575 716 1015 275 598 1108 1117 1040 587 1210 853 786 842 656 812 1062 434 435 98 1012 735 743 588 644 1113 581 1393 370 1042 628 518 1238 939 724 1081 1082 1140 390 1305 966 452 602 972 1195 1045 782 615 85 499 0 1386 611 133 904 627 983 363 811 1192 789 988 1072 539 407 413 549 488 477 463 250 880 800 717 833 463 1291 782 1356 328 695 1478 180 650 820 575 675 946 1066 700 578 1027 788
768 389 579 1457 1068 1523 783 1596 1211 1206 594 731 1485 1578 748 1350 715 1176 48 774 1414 712 479 1012 1132 813 675 1113 789 284 869 669 1052 846 696 604 720 1153 580 488 1060 962 1403 1024 973 1185 891 751 688 807 218 1074 352 825 939 429 463 1000 1123 580 437 997 613 491 1332 787 1159 438 609 1076 1152 1472 901 1386 0 872 1409 543 769 803 1420 1102 410 618 892 605 961 1176 976 1328 907 930 930 1415 512 592 1116 553 1112 694 827 205 1275 768 165 1242 1337 637 846 722 1216 492 717 826 502 604
230 537 340 623 597 797 181 737 571 334 283 226 683 771 311 483 453 962 878 242 987 274 869 284 283 587 807 407 233 635 543 827 685 626 644 391 652 338 410 737 197 361 669 504 232 910 512 199 506 294 823 490 587 476 481 892 411 245 607 471 543 283 694 392 461 220 1061 853 796 866 790 688 361 611 872 0 584 333 353 856 549 906 596 265 426 820 89 305 261 873 341 169 337 559 378 405 339 386 239 1064 678 790 409 504 925 543 946 239 412 206 1075 466 172 147 703 399
642 1031 924 51 580 307 626 228 868 331 824 678 114 189 678 382 772 945 1405 638 771 701 1256 403 490 798 1097 336 622 1139 1054 1122 697 1149 929 823 920 563 849 1124 390 492 230 932 668 867 670 658 1070 619 1396 461 1076 699 600 1299 951 654 992 1053 1126 419 1268 963 335 624 1092 1257 1121 898 735 146 556 133 1409 584 0 901 675 1076 233 929 1179 796 923 1148 502 328 438 680 540 480 514 118 897 837 628 861 394 1376 872 1360 229 765 1488 286 782 812 638 688 1070 1050 702 585 1088 826
309 270 100 944 726 1071 297 1068 732 666 100 265 991 1082 342 806 419 1001 554 322 1126 280 646 532 589 577 671 653 332 340 498 684 769 537 554 276 573 615 273 534 527 534 943 578 442 973 574 271 356 382 495 671 313 509 584 650 112 469 691 252 244 522 472 62 789 321 1057 619 635 894 884 987 492 904 543 333 901 0 388 764 882 931 294 130 449 653 422 638 497 1019 485 426 499 889 137 279 586 214 571 876 647 460 741 492 593 794 1066 94 482 239 1091 181 203 326 510 284
125 380 473 726 339 753 174 889 923 587 289 150 732 824 50 758 110 635 756 111 737 113 588 276 608 235 472 351 119 486 825 495 383 889 301 165 305 679 189 454 428 194 635 836 583 596 188 167 724 68 814 307 419 132 197 627 365 598 945 635 626 259 860 439 719 133 718 585 476 532 497 713 132 627 769 353 675 388 0 507 756 572 671 261 734 502 393 548 245 631 139 258 164 713 297 177 689 226 512 745 324 775 609 150 880 474 678 353 94 183 739 569 243 206 417 165
626 551 864 1127 512 1021 675 1305 1420 1077 692 635 1092 1173 545 1248 403 395 763 614 694 587 350 737 1114 290 127 747 625 586 1260 136 417 1301 216 502 204 1186 496 317 925 612 942 1310 1082 430 412 659 1117 572 962 616 542 406 480 412 672 1099 1423 1003 927 721 1189 781 1205 637 355 384 193 316 461 1056 561 983 803 856 1076 764 507 0 1217 328 952 680 1193 201 900 1038 718 644 583 758 606 1148 626 494 1195 551 1012 322 206 927 1080 358 964 803 611 782 478 662 414 906 717 713 312 492
686 1065 880 218 755 537 655 211 674 218 826 712 331 369 743 166 864 1141 1423 688 995 747 1344 486 349 928 1216 477 672 1169 921 1240 874 1018 1043 878 1040 398 902 1209 360 606 461 772 548 1065 804 687 973 691 1370 623 1113 817 738 1380 956 527 813 982 1079 503 1177 941 133 668 1282 1338 1229 1081 931 374 661 363 1420 549 233 882 756 1217 0 1115 1132 803 792 1256 460 243 512 899 641 512 616 114 914 892 466 899 312 1495 1011 1337 149 876 1474 484 1000 788 747 711 1267 1002 704 608 1173 883
694 788 1027 975 362 791 740 1152 1473 1029 840 722 912 978 622 1188 513 74 1067 679 374 682 675 692 1110 354 444 645 682 853 1397 459 243 1456 417 656 392 1194 663 616 904 568 744 1404 1137 106 393 738 1284 617 1235 497 795 439 429 737 867 1148 1511 1183 1140 680 1396 968 1139 697 167 706 509 40 198 867 548 811 1102 906 929 931 572 328 1115 0 1175 817 1306 522 918 992 689 348 570 761 581 1024 807 655 1221 722 989 628 293 1198 1000 441 1256 642 292 917 495 755 169 1100 815 760 600 648
603 400 255 1219 1010 1363 591 1330 812 913 391 559 1274 1364 628 1030 678 1248 444 615 1405 568 731 825 804 827 838 947 625 387 458 844 1041 440 767 530 790 804 517 661 793 827 1235 619 619 1230 848 565 277 673 257 963 414 780 868 709 312 646 714 178 52 815 243 235 1023 616 1281 693 785 1139 1154 1274 783 1192 410 596 1179 294 671 952 1132 1175 0 422 490 795 682 892 790 1300 777 715 793 1154 378 527 756 461 820 973 882 236 1000 749 377 1088 1340 371 764 534 1324 129 496 618 651 536
181 272 212 842 597 949 175 978 760 594 30 137 880 972 213 748 306 885 620 193 998 150 622 413 545 464 602 530 203 370 586 619 644 639 464 178 480 589 185 495 442 405 822 632 437 852 449 146 467 252 604 541 322 386 456 637 155 461 745 373 373 401 599 186 724 194 951 601 576 779 759 873 362 789 618 265 796 130 261 680 803 817 422 0 513 598 349 562 377 890 356 316 370 796 113 186 573 139 500 835 541 567 657 377 692 670 939 103 354 114 981 311 98 212 465 187
611 716 358 947 1020 1186 567 1003 321 597 502 584 1035 1111 684 648 808 1368 920 627 1414 626 1094 708 444 963 1112 827 625 770 130 1127 1100 227 977 691 993 399 697 983 556 786 1063 134 254 1322 915 567 228 690 744 917 757 866 896 1094 560 269 243 313 455 709 418 461 661 610 1450 1066 1080 1266 1209 1053 778 988 892 426 923 449 734 1193 792 1306 490 513 0 1100 464 595 688 1300 760 595 759 855 582 699 333 645 529 1325 1047 726 700 874 866 956 1371 411 812 551 1474 403 491 555 958 700
600 404 751 1199 628 1141 646 1371 1358 1089 602 595 1182 1269 526 1260 392 593 564 592 876 548 152 770 1097 357 78 811 606 412 1149 64 558 1178 218 432 230 1159 417 134 930 658 1047 1226 1029 619 483 622 992 570 774 702 381 448 553 214 548 1050 1339 872 778 752 1038 657 1222 616 555 183 27 505 627 1151 597 1072 605 820 1148 653 502 201 1256 522 795 598 1100 0 880 1050 743 813 616 759 641 1203 518 419 1156 459 1012 244 310 742 1110 383 768 895 794 693 512 615 615 769 660 690 146 423
280 619 427 539 588 731 235 649 556 245 369 288 605 690 358 400 500 970 966 289 964 333 939 252 216 620 860 364 277 720 588 882 687 678 693 459 698 286 480 805 111 354 605 521 232 912 530 261 574 327 912 469 669 504 488 965 499 236 615 551 630 256 768 482 374 266 1078 926 855 878 786 613 370 539 961 89 502 422 393 900 460 918 682 349 464 880 0 216 239 851 348 157 337 471 462 473 304 463 151 1125 711 879 319 542 1015 491 930 328 435 275 1087 553 253 190 771 466
460 828 638 353 634 608 423 438 567 39 583 480 441 516 526 210 658 1031 1181 464 955 519 1125 306 169 748 1019 356 448 930 725 1042 749 821 846 650 847 252 673 990 123 434 494 607 340 963 635 454 752 480 1127 499 876 631 576 1157 714 325 675 748 839 320 953 697 172 442 1158 1116 1024 954 829 463 477 407 1176 305 328 638 548 1038 243 992 892 562 595 1050 216 0 320 846 454 291 434 268 674 665 311 665 72 1293 836 1094 110 683 1230 434 939 544 559 475 1155 762 463 375 954 656
207 593 547 487 349 573 201 645 794 359 407 247 509 602 240 529 352 736 969 201 728 264 834 36 421 428 706 157 186 701 804 730 452 886 532 385 530 505 411 700 216 120 446 757 471 675 316 231 754 184 981 231 638 311 262 873 526 476 854 700 738 25 929 559 486 189 852 831 716 650 548 498 157 413 976 261 438 497 245 718 512 689 790 377 688 743 239 320 0 614 134 92 114 467 467 399 535 424 303 983 516 944 367 366 1065 299 691 420 239 263 856 667 294 172 663 388
721 963 1099 718 293 471 753 883 1393 877 919 762 631 679 676 1010 633 323 1301 706 113 739 963 598 997 515 737 498 701 1052 1412 758 275 1488 641 775 618 1085 792 873 795 515 461 1371 1084 247 454 766 1339 641 1420 383 986 524 434 1024 990 1086 1466 1261 1256 594 1489 1070 959 715 474 987 793 340 186 582 536 549 1328 873 680 1019 631 644 899 348 1300 890 1300 813 851 846 614 0 549 705 544 792 923 781 1129 844 868 962 514 1381 817 568 1466 421 102 973 536 793 430 1200 848 752 847 770
177 518 556 591 260 616 203 758 903 494 386 220 593 685 160 664 231 623 894 162 661 211 716 155 547 293 575 212 155 624 866 599 343 940 402 302 398 628 327 584 347 54 496 845 569 569 185 219 790 106 940 185 558 177 141 759 484 579 948 716 729 138 947 542 621 167 730 716 589 530 450 573 23 488 907 341 540 485 139 583 641 570 777 356 760 616 348 454 134 549 0 191 25 586 419 315 651 357 434 853 382 902 499 235 1012 335 613 428 106 248 739 665 300 205 548 303
173 558 466 526 434 650 147 669 713 329 344 202 565 656 234 500 368 813 928 175 819 234 835 118 359 472 730 244 159 665 712 753 530 794 559 365 561 437 389 700 170 199 522 667 384 755 375 180 665 190 918 322 606 355 331 869 470 391 766 615 663 115 844 489 463 155 922 827 733 721 631 560 214 477 930 169 480 426 258 758 512 761 715 316 595 759 157 291 92 705 191 0 180 488 417 379 460 390 255 1003 563 882 363 399 1008 383 780 343 284 208 930 590 223 104 664 370
190 541 566 565 260 594 211 733 893 473 401 233 568 660 181 643 257 632 918 177 657 229 742 131 532 315 599 187 167 648 868 624 350 943 427 326 423 613 351 610 329 34 473 841 562 575 202 230 797 125 960 172 581 200 151 785 503 570 943 727 744 115 957 557 599 178 743 742 614 542 453 548 45 463 930 337 514 499 164 606 616 581 793 370 759 641 337 434 114 544 25 180 0 561 438 338 640 379 416 878 403 921 475 259 1033 313 611 438 130 261 750 678 310 207 573 326
660 1047 899 107 667 423 635 181 769 258 822 691 219 268 707 270 816 1046 1414 658 886 720 1301 436 412 863 1157 401 642 1154 985 1182 786 1083 986 848 980 475 873 1167 362 545 348 850 603 968 736 668 1020 651 1383 540 1094 757 667 1341 952 585 901 1016 1101 454 1222 950 227 641 1190 1298 1176 992 835 260 605 250 1415 559 118 889 713 1148 114 1024 1154 796 855 1203 471 268 467 792 586 488 561 0 903 863 543 878 340 1437 942 1348 158 820 1481 385 893 796 690 695 1171 1024 698 590 1131 852
260 160 237 944 634 1030 271 1085 851 707 99 220 976 1068 260 862 300 878 511 268 1027 210 523 503 657 454 534 613 282 257 635 547 662 674 419 153 439 698 143 404 553 472 905 708 540 855 470 238 491 313 521 601 209 401 493 533 67 565 822 381 337 490 588 161 837 277 926 499 499 770 776 965 420 880 512 378 897 137 297 626 914 807 378 113 582 518 462 674 467 923 419 417 438 903 0 151 679 84 613 746 518 483 767 373 598 749 962 181 390 209 963 293 210 314 377 160
206 203 378 887 497 930 242 1042 940 702 199 186 902 995 160 868 150 726 579 205 881 145 465 434 686 302 417 524 221 309 767 435 514 814 279 14 296 743 12 332 541 370 811 818 609 703 326 213 635 219 644 483 243 256 358 493 215 630 931 529 488 418 740 312 836 224 777 452 396 618 627 885 309 800 592 405 837 279 177 494 892 655 527 186 699 419 473 665 399 781 315 379 338 863 151 0 737 67 615 661 368 605 743 222 705 650 814 288 258 199 813 445 240 289 298 12
569 839 537 644 884 918 520 676 263 298 580 564 743 808 649 315 792 1271 1133 581 1241 612 1194 540 142 921 1145 631 570 924 458 1166 987 556 984 725 991 68 741 1065 334 654 805 307 144 1211 834 538 541 627 1011 757 887 807 791 1211 691 117 364 583 709 548 742 629 333 557 1382 1175 1132 1182 1083 770 674 717 1116 339 628 586 689 1195 466 1221 756 573 333 1156 304 311 535 1129 651 460 640 543 679 737 0 709 266 1399 1012 985 399 840 1128 733 1216 503 738 542 1390 638 497 483 1033 733
219 169 314 910 557 973 244 1059 899 700 144 187 933 1026 197 862 216 794 544 223 946 160 485 460 670 369 466 560 239 277 708 482 580 752 340 69 358 720 59 357 541 412 851 768 575 771 389 212 571 254 587 534 215 320 417 505 148 598 881 463 421 445 673 245 833 238 843 467 438 685 693 919 354 833 553 386 861 214 226 551 899 722 461 139 645 459 463 665 424 844 357 390 379 878 84 67 709 0 610 695 434 549 750 289 655 692 880 235 314 190 879 377 215 291 326 75
414 770 567 423 637 663 373 510 528 95 521 429 506 583 485 252 622 1033 1117 420 979 471 1079 297 129 724 985 371 405 871 659 1008 748 754 814 601 816 217 623 945 87 422 545 549 274 967 618 402 680 444 1057 505 819 607 565 1108 650 262 624 676 768 309 881 629 223 397 1154 1068 985 950 835 525 457 463 1112 239 394 571 512 1012 312 989 820 500 529 1012 151 72 303 868 434 255 416 340 613 615 266 610 0 1256 814 1025 182 654 1162 467 957 477 535 421 1155 691 403 326 909 607
845 612 970 1427 829 1341 890 1602 1594 1332 836 839 1401 1485 770 1503 635 684 646 837 1002 792 242 1008 1341 577 279 1040 851 587 1364 254 739 1383 451 673 456 1402 657 342 1173 892 1257 1454 1269 735 706 866 1198 813 896 920 578 680 776 271 766 1291 1567 1076 966 991 1216 871 1465 860 593 280 270 625 782 1367 833 1291 694 1064 1376 876 745 322 1495 628 973 835 1325 244 1125 1293 983 962 853 1003 878 1437 746 661 1399 695 1256 0 509 870 1351 618 858 1112 920 925 747 858 660 970 901 934 369 665
450 495 745 923 321 835 498 1100 1248 876 561 467 892 975 370 1046 238 367 796 436 590 422 454 533 922 91 241 541 444 565 1127 265 249 1180 131 371 107 997 375 359 727 407 748 1155 908 361 206 488 1003 385 946 413 505 207 274 513 576 923 1266 898 848 517 1105 679 1002 458 409 474 286 259 330 858 359 782 827 678 872 647 324 206 1011 293 882 541 1047 310 711 836 516 514 382 563 403 942 518 368 1012 434 814 509 0 909 875 174 975 603 511 644 279 498 444 811 557 530 334 362
740 419 461 1404 1102 1512 743 1528 1048 1119 538 698 1447 1539 742 1248 748 1273 251 750 1477 693 639 980 1023 875 802 1094 763 346 685 801 1108 653 781 613 806 1031 593 611 986 956 1387 853 846 1270 928 712 508 796 38 1082 404 859 964 599 419 873 945 414 277 967 410 398 1237 757 1277 597 740 1167 1216 1441 902 1356 205 790 1360 460 775 927 1337 1198 236 567 726 742 879 1094 944 1381 902 882 921 1348 483 605 985 549 1025 870 909 0 1199 813 142 1231 1405 552 863 680 1329 348 658 778 614 616
537 917 745 248 638 526 506 329 642 103 680 563 344 412 595 193 718 1032 1277 539 921 598 1196 344 261 789 1073 354 523 1022 831 1097 757 927 900 729 897 334 753 1061 215 467 422 703 446 960 669 538 862 544 1232 503 965 676 605 1231 811 430 762 858 947 360 1063 801 142 518 1168 1190 1084 964 824 372 520 328 1275 409 229 741 609 1080 149 1000 1000 657 700 1110 319 110 367 817 499 363 475 158 767 743 399 750 182 1351 875 1199 0 733 1334 396 914 647 605 562 1158 870 558 459 1025 734
275 395 586 817 300 787 324 988 1074 722 399 293 804 893 195 893 72 509 745 261 664 248 494 390 755 88 339 429 270 487 959 364 296 1016 167 220 164 828 232 368 568 275 682 981 734 482 124 313 843 214 852 333 420 67 183 543 437 749 1091 744 710 373 960 531 852 284 576 500 356 402 406 777 215 695 768 504 765 492 150 358 876 441 749 377 874 383 542 683 366 568 235 399 259 820 373 222 840 289 654 618 174 813 733 0 899 523 594 477 129 324 604 664 383 357 334 213
859 506 601 1533 1196 1627 865 1661 1187 1257 664 818 1572 1664 852 1388 840 1331 212 867 1556 807 645 1101 1164 952 836 1211 881 413 819 831 1190 779 844 715 869 1173 692 647 1120 1067 1504 991 988 1335 1020 834 644 908 121 1188 479 951 1061 595 539 1015 1080 555 420 1088 525 532 1376 876 1319 603 771 1228 1294 1563 1010 1478 165 925 1488 593 880 964 1474 1256 377 692 866 768 1015 1230 1065 1466 1012 1008 1033 1481 598 705 1128 655 1162 858 975 142 1334 899 0 1346 1481 686 963 803 1375 490 786 904 658 717
491 853 846 334 296 281 496 512 996 461 700 534 289 373 494 589 549 661 1230 481 525 539 1017 266 595 538 837 141 468 960 1080 862 411 1167 677 638 665 682 663 892 408 280 161 1004 715 583 411 524 1048 437 1269 193 893 456 343 1067 812 711 1087 998 1037 274 1227 855 537 476 806 1024 869 611 450 256 342 180 1242 543 286 794 474 803 484 642 1088 670 956 895 491 434 299 421 335 383 313 385 749 650 733 692 467 1112 603 1231 396 523 1346 0 519 720 409 556 786 966 592 471 857 638
779 985 1151 820 352 569 814 985 1478 971 967 817 733 780 726 1107 664 249 1307 763 82 790 946 679 1086 530 715 586 760 1068 1479 734 299 1552 642 810 618 1174 825 868 881 585 563 1448 1163 185 493 824 1397 697 1443 461 1004 560 486 1008 1028 1167 1546 1313 1298 673 1539 1114 1056 774 394 973 776 296 188 684 597 650 1337 946 782 1066 678 611 1000 292 1340 939 1371 794 930 939 691 102 613 780 611 893 962 814 1216 880 957 920 511 1405 914 594 1481 519 0 1028 585 849 343 1246 907 818 845 804
252 337 128 854 680 993 228 975 670 572 90 211 904 994 303 713 407 984 646 267 1083 239 705 454 497 565 701 578 273 420 483 717 736 538 567 280 583 528 285 584 434 472 865 533 361 949 542 208 370 331 586 611 384 482 542 715 188 387 646 288 319 445 518 153 695 260 1053 681 672 878 850 903 438 820 637 239 812 94 353 782 788 917 371 103 411 693 328 544 420 973 428 343 438 796 181 288 503 235 477 925 644 552 647 477 686 720 1028 0 444 180 1082 247 129 248 556 289
202 458 566 690 245 682 245 860 982 598 383 235 683 773 141 769 139 555 829 186 643 205 617 261 643 189 469 303 187 561 909 493 292 976 296 249 292 720 271 488 448 146 570 908 644 510 102 247 814 122 902 228 493 72 103 663 457 657 1015 728 720 244 954 533 726 202 648 621 485 455 406 658 85 575 846 412 638 482 94 478 747 495 764 354 812 512 435 559 239 536 106 284 130 690 390 258 738 314 535 747 279 863 605 129 963 409 585 444 0 268 664 663 328 265 452 247
72 354 307 734 500 834 62 876 758 510 144 33 768 861 132 673 262 819 720 87 904 75 664 299 487 412 604 416 93 459 642 624 561 707 447 186 457 544 205 531 352 295 708 657 420 778 369 32 547 152 718 433 402 315 363 690 264 439 767 468 484 287 698 299 643 82 899 650 590 715 674 760 258 675 722 206 688 239 183 662 711 755 534 114 551 615 275 475 263 793 248 208 261 695 209 199 542 190 421 858 498 680 562 324 803 556 849 180 268 0 922 417 60 104 497 193
863 929 1188 1114 521 899 909 1288 1642 1192 1002 889 1041 1100 789 1348 675 125 1177 847 409 849 761 858 1278 516 541 804 851 983 1563 550 407 1620 557 814 533 1362 820 728 1070 736 871 1573 1307 203 563 906 1446 786 1365 657 931 607 598 822 1021 1317 1680 1342 1291 847 1550 1124 1298 866 67 797 607 209 336 995 717 946 1216 1075 1070 1091 739 414 1267 169 1324 981 1474 615 1087 1155 856 430 739 930 750 1171 963 813 1390 879 1155 660 444 1329 1158 604 1375 786 343 1082 664 922 0 1256 983 930 718 806
488 365 125 1090 907 1240 472 1200 720 784 281 445 1146 1235 523 904 592 1172 517 502 1307 461 730 701 678 747 801 825 511 387 403 810 948 413 707 445 728 683 437 639 663 713 1112 537 498 1147 753 448 228 563 375 850 392 687 765 718 236 525 640 105 77 692 295 133 895 500 1218 696 755 1063 1062 1147 672 1066 492 466 1050 181 569 906 1002 1100 129 311 403 769 553 762 667 1200 665 590 678 1024 293 445 638 377 691 970 811 348 870 664 490 966 1246 247 663 417 1256 0 374 495 622 452
127 367 257 746 557 868 98 880 704 496 123 93 788 880 193 653 320 879 719 143 960 135 699 329 455 472 653 451 146 467 582 673 620 648 501 228 512 505 244 569 343 343 740 598 370 838 429 82 490 209 695 482 416 376 421 720 253 390 709 416 444 319 647 266 627 133 959 682 636 776 733 784 312 700 717 172 702 203 243 717 704 815 496 98 491 660 253 463 294 848 300 223 310 698 210 240 497 215 403 901 557 658 558 383 786 592 907 129 328 60 983 374 0 122 536 236
89 458 375 631 466 745 47 771 719 412 240 104 668 760 167 578 310 819 824 99 865 145 753 206 407 440 670 330 87 564 661 691 545 736 503 275 509 474 298 618 251 237 617 644 379 769 367 79 592 146 815 375 506 329 341 782 366 393 750 530 566 197 760 388 546 75 914 742 664 720 654 662 222 578 826 147 585 326 206 713 608 760 618 212 555 690 190 375 172 752 205 104 207 590 314 289 483 291 326 934 530 778 459 357 904 471 818 248 265 104 930 495 122 0 583 281
495 257 606 1139 620 1120 537 1305 1224 992 466 482 1135 1225 430 1161 316 674 466 490 924 438 171 694 985 343 189 755 506 274 1004 193 576 1031 206 311 229 1041 292 36 831 596 1015 1086 902 685 453 509 845 481 649 667 236 401 517 211 403 924 1199 725 632 676 893 511 1126 513 664 168 134 574 665 1109 532 1027 502 703 1088 510 417 312 1173 600 651 465 958 146 771 954 663 847 548 664 573 1131 377 298 1033 326 909 369 334 614 1025 334 658 857 845 556 452 497 718 622 536 583 0 304
196 215 382 876 486 918 234 1032 938 693 201 178 891 983 149 860 141 719 591 195 871 136 472 423 680 294 419 512 211 321 770 437 504 819 277 9 293 738 24 338 532 358 799 818 606 695 315 205 640 207 655 471 255 246 347 501 224 627 931 535 497 407 748 319 827 215 772 460 399 611 617 873 297 788 604 399 826 284 165 492 883 648 536 187 700 423 466 656 388 770 303 370 326 852 160 12 733 75 607 665 362 616 734 213 717 638 804 289 247 193 806 452 236 281 304 0
