0 906 1455 780 937 273 347 1038 661 1339 1368 721 980 464 1625 979
906 0 671 1480 345 682 1141 544 1332 1344 570 625 1329 1110 1668 744
1455 671 0 2124 967 1187 1749 491 1978 1976 893 848 2001 1751 2293 731
780 1480 2124 0 1327 1029 433 1774 147 1054 1743 1490 533 373 1215 1751
937 345 967 1327 0 793 1071 888 1183 1012 439 908 1072 984 1333 1069
273 682 1187 1029 793 0 605 765 898 1412 1197 461 1137 680 1720 722
347 1141 1749 433 1071 605 0 1364 322 1171 1509 1064 724 189 1416 1324
1038 544 491 1774 888 765 1364 0 1634 1859 1040 363 1758 1406 2186 264
661 1332 1978 147 1183 898 322 1634 0 989 1602 1359 482 229 1184 1620
1339 1344 1976 1054 1012 1412 1171 1859 989 0 1212 1759 522 981 326 1984
1368 570 893 1743 439 1197 1509 1040 1602 1212 0 1193 1419 1414 1499 1280
721 625 848 1490 908 461 1064 363 1359 1759 1193 0 1563 1138 2081 261
980 1329 2001 533 1072 1137 724 1758 482 522 1419 1563 0 540 704 1815
464 1110 1751 373 984 680 189 1406 229 981 1414 1138 540 0 1227 1400
1625 1668 2293 1215 1333 1720 1416 2186 1184 326 1499 2081 704 1227 0 2309
979 744 731 1751 1069 722 1324 264 1620 1984 1280 261 1815 1400 2309 0
