0 1132 982 791 1129 1685 74 1328 1535 248 1157 965 1042 1485 1575 78
1132 0 336 1313 1433 2436 1067 1651 2566 1312 2289 1218 1503 2380 2529 1073
982 336 0 1000 1098 2478 910 1789 2307 1114 2118 1341 1594 2369 2247 911
791 1313 1000 0 349 2436 752 2109 1383 654 1469 1715 1829 2184 1274 736
1129 1433 1098 349 0 2785 1083 2430 1551 1003 1770 2020 2155 2532 1386 1068
1685 2436 2478 2436 2785 0 1748 955 2352 1782 1523 1260 956 386 2571 1759
74 1067 910 752 1083 1748 0 1359 1573 275 1223 980 1076 1554 1601 16
1328 1651 1789 2109 2430 955 1359 0 2577 1535 1850 448 295 1118 2717 1375
1535 2566 2307 1383 1551 2352 1573 2577 0 1298 830 2369 2294 1976 282 1560
248 1312 1114 654 1003 1782 275 1535 1298 0 1006 1197 1242 1535 1328 262
1157 2289 2118 1469 1770 1523 1223 1850 830 1006 0 1735 1590 1146 1064 1218
965 1218 1341 1715 2020 1260 980 448 2369 1197 1735 0 304 1302 2469 997
1042 1503 1594 1829 2155 956 1076 295 2294 1242 1590 304 0 1012 2426 1092
1485 2380 2369 2184 2532 386 1554 1118 1976 1535 1146 1302 1012 0 2203 1562
1575 2529 2247 1274 1386 2571 1601 2717 282 1328 1064 2469 2426 2203 0 1586
78 1073 911 736 1068 1759 16 1375 1560 262 1218 997 1092 1562 1586 0
