0 891 1419 1616 1104 28 249 745 1195 1317 1201 887 116 1134 477 1168
891 0 1704 1372 1048 906 651 1004 1800 1727 317 640 1004 1182 1252 2015
1419 1704 0 2935 717 1395 1507 739 2522 236 1951 1087 1390 560 1083 1385
1616 1372 2935 0 2374 1644 1448 2195 1460 2886 1339 1978 1702 2484 2089 2665
1104 1048 717 2374 0 1090 1071 412 2299 828 1259 408 1136 157 1023 1658
28 906 1395 1644 1090 0 270 726 1209 1291 1217 882 98 1117 449 1145
249 651 1507 1448 1071 270 0 781 1282 1440 956 774 366 1135 694 1415
745 1004 739 2195 412 726 781 0 1927 724 1285 482 755 396 611 1282
1195 1800 2522 1460 2299 1209 1282 1927 0 2364 2018 2053 1172 2322 1439 1603
1317 1727 236 2886 828 1291 1440 724 2364 0 1997 1146 1271 675 929 1154
1201 317 1951 1339 1259 1217 956 1285 2018 1997 0 864 1315 1406 1569 2333
887 640 1087 1978 408 882 774 482 2053 1146 864 0 956 545 991 1729
116 1004 1390 1702 1136 98 366 755 1172 1271 1315 956 0 1151 388 1053
1134 1182 560 2484 157 1117 1135 396 2322 675 1406 545 1151 0 984 1568
477 1252 1083 2089 1023 449 694 611 1439 929 1569 991 388 984 0 768
1168 2015 1385 2665 1658 1145 1415 1282 1603 1154 2333 1729 1053 1568 768 0
