0 949 1026 457 1011 1505 1399 1365 148 35 1599 55 1373 323 280 182
949 0 1966 1381 1744 819 2168 2181 998 940 2500 916 2303 976 843 802
1026 1966 0 586 1113 2504 1221 667 969 1030 626 1052 655 1162 1233 1199
457 1381 586 0 1018 1960 1312 936 383 454 1142 474 1056 674 703 638
1011 1744 1113 1018 0 1904 424 1760 1111 1044 1699 1066 869 793 932 1036
1505 819 2504 1960 1904 0 2299 2858 1612 1513 3100 1497 2665 1350 1271 1322
1399 2168 1221 1312 424 2299 0 1888 1482 1430 1714 1454 740 1210 1349 1446
1365 2181 667 936 1760 2858 1888 0 1247 1352 490 1365 1268 1610 1632 1547
148 998 969 383 1111 1612 1482 1247 0 119 1512 123 1382 470 426 309
35 940 1030 454 1044 1513 1430 1352 119 0 1595 26 1392 356 306 195
1599 2500 626 1142 1699 3100 1714 490 1512 1595 0 1615 1001 1775 1833 1780
55 916 1052 474 1066 1497 1454 1365 123 26 1615 0 1418 365 305 185
1373 2303 655 1056 869 2665 740 1268 1382 1392 1001 1418 0 1354 1471 1502
323 976 1162 674 793 1350 1210 1610 470 356 1775 365 1354 0 138 256
280 843 1233 703 932 1271 1349 1632 426 306 1833 305 1471 138 0 144
182 802 1199 638 1036 1322 1446 1547 309 195 1780 185 1502 256 144 0
