0 20 1350 1151 563 1489 205 427 901 767 697 1451 1486 527 925 1625
20 0 1340 1154 574 1494 186 410 918 755 685 1438 1468 537 944 1615
1350 1340 0 781 1202 2814 1188 988 2196 1816 1763 2324 1974 1877 1708 280
1151 1154 781 0 702 2602 1100 1023 1771 1859 1791 2499 2327 1626 1059 911
563 574 1202 702 0 1916 625 704 1073 1330 1260 2012 1997 950 544 1434
1489 1494 2814 2602 1916 0 1627 1828 1007 1147 1164 1302 1844 977 1883 3094
205 186 1188 1100 625 1627 0 226 1104 759 691 1418 1372 699 1070 1467
427 410 988 1023 704 1828 226 0 1328 869 807 1478 1335 921 1208 1268
901 918 2196 1771 1073 1007 1104 1328 0 1190 1148 1759 2069 516 893 2456
767 755 1816 1859 1330 1147 759 869 1190 0 70 686 878 685 1632 2093
697 685 1763 1791 1260 1164 691 807 1148 70 0 755 922 637 1566 2041
1451 1438 2324 2499 2012 1302 1418 1478 1759 686 755 0 613 1307 2311 2586
1486 1468 1974 2327 1997 1844 1372 1335 2069 878 922 613 0 1559 2411 2207
527 537 1877 1626 950 977 699 921 516 685 637 1307 1559 0 1053 2152
925 944 1708 1059 544 1883 1070 1208 893 1632 1566 2311 2411 1053 0 1915
1625 1615 280 911 1434 3094 1467 1268 2456 2093 2041 2586 2207 2152 1915 0
