0 128 286 679 645 863 438 554 501 317 454 503 676 409 278 217 621 195 382 129 28 598 240 796 691 813 729 718 448 35 418 663 699 491 593 217 330 802 783 77 111 88 433 309 545 26 192 154 488 181 457 204 754 218 78 755 629 9 384 768 234 123 541 523 444 495 18 492 68 325 742 854 347 672 367 159 448 139
128 0 158 709 579 963 365 606 386 301 326 509 719 521 197 336 704 98 298 88 155 596 360 831 698 907 602 615 559 101 545 597 714 499 616 89 419 930 759 206 57 152 367 358 508 120 317 149 473 304 333 290 637 346 159 876 551 137 503 711 325 164 551 422 316 576 120 433 59 201 649 961 378 548 373 92 518 106
286 158 0 763 515 1101 340 686 273 340 169 544 787 673 203 492 813 132 266 199 314 643 511 909 725 1042 447 494 699 259 701 532 749 564 665 72 543 1088 773 364 196 291 325 452 490 276 472 248 515 457 180 432 510 505 311 1031 499 296 650 654 456 299 590 338 159 687 279 393 218 85 566 1093 454 406 425 188 621 209
679 709 763 0 506 1359 1072 158 1034 423 877 223 73 924 905 776 311 646 1002 621 685 1278 581 1454 126 1337 1106 753 501 703 677 509 87 1169 98 752 415 966 1460 673 749 592 497 370 363 656 621 560 1166 608 796 848 1249 700 754 1115 1253 680 561 494 480 803 178 1101 823 311 696 460 696 848 1329 620 333 1121 340 798 287 603
645 579 515 506 0 1501 851 550 720 356 533 339 570 1037 717 846 746 480 778 521 669 1156 731 1408 396 1455 676 250 801 645 914 17 437 1069 430 555 631 1291 1287 695 636 574 213 495 163 620 732 493 1028 713 430 849 869 806 716 1342 988 653 810 139 611 738 362 812 472 664 653 154 610 589 1014 1078 441 730 371 662 594 508
863 963 1101 1359 1501 0 970 1201 1170 1150 1236 1277 1315 464 947 655 1114 1053 986 992 836 720 799 530 1430 75 1465 1578 867 873 684 1518 1419 683 1312 1030 953 601 872 806 910 927 1292 1052 1378 887 780 1009 770 798 1281 672 1371 700 805 316 1072 854 798 1613 921 803 1298 1117 1253 1054 859 1346 913 1089 1218 1070 1111 1364 1165 912 1072 1002
438 365 340 1072 851 970 0 971 213 655 356 864 1084 647 168 536 1058 429 73 453 450 345 666 639 1051 899 508 784 880 404 809 868 1071 307 977 325 768 1144 437 493 337 505 665 722 829 450 611 514 227 606 448 422 405 596 392 1002 191 443 807 991 672 341 909 147 405 931 421 734 393 261 314 1285 743 398 733 285 878 470
554 606 686 158 550 1201 971 0 960 353 822 213 125 768 803 628 196 559 904 519 556 1148 429 1309 251 1179 1072 779 345 582 519 558 228 1038 141 662 262 821 1338 537 637 472 476 249 389 534 472 458 1042 461 753 708 1190 549 626 958 1157 554 402 577 337 677 189 1017 773 155 572 461 582 768 1246 528 232 1071 269 688 130 502
501 386 273 1034 720 1170 213 960 0 613 188 813 1060 807 247 662 1082 402 183 458 523 555 742 851 988 1101 297 607 945 467 914 735 1015 520 935 307 804 1280 614 573 390 538 568 723 736 502 693 514 441 683 290 564 252 702 487 1171 273 509 886 858 711 449 858 97 248 954 487 631 438 193 300 1348 728 195 698 347 891 471
317 301 340 423 356 1150 655 353 613 0 468 209 447 685 490 497 507 225 583 217 335 895 376 1112 397 1107 722 506 476 328 564 372 416 793 325 331 299 950 1061 351 350 233 171 164 231 290 376 165 774 357 402 519 837 451 394 986 831 322 467 462 259 430 253 678 420 391 329 204 305 425 906 821 133 717 85 393 318 199
454 326 169 877 533 1236 356 822 188 468 0 654 911 827 292 654 964 295 296 367 481 698 681 985 820 1173 277 429 866 425 871 548 850 640 779 237 705 1256 786 532 357 460 393 603 559 445 641 410 573 627 102 581 371 672 471 1189 460 464 819 670 622 450 699 282 61 840 446 452 386 147 482 1255 595 249 553 335 771 374
503 509 544 223 339 1277 864 213 813 209 654 0 264 819 700 646 407 435 792 422 516 1096 477 1298 189 1244 885 566 486 521 628 348 206 992 124 540 335 980 1267 517 554 415 278 225 176 478 500 365 978 483 573 694 1026 582 582 1072 1040 507 514 384 356 624 45 883 600 329 518 251 505 630 1110 739 168 898 137 600 263 404
676 719 787 73 570 1315 1084 125 1060 447 911 264 0 890 916 753 242 665 1016 631 679 1272 553 1435 200 1296 1149 814 450 702 631 574 161 1162 143 769 387 903 1459 661 754 592 542 367 421 655 597 570 1164 586 835 833 1282 673 749 1062 1268 676 517 566 462 799 223 1122 859 261 693 511 699 870 1351 546 340 1158 362 804 253 614
409 521 673 924 1037 464 647 768 807 685 827 819 890 0 562 193 723 603 633 537 381 563 345 592 982 425 1084 1127 470 424 297 1054 975 465 866 600 508 509 770 345 476 465 830 594 914 431 319 548 529 336 852 247 1044 237 362 364 806 399 386 1148 463 376 843 784 831 636 408 883 466 681 949 796 651 1001 702 491 637 545
278 197 203 905 717 947 168 803 247 490 292 700 916 562 0 416 893 266 104 285 294 440 515 709 888 883 524 689 726 243 675 734 906 362 811 166 604 1034 578 342 171 339 519 554 676 287 462 346 312 455 357 317 494 461 247 927 356 284 658 855 509 204 743 247 320 766 262 587 227 151 463 1132 575 438 567 120 711 302
217 336 492 776 846 655 536 628 662 497 654 646 753 193 416 0 626 412 505 344 189 563 202 682 819 610 921 935 392 236 277 863 817 452 707 420 366 617 769 151 297 272 637 423 727 238 155 354 487 168 669 120 910 84 183 539 717 207 306 959 298 213 675 657 652 518 218 691 279 513 850 778 477 849 521 323 500 351
621 704 813 311 746 1114 1058 196 1082 507 964 407 242 723 893 626 0 681 998 624 613 1182 427 1301 430 1103 1228 969 254 654 436 754 397 1070 332 775 290 663 1382 580 721 554 653 361 583 607 482 567 1090 478 908 729 1324 542 679 841 1249 617 337 773 386 733 386 1126 922 128 639 647 666 888 1353 332 374 1213 432 773 193 611
195 98 132 646 480 1053 429 559 402 225 295 435 665 603 266 412 681 0 357 76 223 688 392 929 622 999 571 525 571 180 588 498 642 594 550 105 411 980 842 267 155 170 269 321 415 176 360 116 563 344 272 382 643 406 248 949 606 205 527 613 327 260 479 458 268 554 195 336 139 209 687 961 327 537 306 184 489 80
382 298 266 1002 778 986 73 904 183 583 296 792 1016 633 104 505 998 357 0 385 397 402 617 690 979 918 479 719 829 347 771 795 999 348 906 252 709 1120 509 443 276 443 592 656 755 392 563 446 277 557 382 396 410 557 346 995 253 388 760 918 613 298 837 152 340 870 365 660 331 189 359 1235 675 378 662 224 815 402
129 88 199 621 521 992 453 519 458 217 367 422 631 537 285 344 624 76 385 0 156 678 317 901 611 942 644 590 499 124 512 538 626 577 527 150 346 904 845 196 133 94 307 272 433 106 284 61 557 268 348 328 704 332 195 878 638 138 453 647 257 220 464 502 343 497 134 369 91 265 731 895 290 605 286 178 436 17
28 155 314 685 669 836 450 556 523 335 481 516 679 381 294 189 613 223 397 156 0 593 220 782 702 787 756 746 431 57 394 687 709 484 601 244 323 775 781 51 133 103 457 314 566 50 170 176 486 161 486 183 776 191 69 726 641 18 364 790 229 121 552 541 472 489 36 516 95 350 757 837 356 697 381 177 445 165
598 596 643 1278 1156 720 345 1148 555 895 698 1096 1272 563 440 563 1182 688 402 678 593 0 755 297 1285 645 842 1120 955 576 824 1173 1296 112 1192 601 902 1063 209 612 544 686 953 907 1103 622 699 731 128 704 783 453 691 646 523 849 369 597 870 1293 814 475 1136 471 742 1065 582 1021 590 581 507 1334 946 724 959 505 1032 695
240 360 511 581 731 799 666 429 742 376 681 477 553 345 515 202 427 392 617 317 220 755 0 885 636 767 958 868 214 275 197 747 630 643 520 449 166 592 957 173 351 222 541 254 591 240 56 290 666 59 665 301 994 120 273 611 856 232 144 827 123 325 499 761 660 316 254 581 304 561 976 619 313 909 372 397 300 313
796 831 909 1454 1408 530 639 1309 851 1112 985 1298 1435 592 709 682 1301 929 690 901 782 297 885 0 1482 459 1139 1399 1053 783 889 1426 1487 347 1378 857 1048 1018 365 783 774 884 1198 1088 1335 822 837 946 413 848 1063 606 984 765 718 755 658 792 966 1542 974 681 1334 769 1024 1199 782 1265 809 858 786 1386 1136 1022 1163 746 1183 917
691 698 725 126 396 1430 1051 251 988 397 820 189 200 982 888 819 430 622 979 611 702 1285 636 1482 0 1402 1029 646 592 710 759 397 42 1181 119 726 477 1073 1457 699 744 602 428 397 273 666 668 554 1168 652 731 876 1188 749 769 1202 1224 694 641 370 522 812 149 1063 762 407 706 379 695 811 1288 745 346 1056 326 789 365 594
813 907 1042 1337 1455 75 899 1179 1101 1107 1173 1244 1296 425 883 610 1103 999 918 942 787 645 767 459 1402 0 1397 1523 853 820 669 1472 1393 609 1285 972 926 630 797 759 854 881 1244 1018 1337 838 744 962 697 761 1221 617 1299 662 751 344 998 804 779 1570 887 745 1267 1046 1192 1036 808 1300 860 1026 1143 1083 1076 1294 1127 853 1049 952
729 602 447 1106 676 1465 508 1072 297 722 277 885 1149 1084 524 921 1228 571 479 644 756 842 958 1139 1029 1397 0 474 1142 699 1147 686 1064 816 1009 512 979 1531 866 807 627 738 608 869 756 722 918 686 734 905 320 837 230 946 738 1449 507 739 1097 794 898 711 928 370 307 1107 720 650 661 408 444 1528 854 121 803 598 1036 652
718 615 494 753 250 1578 784 779 607 506 429 566 814 1127 689 935 969 525 719 590 746 1120 868 1399 646 1523 474 0 982 705 1063 252 687 1051 671 557 805 1455 1215 785 669 670 335 668 393 696 854 588 993 835 337 905 692 916 773 1464 880 728 973 334 761 778 597 705 379 873 720 323 664 540 872 1299 625 556 554 677 799 584
448 559 699 501 801 867 880 345 945 476 866 486 450 470 726 392 254 571 829 499 431 955 214 1053 592 853 1142 982 0 483 184 814 572 843 475 644 177 494 1160 386 559 409 647 314 642 443 270 456 874 273 834 505 1197 309 487 613 1070 441 86 868 244 539 489 971 837 190 464 667 508 759 1188 406 362 1104 433 607 229 491
35 101 259 703 645 873 404 582 467 328 425 521 702 424 243 236 654 180 347 124 57 576 275 783 710 820 699 705 483 0 451 662 720 470 615 188 364 831 757 108 76 110 431 335 553 48 226 162 462 216 433 204 720 247 70 776 595 42 419 771 268 103 560 488 417 527 21 493 42 292 707 889 370 639 384 124 479 137
418 545 701 677 914 684 809 519 914 564 871 628 631 297 675 277 436 588 771 512 394 824 197 889 759 669 1147 1063 184 451 0 928 743 716 640 635 293 394 1033 342 526 417 733 420 764 425 229 488 760 244 861 397 1166 214 428 445 993 409 117 999 304 472 640 922 854 370 430 767 487 743 1123 510 478 1091 545 566 393 509
663 597 532 509 17 1518 868 558 735 372 548 348 574 1054 734 863 754 498 795 538 687 1173 747 1426 397 1472 686 252 814 662 928 0 438 1087 436 573 644 1304 1304 712 654 591 231 509 174 637 748 511 1045 729 445 866 881 823 733 1358 1003 671 824 123 627 756 369 827 487 674 671 171 628 606 1028 1086 454 742 385 680 605 525
699 714 749 87 437 1419 1071 228 1015 416 850 206 161 975 906 817 397 642 999 626 709 1296 630 1487 42 1393 1064 687 572 720 743 438 0 1190 110 747 467 1047 1472 703 758 611 460 399 310 675 664 568 1181 650 762 880 1220 745 777 1185 1246 702 625 413 519 822 162 1088 793 384 715 414 707 835 1314 708 352 1088 340 805 349 609
491 499 564 1169 1069 683 307 1038 520 793 640 992 1162 465 362 452 1070 594 348 577 484 112 643 347 1181 609 816 1051 843 470 716 1087 1190 0 1085 514 791 971 317 501 445 579 862 799 1007 515 587 629 87 592 717 341 693 534 414 774 390 489 758 1205 703 368 1031 449 678 953 475 930 488 511 536 1225 839 704 854 409 921 594
593 616 665 98 430 1312 977 141 935 325 779 124 143 866 811 707 332 550 906 527 601 1192 520 1378 119 1285 1009 671 475 615 640 436 110 1085 0 655 359 959 1370 594 657 505 401 289 278 569 554 468 1077 539 698 771 1150 635 670 1084 1156 595 522 441 409 717 81 1003 725 292 610 368 605 750 1231 660 245 1023 244 705 247 510
217 89 72 752 555 1030 325 662 307 331 237 540 769 600 166 420 775 105 252 150 244 601 449 857 726 972 512 557 644 188 635 573 747 514 655 0 497 1019 745 295 124 234 353 419 509 210 407 208 474 393 252 360 554 435 238 959 500 227 590 692 406 228 585 355 231 647 209 421 149 115 584 1043 430 460 411 120 585 164
330 419 543 415 631 953 768 262 804 299 705 335 387 508 604 366 290 411 709 346 323 902 166 1048 477 926 979 805 177 364 293 644 467 791 359 497 0 660 1099 292 433 267 470 137 476 317 211 295 804 201 665 453 1051 286 390 737 959 327 181 708 96 444 349 841 671 165 348 492 377 612 1066 549 189 949 260 484 134 335
802 930 1088 966 1291 601 1144 821 1280 950 1256 980 903 509 1034 617 663 980 1120 904 775 1063 592 1018 1073 630 1531 1455 494 831 394 1304 1047 971 959 1019 660 0 1265 724 903 810 1121 796 1134 812 620 882 1039 636 1253 723 1527 584 795 286 1312 792 483 1362 693 831 981 1272 1244 667 810 1150 870 1122 1453 500 850 1465 920 937 720 902
783 759 773 1460 1287 872 437 1338 614 1061 786 1267 1459 770 578 769 1382 842 509 845 781 209 957 365 1457 797 866 1215 1160 757 1033 1304 1472 317 1370 745 1099 1265 0 806 713 868 1096 1092 1255 804 901 903 295 904 883 656 674 851 712 1039 359 783 1076 1427 1008 660 1309 517 839 1263 766 1164 764 698 455 1543 1126 745 1131 667 1226 863
77 206 364 673 695 806 493 537 573 351 532 517 661 345 342 151 580 267 443 196 51 612 173 783 699 759 807 785 386 108 342 712 703 501 594 295 292 724 806 0 184 121 486 304 582 91 120 203 511 113 534 177 826 141 101 682 683 68 316 812 202 154 551 589 521 457 87 541 146 401 802 792 352 748 386 226 420 201
111 57 196 749 636 910 337 637 390 350 357 554 754 476 171 297 721 155 276 133 133 544 351 774 744 854 627 669 559 76 526 654 758 445 657 124 433 903 713 184 0 168 424 388 562 116 302 189 424 292 376 238 643 319 114 835 527 119 496 768 337 108 596 412 356 594 97 490 56 219 634 964 415 564 417 51 541 150
88 152 291 592 574 927 505 472 538 233 460 415 592 465 339 272 554 170 443 94 103 686 222 884 602 881 738 670 409 110 417 591 611 579 505 234 267 810 868 121 168 0 364 224 464 64 191 82 573 174 443 285 788 246 166 794 695 92 359 691 173 211 452 573 438 427 104 419 111 349 798 809 260 694 279 219 373 92
433 367 325 497 213 1292 665 476 568 171 393 278 542 830 519 637 653 269 592 307 457 953 541 1198 428 1244 608 335 647 431 733 231 460 862 401 353 470 1121 1096 486 424 364 0 333 167 407 534 283 826 515 302 635 760 604 502 1148 820 441 639 343 429 525 320 650 335 547 440 68 397 407 869 977 292 628 224 453 472 294
309 358 452 370 495 1052 722 249 723 164 603 225 367 594 554 423 361 321 656 272 314 907 254 1088 397 1018 869 668 314 335 420 509 399 799 289 419 137 796 1092 304 388 224 333 0 344 287 275 212 797 258 551 481 963 357 384 858 909 310 314 579 131 433 252 774 562 237 326 354 333 530 1003 661 59 851 124 439 168 256
545 508 490 363 163 1378 829 389 736 231 559 176 421 914 676 727 583 415 755 433 566 1103 591 1335 273 1337 756 393 642 553 764 174 310 1007 278 509 476 1134 1255 582 562 464 167 344 0 519 600 391 978 581 464 749 922 678 622 1201 987 552 656 236 468 653 203 818 499 500 557 108 525 573 1036 915 287 788 220 598 430 417
26 120 276 656 620 887 450 534 502 290 445 478 655 431 287 238 607 176 392 106 50 622 240 822 666 838 722 696 443 48 425 637 675 515 569 210 317 812 804 91 116 64 407 287 519 0 196 128 510 183 443 230 755 232 104 773 641 33 383 742 221 147 516 529 431 480 40 466 64 321 750 848 324 669 341 167 431 114
192 317 472 621 732 780 611 472 693 376 641 500 597 319 462 155 482 360 563 284 170 699 56 837 668 744 918 854 270 226 229 748 664 587 554 407 211 620 901 120 302 191 534 275 600 196 0 267 610 19 633 247 946 81 218 613 800 184 196 835 145 270 526 709 625 367 205 579 259 517 922 674 332 864 384 347 345 283
154 149 248 560 493 1009 514 458 514 165 410 365 570 548 346 354 567 116 446 61 176 731 290 946 554 962 686 588 456 162 488 511 568 629 468 208 295 882 903 203 189 82 283 212 391 128 267 0 613 249 379 359 758 328 230 875 699 161 417 614 212 265 406 562 380 440 165 339 141 320 791 845 229 654 228 237 377 44
488 473 515 1166 1028 770 227 1042 441 774 573 978 1164 529 312 487 1090 563 277 557 486 128 666 413 1168 697 734 993 874 462 760 1045 1181 87 1077 474 804 1039 295 511 424 573 826 797 978 510 610 613 0 612 656 370 605 566 416 852 303 488 791 1166 713 365 1019 365 615 969 471 895 473 454 449 1266 833 620 841 381 931 574
181 304 457 608 713 798 606 461 683 357 627 483 586 336 455 168 478 344 557 268 161 704 59 848 652 761 905 835 273 216 244 729 650 592 539 393 201 636 904 113 292 174 515 258 581 183 19 249 612 0 617 253 936 98 214 632 796 173 203 817 130 266 510 702 609 361 195 560 247 505 916 679 315 852 366 338 335 266
457 333 180 796 430 1281 448 753 290 402 102 573 835 852 357 669 908 272 382 348 486 783 665 1063 731 1221 320 337 834 433 861 445 762 717 698 252 665 1253 883 534 376 443 302 551 464 443 633 379 656 617 0 613 458 675 490 1209 562 467 797 567 590 480 617 384 43 788 452 356 391 205 583 1211 534 326 484 368 716 352
204 290 432 848 849 672 422 708 564 519 581 694 833 247 317 120 729 382 396 328 183 453 301 606 876 617 837 905 505 204 397 866 880 341 771 360 453 723 656 177 238 285 635 481 749 230 247 359 370 253 613 0 806 196 134 611 599 197 421 972 371 132 728 549 589 614 195 696 243 434 734 897 530 756 561 246 586 340
754 637 510 1249 869 1371 405 1190 252 837 371 1026 1282 1044 494 910 1324 643 410 704 776 691 994 984 1188 1299 230 692 1197 720 1166 881 1220 693 1150 554 1051 1527 674 826 643 788 760 963 922 755 946 758 605 936 458 806 0 953 738 1404 326 762 1138 996 960 698 1071 260 426 1197 740 814 690 439 226 1598 961 138 922 600 1131 716
218 346 505 700 806 700 596 549 702 451 672 582 673 237 461 84 542 406 557 332 191 646 120 765 749 662 946 916 309 247 214 823 745 534 635 435 286 584 851 141 319 246 604 357 678 232 81 328 566 98 675 196 953 0 215 547 781 209 225 913 227 258 608 707 662 434 226 652 286 538 910 701 414 883 464 355 420 335
78 159 311 754 716 805 392 626 487 394 471 582 749 362 247 183 679 248 346 195 69 523 273 718 769 751 738 773 487 70 428 733 777 414 670 238 390 795 712 101 114 166 502 384 622 104 218 230 416 214 490 134 738 215 0 720 582 75 414 841 297 53 619 494 470 556 65 564 109 329 704 892 425 670 445 141 514 208
755 876 1031 1115 1342 316 1002 958 1171 986 1189 1072 1062 364 927 539 841 949 995 878 726 849 611 755 1202 344 1449 1464 613 776 445 1358 1185 774 1084 959 737 286 1039 682 835 794 1148 858 1201 773 613 875 852 632 1209 611 1404 547 720 0 1147 745 562 1437 732 739 1085 1143 1191 804 757 1191 818 1044 1294 759 917 1365 980 854 837 882
629 551 499 1253 988 1072 191 1157 273 831 460 1040 1268 806 356 717 1249 606 253 638 641 369 856 658 1224 998 507 880 1070 595 993 1003 1246 390 1156 500 959 1312 359 683 527 695 820 909 987 641 800 699 303 796 562 599 326 781 582 1147 0 634 996 1127 863 530 1085 177 518 1121 612 886 583 414 146 1475 928 386 912 475 1068 655
9 137 296 680 653 854 443 554 509 322 464 507 676 399 284 207 617 205 388 138 18 597 232 792 694 804 739 728 441 42 409 671 702 489 595 227 327 792 783 68 119 92 441 310 552 33 184 161 488 173 467 197 762 209 75 745 634 0 377 775 231 123 544 530 453 492 22 500 78 334 747 847 350 681 371 165 446 147
384 503 650 561 810 798 807 402 886 467 819 514 517 386 658 306 337 527 760 453 364 870 144 966 641 779 1097 973 86 419 117 824 625 758 522 590 181 483 1076 316 496 359 639 314 656 383 196 417 791 203 797 421 1138 225 414 562 996 377 0 889 213 465 524 905 795 256 399 667 448 704 1118 479 369 1051 439 542 276 447
768 711 654 494 139 1613 991 577 858 462 670 384 566 1148 855 959 773 613 918 647 790 1293 827 1542 370 1570 794 334 868 771 999 123 413 1205 441 692 708 1362 1427 812 768 691 343 579 236 742 835 614 1166 817 567 972 996 913 841 1437 1127 775 889 0 704 867 391 950 610 711 777 278 738 729 1149 1101 521 858 456 796 647 633
234 325 456 480 611 921 672 337 711 259 622 356 462 463 509 298 386 327 613 257 229 814 123 974 522 887 898 761 244 268 304 627 519 703 409 406 96 693 1008 202 337 173 429 131 468 221 145 212 713 130 590 371 960 227 297 732 863 231 213 704 0 350 381 747 592 260 252 463 282 521 971 637 190 862 248 388 218 247
123 164 299 803 738 803 341 677 449 430 450 624 799 376 204 213 733 260 298 220 121 475 325 681 812 745 711 778 539 103 472 756 822 368 717 228 444 831 660 154 108 211 525 433 653 147 270 265 365 266 480 132 698 258 53 739 530 123 465 867 350 0 663 449 456 609 106 589 129 304 654 944 471 636 487 115 567 236
541 551 590 178 362 1298 909 189 858 253 699 45 223 843 743 675 386 479 837 464 552 1136 499 1334 149 1267 928 597 489 560 640 369 162 1031 81 585 349 981 1309 551 596 452 320 252 203 516 526 406 1019 510 617 728 1071 608 619 1085 1085 544 524 391 381 663 0 928 645 320 557 288 546 675 1155 717 198 943 178 642 260 446
523 422 338 1101 812 1117 147 1017 97 678 282 883 1122 784 247 657 1126 458 152 502 541 471 761 769 1063 1046 370 705 971 488 922 827 1088 449 1003 355 841 1272 517 589 412 573 650 774 818 529 709 562 365 702 384 549 260 707 494 1143 177 530 905 950 747 449 928 0 341 998 507 715 465 253 229 1377 785 255 761 364 939 518
444 316 159 823 472 1253 405 773 248 420 61 600 859 831 320 652 922 268 340 343 472 742 660 1024 762 1192 307 379 837 417 854 487 793 678 725 231 671 1244 839 521 356 438 335 562 499 431 625 380 615 609 43 589 426 662 470 1191 518 453 795 610 592 456 645 341 0 800 437 392 376 169 543 1220 550 298 504 342 729 348
495 576 687 311 664 1054 931 155 954 391 840 329 261 636 766 518 128 554 870 497 489 1065 316 1199 407 1036 1107 873 190 527 370 674 384 953 292 647 165 667 1263 457 594 427 547 237 500 480 367 440 969 361 788 614 1197 434 556 804 1121 492 256 711 260 609 320 998 800 0 513 549 538 760 1225 430 258 1088 322 646 74 483
18 120 279 696 653 859 421 572 487 329 446 518 693 408 262 218 639 195 365 134 36 582 254 782 706 808 720 720 464 21 430 671 715 475 610 209 348 810 766 87 97 104 440 326 557 40 205 165 471 195 452 195 740 226 65 757 612 22 399 777 252 106 557 507 437 513 0 501 61 313 725 870 364 660 382 143 466 145
492 433 393 460 154 1346 734 461 631 204 452 251 511 883 587 691 647 336 660 369 516 1021 581 1265 379 1300 650 323 667 493 767 171 414 930 368 421 492 1150 1164 541 490 419 68 354 108 466 579 339 895 560 356 696 814 652 564 1191 886 500 667 278 463 589 288 715 392 549 501 0 460 475 931 975 305 679 234 520 476 356
68 59 218 696 610 913 393 582 438 305 386 505 699 466 227 279 666 139 331 91 95 590 304 809 695 860 661 664 508 42 487 628 707 488 605 149 377 870 764 146 56 111 397 333 525 64 259 141 473 247 391 243 690 286 109 818 583 78 448 738 282 129 546 465 376 538 61 460 0 257 688 912 362 605 368 107 485 107
325 201 85 848 589 1089 261 768 193 425 147 630 870 681 151 513 888 209 189 265 350 581 561 858 811 1026 408 540 759 292 743 606 835 511 750 115 612 1122 698 401 219 349 407 530 573 321 517 320 454 505 205 434 439 538 329 1044 414 334 704 729 521 304 675 253 169 760 313 475 257 0 481 1158 535 347 509 190 697 278
742 649 566 1329 1014 1218 314 1246 300 906 482 1110 1351 949 463 850 1353 687 359 731 757 507 976 786 1288 1143 444 872 1188 707 1123 1028 1314 536 1231 584 1066 1453 455 802 634 798 869 1003 1036 750 922 791 449 916 583 734 226 910 704 1294 146 747 1118 1149 971 654 1155 229 543 1225 725 931 688 481 0 1595 1014 329 990 583 1166 746
854 961 1093 620 1078 1070 1285 528 1348 821 1255 739 546 796 1132 778 332 961 1235 895 837 1334 619 1386 745 1083 1528 1299 406 889 510 1086 708 1225 660 1043 549 500 1543 792 964 809 977 661 915 848 674 845 1266 679 1211 897 1598 701 892 759 1475 847 479 1101 637 944 717 1377 1220 430 870 975 912 1158 1595 0 688 1499 752 1013 504 884
347 378 454 333 441 1111 743 232 728 133 595 168 340 651 575 477 374 327 675 290 356 946 313 1136 346 1076 854 625 362 370 478 454 352 839 245 430 189 850 1126 352 415 260 292 59 287 324 332 229 833 315 534 530 961 414 425 917 928 350 369 521 190 471 198 785 550 258 364 305 362 535 1014 688 0 844 71 465 184 273
672 548 406 1121 730 1364 398 1071 195 717 249 898 1158 1001 438 849 1213 537 378 605 697 724 909 1022 1056 1294 121 556 1104 639 1091 742 1088 704 1023 460 949 1465 745 748 564 694 628 851 788 669 864 654 620 852 326 756 138 883 670 1365 386 681 1051 858 862 636 943 255 298 1088 660 679 605 347 329 1499 844 0 801 528 1020 615
367 373 425 340 371 1165 733 269 698 85 553 137 362 702 567 521 432 306 662 286 381 959 372 1163 326 1127 803 554 433 384 545 385 340 854 244 411 260 920 1131 386 417 279 224 124 220 341 384 228 841 366 484 561 922 464 445 980 912 371 439 456 248 487 178 761 504 322 382 234 368 509 990 752 71 801 0 464 248 268
159 92 188 798 662 912 285 688 347 393 335 600 804 491 120 323 773 184 224 178 177 505 397 746 789 853 598 677 607 124 566 680 805 409 705 120 484 937 667 226 51 219 453 439 598 167 347 237 381 338 368 246 600 355 141 854 475 165 542 796 388 115 642 364 342 646 143 520 107 190 583 1013 465 528 464 0 593 195
448 518 621 287 594 1072 878 130 891 318 771 263 253 637 711 500 193 489 815 436 445 1032 300 1183 365 1049 1036 799 229 479 393 605 349 921 247 585 134 720 1226 420 541 373 472 168 430 431 345 377 931 335 716 586 1131 420 514 837 1068 446 276 647 218 567 260 939 729 74 466 476 485 697 1166 504 184 1020 248 593 0 421
139 106 209 603 508 1002 470 502 471 199 374 404 614 545 302 351 611 80 402 17 165 695 313 917 594 952 652 584 491 137 509 525 609 594 510 164 335 902 863 201 150 92 294 256 417 114 283 44 574 266 352 340 716 335 208 882 655 147 447 633 247 236 446 518 348 483 145 356 107 278 746 884 273 615 268 195 421 0
