0 1679 132 1382 1145 1598 1193 746 580 412 1720 1197 1084 1270 393 1380 1662
1679 0 1561 1975 2812 83 2678 1262 1348 1554 2410 2674 2466 768 1286 2954 3272
132 1561 0 1422 1254 1480 1319 712 553 434 1781 1250 1200 1138 277 1512 1794
1382 1975 1422 0 2089 1905 1246 882 950 987 442 2456 989 2111 1374 1583 1905
1145 2812 1254 2089 0 2732 1059 1814 1651 1424 2234 668 1213 2293 1531 917 965
1598 83 1480 1905 2732 0 2596 1181 1266 1471 2342 2602 2385 727 1205 2871 3189
1193 2678 1319 1246 1059 2596 0 1433 1330 1131 1252 1643 262 2435 1507 338 669
746 1262 712 882 1814 1181 1433 0 167 390 1312 1944 1209 1238 548 1731 2061
580 1348 553 950 1651 1266 1330 167 0 232 1361 1777 1122 1226 428 1613 1938
412 1554 434 987 1424 1471 1131 390 232 0 1356 1588 944 1344 441 1399 1720
1720 2410 1781 442 2234 2342 1252 1312 1361 1356 0 2689 1032 2547 1772 1561 1848
1197 2674 1250 2456 668 2602 1643 1944 1777 1588 2689 0 1735 2025 1501 1563 1633
1084 2466 1200 989 1213 2385 262 1209 1122 944 1032 1735 0 2278 1352 600 931
1270 768 1138 2111 2293 727 2435 1238 1226 1344 2547 2025 2278 0 928 2648 2932
393 1286 277 1374 1531 1205 1507 548 428 441 1772 1501 1352 928 0 1733 2031
1380 2954 1512 1583 917 2871 338 1731 1613 1399 1561 1563 600 2648 1733 0 336
1662 3272 1794 1905 965 3189 669 2061 1938 1720 1848 1633 931 2932 2031 336 0
