0 922 738 1070 1446 151 1112 1213 247 1499 442 978 1254 849 255 465
922 0 1056 1873 570 773 1995 1083 802 708 1353 1827 333 516 1178 553
738 1056 0 1712 1341 695 1649 568 922 1764 832 1002 1338 610 832 569
1070 1873 1712 0 2439 1204 326 2251 1081 2233 901 1205 2173 1916 886 1528
1446 570 1341 2439 0 1294 2545 1100 1361 799 1850 2260 358 735 1698 1007
151 773 695 1204 1294 0 1261 1119 227 1370 582 1095 1106 712 406 323
1112 1995 1649 326 2545 1261 0 2210 1192 2433 817 970 2313 1953 881 1577
1213 1083 568 2251 1100 1119 2210 0 1330 1745 1393 1543 1249 577 1365 852
247 802 922 1081 1361 227 1192 1330 0 1301 655 1210 1121 875 446 494
1499 708 1764 2233 799 1370 2433 1745 1301 0 1941 2465 504 1210 1740 1235
442 1353 832 901 1850 582 817 1393 655 1941 0 565 1687 1185 211 843
978 1827 1002 1205 2260 1095 970 1543 1210 2465 565 0 2156 1538 775 1278
1254 333 1338 2173 358 1106 2313 1249 1121 504 1687 2156 0 745 1510 878
849 516 610 1916 735 712 1953 577 875 1210 1185 1538 745 0 1073 389
255 1178 832 886 1698 406 881 1365 446 1740 211 775 1510 1073 0 703
465 553 569 1528 1007 323 1577 852 494 1235 843 1278 878 389 703 0
