0 1277 299 595 1266 488 1526 558 159 1017 1175 792 379 717 1538 1479
1277 0 1576 685 1387 1182 1229 1694 1339 319 1738 1614 1060 1370 1671 1912
299 1576 0 891 1441 639 1751 461 271 1317 1244 765 606 787 1683 1554
595 685 891 0 1200 581 1280 1063 656 459 1353 1039 415 829 1509 1607
1266 1387 1441 1200 0 1643 445 1142 1426 1106 516 2044 1461 1911 309 551
488 1182 639 581 1643 0 1813 1033 384 1026 1639 458 185 269 1938 1934
1526 1229 1751 1280 445 1813 0 1525 1677 1022 960 2251 1628 2080 560 939
558 1694 461 1063 1142 1033 1525 0 652 1391 833 1226 937 1226 1332 1137
159 1339 271 656 1426 384 1677 652 0 1104 1327 635 335 581 1697 1633
1017 319 1317 459 1106 1026 1022 1391 1104 0 1425 1481 872 1255 1403 1613
1175 1738 1244 1353 516 1639 960 833 1327 1425 0 1961 1479 1888 554 309
792 1614 765 1039 2044 458 2251 1226 635 1481 1961 0 634 250 2325 2268
379 1060 606 415 1461 185 1628 937 335 872 1479 634 0 454 1758 1769
717 1370 787 829 1911 269 2080 1226 581 1255 1888 250 454 0 2204 2188
1538 1671 1683 1509 309 1938 560 1332 1697 1403 554 2325 1758 2204 0 406
1479 1912 1554 1607 551 1934 939 1137 1633 1613 309 2268 1769 2188 406 0
