0 604 1448 780 1663 47 797 527 394 1131 631 807 304 1573 1259 1408
604 0 1706 568 1061 627 194 1130 314 532 715 971 764 1445 1463 1872
1448 1706 0 1235 2536 1484 1807 1364 1740 1983 991 735 1145 3013 261 2501
780 568 1235 0 1313 826 601 1184 772 749 331 534 701 2011 976 2188
1663 1061 2536 1313 0 1682 873 2190 1311 575 1617 1846 1810 1682 2275 2771
47 627 1484 826 1682 0 821 511 396 1157 678 851 338 1543 1298 1362
797 194 1807 601 873 821 0 1322 493 338 822 1075 939 1476 1555 2047
527 1130 1364 1184 2190 511 1322 0 903 1653 918 961 484 1879 1260 1159
394 314 1740 772 1311 396 493 903 0 828 792 1030 653 1290 1520 1558
1131 532 1983 749 575 1157 338 1653 828 0 1043 1278 1245 1625 1724 2372
631 715 991 331 1617 678 822 918 792 1043 0 256 441 2082 749 2002
807 971 735 534 1846 851 1075 961 1030 1278 256 0 546 2319 495 2100
304 764 1145 701 1810 338 939 484 653 1245 441 546 0 1876 965 1569
1573 1445 3013 2011 1682 1543 1476 1879 1290 1625 2082 2319 1876 0 2804 1633
1259 1463 261 976 2275 1298 1555 1260 1520 1724 749 495 965 2804 0 2417
1408 1872 2501 2188 2771 1362 2047 1159 1558 2372 2002 2100 1569 1633 2417 0
