0 1153 1365 357 1421 180 1538 1359 219 185 884 166 615 445 788 669
1153 0 2220 1505 268 1135 2692 1113 935 1276 1684 1309 1289 823 1719 747
1365 2220 0 1277 2437 1533 1406 1593 1480 1181 538 1231 1918 1785 576 2011
357 1505 1277 0 1773 396 1189 1648 575 320 899 239 657 740 735 942
1421 268 2437 1773 0 1404 2959 1187 1202 1539 1907 1574 1543 1089 1957 995
180 1135 1533 396 1404 0 1578 1485 272 355 1062 305 437 344 957 548
1538 2692 1406 1189 2959 1578 0 2618 1757 1434 1492 1387 1667 1921 1298 2103
1359 1113 1593 1648 1187 1485 2618 0 1217 1327 1178 1413 1873 1400 1339 1511
219 935 1480 575 1202 272 1757 1217 0 354 965 374 667 311 911 532
185 1276 1181 320 1539 355 1434 1327 354 0 709 90 773 624 604 850
884 1684 538 899 1907 1062 1492 1178 965 709 0 779 1480 1275 207 1497
166 1309 1231 239 1574 305 1387 1413 374 90 779 0 701 609 657 831
615 1289 1918 657 1543 437 1667 1873 667 773 1480 701 0 504 1352 549
445 823 1785 740 1089 344 1921 1400 311 624 1275 609 504 0 1213 226
788 1719 576 735 1957 957 1298 1339 911 604 207 657 1352 1213 0 1439
669 747 2011 942 995 548 2103 1511 532 850 1497 831 549 226 1439 0
