0 1084 1409 1266 992 1436 1278 1646 487 1117 531 1295 242 38 1731 1576
1084 0 2345 300 117 2518 2005 1994 1470 2037 1375 2199 1261 1047 1204 2660
1409 2345 0 2595 2231 1102 2123 1273 925 308 971 1834 1419 1444 3140 982
1266 300 2595 0 412 2673 2008 2294 1695 2286 1623 2254 1407 1228 934 2833
992 117 2231 412 0 2428 1971 1883 1362 1922 1262 2145 1180 956 1289 2565
1436 2518 1102 2673 2428 0 1337 2259 1187 1120 1381 936 1266 1472 2886 244
1278 2005 2123 2008 1971 1337 0 2844 1510 1951 1681 425 1049 1286 1815 1581
1646 1994 1273 2294 1883 2259 2844 0 1336 1143 1164 2709 1828 1657 3120 2206
487 1470 925 1695 1362 1187 1510 1336 0 630 206 1385 552 520 2219 1263
1117 2037 308 2286 1922 1120 1951 1143 630 0 663 1709 1152 1151 2849 1066
531 1375 971 1623 1262 1381 1681 1164 206 663 0 1581 671 555 2226 1441
1295 2199 1834 2254 2145 936 425 2709 1385 1709 1581 0 1053 1315 2188 1181
242 1261 1419 1407 1180 1266 1049 1828 552 1152 671 1053 0 262 1745 1430
38 1047 1444 1228 956 1472 1286 1657 520 1151 555 1315 262 0 1698 1613
1731 1204 3140 934 1289 2886 1815 3120 2219 2849 2226 2188 1745 1698 0 3096
1576 2660 982 2833 2565 244 1581 2206 1263 1066 1441 1181 1430 1613 3096 0
