0 1640 871 98 1419 1724 1511 401 666 176 706 726 985 542 198 927 470
1640 0 869 1732 398 2280 934 1265 987 1731 2005 2287 2622 1992 1585 801 1390
871 869 0 948 565 2121 1219 605 248 915 1435 1438 1812 1345 894 568 839
98 1732 948 0 1503 1768 1607 499 753 121 712 630 890 528 272 1025 557
1419 398 565 1503 0 2377 1164 1093 755 1478 1903 2002 2376 1849 1409 765 1278
1724 2280 2121 1768 2377 0 1408 1611 1893 1887 1129 2237 2133 1342 1532 1625 1363
1511 934 1219 1607 1164 1408 0 1131 1121 1670 1515 2237 2423 1601 1356 681 1068
401 1265 605 499 1093 1611 1131 0 359 543 829 1120 1380 756 321 526 253
666 987 248 753 755 1893 1121 359 0 744 1189 1304 1639 1108 659 440 590
176 1731 915 121 1478 1887 1670 543 744 0 832 578 898 643 374 1061 645
706 2005 1435 712 1903 1129 1515 829 1189 832 0 1107 1049 214 570 1203 625
726 2287 1438 630 2002 2237 2237 1120 1304 578 1107 0 468 895 891 1640 1182
985 2622 1812 890 2376 2133 2423 1380 1639 898 1049 468 0 872 1084 1903 1359
542 1992 1345 528 1849 1342 1601 756 1108 643 214 895 872 0 451 1200 605
198 1585 894 272 1409 1532 1356 321 659 374 570 891 1084 451 0 824 291
927 801 568 1025 765 1625 681 526 440 1061 1203 1640 1903 1200 824 0 595
470 1390 839 557 1278 1363 1068 253 590 645 625 1182 1359 605 291 595 0
