0 990 1682 1698 1044 921 62 1130 374 1086 134 1488 622 1480 151 934
990 0 2564 1231 611 124 971 786 1323 286 968 1755 859 1379 871 1293
1682 2564 0 3362 2280 2459 1667 2804 1308 2733 1782 2827 2259 3051 1740 1488
1698 1231 3362 0 1842 1343 1727 572 2063 945 1585 1160 1103 557 1683 2409
1044 611 2280 1842 0 499 994 1366 1243 897 1101 2232 1254 1943 892 835
921 124 2459 1343 499 0 896 874 1238 403 915 1805 873 1461 793 1169
62 971 1667 1727 994 896 0 1157 365 1084 190 1547 664 1525 106 873
1130 786 2804 572 1366 874 1157 0 1499 537 1021 1053 561 595 1110 1852
374 1323 1308 2063 1243 1238 365 1499 0 1449 478 1725 969 1806 454 841
1086 286 2733 945 897 403 1084 537 1449 0 1030 1563 775 1131 997 1544
134 968 1782 1585 1101 915 190 1021 478 1030 0 1357 496 1350 238 1062
1488 1755 2827 1160 2232 1805 1547 1053 1725 1563 1357 0 987 603 1578 2418
622 859 2259 1103 1254 873 664 561 969 775 496 987 0 862 654 1483
1480 1379 3051 557 1943 1461 1525 595 1806 1131 1350 603 862 0 1515 2330
151 871 1740 1683 892 793 106 1110 454 997 238 1578 654 1515 0 841
934 1293 1488 2409 835 1169 873 1852 841 1544 1062 2418 1483 2330 841 0
