0 1537 1301 661 1323 970 648 556 497 855 1554 1488 1400 699 407 850
1537 0 1833 2066 1337 2256 1073 2092 1041 1512 3019 753 1556 2120 1200 943
1301 1833 0 1876 565 2211 1682 1481 1277 2096 2533 1216 392 1127 1087 1810
661 2066 1876 0 1975 336 1012 486 1090 823 952 2134 2034 908 1061 1192
1323 1337 565 1975 0 2292 1476 1688 1084 1962 2777 660 219 1439 970 1547
970 2256 2211 336 2292 0 1182 800 1347 845 839 2405 2360 1227 1353 1333
648 1073 1682 1012 1476 1182 0 1156 407 515 1961 1337 1631 1346 601 203
556 2092 1481 486 1688 800 1156 0 1052 1171 1089 1985 1702 427 926 1359
497 1041 1277 1090 1084 1347 407 1052 0 878 2026 1058 1229 1112 221 539
855 1512 2096 823 1962 845 515 1171 878 0 1682 1851 2100 1495 1020 572
1554 3019 2533 952 2777 839 1961 1089 2026 1682 0 3040 2785 1407 1960 2133
1488 753 1216 2134 660 2405 1337 1985 1058 1851 3040 0 872 1858 1081 1317
1400 1556 392 2034 219 2360 1631 1702 1229 2100 2785 872 0 1407 1086 1720
699 2120 1127 908 1439 1227 1346 427 1112 1495 1407 1858 1407 0 923 1546
407 1200 1087 1061 970 1353 601 926 221 1020 1960 1081 1086 923 0 754
850 943 1810 1192 1547 1333 203 1359 539 572 2133 1317 1720 1546 754 0
