0 1520 841 1384 472 1542 968 972 730 648 877 1518 257 1095 1492 1178
1520 0 2352 2193 1928 1936 1389 1645 1406 1639 2370 2515 1484 1714 853 1899
841 2352 0 1366 451 2019 1444 1283 1223 1165 113 1278 888 1601 2294 1588
1384 2193 1366 0 1118 2924 804 558 846 2029 1271 372 1146 2479 2616 2558
472 1928 451 1118 0 1912 1016 891 785 1002 445 1154 446 1466 1965 1506
1542 1936 2019 2924 1912 0 2379 2469 2183 911 2118 3048 1780 448 1175 433
968 1389 1444 804 1016 2379 0 269 244 1570 1399 1136 720 1960 1865 2083
972 1645 1283 558 891 2469 269 0 302 1612 1222 871 714 2034 2066 2138
730 1406 1223 846 785 2183 244 302 0 1347 1188 1124 478 1753 1770 1867
648 1639 1165 2029 1002 911 1570 1612 1347 0 1252 2137 900 464 1249 530
877 2370 113 1271 445 2118 1399 1222 1188 1252 0 1169 891 1695 2351 1689
1518 2515 1278 372 1154 3048 1136 871 1124 2137 1169 0 1314 2600 2868 2655
257 1484 888 1146 446 1780 720 714 478 900 891 1314 0 1337 1599 1429
1095 1714 1601 2479 1466 448 1960 2034 1753 464 1695 2600 1337 0 1097 186
1492 853 2294 2616 1965 1175 1865 2066 1770 1249 2351 2868 1599 1097 0 1276
1178 1899 1588 2558 1506 433 2083 2138 1867 530 1689 2655 1429 186 1276 0
