0 1098 1036 217 721 1288 1462 745 738 1248 911 420 1725 708 1609 106 595
1098 0 1272 1092 1225 1699 961 1843 1373 1671 1482 686 2809 1799 607 1087 824
1036 1272 0 822 1718 2301 801 1453 1765 404 384 933 2402 1497 1873 931 560
217 1092 822 0 933 1504 1307 807 956 1033 699 415 1808 800 1650 111 435
721 1225 1718 933 0 584 1951 1098 165 1966 1632 840 1827 994 1493 824 1192
1288 1699 2301 1504 584 0 2509 1468 554 2537 2197 1419 1921 1351 1807 1393 1776
1462 961 801 1307 1951 2509 0 2090 2057 1150 1177 1128 3085 2101 1431 1383 873
745 1843 1453 807 1098 1468 2090 0 993 1462 1142 1163 1002 117 2337 770 1234
738 1373 1765 956 165 554 2057 993 0 1985 1644 932 1672 882 1657 844 1263
1248 1671 404 1033 1966 2537 1150 1462 1985 0 346 1257 2319 1534 2274 1143 908
911 1482 384 699 1632 2197 1177 1142 1644 346 0 973 2049 1205 2090 807 666
420 686 933 415 840 1419 1128 1163 932 1257 973 0 2145 1128 1234 401 374
1725 2809 2402 1808 1827 1921 3085 1002 1672 2319 2049 2145 0 1018 3250 1765 2235
708 1799 1497 800 994 1351 2101 117 882 1534 1205 1128 1018 0 2274 748 1234
1609 607 1873 1650 1493 1807 1431 2337 1657 2274 2090 1234 3250 2274 0 1624 1428
106 1087 931 111 824 1393 1383 770 844 1143 807 401 1765 748 1624 0 510
595 824 560 435 1192 1776 873 1234 1263 908 666 374 2235 1234 1428 510 0
