0 1116 571 1573 1611 1283 493 401 953 1501 427 1164 191 1324 349 888 1110
1116 0 1178 2382 2699 869 913 816 1910 717 1517 1959 975 1569 1452 369 1968
571 1178 0 2103 1923 921 270 421 1454 1770 615 784 689 1874 615 828 1643
1573 2382 2103 0 1076 2834 2066 1951 661 2298 1557 2354 1567 1115 1518 2329 462
1611 2699 1923 1076 0 2826 2028 1997 899 2888 1315 1786 1726 1971 1340 2500 1023
1283 869 921 2834 2826 0 806 886 2236 1584 1511 1520 1266 2273 1488 607 2376
493 913 270 2066 2028 806 0 175 1444 1502 720 1054 537 1700 687 574 1604
401 816 421 1951 1997 886 175 0 1350 1355 724 1192 392 1531 673 520 1491
953 1910 1454 661 899 2236 1444 1350 0 2006 895 1707 990 1103 858 1785 242
1501 717 1770 2298 2888 1584 1502 1355 2006 0 1928 2548 1315 1258 1848 1058 1976
427 1517 615 1557 1315 1511 720 724 895 1928 0 867 614 1604 85 1245 1115
1164 1959 784 2354 1786 1520 1054 1192 1707 2548 867 0 1343 2459 940 1601 1943
191 975 689 1567 1726 1266 537 392 990 1315 614 1343 0 1185 533 797 1111
1324 1569 1874 1115 1971 2273 1700 1531 1103 1258 1604 2459 1185 0 1524 1674 948
349 1452 615 1518 1340 1488 687 673 858 1848 85 940 533 1524 0 1191 1069
888 369 828 2329 2500 607 574 520 1785 1058 1245 1601 797 1674 1191 0 1886
1110 1968 1643 462 1023 2376 1604 1491 242 1976 1115 1943 1111 948 1069 1886 0
