0 1335 330 1616 1122 1675 1295 388 1488 1198 1472 372 493 597 1526 727
1335 0 1355 725 2377 2554 2606 1333 1858 1629 1367 1434 1805 747 1848 1777
330 1355 0 1771 1332 1396 1436 67 1813 870 1192 81 696 624 1849 1040
1616 725 1771 0 2430 3111 2723 1773 1458 2264 2076 1851 1986 1169 1426 1767
1122 2377 1332 2430 0 2081 345 1397 1495 2101 2517 1306 640 1691 1558 666
1675 2554 1396 3111 2081 0 1927 1371 3126 992 1525 1325 1704 1945 3171 2203
1295 2606 1436 2723 345 1927 0 1496 1840 2109 2578 1392 805 1888 1903 982
388 1333 67 1773 1397 1371 1496 0 1864 809 1125 111 762 615 1899 1105
1488 1858 1813 1458 1495 3126 1840 1864 0 2653 2784 1860 1461 1601 64 970
1198 1629 870 2264 2101 992 2109 809 2653 0 572 852 1510 1164 2683 1908
1472 1367 1192 2076 2517 1525 2578 1125 2784 572 0 1210 1887 1185 2801 2197
372 1434 81 1851 1306 1325 1392 111 1860 852 1210 0 679 705 1898 1057
493 1805 696 1986 640 1704 805 762 1461 1510 1887 679 0 1083 1514 503
597 747 624 1169 1691 1945 1888 615 1601 1164 1185 705 1083 0 1616 1168
1526 1848 1849 1426 1558 3171 1903 1899 64 2683 2801 1898 1514 1616 0 1026
727 1777 1040 1767 666 2203 982 1105 970 1908 2197 1057 503 1168 1026 0
