0 301 146 970 313 919 233 176 343 1123 1667 1595 933 378 999 817
301 0 249 741 602 622 534 238 506 1422 1917 1487 744 138 775 1002
146 249 0 981 444 825 331 261 268 1195 1667 1450 967 273 1013 963
970 741 981 0 1165 701 1177 803 1246 2038 2637 1986 155 809 38 1217
313 602 444 1165 0 1224 154 395 505 873 1539 1845 1093 691 1188 594
919 622 825 701 1224 0 1146 848 1004 2020 2398 1307 820 552 737 1567
233 534 331 1177 154 1146 0 375 351 890 1476 1694 1124 598 1204 748
176 238 261 803 395 848 375 0 509 1256 1838 1680 759 364 831 768
343 506 268 1246 505 1004 351 509 0 1048 1420 1346 1235 481 1279 1094
1123 1422 1195 2038 873 2020 890 1256 1048 0 873 2215 1959 1468 2060 1117
1667 1917 1667 2637 1539 2398 1476 1838 1420 873 0 2075 2597 1901 2666 1946
1595 1487 1450 1986 1845 1307 1694 1680 1346 2215 2075 0 2077 1350 2023 2411
933 744 967 155 1093 820 1124 759 1235 1959 2597 2077 0 835 144 1085
378 138 273 809 691 552 598 364 481 1468 1901 1350 835 0 846 1132
999 775 1013 38 1188 737 1204 831 1279 2060 2666 2023 144 846 0 1222
817 1002 963 1217 594 1567 748 768 1094 1117 1946 2411 1085 1132 1222 0
