0 693 970 118 1360 435 908 157 353 906 1650 1055 1253 1307 323 1609 235
693 0 476 586 883 1070 1519 796 973 213 2238 1186 772 1928 695 2302 485
970 476 0 900 416 1401 1589 1007 1311 425 2611 943 1146 2276 1096 2519 736
118 586 900 0 1302 503 1024 266 410 800 1710 1094 1136 1377 269 1717 176
1360 883 416 1302 0 1795 1856 1374 1709 781 3010 1021 1461 2668 1510 2848 1130
435 1070 1401 503 1795 0 901 466 97 1282 1214 1398 1454 874 418 1284 666
908 1519 1589 1024 1856 901 0 759 933 1712 1667 991 2161 1311 1175 1066 1045
157 796 1007 266 1374 466 759 0 409 1004 1662 948 1402 1306 471 1525 311
353 973 1311 410 1709 97 933 409 0 1185 1301 1354 1366 966 325 1377 578
906 213 425 800 781 1282 1712 1004 1185 0 2439 1282 721 2134 898 2515 693
1650 2238 2611 1710 3010 1214 1667 1662 1301 2439 0 2512 2374 368 1542 1015 1879
1055 1186 943 1094 1021 1398 991 948 1354 1282 2512 0 1958 2144 1362 2057 957
1253 772 1146 1136 1461 1454 2161 1402 1366 721 2374 1958 0 2150 1045 2734 1140
1307 1928 2276 1377 2668 874 1311 1306 966 2134 368 2144 2150 0 1236 833 1540
323 695 1096 269 1510 418 1175 471 325 898 1542 1362 1045 1236 0 1702 432
1609 2302 2519 1717 2848 1284 1066 1525 1377 2515 1015 2057 2734 833 1702 0 1830
235 485 736 176 1130 666 1045 311 578 693 1879 957 1140 1540 432 1830 0
