0 1154 1291 669 889 643 1050 528 95 472 245 885 426 1506 804 605
1154 0 650 1628 1843 1556 907 1617 1219 681 1299 587 1561 1667 1945 1759
1291 650 0 1497 1669 1410 439 1589 1381 905 1511 406 1712 2246 2074 1842
669 1628 1497 0 226 87 1101 257 698 1007 800 1150 697 2145 841 602
889 1843 1669 226 0 288 1253 414 911 1232 1000 1344 855 2344 912 705
643 1556 1410 87 288 0 1013 307 683 948 798 1068 725 2137 902 658
1050 907 439 1101 1253 1013 0 1232 1145 805 1292 349 1439 2274 1770 1525
528 1617 1589 257 414 307 1232 0 526 952 594 1210 446 1933 597 351
95 1219 1381 698 911 683 1145 526 0 541 151 975 345 1454 728 546
472 681 905 1007 1232 948 805 952 541 0 640 521 887 1480 1270 1078
245 1299 1511 800 1000 798 1292 594 151 640 0 1107 279 1345 654 518
885 587 406 1150 1344 1068 349 1210 975 521 1107 0 1307 1949 1671 1444
426 1561 1712 697 855 725 1439 446 345 887 279 1307 0 1520 383 247
1506 1667 2246 2145 2344 2137 2274 1933 1454 1480 1345 1949 1520 0 1711 1746
804 1945 2074 841 912 902 1770 597 728 1270 654 1671 383 1711 0 251
605 1759 1842 602 705 658 1525 351 546 1078 518 1444 247 1746 251 0
