0 1391 1581 427 704 1424 1591 993 1338 809 1494 1609 1612 1069 407 423
1391 0 2733 974 699 2206 2846 2384 2604 1243 2692 1101 888 2321 1719 982
1581 2733 0 1849 2175 804 318 1193 1909 2369 139 2282 2451 1837 1175 1946
427 974 1849 0 326 1506 1915 1417 1736 795 1785 1266 1230 1458 751 167
704 699 2175 326 0 1798 2240 1691 1917 702 2111 1275 1176 1634 1067 284
1424 2206 804 1506 1798 0 1092 1580 2287 2217 870 1545 1743 2122 1118 1651
1591 2846 318 1915 2240 1092 0 1004 1687 2338 221 2502 2652 1653 1187 1988
993 2384 1193 1417 1691 1580 1004 0 728 1524 1056 2457 2518 650 753 1406
1338 2604 1909 1736 1917 2287 1687 728 0 1474 1770 2941 2951 283 1301 1655
809 1243 2369 795 702 2217 2338 1524 1474 0 2271 1976 1875 1206 1198 627
1494 2692 139 1785 2111 870 221 1056 1770 2271 0 2298 2455 1702 1087 1873
1609 1101 2282 1266 1275 1545 2502 2457 2941 1976 2298 0 249 2678 1704 1407
1612 888 2451 1230 1176 1743 2652 2518 2951 1875 2455 249 0 2679 1765 1351
1069 2321 1837 1458 1634 2122 1653 650 283 1206 1702 2678 2679 0 1078 1374
407 1719 1175 751 1067 1118 1187 753 1301 1198 1087 1704 1765 1078 0 804
423 982 1946 167 284 1651 1988 1406 1655 627 1873 1407 1351 1374 804 0
