0 85 669 993 1202 496 878 1013 1361 1376 413 1519 1139 425 29 193 1569
85 0 584 1076 1213 463 953 1083 1306 1368 457 1436 1059 411 89 232 1647
669 584 0 1650 1412 602 1504 1599 1016 1469 936 871 568 677 671 752 2206
993 1076 1650 0 1301 1224 678 396 2045 1955 983 2454 2129 1101 1000 999 959
1202 1213 1412 1301 0 834 1753 938 1048 2578 1569 1811 1972 819 1232 1384 2250
496 463 602 1224 834 0 1325 1071 888 1804 910 1251 1171 122 523 687 1981
878 953 1504 678 1753 1325 0 1018 2213 1329 587 2375 1842 1217 864 752 701
1013 1083 1599 396 938 1071 1018 0 1793 2195 1154 2321 2131 957 1031 1092 1353
1361 1306 1016 2045 1048 888 2213 1793 0 2483 1762 875 1392 999 1383 1538 2865
1376 1368 1469 1955 2578 1804 1329 2195 2483 0 1057 2143 1333 1776 1347 1201 1784
413 457 936 983 1569 910 587 1154 1762 1057 0 1807 1256 835 386 224 1284
1519 1436 871 2454 1811 1251 2375 2321 875 2143 1807 0 821 1368 1526 1622 3075
1139 1059 568 2129 1972 1171 1842 2131 1392 1333 1256 821 0 1241 1129 1145 2528
425 411 677 1101 819 122 1217 957 999 1776 835 1368 1241 0 454 619 1866
29 89 671 1000 1232 523 864 1031 1383 1347 386 1526 1129 454 0 165 1557
193 232 752 999 1384 687 752 1092 1538 1201 224 1622 1145 619 165 0 1453
1569 1647 2206 959 2250 1981 701 1353 2865 1784 1284 3075 2528 1866 1557 1453 0
