0 198 489 881 1219 157 549 314 468 1418 225 712 876 976 1296 1131
198 0 526 867 1021 147 664 289 486 1259 287 724 733 1144 1457 937
489 526 0 1365 1293 614 258 244 55 1204 714 1201 675 803 1068 1140
881 867 1365 0 1392 752 1416 1150 1335 1948 658 189 1511 1726 2046 1435
1219 1021 1293 1392 0 1123 1537 1108 1238 761 1229 1384 745 2081 2361 201
157 147 614 752 1123 0 702 400 583 1404 139 596 881 1131 1452 1056
549 664 258 1416 1537 702 0 440 308 1456 761 1237 933 547 826 1391
314 289 244 1150 1108 400 440 0 199 1155 521 997 605 974 1265 976
468 486 55 1335 1238 583 308 199 0 1163 690 1175 629 855 1123 1085
1418 1259 1204 1948 761 1404 1456 1155 1163 0 1542 1877 549 1977 2184 593
225 287 714 658 1229 139 761 521 690 1542 0 487 1021 1135 1459 1176
712 724 1201 189 1384 596 1237 997 1175 1877 487 0 1410 1536 1857 1401
876 733 675 1511 745 881 933 605 629 549 1021 1410 0 1472 1711 552
976 1144 803 1726 2081 1131 547 974 855 1977 1135 1536 1472 0 324 1938
1296 1457 1068 2046 2361 1452 826 1265 1123 2184 1459 1857 1711 324 0 2207
1131 937 1140 1435 201 1056 1391 976 1085 593 1176 1401 552 1938 2207 0
