0 693 1636 1522 1674 360 103 394 353 50 873 108 1261 71 680 1210
693 0 2111 1090 1663 772 786 1056 996 686 1225 590 567 765 984 1382
1636 2111 0 3133 3249 1364 1545 1293 1692 1601 895 1676 2594 1596 2220 972
1522 1090 3133 0 1019 1770 1623 1911 1631 1548 2279 1464 952 1577 1218 2471
1674 1663 3249 1019 0 2025 1743 1960 1557 1720 2547 1682 1824 1691 1029 2863
360 772 1364 1770 2025 0 328 393 646 310 530 345 1311 369 1040 850
103 786 1545 1623 1743 328 0 291 325 100 810 196 1354 52 731 1168
394 1056 1293 1911 1960 393 291 0 414 381 679 478 1621 334 930 1084
353 996 1692 1631 1557 646 325 414 0 393 1074 455 1549 300 530 1460
50 686 1601 1548 1720 310 100 381 393 0 826 97 1254 94 730 1160
873 1225 895 2279 2547 530 810 679 1074 826 0 874 1699 860 1541 416
108 590 1676 1464 1682 345 196 478 455 97 874 0 1157 177 718 1184
1261 567 2594 952 1824 1311 1354 1621 1549 1254 1699 1157 0 1332 1431 1755
71 765 1596 1577 1691 369 52 334 300 94 860 177 1332 0 681 1214
680 984 2220 1218 1029 1040 731 930 530 730 1541 718 1431 681 0 1890
1210 1382 972 2471 2863 850 1168 1084 1460 1160 416 1184 1755 1214 1890 0
