0 942 1553 76 455 556 669 1636 503 1185 336 474 367 97 894 627
942 0 1637 987 797 388 1096 1185 1331 2034 718 991 604 1039 1729 641
1553 1637 0 1625 1905 1568 890 889 2007 1561 1737 2005 1633 1586 2321 1948
76 987 1625 0 430 598 738 1712 427 1189 336 420 395 76 820 620
455 797 1905 430 0 469 1065 1796 579 1614 168 194 289 507 953 222
556 388 1568 598 469 0 851 1339 954 1688 350 653 221 652 1356 402
669 1096 890 738 1065 851 0 1187 1118 1051 902 1135 829 696 1449 1159
1636 1185 889 1712 1796 1339 1187 0 2139 2184 1646 1960 1510 1712 2527 1733
503 1331 2007 427 579 954 1118 2139 0 1226 613 415 732 436 404 799
1185 2034 1561 1189 1614 1688 1051 2184 1226 0 1520 1547 1542 1112 1266 1809
336 718 1737 336 168 350 902 1646 613 1520 0 314 137 410 1011 292
474 991 2005 420 194 653 1135 1960 415 1547 314 0 451 489 767 396
367 604 1633 395 289 221 829 1510 732 1542 137 451 0 458 1134 329
97 1039 1586 76 507 652 696 1712 436 1112 410 489 458 0 814 696
894 1729 2321 820 953 1356 1449 2527 404 1266 1011 767 1134 814 0 1163
627 641 1948 620 222 402 1159 1733 799 1809 292 396 329 696 1163 0
