0 18 267 649 135 435 807 536 476 356 30 862 557 453 219 266 69 308 65 783 420 110 239 130 804 305 321 252 491 786 270 789 772 119 301 701 693 15 796 47 421 513 608 199 627 5 799 66 627 565 803 830 247 802 17 184 676 256 683 325 624 134 232 587 75 127 120 384 792 630 570 32 221 310 303 581 636 624
18 0 260 653 142 430 817 553 468 373 23 869 560 457 224 284 85 294 81 772 425 115 255 113 815 290 324 260 502 768 251 803 767 136 293 717 708 24 801 49 403 505 626 208 608 16 786 83 638 547 812 838 229 799 15 180 693 263 698 310 642 140 227 568 78 114 102 400 794 647 576 44 205 312 321 569 627 610
267 260 0 911 402 175 1074 594 680 456 238 706 379 295 485 488 329 134 323 936 685 188 343 291 727 159 175 520 757 672 312 1037 509 306 36 922 704 253 630 309 340 707 761 211 577 262 930 287 892 464 673 1097 215 1034 276 423 722 209 681 464 794 186 465 535 337 157 274 446 580 704 835 300 349 162 451 334 369 720
649 653 911 0 514 1083 292 942 387 795 676 1449 1180 1076 429 570 601 908 607 611 229 753 759 639 1316 892 958 404 275 1185 726 494 1420 673 942 609 1113 664 1395 603 900 412 795 815 974 654 685 655 261 1008 1372 258 793 303 637 494 1049 873 1126 584 756 771 461 953 575 756 652 855 1424 971 87 617 633 949 712 1188 1271 700
135 142 402 514 0 570 677 574 385 392 164 972 678 573 85 221 92 427 98 714 285 239 300 179 887 419 448 119 365 855 324 680 908 182 435 619 743 150 909 92 499 427 583 312 674 140 742 147 501 639 906 696 339 683 126 102 711 371 741 304 586 259 144 638 67 254 183 436 918 652 435 103 241 438 318 706 769 597
435 430 175 1083 570 0 1233 627 854 532 407 583 267 227 654 622 490 253 484 1097 855 339 443 466 658 283 192 686 914 717 470 1174 337 446 152 1039 698 420 503 479 446 879 840 317 671 429 1085 441 1048 537 570 1260 370 1209 445 598 737 281 667 631 882 327 641 631 508 332 449 502 422 738 1005 467 519 190 552 268 232 869
807 817 1074 292 677 1233 0 931 668 830 837 1496 1272 1174 602 634 744 1102 751 900 422 894 837 838 1320 1091 1076 558 318 1447 953 265 1567 789 1108 451 1087 821 1454 769 1135 699 716 930 1240 812 976 791 186 1256 1408 76 1002 557 801 696 1008 982 1109 836 663 905 679 1215 744 931 848 891 1516 927 302 775 858 1070 757 1383 1443 988
536 553 594 942 574 627 931 0 955 183 543 585 477 426 625 389 506 721 503 1288 747 479 298 667 389 738 443 606 673 1262 795 753 862 418 621 556 174 529 562 562 908 999 270 396 1137 536 1316 472 761 1045 490 991 739 1197 553 675 140 384 184 858 329 458 719 1096 575 594 655 156 677 111 856 537 758 451 257 891 848 1158
476 468 680 387 385 854 668 955 0 775 490 1338 1026 924 330 575 469 628 474 337 304 583 685 391 1271 603 789 359 479 804 409 809 1173 564 701 845 1126 490 1270 432 556 45 915 675 592 479 381 520 566 643 1279 644 500 365 458 294 1088 731 1125 241 901 609 246 575 407 529 409 822 1252 1024 368 456 336 777 697 885 996 322
356 373 456 795 392 532 830 183 775 0 365 667 463 379 447 225 322 572 320 1106 586 311 123 486 522 585 339 433 541 1106 620 696 819 237 488 527 351 350 624 379 745 818 309 245 969 356 1133 290 648 886 582 880 572 1033 371 492 322 255 351 675 350 294 536 928 392 426 476 62 698 274 708 354 577 342 83 778 763 975
30 23 238 676 164 407 837 543 490 365 0 847 538 434 247 292 99 278 94 791 448 93 245 125 798 276 301 282 522 764 255 819 744 133 271 728 696 20 779 72 398 526 627 188 609 25 803 83 658 543 791 859 223 822 38 203 684 242 685 326 645 119 250 569 101 97 112 389 771 640 598 62 216 289 318 551 606 623
862 869 706 1449 972 583 1496 585 1338 667 847 0 327 419 1050 882 880 824 874 1630 1227 754 690 957 254 854 555 1057 1206 1286 1017 1337 543 791 704 1142 490 847 79 907 1027 1374 852 663 1254 859 1631 825 1315 1119 97 1548 922 1655 879 1046 579 606 452 1154 912 728 1094 1214 934 825 940 605 234 642 1363 884 1036 568 745 798 670 1426
557 560 379 1180 678 267 1272 477 1026 463 538 327 0 104 761 638 587 498 580 1307 952 446 435 638 397 527 237 777 963 984 690 1158 388 507 377 988 488 541 251 603 703 1059 735 367 934 552 1306 531 1086 803 303 1314 594 1358 573 740 549 308 451 831 788 422 788 893 631 503 621 409 244 576 1096 582 713 249 521 516 420 1099
453 457 295 1076 573 227 1174 426 924 379 434 419 104 0 657 540 482 423 476 1210 848 342 336 539 439 451 136 673 862 935 600 1069 443 403 300 907 474 437 347 499 631 958 668 262 866 448 1212 426 987 742 378 1214 507 1254 469 637 521 203 442 734 718 318 685 825 527 406 521 332 347 533 992 478 617 149 429 494 427 1009
219 224 485 429 85 654 602 625 330 447 247 1050 761 657 0 245 175 500 181 666 200 324 369 238 955 489 532 53 298 893 368 628 992 259 517 591 797 235 989 175 549 375 598 395 702 224 703 231 432 683 982 617 401 604 209 108 757 453 798 307 592 344 122 669 147 333 246 497 1002 693 351 188 276 522 367 781 850 580
266 284 488 570 221 622 634 389 575 225 292 882 638 540 245 0 200 564 203 912 361 300 203 377 748 566 449 218 326 1051 525 552 947 182 524 438 564 271 832 260 687 620 362 306 883 270 948 213 447 830 802 676 513 810 273 321 516 353 569 525 367 302 356 844 256 385 373 285 883 449 483 244 454 445 142 821 848 816
69 85 329 601 92 490 744 506 469 322 99 880 587 482 175 200 0 378 6 791 371 153 218 179 801 375 358 197 427 850 326 719 828 94 364 632 670 79 817 61 486 510 551 220 684 74 813 56 563 630 815 770 314 775 73 175 645 279 664 353 563 170 223 645 69 197 174 360 827 592 519 43 263 348 258 649 699 653
308 294 134 908 427 253 1102 721 628 572 278 824 498 423 500 564 378 0 373 848 693 272 452 270 859 29 309 545 792 541 225 1097 546 386 122 1003 838 299 746 337 207 648 869 328 444 303 833 351 928 329 798 1117 128 991 308 415 853 338 815 393 897 282 447 402 360 180 257 569 676 830 840 338 292 297 554 281 369 615
65 81 323 607 98 484 751 503 474 320 94 874 580 476 181 203 6 373 0 794 377 146 214 178 797 370 351 204 433 847 324 724 821 90 358 636 667 74 811 61 483 514 552 214 683 69 816 49 569 627 810 776 310 781 70 180 643 273 661 354 565 164 228 643 72 192 172 357 821 591 526 41 263 342 257 644 693 654
783 772 936 611 714 1097 900 1288 337 1106 791 1630 1307 1210 666 912 791 848 794 0 621 883 1009 674 1587 819 1074 696 789 803 627 1093 1384 885 949 1161 1457 796 1557 744 704 291 1252 980 614 786 82 836 848 726 1580 854 727 389 765 615 1423 1032 1454 476 1235 909 570 620 724 804 691 1150 1516 1360 633 770 593 1061 1030 1055 1190 263
420 425 685 229 285 855 422 747 304 586 448 1227 952 848 200 361 371 693 377 621 0 523 537 423 1108 678 728 174 175 1030 531 512 1193 444 717 543 922 435 1171 376 712 347 648 586 825 425 677 425 278 834 1153 426 584 449 410 278 867 644 930 417 623 541 256 798 347 532 435 644 1195 793 150 388 435 719 503 974 1048 618
110 115 188 753 239 339 894 479 583 311 93 754 446 342 324 300 153 272 146 883 523 0 188 211 709 280 210 350 575 795 319 849 675 118 224 737 621 95 686 157 433 619 599 98 659 106 893 102 710 575 698 921 260 912 126 294 617 149 607 413 625 26 342 617 186 115 195 323 681 582 672 138 299 200 283 520 554 707
239 255 343 759 300 443 837 298 685 123 245 690 435 336 369 203 218 452 214 1009 537 188 0 369 587 464 257 368 529 983 498 741 754 124 377 596 454 231 636 268 621 727 418 132 846 238 1031 176 651 763 616 879 448 971 256 393 438 161 447 563 451 172 440 804 286 303 357 145 679 396 673 243 460 255 110 673 674 863
130 113 291 639 179 466 838 667 391 486 125 957 638 539 238 377 179 270 178 674 423 211 369 0 920 255 402 287 536 678 148 859 795 249 316 796 821 137 886 117 319 422 731 309 506 130 682 196 670 460 906 849 163 742 115 145 807 359 810 202 742 237 179 467 122 137 17 513 861 760 570 137 91 389 432 550 634 498
804 815 727 1316 887 658 1320 389 1271 522 798 254 397 439 955 748 801 859 797 1587 1108 709 587 920 0 886 553 949 1055 1374 1013 1136 733 707 737 932 252 791 279 843 1067 1311 635 610 1303 801 1602 752 1148 1182 164 1379 929 1553 822 977 343 563 220 1122 696 682 1025 1262 865 805 904 464 449 416 1229 818 1008 566 606 913 812 1414
305 290 159 892 419 283 1091 738 603 585 276 854 527 451 489 566 375 29 370 819 678 280 464 255 886 0 334 535 783 523 198 1093 572 391 150 1004 859 297 776 331 181 622 879 343 418 301 803 353 919 308 827 1104 103 968 304 400 871 357 837 367 905 292 430 376 352 180 243 585 705 847 825 334 270 321 564 295 392 586
321 324 175 958 448 192 1076 443 789 339 301 555 237 136 532 449 358 309 351 1074 728 210 257 402 553 334 0 553 760 842 467 996 498 289 191 852 536 305 483 368 515 822 647 146 752 317 1076 302 890 638 511 1111 378 1123 337 504 563 96 510 598 689 188 552 710 397 270 385 311 471 555 875 348 480 13 364 448 424 875
252 260 520 404 119 686 558 606 359 433 282 1057 777 673 53 218 197 545 204 696 174 350 368 287 949 535 553 0 248 947 420 575 1024 270 554 539 780 267 998 212 601 405 559 411 755 258 737 251 384 736 985 577 450 604 245 161 735 469 783 358 549 368 172 722 186 373 294 487 1020 667 322 220 329 544 350 825 888 624
491 502 757 275 365 914 318 673 479 541 522 1206 963 862 298 326 427 792 433 789 175 575 529 536 1055 783 760 248 0 1182 664 342 1249 472 791 372 843 504 1158 456 846 521 521 613 983 496 849 473 136 977 1123 351 699 563 486 402 776 667 857 575 485 587 396 953 432 617 543 603 1208 697 195 459 570 753 461 1071 1126 793
786 768 672 1185 855 717 1447 1262 804 1106 764 1286 984 935 893 1051 850 541 847 803 1030 795 983 678 1374 523 842 947 1182 0 531 1520 827 894 651 1474 1377 784 1206 792 365 790 1390 866 212 783 740 847 1306 221 1284 1436 541 1122 778 785 1394 879 1353 612 1410 811 785 232 801 683 678 1108 1084 1370 1147 806 618 831 1076 493 638 552
270 251 312 726 324 470 953 795 409 620 255 1017 690 600 368 525 326 225 324 627 531 319 498 148 1013 198 467 420 664 531 0 996 770 387 322 942 941 272 941 265 182 425 877 413 358 268 617 335 794 316 978 956 100 774 257 262 935 451 926 169 890 342 274 319 271 209 152 639 889 894 668 283 95 453 573 476 588 409
789 803 1037 494 680 1174 265 753 809 696 819 1337 1158 1069 628 552 719 1097 724 1093 512 849 741 859 1136 1093 996 575 342 1520 996 0 1495 732 1073 210 889 799 1306 762 1176 848 504 857 1324 794 1161 752 245 1312 1243 342 1019 791 789 735 803 900 917 917 445 853 735 1293 744 917 864 753 1394 724 459 759 904 994 640 1367 1400 1129
772 767 509 1420 908 337 1567 862 1173 819 744 543 388 443 992 947 828 546 821 1384 1193 675 754 795 733 572 498 1024 1249 827 770 1495 0 778 480 1344 873 757 476 816 686 1194 1111 641 864 767 1359 778 1382 720 587 1597 674 1534 783 932 938 594 835 939 1161 662 973 833 845 665 779 774 308 964 1343 804 836 502 858 350 200 1136
119 136 306 673 182 446 789 418 564 237 133 791 507 403 259 182 94 386 90 885 444 118 124 249 707 391 289 270 472 894 387 732 778 0 342 619 579 115 730 144 528 604 496 143 742 120 906 53 603 672 724 822 352 863 134 270 558 200 572 439 517 121 318 702 161 213 239 269 751 511 589 118 340 282 185 639 668 740
301 293 36 942 435 152 1108 621 701 488 271 704 377 300 517 524 364 122 358 949 717 224 377 316 737 150 191 554 791 651 322 1073 480 342 0 958 726 287 627 342 330 727 794 245 566 296 939 323 927 447 676 1131 223 1058 309 452 748 237 701 480 828 222 492 524 369 186 299 475 567 732 867 334 367 179 485 298 334 727
701 717 922 609 619 1039 451 556 845 527 728 1142 988 907 591 438 632 1003 636 1161 543 737 596 796 932 1004 852 539 372 1474 942 210 1344 619 958 0 682 707 1116 686 1115 889 296 724 1291 705 1220 651 349 1256 1046 525 945 912 705 697 595 758 712 898 236 735 711 1256 674 823 797 579 1215 517 549 675 859 852 488 1257 1270 1149
693 708 704 1113 743 698 1087 174 1126 351 696 490 488 474 797 564 670 838 667 1457 922 621 454 821 252 859 536 780 843 1377 941 889 873 579 726 682 0 684 489 723 1035 1170 386 529 1270 692 1483 631 923 1167 392 1150 874 1372 710 843 90 502 39 1017 446 598 887 1228 739 734 808 310 636 165 1028 697 913 547 430 966 899 1318
15 24 253 664 150 420 821 529 490 350 20 847 541 437 235 271 79 299 74 796 435 95 231 137 791 297 305 267 504 784 272 799 757 115 287 707 684 0 781 62 419 527 608 185 628 11 810 63 640 563 789 844 243 817 31 199 669 241 674 335 625 119 247 588 91 118 125 376 776 624 585 47 229 294 300 570 622 634
796 801 630 1395 909 503 1454 562 1270 624 779 79 251 347 989 832 817 746 811 1557 1171 686 636 886 279 776 483 998 1158 1206 941 1306 476 730 627 1116 489 781 0 841 948 1305 833 598 1175 792 1557 762 1271 1040 117 1503 846 1592 812 980 575 540 450 1081 892 661 1028 1135 868 753 869 562 173 631 1309 819 963 496 698 719 593 1350
47 49 309 603 92 479 769 562 432 379 72 907 603 499 175 260 61 337 61 744 376 157 268 117 843 331 368 212 456 792 265 762 816 144 342 686 723 62 841 0 429 470 613 244 623 51 763 92 592 572 847 789 260 754 33 138 702 301 715 295 625 181 187 584 28 161 113 413 839 651 526 25 202 357 319 615 676 596
421 403 340 900 499 446 1135 908 556 745 398 1027 703 631 549 687 486 207 483 704 712 433 621 319 1067 181 515 601 846 365 182 1176 686 528 330 1115 1035 419 948 429 0 562 1025 511 237 418 673 481 977 144 1004 1135 176 917 413 444 1043 532 1015 320 1044 451 456 195 441 319 318 752 864 1013 846 442 277 502 711 351 488 450
513 505 707 412 427 879 699 999 45 818 526 1374 1059 958 375 620 510 648 514 291 347 619 727 422 1311 622 822 405 521 790 425 848 1194 604 727 889 1170 527 1305 470 562 0 961 712 578 516 335 559 604 640 1317 671 520 354 495 334 1133 768 1168 255 947 645 286 565 446 559 439 864 1283 1069 401 495 360 810 741 898 1014 289
608 626 761 795 583 840 716 270 915 309 627 852 735 668 598 362 551 869 552 1252 648 599 418 731 635 879 647 559 521 1390 877 504 1111 496 794 296 386 608 833 613 1025 961 0 549 1235 610 1296 544 569 1169 756 784 848 1082 619 683 299 564 415 888 60 587 715 1195 614 707 725 340 946 220 716 594 813 651 315 1087 1071 1176
199 208 211 815 312 317 930 396 675 245 188 663 367 262 395 306 220 328 214 980 586 98 132 309 610 343 146 411 613 866 413 857 641 143 245 724 529 185 598 244 511 712 549 0 743 196 991 164 744 649 604 964 345 994 217 382 532 58 513 512 583 72 431 701 270 204 293 242 609 503 732 220 398 140 242 540 547 805
627 608 577 974 674 671 1240 1137 592 969 609 1254 934 866 702 883 684 444 683 614 825 659 846 506 1303 418 752 755 983 212 358 1324 864 742 566 1291 1270 628 1175 623 237 578 1235 743 0 625 559 691 1103 144 1237 1226 398 914 615 594 1275 768 1250 408 1248 679 588 42 627 543 510 981 1078 1241 938 641 432 740 928 513 663 353
5 16 262 654 140 429 812 536 479 356 25 859 552 448 224 270 74 303 69 786 425 106 238 130 801 301 317 258 496 783 268 794 767 120 296 705 692 11 792 51 418 516 610 196 625 0 801 67 633 562 800 835 243 806 20 188 676 252 682 326 626 130 236 585 80 123 119 383 787 630 575 37 221 306 304 576 631 625
799 786 930 685 742 1085 976 1316 381 1133 803 1631 1306 1212 703 948 813 833 816 82 677 893 1031 682 1602 803 1076 737 849 740 617 1161 1359 906 939 1220 1483 810 1557 763 673 335 1296 991 559 801 0 855 916 680 1586 931 716 472 781 641 1453 1041 1478 480 1282 919 597 571 745 807 698 1174 1506 1393 701 789 597 1063 1060 1023 1162 223
66 83 287 655 147 441 791 472 520 290 83 825 531 426 231 213 56 351 49 836 425 102 176 196 752 353 302 251 473 847 335 752 778 53 323 651 631 63 762 92 481 559 544 164 691 67 855 0 607 626 761 819 306 830 81 225 612 223 623 386 562 117 273 651 113 172 186 321 771 564 573 66 286 293 237 615 655 687
627 638 892 261 501 1048 186 761 566 648 658 1315 1086 987 432 447 563 928 569 848 278 710 651 670 1148 919 890 384 136 1306 794 245 1382 603 927 349 923 640 1271 592 977 604 569 744 1103 633 916 607 0 1105 1229 232 834 565 623 533 848 796 942 694 522 721 523 1075 568 753 678 710 1330 767 215 595 699 884 573 1207 1262 887
565 547 464 1008 639 537 1256 1045 643 886 543 1119 803 742 683 830 630 329 627 726 834 575 763 460 1182 308 638 736 977 221 316 1312 720 672 447 1256 1167 563 1040 572 144 640 1169 649 144 562 680 626 1105 0 1107 1252 320 990 557 576 1179 665 1145 424 1188 592 582 115 582 462 460 891 937 1152 962 586 408 625 855 369 519 462
803 812 673 1372 906 570 1408 490 1279 582 791 97 303 378 982 802 815 798 810 1580 1153 698 616 906 164 827 511 985 1123 1284 978 1243 587 724 676 1046 392 789 117 847 1004 1317 756 604 1237 800 1586 761 1229 1107 0 1461 886 1586 821 985 481 549 354 1106 816 672 1034 1196 872 779 889 520 290 544 1285 823 989 524 662 806 689 1387
830 838 1097 258 696 1260 76 991 644 880 859 1548 1314 1214 617 676 770 1117 776 854 426 921 879 849 1379 1104 1111 577 351 1436 956 342 1597 822 1131 525 1150 844 1503 789 1135 671 784 964 1226 835 931 819 232 1252 1461 0 1011 497 822 705 1072 1019 1170 828 732 935 682 1204 763 950 860 942 1559 991 290 797 860 1104 805 1398 1466 959
247 229 215 793 339 370 1002 739 500 572 223 922 594 507 401 513 314 128 310 727 584 260 448 163 929 103 378 450 699 541 100 1019 674 352 223 945 874 243 846 260 176 520 848 345 398 243 716 306 834 320 886 1011 0 864 240 306 876 375 856 265 868 280 331 356 276 145 156 583 790 842 728 270 166 364 536 396 496 505
802 799 1034 303 683 1209 557 1197 365 1033 822 1655 1358 1254 604 810 775 991 781 389 449 912 971 742 1553 968 1123 604 563 1122 774 791 1534 863 1058 912 1372 817 1592 754 917 354 1082 994 914 806 472 830 565 990 1586 497 864 0 786 619 1316 1053 1379 606 1049 936 573 906 726 878 759 1089 1593 1241 369 776 699 1112 950 1250 1360 577
17 15 276 637 126 445 801 553 458 371 38 879 573 469 209 273 73 308 70 765 410 126 256 115 822 304 337 245 486 778 257 789 783 134 309 705 710 31 812 33 413 495 619 217 615 20 781 81 623 557 821 822 240 786 0 167 693 273 701 307 634 151 216 575 62 130 106 401 807 645 560 30 205 325 317 584 643 607
184 180 423 494 102 598 696 675 294 492 203 1046 740 637 108 321 175 415 180 615 278 294 393 145 977 400 504 161 402 785 262 735 932 270 452 697 843 199 980 138 444 334 683 382 594 188 641 225 533 576 985 705 306 619 167 0 813 439 838 206 683 319 48 561 112 266 158 534 974 755 424 162 168 493 420 696 777 494
676 693 722 1049 711 737 1008 140 1088 322 684 579 549 521 757 516 645 853 643 1423 867 617 438 807 343 871 563 735 776 1394 935 803 938 558 748 595 90 669 575 702 1043 1133 299 532 1275 676 1453 612 848 1179 481 1072 876 1316 693 813 0 514 126 997 359 596 855 1233 714 732 795 295 715 81 965 677 898 572 392 1005 948 1298
256 263 209 873 371 281 982 384 731 255 242 606 308 203 453 353 279 338 273 1032 644 149 161 359 563 357 96 469 667 879 451 900 594 200 237 758 502 241 540 301 532 768 564 58 768 252 1041 223 796 665 549 1019 375 1053 273 439 514 0 482 561 603 123 488 725 328 242 342 238 550 495 790 278 445 93 271 522 513 850
683 698 681 1126 741 667 1109 184 1125 351 685 452 451 442 798 569 664 815 661 1454 930 607 447 810 220 837 510 783 857 1353 926 917 835 572 701 712 39 674 450 715 1015 1168 415 513 1250 682 1478 623 942 1145 354 1170 856 1379 701 838 126 482 0 1008 476 583 884 1208 733 718 797 304 596 196 1040 690 902 521 432 935 864 1308
325 310 464 584 304 631 836 858 241 675 326 1154 831 734 307 525 353 393 354 476 417 413 563 202 1122 367 598 358 575 612 169 917 939 439 480 898 1017 335 1081 295 320 255 888 512 408 326 480 386 694 424 1106 828 265 606 307 206 997 561 1008 0 889 440 186 380 283 328 218 708 1043 945 538 320 117 585 611 644 758 300
624 642 794 756 586 882 663 329 901 350 645 912 788 718 592 367 563 897 565 1235 623 625 451 742 696 905 689 549 485 1410 890 445 1161 517 828 236 446 625 892 625 1044 947 60 583 1248 626 1282 562 522 1188 816 732 868 1049 634 683 359 603 476 889 0 615 712 1209 623 730 738 387 1003 280 681 607 822 692 343 1123 1113 1172
134 140 186 771 259 327 905 458 609 294 119 728 422 318 344 302 170 282 164 909 541 26 172 237 682 292 188 368 587 811 342 853 662 121 222 735 598 119 661 181 451 645 587 72 679 130 919 117 721 592 672 935 280 936 151 319 596 123 583 440 615 0 367 637 209 136 221 302 659 562 690 160 325 178 272 521 547 733
232 227 465 461 144 641 679 719 246 536 250 1094 788 685 122 356 223 447 228 570 256 342 440 179 1025 430 552 172 396 785 274 735 973 318 492 711 887 247 1028 187 456 286 715 431 588 236 597 273 523 582 1034 682 331 573 216 48 855 488 884 186 712 367 0 557 161 308 194 580 1021 796 397 211 178 540 463 726 813 460
587 568 535 953 638 631 1215 1096 575 928 569 1214 893 825 669 844 645 402 643 620 798 617 804 467 1262 376 710 722 953 232 319 1293 833 702 524 1256 1228 588 1135 584 195 565 1195 701 42 585 571 651 1075 115 1196 1204 356 906 575 561 1233 725 1208 380 1209 637 557 0 589 502 471 940 1041 1199 915 602 397 697 887 482 632 357
75 78 337 575 67 508 744 575 407 392 101 934 631 527 147 256 69 360 72 724 347 186 286 122 865 352 397 186 432 801 271 744 845 161 369 674 739 91 868 28 441 446 614 270 627 80 745 113 568 582 872 763 276 726 62 112 714 328 733 283 623 209 161 589 0 187 123 429 868 661 498 49 199 386 327 639 703 583
127 114 157 756 254 332 931 594 529 426 97 825 503 406 333 385 197 180 192 804 532 115 303 137 805 180 270 373 617 683 209 917 665 213 186 823 734 118 753 161 319 559 707 204 543 123 807 172 753 462 779 950 145 878 130 266 732 242 718 328 730 136 308 502 187 0 120 438 723 697 682 158 210 256 393 454 516 610
120 102 274 652 183 449 848 655 409 476 112 940 621 521 246 373 174 257 172 691 435 195 357 17 904 243 385 294 543 678 152 864 779 239 299 797 808 125 869 113 318 439 725 293 510 119 698 186 678 460 889 860 156 759 106 158 795 342 797 218 738 221 194 471 123 120 0 501 843 750 583 131 105 372 423 538 619 513
384 400 446 855 436 502 891 156 822 62 389 605 409 332 497 285 360 569 357 1150 644 323 145 513 464 585 311 487 603 1108 639 753 774 269 475 579 310 376 562 413 752 864 340 242 981 383 1174 321 710 891 520 942 583 1089 401 534 295 238 304 708 387 302 580 940 429 438 501 0 640 261 768 387 605 315 143 757 731 1008
792 794 580 1424 918 422 1516 677 1252 698 771 234 244 347 1002 883 827 676 821 1516 1195 681 679 861 449 705 471 1020 1208 1084 889 1394 308 751 567 1215 636 776 173 839 864 1283 946 609 1078 787 1506 771 1330 937 290 1559 790 1593 807 974 715 550 596 1043 1003 659 1021 1041 868 723 843 640 0 761 1340 819 928 481 761 591 452 1291
630 647 704 971 652 738 927 111 1024 274 640 642 576 533 693 449 592 830 591 1360 793 582 396 760 416 847 555 667 697 1370 894 724 964 511 732 517 165 624 631 651 1013 1069 220 503 1241 630 1393 564 767 1152 544 991 842 1241 645 755 81 495 196 945 280 562 796 1199 661 697 750 261 761 0 887 627 851 562 334 1002 958 1245
570 576 835 87 435 1005 302 856 368 708 598 1363 1096 992 351 483 519 840 526 633 150 672 673 570 1229 825 875 322 195 1147 668 459 1343 589 867 549 1028 585 1309 526 846 401 716 732 938 575 701 573 215 962 1285 290 728 369 560 424 965 790 1040 538 681 690 397 915 498 682 583 768 1340 887 0 538 573 866 625 1121 1198 689
32 44 300 617 103 467 775 537 456 354 62 884 582 478 188 244 43 338 41 770 388 138 243 137 818 334 348 220 459 806 283 759 804 118 334 675 697 47 819 25 442 495 594 220 641 37 789 66 595 586 823 797 270 776 30 162 677 278 690 320 607 160 211 602 49 158 131 387 819 627 538 0 224 338 295 613 669 621
221 205 349 633 241 519 858 758 336 577 216 1036 713 617 276 454 263 292 263 593 435 299 460 91 1008 270 480 329 570 618 95 904 836 340 367 859 913 229 963 202 277 360 813 398 432 221 597 286 699 408 989 860 166 699 205 168 898 445 902 117 822 325 178 397 199 210 105 605 928 851 573 224 0 467 520 561 662 407
310 312 162 949 438 190 1070 451 777 342 289 568 249 149 522 445 348 297 342 1061 719 200 255 389 566 321 13 544 753 831 453 994 502 282 179 852 547 294 496 357 502 810 651 140 740 306 1063 293 884 625 524 1104 364 1112 325 493 572 93 521 585 692 178 540 697 386 256 372 315 481 562 866 338 467 0 364 441 422 862
303 321 451 712 318 552 757 257 697 83 318 745 521 429 367 142 258 554 257 1030 503 283 110 432 606 564 364 350 461 1076 573 640 858 185 485 488 430 300 698 319 711 741 315 242 928 304 1060 237 573 855 662 805 536 950 317 420 392 271 432 611 343 272 463 887 327 393 423 143 761 334 625 295 520 364 0 783 784 910
581 569 334 1188 706 268 1383 891 885 778 551 798 516 494 781 821 649 281 644 1055 974 520 673 550 913 295 448 825 1071 493 476 1367 350 639 298 1257 966 570 719 615 351 898 1087 540 513 576 1023 615 1207 369 806 1398 396 1250 584 696 1005 522 935 644 1123 521 726 482 639 454 538 757 591 1002 1121 613 561 441 783 0 150 799
636 627 369 1271 769 232 1443 848 996 763 606 670 420 427 850 848 699 369 693 1190 1048 554 674 634 812 392 424 888 1126 638 588 1400 200 668 334 1270 899 622 593 676 488 1014 1071 547 663 631 1162 655 1262 519 689 1466 496 1360 643 777 948 513 864 758 1113 547 813 632 703 516 619 731 452 958 1198 669 662 422 784 150 0 938
624 610 720 700 597 869 988 1158 322 975 623 1426 1099 1009 580 816 653 615 654 263 618 707 863 498 1414 586 875 624 793 552 409 1129 1136 740 727 1149 1318 634 1350 596 450 289 1176 805 353 625 223 687 887 462 1387 959 505 577 607 494 1298 850 1308 300 1172 733 460 357 583 610 513 1008 1291 1245 689 621 407 862 910 799 938 0
