0 766 863 1218 597 27 916 833 520 80 707 218 1577 1169 656 1107
766 0 1544 1359 656 773 1210 1582 973 846 1420 563 1770 1184 1295 1819
863 1544 0 1924 1021 843 769 777 1216 798 177 1072 1236 1943 1052 1090
1218 1359 1924 0 1715 1246 2133 1349 722 1236 1746 1143 2793 235 917 1312
597 656 1021 1715 0 579 553 1351 1085 642 949 577 1144 1607 1252 1661
27 773 843 1246 579 0 889 835 545 77 689 233 1551 1196 673 1115
916 1210 769 2133 553 889 0 1394 1433 912 800 1011 661 2065 1469 1727
833 1582 777 1349 1351 835 1394 0 786 758 639 1019 1973 1446 444 333
520 973 1216 722 1085 545 1433 786 0 522 1038 521 2094 728 371 916
80 846 798 1236 642 77 912 758 522 0 637 297 1572 1201 611 1040
707 1420 177 1746 949 689 800 639 1038 637 0 922 1338 1766 879 965
218 563 1072 1143 577 233 1011 1019 521 297 922 0 1664 1055 767 1267
1577 1770 1236 2793 1144 1551 661 1973 2094 1572 1338 1664 0 2719 2110 2303
1169 1184 1943 235 1607 1196 2065 1446 728 1201 1766 1055 2719 0 1002 1457
656 1295 1052 917 1252 673 1469 444 371 611 879 767 2110 1002 0 545
1107 1819 1090 1312 1661 1115 1727 333 916 1040 965 1267 2303 1457 545 0
