0 806 995 1259 1404 86 892 430 471 123 1602 1330 1676 1057 1472 456
806 0 606 731 944 886 1303 906 983 738 2136 2124 2153 933 1521 579
995 606 0 278 1538 1079 985 1297 859 877 1794 2271 1767 375 960 545
1259 731 278 0 1594 1344 1227 1531 1135 1144 2009 2548 1965 542 1056 818
1404 944 1538 1594 0 1446 2167 1165 1780 1416 2968 2451 3014 1878 2465 1437
86 886 1079 1344 1446 0 915 407 501 202 1590 1245 1673 1128 1523 537
892 1303 985 1227 2167 915 0 1319 422 813 835 1632 852 712 730 736
430 906 1297 1531 1165 407 1319 0 900 533 1985 1315 2075 1438 1893 815
471 983 859 1135 1780 501 422 900 0 392 1188 1452 1239 751 1039 410
123 738 877 1144 1416 202 813 533 392 0 1560 1426 1623 934 1361 334
1602 2136 1794 2009 2968 1590 835 1985 1188 1560 0 1718 177 1467 1150 1561
1330 2124 2271 2548 2451 1245 1632 1315 1452 1426 1718 0 1884 2202 2361 1733
1676 2153 1767 1965 3014 1673 852 2075 1239 1623 177 1884 0 1422 1044 1588
1057 933 375 542 1878 1128 712 1438 751 934 1467 2202 1422 0 591 622
1472 1521 960 1056 2465 1523 730 1893 1039 1361 1150 2361 1044 591 0 1117
456 579 545 818 1437 537 736 815 410 334 1561 1733 1588 622 1117 0
