0 664 299 1671 1148 678 502 1701 451 887 416 1123 741 1545 262 1534 1559
664 0 448 2179 1506 1120 1165 2328 1038 268 518 1660 786 2165 822 1381 1774
299 448 0 1744 1400 944 780 1997 592 620 491 1216 853 1843 379 1604 1452
1671 2179 1744 0 2425 2042 1429 1938 1221 2266 2087 549 2379 1904 1418 3170 986
1148 1506 1400 2425 0 472 1033 1252 1395 1774 994 1922 773 1095 1338 1093 2633
678 1120 944 2042 472 0 615 1299 938 1388 606 1514 550 1130 866 1202 2170
502 1165 780 1429 1033 615 0 1229 407 1388 807 900 1003 1083 471 1767 1627
1701 2328 1997 1938 1252 1299 1229 0 1581 2576 1858 1655 1846 169 1697 2344 2597
451 1038 592 1221 1395 938 407 1581 0 1203 866 672 1168 1449 216 1964 1238
887 268 620 2266 1774 1388 1388 2576 1203 0 786 1775 1042 2415 996 1568 1744
416 518 491 2087 994 606 807 1858 866 786 0 1538 361 1691 676 1132 1928
1123 1660 1216 549 1922 1514 900 1655 672 1775 1538 0 1830 1579 874 2622 951
741 786 853 2379 773 550 1003 1846 1168 1042 361 1830 0 1676 1002 796 2284
1545 2165 1843 1904 1095 1130 1083 169 1449 2415 1691 1579 1676 0 1554 2185 2509
262 822 379 1418 1338 866 471 1697 216 996 676 874 1002 1554 0 1796 1317
1534 1381 1604 3170 1093 1202 1767 2344 1964 1568 1132 2622 796 2185 1796 0 3055
1559 1774 1452 986 2633 2170 1627 2597 1238 1744 1928 951 2284 2509 1317 3055 0
