0 549 483 1439 1013 286 693 1322 152 743 266 165 453 1212 1679 378
549 0 590 1960 1353 834 738 928 597 1060 330 627 892 1424 1194 473
483 590 0 1509 1495 611 1112 962 634 1227 344 649 929 1691 1769 774
1439 1960 1509 0 1685 1162 1958 2429 1475 1648 1631 1452 1402 2044 3118 1759
1013 1353 1495 1685 0 963 717 2267 868 292 1235 848 569 361 2013 880
286 834 611 1162 963 0 862 1542 319 746 528 300 412 1233 1957 606
693 738 1112 1958 717 862 0 1662 565 464 774 573 561 696 1324 338
1322 928 962 2429 2267 1542 1662 0 1436 1975 1060 1462 1756 2353 1497 1394
152 597 634 1475 868 319 565 1436 0 593 377 29 321 1059 1653 287
743 1060 1227 1648 292 746 464 1975 593 0 950 577 333 486 1787 587
266 330 344 1631 1235 528 774 1060 377 950 0 402 698 1388 1517 438
165 627 649 1452 848 300 573 1462 29 577 402 0 296 1048 1678 307
453 892 929 1402 569 412 561 1756 321 333 698 296 0 820 1829 467
1212 1424 1691 2044 361 1233 696 2353 1059 486 1388 1048 820 0 1852 971
1679 1194 1769 3118 2013 1957 1324 1497 1653 1787 1517 1678 1829 1852 0 1383
378 473 774 1759 880 606 338 1394 287 587 438 307 467 971 1383 0
