0 1558 946 1620 88 581 122 887 174 1511 1380 217 1093 304 960 328
1558 0 637 2747 1543 1506 1512 2372 1384 2259 506 1720 2611 1518 747 1244
946 637 0 2150 920 1044 886 1735 772 1730 478 1091 2029 880 486 621
1620 2747 2150 0 1555 2190 1551 973 1702 681 2320 1412 1803 1412 2440 1732
88 1543 920 1555 0 661 41 864 173 1427 1338 184 1142 216 979 299
581 1506 1044 2190 661 0 679 1364 573 2085 1522 778 1199 860 766 663
122 1512 886 1551 41 679 0 885 158 1405 1300 208 1182 185 961 268
887 2372 1735 973 864 1364 885 0 1037 1250 2081 680 854 854 1843 1145
174 1384 772 1702 173 573 158 1037 0 1522 1211 357 1262 301 805 159
1511 2259 1730 681 1427 2085 1405 1250 1522 0 1786 1354 2090 1226 2114 1488
1380 506 478 2320 1338 1522 1300 2081 1211 1786 0 1490 2473 1247 887 1052
217 1720 1091 1412 184 778 208 680 357 1354 1490 0 1020 266 1162 476
1093 2611 2029 1803 1142 1199 1182 854 1262 2090 2473 1020 0 1286 1921 1420
304 1518 880 1412 216 860 185 854 301 1226 1247 266 1286 0 1046 325
960 747 486 2440 979 766 961 1843 805 2114 887 1162 1921 1046 0 721
328 1244 621 1732 299 663 268 1145 159 1488 1052 476 1420 325 721 0
