0 1694 372 160 1413 1686 1214 1188 1083 1243 1714 1371 900 720 683 170
1694 0 1930 1687 2791 1981 2904 1910 1853 1007 960 2978 2554 1104 1521 1670
372 1930 0 270 1041 1491 1006 1533 855 1288 2063 1056 626 1063 1053 280
160 1687 270 0 1301 1530 1220 1344 923 1142 1793 1319 870 794 824 18
1413 2791 1041 1301 0 1470 1029 2523 1042 1905 3082 597 789 2088 2088 1307
1686 1981 1491 1530 1470 0 2260 2796 637 990 2688 1990 1865 1934 2226 1517
1214 2904 1006 1220 1029 2260 0 1922 1661 2284 2859 487 409 1908 1690 1238
1188 1910 1533 1344 2523 2796 1922 0 2241 2074 1279 2291 1821 958 572 1350
1083 1853 855 923 1042 637 1661 2241 0 889 2360 1458 1256 1471 1685 912
1243 1007 1288 1142 1905 990 2284 2074 889 0 1716 2220 1884 1123 1518 1124
1714 960 2063 1793 3082 2688 2859 1279 2360 1716 0 3083 2604 999 1183 1784
1371 2978 1056 1319 597 1990 487 2291 1458 2220 3083 0 485 2092 1966 1332
900 2554 626 870 789 1865 409 1821 1256 1884 2604 485 0 1619 1480 885
720 1104 1063 794 2088 1934 1908 958 1471 1123 999 2092 1619 0 441 786
683 1521 1053 824 2088 2226 1690 572 1685 1518 1183 1966 1480 441 0 825
170 1670 280 18 1307 1517 1238 1350 912 1124 1784 1332 885 786 825 0
