0 1116 78 1230 1678 309 1332 204 586 670 278 1217 242 1123 1200 476
1116 0 1068 1986 2673 968 1773 1233 537 1332 1075 1218 1330 1894 1679 1383
78 1068 0 1306 1687 337 1396 282 533 614 209 1250 265 1199 1143 447
1230 1986 1306 0 2234 1116 525 1027 1620 1847 1506 1089 1275 107 2356 1579
1678 2673 1687 2234 0 1973 2644 1706 2155 1374 1609 2813 1437 2164 1341 1292
309 968 337 1116 1973 0 1106 294 511 944 529 913 540 1012 1469 781
1332 1773 1396 525 2644 1106 0 1156 1536 2001 1605 661 1463 534 2530 1771
204 1233 282 1027 1706 294 1156 0 728 848 479 1122 317 919 1375 616
586 537 533 1620 2155 511 1536 728 0 863 546 1148 793 1518 1302 862
670 1332 614 1847 1374 944 2001 848 863 0 415 1849 572 1741 530 286
278 1075 209 1506 1609 529 1605 479 546 415 0 1434 318 1398 940 318
1217 1218 1250 1089 2813 913 661 1122 1148 1849 1434 0 1429 1044 2363 1693
242 1330 265 1275 1437 540 1463 317 793 572 318 1429 0 1170 1085 309
1123 1894 1199 107 2164 1012 534 919 1518 1741 1398 1044 1170 0 2252 1475
1200 1679 1143 2356 1341 1469 2530 1375 1302 530 940 2363 1085 2252 0 777
476 1383 447 1579 1292 781 1771 616 862 286 318 1693 309 1475 777 0
