0 290 1635 1588 219 709 1385 186 1157 1497 788 129 1185 1363 581 1714
290 0 1348 1595 508 525 1643 413 1287 1774 503 259 1415 1320 393 1926
1635 1348 0 2010 1854 1100 2969 1754 2421 3037 917 1562 2709 2026 1158 3171
1588 1595 2010 0 1655 1198 2626 1760 2718 1868 1835 1469 2573 2914 1280 3107
219 508 1854 1655 0 904 1181 179 1063 1310 998 315 1005 1396 782 1543
709 525 1100 1198 904 0 2085 886 1812 1947 637 590 1894 1796 133 2421
1385 1643 2969 2626 1181 2085 0 1230 889 1209 2058 1495 329 1662 1963 550
186 413 1754 1760 179 886 1230 0 973 1480 868 316 1012 1232 755 1535
1157 1287 2421 2718 1063 1812 889 973 0 1878 1522 1286 566 777 1678 794
1497 1774 3037 1868 1310 1947 1209 1480 1878 0 2277 1519 1391 2524 1878 1756
788 503 917 1835 998 637 2058 868 1522 2277 0 758 1791 1274 574 2256
129 259 1562 1469 315 590 1495 316 1286 1519 758 0 1307 1463 467 1839
1185 1415 2709 2573 1005 1894 329 1012 566 1391 1791 1307 0 1334 1765 541
1363 1320 2026 2914 1396 1796 1662 1232 777 2524 1274 1463 1334 0 1678 1522
581 393 1158 1280 782 133 1963 755 1678 1878 574 467 1765 1678 0 2290
1714 1926 3171 3107 1543 2421 550 1535 794 1756 2256 1839 541 1522 2290 0
