0 850 1105 766 1233 973 1504 1183 666 1322 975 1407 1470 222 741 1525
850 0 1287 339 430 1696 1282 2020 1384 1833 412 760 624 627 320 2365
1105 1287 0 950 1348 976 648 1897 852 702 1665 2048 1758 1096 1463 1848
766 339 950 0 512 1457 979 1941 1160 1525 739 1098 862 570 582 2199
1233 430 1348 512 0 1968 1126 2416 1673 1990 724 883 417 1016 731 2708
973 1696 976 1457 1968 0 1620 1034 316 578 1924 2359 2306 1147 1685 871
1504 1282 648 979 1126 1620 0 2484 1458 1314 1694 1981 1531 1403 1560 2491
1183 2020 1897 1941 2416 1034 2484 0 1045 1611 2041 2432 2626 1400 1840 658
666 1384 852 1160 1673 316 1458 1045 0 720 1608 2043 1998 832 1369 1075
1322 1833 702 1525 1990 578 1314 1611 720 0 2150 2570 2381 1427 1920 1341
975 412 1665 739 724 1924 1694 2041 1608 2150 0 435 664 778 238 2483
1407 760 2048 1098 883 2359 1981 2432 2043 2570 435 0 595 1213 673 2903
1470 624 1758 862 417 2306 1531 2626 1998 2381 664 595 0 1248 801 2989
222 627 1096 570 1016 1147 1403 1400 832 1427 778 1213 1248 0 539 1744
741 320 1463 582 731 1685 1560 1840 1369 1920 238 673 801 539 0 2257
1525 2365 1848 2199 2708 871 2491 658 1075 1341 2483 2903 2989 1744 2257 0
