0 1387 445 1468 553 1134 1650 204 1185 53 1241 1138 232 614 984 476
1387 0 1069 2848 1841 2337 1347 1592 2544 1409 2011 485 1591 1941 1379 1239
445 1069 0 1807 998 1276 1704 618 1488 492 1106 967 572 1058 1188 199
1468 2848 1807 0 1185 863 2899 1265 346 1455 1602 2595 1257 1066 2135 1687
553 1841 998 1185 0 1221 1715 426 1009 506 1601 1493 531 120 952 1012
1134 2337 1276 863 1221 0 2779 993 548 1154 741 2217 909 1143 2071 1098
1650 1347 1704 2899 1715 2779 0 1788 2710 1626 2805 926 1870 1833 764 1895
204 1592 618 1265 426 993 1788 0 989 191 1218 1335 114 455 1080 596
1185 2544 1488 346 1009 548 2710 989 0 1180 1274 2323 961 898 1955 1357
53 1409 492 1455 506 1154 1626 191 1180 0 1287 1143 245 572 947 529
1241 2011 1106 1602 1601 741 2805 1218 1274 1287 0 2048 1103 1572 2215 910
1138 485 967 2595 1493 2217 926 1335 2323 1143 2048 0 1366 1604 901 1165
232 1591 572 1257 531 909 1870 114 961 245 1103 1366 0 545 1177 517
614 1941 1058 1066 120 1143 1833 455 898 572 1572 1604 545 0 1070 1051
984 1379 1188 2135 952 2071 764 1080 1955 947 2215 901 1177 1070 0 1345
476 1239 199 1687 1012 1098 1895 596 1357 529 910 1165 517 1051 1345 0
