0 1503 1004 296 872 1544 119 1441 281 156 1051 1104 281 438 1436 648
1503 0 2507 1795 820 3008 1427 606 1279 1428 595 1546 1693 1372 2140 1779
1004 2507 0 716 1823 683 1085 2400 1250 1091 2028 1729 861 1252 1716 1041
296 1795 716 0 1160 1251 397 1694 534 417 1345 1184 201 658 1394 695
872 820 1823 1160 0 2410 762 1107 772 744 230 1491 1133 591 2017 972
1544 3008 683 1251 2410 0 1648 2787 1730 1666 2595 1909 1317 1875 1672 1716
119 1427 1085 397 762 1648 0 1410 291 44 950 1167 400 325 1532 590
1441 606 2400 1694 1107 2787 1410 0 1165 1430 953 1065 1538 1492 1646 1911
281 1279 1250 534 772 1730 291 1165 0 329 903 895 414 554 1316 879
156 1428 1091 417 744 1666 44 1430 329 0 938 1210 436 282 1577 550
1051 595 2028 1345 230 2595 950 953 903 938 0 1505 1294 815 2063 1202
1104 1546 1729 1184 1491 1909 1167 1065 895 1210 1505 0 983 1448 594 1751
281 1693 861 201 1133 1317 400 1538 414 436 1294 983 0 715 1218 848
438 1372 1252 658 591 1875 325 1492 554 282 815 1448 715 0 1850 420
1436 2140 1716 1394 2017 1672 1532 1646 1316 1577 2063 594 1218 1850 0 2064
648 1779 1041 695 972 1716 590 1911 879 550 1202 1751 848 420 2064 0
