0 121 696 1364 200 366 210 1635 1152 871 1339 416 1562 1326 859 381
121 0 606 1398 322 279 249 1597 1251 951 1225 341 1657 1253 955 491
696 606 0 1963 864 330 852 1969 1481 1558 1132 286 1828 660 1556 1074
1364 1398 1963 0 1327 1664 1158 915 2113 686 1823 1734 2491 2623 833 1145
200 322 864 1327 0 541 277 1712 1004 757 1529 577 1417 1464 716 222
366 279 330 1664 541 0 528 1776 1298 1229 1174 73 1681 973 1225 745
210 249 852 1158 277 528 0 1447 1281 709 1301 591 1694 1502 727 322
1635 1597 1969 915 1712 1776 1447 0 2683 1406 1302 1849 3092 2574 1560 1627
1152 1251 1481 2113 1004 1298 1281 2683 0 1428 2460 1274 413 1783 1290 1056
871 951 1558 686 757 1229 709 1406 1428 0 1831 1285 1805 2197 156 539
1339 1225 1132 1823 1529 1174 1301 1302 2460 1831 0 1216 2852 1521 1923 1623
416 341 286 1734 577 73 591 1849 1274 1285 1216 0 1649 912 1275 789
1562 1657 1828 2491 1417 1681 1694 3092 413 1805 2852 1649 0 2033 1659 1466
1326 1253 660 2623 1464 973 1502 2574 1783 2197 1521 912 2033 0 2178 1685
859 955 1556 833 716 1225 727 1560 1290 156 1923 1275 1659 2178 0 493
381 491 1074 1145 222 745 322 1627 1056 539 1623 789 1466 1685 493 0
