0 790 1554 839 1519 1101 879 1471 640 909 1496 1606 759 493 432 1271
790 0 1584 346 1895 1769 243 711 759 531 1000 1267 222 1220 650 686
1554 1584 0 1912 755 1391 1828 2110 948 2087 2581 2847 1776 1956 1876 1205
839 346 1912 0 2159 1918 136 683 1033 185 709 934 136 1159 519 1012
1519 1895 755 2159 0 825 2117 2548 1136 2302 2868 3062 2030 1759 1934 1760
1101 1769 1391 1918 825 0 1929 2480 1119 2008 2596 2700 1816 1119 1526 1941
879 243 1828 136 2117 1929 0 599 982 311 760 1023 120 1242 613 882
1471 711 2110 683 2548 2480 599 0 1434 749 697 1062 719 1839 1202 938
640 759 948 1033 1136 1119 982 1434 0 1189 1738 1957 900 1105 928 830
909 531 2087 185 2302 2008 311 749 1189 0 588 767 315 1156 523 1194
1496 1000 2581 709 2868 2596 760 697 1738 588 0 365 838 1691 1091 1525
1606 1267 2847 934 3062 2700 1023 1062 1957 767 365 0 1071 1696 1175 1853
759 222 1776 136 2030 1816 120 719 900 315 838 1071 0 1125 503 905
493 1220 1956 1159 1759 1119 1242 1839 1105 1156 1691 1696 1125 0 641 1760
432 650 1876 519 1934 1526 613 1202 928 523 1091 1175 503 641 0 1296
1271 686 1205 1012 1760 1941 882 938 830 1194 1525 1853 905 1760 1296 0
