0 1452 1168 751 48 525 617 1645 1000 19 794 438 385 1685 326 600
1452 0 1834 1073 1404 1576 1803 2001 1696 1437 2200 1080 1701 1761 1778 1075
1168 1834 0 1774 1176 1694 678 2800 2165 1180 1677 1031 889 716 1221 877
751 1073 1774 0 713 558 1350 1110 638 732 1265 749 1133 2102 1007 936
48 1404 1176 713 0 523 646 1630 989 32 834 400 420 1675 374 570
525 1576 1694 558 523 0 1107 1141 486 515 716 839 861 2190 601 1040
617 1803 678 1350 646 1107 0 2247 1593 635 999 745 246 1345 561 733
1645 2001 2800 1110 1630 1141 2247 0 655 1631 1637 1824 2001 3203 1732 2024
1000 1696 2165 638 989 486 1593 655 0 987 1046 1236 1347 2618 1078 1441
19 1437 1180 732 32 515 635 1631 987 0 803 430 403 1691 341 596
794 2200 1677 1265 834 716 999 1637 1046 803 0 1232 817 2326 515 1379
438 1080 1031 749 400 839 745 1824 1236 430 1232 0 621 1383 743 205
385 1701 889 1133 420 861 246 2001 1347 403 817 621 0 1510 332 675
1685 1761 716 2102 1675 2190 1345 3203 2618 1691 2326 1383 1510 0 1832 1180
326 1778 1221 1007 374 601 561 1732 1078 341 515 743 332 1832 0 871
600 1075 877 936 570 1040 733 2024 1441 596 1379 205 675 1180 871 0
