0 1591 1445 1031 163 1410 382 1586 51 443 643 968 1271 979 1583 1492
1591 0 1650 695 1685 358 1275 3161 1548 1998 1335 1071 320 649 485 2990
1445 1650 0 1061 1607 1787 1156 2703 1403 1812 819 1957 1491 1531 2013 2784
1031 695 1061 0 1163 736 660 2612 980 1471 645 994 449 496 964 2514
163 1685 1607 1163 0 1476 533 1476 211 314 807 958 1365 1053 1633 1351
1410 358 1787 736 1476 0 1154 2934 1374 1779 1304 737 296 433 227 2726
382 1275 1156 660 533 1154 0 1953 331 825 340 919 962 729 1355 1874
1586 3161 2703 2612 1476 2934 1953 0 1634 1163 2099 2304 2841 2522 3066 456
51 1548 1403 980 211 1374 331 1634 0 495 597 954 1228 941 1550 1543
443 1998 1812 1471 314 1779 825 1163 495 0 1054 1208 1678 1361 1926 1049
643 1335 819 645 807 1304 340 2099 597 1054 0 1222 1056 921 1524 2086
968 1071 1957 994 958 737 919 2304 954 1208 1222 0 825 522 795 2043
1271 320 1491 449 1365 296 962 2841 1228 1678 1056 825 0 344 521 2676
979 649 1531 496 1053 433 729 2522 941 1361 921 522 344 0 625 2340
1583 485 2013 964 1633 227 1355 3066 1550 1926 1524 795 521 625 0 2831
1492 2990 2784 2514 1351 2726 1874 456 1543 1049 2086 2043 2676 2340 2831 0
