0 249 286 648 713 669 323 155 178 136 865 680 797 357 339 610 790 52 179 358 710 756 527 432 83 846 312 782 717 256 58 316 549 733 589 368 739 364 469 63 383 570 655 105 55 202 518 595 687 335 177 619 289 580 459 692 794 243 761 228 862 278 250 573 418 374 645 812 657 184 493 744 68 447 709 528 825 454
249 0 327 404 904 750 216 335 417 176 629 735 898 513 92 477 702 283 420 540 913 540 770 476 313 714 559 911 620 11 274 67 481 823 832 537 875 323 327 210 427 688 900 224 256 168 532 764 620 254 79 579 404 740 604 941 907 354 1010 216 978 231 470 780 402 612 568 1030 876 307 718 993 317 696 464 659 618 695
286 327 0 590 616 954 520 442 424 186 760 416 1083 642 401 801 1015 256 421 635 637 614 716 707 361 597 442 1066 935 339 344 377 279 495 650 649 1022 602 650 324 656 856 732 373 340 420 787 462 923 550 322 868 574 859 744 830 1080 526 857 464 1148 114 291 825 671 593 875 771 892 116 727 881 316 597 735 813 661 522
648 404 590 0 1205 1068 513 736 820 539 232 883 1224 897 328 597 834 672 823 932 1228 216 1173 800 716 555 948 1259 755 400 678 344 530 1002 1207 925 1229 622 505 614 761 1041 1282 626 660 546 822 1048 800 551 483 802 780 1116 977 1338 1242 735 1398 581 1312 480 834 1177 695 1016 746 1361 1277 640 1121 1391 716 1093 221 1022 303 1071
713 904 616 1205 0 1238 1036 796 678 729 1357 491 1309 909 992 1324 1492 661 671 861 62 1198 656 1088 720 1043 497 1243 1424 915 741 967 760 395 358 890 1196 1071 1182 777 1048 1104 415 815 754 916 1182 160 1383 1049 863 1307 924 1028 986 595 1286 900 515 940 1336 730 466 887 1112 674 1347 196 879 597 771 623 673 533 1348 1052 1225 376
669 750 954 1068 1238 0 562 516 587 781 1296 1342 156 338 775 561 492 708 593 378 1207 1258 657 275 603 1463 742 217 494 745 612 773 1200 1378 944 349 211 448 576 633 322 138 953 585 614 583 250 1175 406 521 691 335 380 256 252 848 180 429 981 534 246 922 824 441 372 570 428 1247 534 852 517 877 655 729 979 188 1344 868
323 216 520 513 1036 562 0 299 424 339 745 936 717 402 215 290 495 374 430 449 1033 695 751 289 337 919 610 746 415 208 305 218 698 1013 891 435 716 115 146 259 248 527 946 228 289 120 327 912 406 41 197 363 284 608 470 945 732 249 1039 109 802 440 573 694 195 590 355 1133 802 465 664 994 372 715 475 510 781 761
155 335 442 736 796 516 299 0 130 283 963 827 641 202 408 555 697 191 136 211 781 872 456 299 88 994 324 626 634 337 97 392 703 870 601 216 584 288 435 139 255 414 650 111 104 202 391 698 587 292 256 511 141 428 304 646 638 105 739 190 706 428 337 445 317 293 554 863 541 336 386 696 141 416 754 372 947 477
178 417 424 820 678 587 424 130 0 310 1041 767 692 249 502 685 821 176 7 223 659 935 353 409 104 1010 195 657 761 422 143 481 701 793 471 244 612 418 564 207 371 466 522 208 161 316 503 594 711 420 339 631 245 442 345 530 681 226 615 315 745 445 237 403 443 196 680 735 482 308 316 581 116 292 863 417 1003 348
136 176 186 539 729 781 339 283 310 0 747 601 916 486 266 625 833 139 311 492 737 628 651 525 219 711 409 908 754 186 189 240 422 674 670 500 867 416 475 149 474 692 743 195 179 234 602 590 738 366 143 682 403 712 587 802 917 352 858 278 986 145 300 709 485 504 691 855 792 133 627 855 194 557 634 653 694 533
865 629 760 232 1357 1296 745 963 1041 747 0 973 1453 1129 558 800 1026 884 1044 1163 1388 167 1393 1031 938 511 1155 1490 951 626 900 572 619 1099 1401 1157 1461 852 726 837 993 1273 1480 853 883 777 1048 1197 1006 783 708 1018 1013 1349 1210 1549 1472 967 1600 813 1541 661 1029 1407 924 1238 954 1527 1505 831 1348 1602 933 1304 364 1255 195 1267
680 735 416 883 491 1342 936 827 767 601 973 0 1458 1012 796 1213 1431 636 762 990 545 806 949 1112 739 572 684 1424 1351 746 734 774 357 127 742 1010 1377 1018 1062 729 1062 1230 823 779 736 836 1196 357 1340 966 738 1284 967 1206 1111 980 1448 923 947 879 1512 504 545 1126 1085 880 1291 687 1163 496 1011 1023 687 810 1075 1183 808 668
797 898 1083 1224 1309 156 717 641 692 916 1453 1458 0 446 928 710 611 831 697 471 1272 1413 687 428 725 1609 824 106 627 894 739 925 1338 1484 991 448 136 604 732 767 473 228 987 722 743 730 406 1262 540 676 836 479 513 282 346 858 43 564 995 682 91 1060 925 450 528 635 569 1296 519 977 551 880 774 783 1134 275 1498 933
357 513 642 897 909 338 402 202 249 486 1129 1012 446 0 571 575 646 387 255 62 882 1053 404 218 281 1195 411 424 602 513 299 560 906 1042 643 35 381 330 500 339 207 218 670 301 307 352 304 838 534 375 438 447 119 228 102 609 439 162 728 316 506 631 486 293 306 268 518 937 402 532 284 652 329 430 877 172 1132 548
339 92 401 328 992 775 215 408 502 266 558 796 928 571 0 430 666 375 505 604 1002 488 854 500 398 706 650 951 582 83 358 25 511 890 924 598 917 330 285 295 455 729 992 300 340 218 542 849 594 256 162 566 456 794 655 1029 941 409 1101 257 1011 294 562 849 410 694 540 1121 949 395 795 1081 406 785 372 705 571 787
610 477 801 597 1324 561 290 555 685 625 800 1213 710 575 430 0 243 662 691 635 1318 811 972 370 612 1107 879 777 159 466 585 446 941 1296 1156 610 763 267 151 547 368 597 1203 509 571 408 325 1202 205 274 482 233 477 717 598 1175 740 469 1282 384 802 709 858 855 269 818 155 1412 967 754 860 1220 654 963 446 605 899 1032
790 702 1015 834 1492 492 495 697 821 833 1026 1431 611 646 666 243 0 842 829 708 1478 1050 1048 428 771 1350 1016 701 84 692 753 680 1176 1506 1278 678 702 425 380 729 455 580 1313 684 742 601 342 1384 112 466 693 198 582 714 630 1253 650 595 1374 564 698 932 1027 882 380 913 144 1557 990 954 919 1293 820 1071 663 608 1137 1167
52 283 256 672 661 708 374 191 176 139 884 636 831 387 375 662 842 0 176 379 659 768 511 479 105 834 277 810 770 291 98 351 528 685 549 393 766 417 521 115 430 603 617 158 103 254 567 542 739 388 218 671 330 603 488 666 826 286 728 280 893 268 199 580 470 366 698 763 658 145 492 718 62 420 747 559 833 412
179 420 421 823 671 593 430 136 7 311 1044 762 697 255 505 691 829 176 0 228 652 936 350 416 107 1009 188 662 768 425 146 485 699 787 464 249 616 425 570 210 378 471 516 213 165 322 510 587 718 427 343 638 253 446 351 525 686 233 609 321 750 444 231 405 450 194 687 728 482 305 316 577 116 286 867 423 1004 341
358 540 635 932 861 378 449 211 223 492 1163 990 471 62 604 635 708 379 228 0 832 1080 342 281 277 1203 364 435 665 540 302 591 906 1013 585 31 389 385 555 350 268 248 609 319 313 386 366 798 596 425 462 509 167 223 127 547 458 201 666 355 522 636 454 246 366 208 581 881 352 522 224 589 318 370 924 197 1157 494
710 913 637 1228 62 1207 1033 781 659 737 1388 545 1272 882 1002 1318 1478 659 652 832 0 1231 609 1068 710 1090 472 1203 1413 923 733 977 800 454 305 862 1156 1061 1179 773 1030 1071 357 809 747 913 1162 200 1369 1044 866 1290 905 991 955 537 1248 884 454 934 1296 749 460 844 1098 639 1335 145 830 608 729 563 665 491 1363 1020 1261 340
756 540 614 216 1198 1258 695 872 935 628 167 806 1413 1053 488 811 1050 768 936 1080 1231 0 1280 985 835 367 1029 1439 969 540 798 495 453 932 1263 1078 1406 809 711 738 942 1217 1343 761 782 702 1016 1038 1012 736 617 1010 941 1279 1141 1425 1427 892 1466 745 1498 524 894 1318 887 1130 957 1372 1410 696 1248 1477 821 1182 422 1193 88 1131
527 770 716 1173 656 657 751 456 353 651 1393 949 687 404 854 972 1048 511 350 342 609 1280 0 623 457 1314 279 605 1007 775 496 834 992 928 310 370 560 711 876 560 609 520 299 556 514 658 706 656 937 737 692 850 494 410 428 205 656 510 328 644 697 770 435 240 704 162 923 612 224 606 140 248 460 139 1210 474 1344 295
432 476 707 800 1088 275 289 299 409 525 1031 1112 428 218 500 370 428 479 416 281 1068 985 623 0 385 1190 598 459 383 471 380 498 937 1164 852 252 432 178 330 384 51 247 884 335 377 312 94 997 316 249 421 230 163 351 228 828 443 194 947 262 512 661 635 485 114 484 299 1136 597 616 500 870 438 642 732 242 1070 745
83 313 361 716 720 603 337 88 104 219 938 739 725 281 398 612 771 105 107 277 710 835 457 385 0 929 273 705 704 318 39 377 629 782 554 288 661 351 481 102 339 497 613 110 57 222 476 616 664 339 235 590 229 499 383 632 720 190 712 230 787 361 256 490 392 299 627 800 576 251 413 683 53 390 761 453 905 424
846 714 597 555 1043 1463 919 994 1010 711 511 572 1609 1195 706 1107 1350 834 1009 1203 1090 367 1314 1190 929 0 1037 1613 1267 719 901 701 323 696 1209 1211 1573 1032 981 856 1141 1392 1293 895 890 879 1244 889 1293 960 772 1272 1101 1423 1294 1414 1615 1049 1421 928 1685 568 883 1414 1112 1190 1238 1235 1488 711 1321 1464 896 1191 776 1357 315 1095
312 559 442 948 497 742 610 324 195 409 1155 684 824 411 650 879 1016 277 188 364 472 1029 279 598 273 1037 0 769 956 567 308 627 714 681 281 393 721 613 753 365 563 610 342 384 325 495 692 439 905 610 490 824 436 549 490 395 805 421 450 502 861 508 155 443 638 200 875 540 480 337 327 448 247 155 1022 558 1087 152
782 911 1066 1259 1243 217 746 626 657 908 1490 1424 106 424 951 777 701 810 662 435 1203 1439 605 459 705 1613 769 0 709 908 724 945 1330 1441 914 417 47 638 780 760 498 222 903 718 731 743 458 1207 622 707 844 552 511 220 322 766 63 563 903 697 92 1054 883 365 568 573 645 1218 423 955 475 785 751 711 1185 255 1522 867
717 620 935 755 1424 494 415 634 761 754 951 1351 627 602 582 159 84 770 768 665 1413 969 1007 383 704 1267 956 709 0 610 683 597 1093 1428 1224 636 704 354 296 656 402 565 1262 612 672 525 306 1313 87 389 613 167 527 695 598 1212 663 535 1329 490 717 851 959 856 318 865 84 1496 965 877 882 1254 751 1020 590 586 1057 1108
256 11 339 400 915 745 208 337 422 186 626 746 894 513 83 466 692 291 425 540 923 540 775 471 318 719 567 908 610 0 279 60 490 834 840 537 873 315 316 215 422 686 908 226 261 165 526 775 610 246 82 571 402 739 602 947 904 352 1017 212 974 242 479 782 395 616 558 1040 879 318 722 999 324 703 456 657 619 704
58 274 344 678 741 612 305 97 143 189 900 734 739 299 358 585 753 98 146 302 733 798 496 380 39 901 308 724 683 279 0 338 606 783 589 311 681 329 450 63 332 511 649 77 18 187 469 631 647 311 196 576 233 523 401 671 736 188 749 201 804 334 275 524 376 338 608 828 612 240 450 722 68 429 723 469 870 457
316 67 377 344 967 773 218 392 481 240 572 774 925 560 25 446 680 351 485 591 977 495 834 498 377 701 627 945 597 60 338 0 496 868 900 586 911 332 300 274 452 723 968 282 319 207 544 824 606 259 141 575 446 784 646 1007 937 398 1077 249 1007 271 537 834 412 674 552 1096 933 369 778 1059 384 763 396 697 577 763
549 481 279 530 760 1200 698 703 701 422 619 357 1338 906 511 941 1176 528 699 906 800 453 992 937 629 323 714 1330 1093 490 606 496 0 481 890 917 1288 801 796 571 886 1114 974 616 598 628 1005 600 1100 735 518 1061 825 1129 1007 1091 1339 773 1102 677 1408 278 560 1104 878 873 1047 944 1172 395 1006 1141 590 868 732 1074 467 773
733 823 495 1002 395 1378 1013 870 793 674 1099 127 1484 1042 890 1296 1506 685 787 1013 454 932 928 1164 782 696 681 1441 1428 834 783 868 481 0 689 1037 1394 1086 1145 788 1116 1259 765 836 787 906 1252 289 1410 1040 816 1349 1011 1221 1138 933 1471 971 883 946 1532 596 559 1124 1148 881 1364 590 1149 555 1006 971 728 789 1188 1210 935 636
589 832 650 1207 358 944 891 601 471 670 1401 742 991 643 924 1156 1278 549 464 585 305 1263 310 852 554 1209 281 914 1224 840 589 900 890 689 0 617 868 888 1033 645 823 806 84 665 606 776 944 400 1166 890 766 1082 696 710 698 244 963 690 212 782 1006 741 373 549 906 378 1141 304 526 570 440 282 526 215 1296 757 1311 136
368 537 649 925 890 349 435 216 244 500 1157 1010 448 35 598 610 678 393 249 31 862 1078 370 252 288 1211 393 417 636 537 311 586 917 1037 617 0 373 364 535 355 243 222 640 321 320 380 336 825 567 408 461 479 151 212 101 576 437 190 696 345 502 645 478 259 341 239 552 912 368 537 249 617 333 402 910 173 1156 525
739 875 1022 1229 1196 211 716 584 612 867 1461 1377 136 381 917 763 702 766 616 389 1156 1406 560 432 661 1573 721 47 704 873 681 911 1288 1394 868 373 0 610 758 719 468 188 859 678 689 707 440 1160 617 678 806 544 473 173 280 725 98 525 862 662 140 1012 836 321 543 525 636 1172 384 911 428 745 706 665 1162 216 1489 820
364 323 602 622 1071 448 115 288 418 416 852 1018 604 330 330 267 425 417 425 385 1061 809 711 178 351 1032 613 638 354 315 329 332 801 1086 888 364 610 0 170 303 144 423 935 259 317 182 212 959 324 73 286 266 219 515 380 912 620 203 1017 140 690 534 605 621 80 555 281 1150 732 531 608 959 397 696 560 411 895 766
469 327 650 505 1182 576 146 435 564 475 726 1062 732 500 285 151 380 521 570 555 1179 711 876 330 481 981 753 780 296 316 450 300 796 1145 1033 535 758 170 0 406 307 576 1086 373 435 266 325 1056 312 143 332 299 388 679 547 1075 755 366 1174 251 822 558 719 791 216 717 257 1279 902 605 777 1123 518 851 405 571 799 905
63 210 324 614 777 633 259 139 207 149 837 729 767 339 295 547 729 115 210 350 773 738 560 384 102 856 365 760 656 215 63 274 571 788 645 355 719 303 406 0 334 542 707 49 45 139 467 657 627 272 132 562 254 567 439 734 768 203 810 165 837 294 313 580 361 401 584 874 672 233 511 786 118 491 660 504 811 511
383 427 656 761 1048 322 248 255 371 474 993 1062 473 207 455 368 455 430 378 268 1030 942 609 51 339 1141 563 498 402 422 332 452 886 1116 823 243 468 144 307 334 0 280 860 284 328 262 137 953 343 210 371 260 127 372 240 814 486 149 928 212 556 610 592 490 99 463 318 1103 601 566 492 857 392 617 704 267 1026 712
570 688 856 1041 1104 138 527 414 466 692 1273 1230 228 218 729 597 580 603 471 248 1071 1217 520 247 497 1392 610 222 565 686 511 723 1114 1259 806 222 188 423 576 542 280 0 815 499 517 520 272 1046 480 490 621 397 290 133 121 714 225 343 846 474 294 836 701 312 360 433 488 1109 414 748 380 746 546 591 979 51 1300 732
655 900 732 1282 415 953 946 650 522 743 1480 823 987 670 992 1203 1313 617 516 609 357 1343 299 884 613 1293 342 903 1262 908 649 968 974 765 84 640 859 935 1086 707 860 815 0 723 667 835 974 476 1200 943 832 1115 735 709 714 180 956 734 128 837 994 820 450 538 947 401 1178 321 498 648 438 208 589 242 1364 767 1393 212
105 224 373 626 815 585 228 111 208 195 853 779 722 301 300 509 684 158 213 319 809 761 556 335 110 895 384 718 612 226 77 282 616 836 665 321 678 259 373 49 284 499 723 0 61 111 417 700 581 235 145 514 208 530 399 738 724 157 822 125 793 338 349 556 313 395 539 905 652 283 495 789 144 499 655 462 837 534
55 256 340 660 754 614 289 104 161 179 883 736 743 307 340 571 742 103 165 313 747 782 514 377 57 890 325 731 672 261 18 319 598 787 606 320 689 317 435 45 328 517 667 61 0 170 464 641 637 296 178 568 234 532 408 689 742 187 768 186 810 324 288 538 367 355 597 844 628 240 466 741 83 448 704 476 854 474
202 168 420 546 916 583 120 202 316 234 777 836 730 352 218 408 601 254 322 386 913 702 658 312 222 879 495 743 525 165 187 207 628 906 776 380 707 182 266 139 262 520 835 111 170 0 377 793 504 136 110 448 238 576 438 845 739 190 931 49 809 355 452 632 253 495 458 1013 734 353 585 895 253 608 552 492 783 645
518 532 787 822 1182 250 327 391 503 602 1048 1196 406 304 542 325 342 567 510 366 1162 1016 706 94 476 1244 692 458 306 526 469 544 1005 1252 944 336 440 212 325 467 137 272 974 417 464 377 0 1090 231 285 487 143 257 396 292 911 430 286 1032 328 496 732 728 550 132 573 224 1230 660 700 578 951 529 733 728 284 1103 839
595 764 462 1048 160 1175 912 698 594 590 1197 357 1262 838 849 1202 1384 542 587 798 200 1038 656 997 616 889 439 1207 1313 775 631 824 600 289 400 825 1160 959 1056 657 953 1046 476 700 641 793 1090 0 1278 929 729 1206 835 987 925 645 1244 804 595 823 1300 577 361 868 1007 635 1239 346 880 457 750 682 565 519 1197 995 1064 360
687 620 923 800 1383 406 406 587 711 738 1006 1340 540 534 594 205 112 739 718 596 1369 1012 937 316 664 1293 905 622 87 610 647 606 1100 1410 1166 567 617 324 312 627 343 480 1200 581 637 504 231 1278 0 373 602 87 470 612 522 1142 576 485 1263 464 630 846 920 777 271 801 55 1446 885 856 809 1183 713 958 651 504 1100 1055
335 254 550 551 1049 521 41 292 420 366 783 966 676 375 256 274 466 388 427 425 1044 736 737 249 339 960 610 707 389 246 311 259 735 1040 890 408 678 73 143 272 210 490 943 235 296 136 285 929 373 0 228 325 258 575 438 934 692 228 1031 110 762 474 584 668 153 576 324 1139 777 488 644 982 379 708 503 474 822 763
177 79 322 483 863 691 197 256 339 143 708 738 836 438 162 482 693 218 343 462 866 617 692 421 235 772 490 844 613 82 196 141 518 816 766 461 806 286 332 132 371 621 832 145 178 110 487 729 602 228 0 551 333 667 531 866 843 281 939 159 913 247 414 701 361 533 552 978 797 274 639 918 244 622 531 590 694 630
619 579 868 802 1307 335 363 511 631 682 1018 1284 479 447 566 233 198 671 638 509 1290 1010 850 230 590 1272 824 552 167 571 576 575 1061 1349 1082 479 544 266 299 562 260 397 1115 514 568 448 143 1206 87 325 551 0 388 528 434 1055 511 406 1175 404 570 799 846 690 201 714 92 1364 799 794 721 1095 641 873 674 419 1098 973
289 404 574 780 924 380 284 141 245 403 1013 967 513 119 456 477 582 330 253 167 905 941 494 163 229 1101 436 511 527 402 233 446 825 1011 696 151 473 219 388 254 127 290 735 208 234 238 257 835 470 258 333 388 0 337 200 697 515 52 807 199 585 547 473 410 213 342 444 976 519 473 389 743 282 493 759 256 1022 585
580 740 859 1116 1028 256 608 428 442 712 1349 1206 282 228 794 717 714 603 446 223 991 1279 410 351 499 1423 549 220 695 739 523 784 1129 1221 710 212 173 515 679 567 372 133 709 530 532 576 396 987 612 575 667 528 337 0 138 593 257 387 728 536 312 857 663 184 464 355 617 1015 281 745 271 622 542 501 1076 111 1359 652
459 604 744 977 986 252 470 304 345 587 1210 1111 346 102 655 598 630 488 351 127 955 1141 428 228 383 1294 490 322 598 602 401 646 1007 1138 698 101 280 380 547 439 240 121 714 399 408 438 292 925 522 438 531 434 200 138 0 629 338 250 757 397 404 732 580 258 336 321 516 998 369 634 292 666 430 482 940 71 1222 616
692 941 830 1338 595 848 945 646 530 802 1549 980 858 609 1029 1175 1253 666 525 547 537 1425 205 828 632 1414 395 766 1212 947 671 1007 1091 933 244 576 725 912 1075 734 814 714 180 738 689 845 911 645 1142 934 866 1055 697 593 629 0 823 709 137 836 854 903 538 410 909 358 1128 493 345 731 337 52 623 245 1393 670 1483 322
794 907 1080 1242 1286 180 732 638 681 917 1472 1448 43 439 941 740 650 826 686 458 1248 1427 656 443 720 1615 805 63 663 904 736 937 1339 1471 963 437 98 620 755 768 486 225 956 724 742 739 430 1244 576 692 843 511 515 257 338 823 0 567 960 691 70 1061 912 418 547 612 603 1267 482 972 522 843 768 757 1159 267 1512 910
243 354 526 735 900 429 249 105 226 352 967 923 564 162 409 469 595 286 233 201 884 892 510 194 190 1049 421 563 535 352 188 398 773 971 690 190 525 203 366 203 149 343 734 157 187 190 286 804 485 228 281 406 52 387 250 709 567 0 813 155 637 495 442 447 217 351 454 962 553 427 415 757 243 493 723 308 972 573
761 1010 857 1398 515 981 1039 739 615 858 1600 947 995 728 1101 1282 1374 728 609 666 454 1466 328 947 712 1421 450 903 1329 1017 749 1077 1102 883 212 696 862 1017 1174 810 928 846 128 822 768 931 1032 595 1263 1031 939 1175 807 728 757 137 960 813 0 929 991 942 571 546 1020 465 1245 382 482 770 466 129 694 323 1471 801 1518 334
228 216 464 581 940 534 109 190 315 278 813 879 682 316 257 384 564 280 321 355 934 745 644 262 230 928 502 697 490 212 201 249 677 946 782 345 662 140 251 165 212 474 837 125 186 49 328 823 464 110 159 404 199 536 397 836 691 155 929 0 762 404 474 602 207 482 420 1029 707 391 562 886 269 605 572 448 827 654
862 978 1148 1312 1336 246 802 706 745 986 1541 1512 91 506 1011 802 698 893 750 522 1296 1498 697 512 787 1685 861 92 717 974 804 1007 1408 1532 1006 502 140 690 822 837 556 294 994 793 810 809 496 1300 630 762 913 570 585 312 404 854 70 637 991 762 0 1131 973 457 616 666 660 1309 508 1038 567 870 835 804 1225 334 1582 960
278 231 114 480 730 922 440 428 445 145 661 504 1060 631 294 709 932 268 444 636 749 524 770 661 361 568 508 1054 851 242 334 271 278 596 741 645 1012 534 558 294 610 836 820 338 324 355 732 577 846 474 247 799 547 857 732 903 1061 495 942 404 1131 0 370 848 609 632 795 881 926 172 760 955 329 662 621 798 579 608
250 470 291 834 466 824 573 337 237 300 1029 545 925 486 562 858 1027 199 231 454 460 894 435 635 256 883 155 883 959 479 275 537 560 559 373 478 836 605 719 313 592 701 450 349 288 452 728 361 920 584 414 846 473 663 580 538 912 442 571 474 973 370 0 583 648 338 882 564 631 198 472 590 207 308 933 652 947 238
573 780 825 1177 887 441 694 445 403 709 1407 1126 450 293 849 855 882 580 405 246 844 1318 240 485 490 1414 443 365 856 782 524 834 1104 1124 549 259 321 621 791 580 490 312 538 556 538 632 550 868 777 668 701 690 410 184 258 410 418 447 546 602 457 848 583 0 589 245 774 852 111 709 118 437 518 354 1169 276 1392 514
418 402 671 695 1112 372 195 317 443 485 924 1085 528 306 410 269 380 470 450 366 1098 887 704 114 392 1112 638 568 318 395 376 412 878 1148 906 341 543 80 216 361 99 360 947 313 367 253 132 1007 271 153 361 201 213 464 336 909 547 217 1020 207 616 609 648 589 0 555 237 1179 700 593 590 953 442 705 619 355 973 790
374 612 593 1016 674 570 590 293 196 504 1238 880 635 268 694 818 913 366 194 208 639 1130 162 484 299 1190 200 573 865 616 338 674 873 881 378 239 525 555 717 401 463 433 401 395 355 495 573 635 801 576 533 714 342 355 321 358 612 351 465 482 666 632 338 245 555 0 781 677 298 479 134 405 309 162 1048 382 1198 299
645 568 875 746 1347 428 355 554 680 691 954 1291 569 518 540 155 144 698 687 581 1335 957 923 299 627 1238 875 645 84 558 608 552 1047 1364 1141 552 636 281 257 584 318 488 1178 539 597 458 224 1239 55 324 552 92 444 617 516 1128 603 454 1245 420 660 795 882 774 237 781 0 1416 884 810 798 1170 675 936 601 506 1046 1026
812 1030 771 1361 196 1247 1133 863 735 855 1527 687 1296 937 1121 1412 1557 763 728 881 145 1372 612 1136 800 1235 540 1218 1496 1040 828 1096 944 590 304 912 1172 1150 1279 874 1103 1109 321 905 844 1013 1230 346 1446 1139 978 1364 976 1015 998 493 1267 962 382 1029 1309 881 564 852 1179 677 1416 0 819 731 745 507 760 517 1487 1059 1404 391
657 876 892 1277 879 534 802 541 482 792 1505 1163 519 402 949 967 990 658 482 352 830 1410 224 597 576 1488 480 423 965 879 612 933 1172 1149 526 368 384 732 902 672 601 414 498 652 628 734 660 880 885 777 797 799 519 281 369 345 482 553 482 707 508 926 631 111 700 298 884 819 0 777 166 361 598 361 1276 382 1482 519
184 307 116 640 597 852 465 336 308 133 831 496 977 532 395 754 954 145 305 522 608 696 606 616 251 711 337 955 877 318 240 369 395 555 570 537 911 531 605 233 566 748 648 283 240 353 700 457 856 488 274 794 473 745 634 731 972 427 770 391 1038 172 198 709 593 479 810 731 777 0 611 783 204 493 756 704 751 436
493 718 727 1121 771 517 664 386 316 627 1348 1011 551 284 795 860 919 492 316 224 729 1248 140 500 413 1321 327 475 882 722 450 778 1006 1006 440 249 428 608 777 511 492 380 438 495 466 585 578 750 809 644 639 721 389 271 292 337 522 415 466 562 567 760 472 118 590 134 798 745 166 611 0 374 432 238 1134 334 1319 397
744 993 881 1391 623 877 994 696 581 855 1602 1023 880 652 1081 1220 1293 718 577 589 563 1477 248 870 683 1464 448 785 1254 999 722 1059 1141 971 282 617 745 959 1123 786 857 746 208 789 741 895 951 682 1183 982 918 1095 743 622 666 52 843 757 129 886 870 955 590 437 953 405 1170 507 361 783 374 0 676 298 1445 703 1535 370
68 317 316 716 673 655 372 141 116 194 933 687 774 329 406 654 820 62 116 318 665 821 460 438 53 896 247 751 751 324 68 384 590 728 526 333 706 397 518 118 392 546 589 144 83 253 529 565 713 379 244 641 282 542 430 623 768 243 694 269 835 329 207 518 442 309 675 760 598 204 432 676 0 379 776 501 889 392
447 696 597 1093 533 729 715 416 292 557 1304 810 783 430 785 963 1071 420 286 370 491 1182 139 642 390 1191 155 711 1020 703 429 763 868 789 215 402 665 696 851 491 617 591 242 499 448 608 733 519 958 708 622 873 493 501 482 245 757 493 323 605 804 662 308 354 705 162 936 517 361 493 238 298 379 0 1152 541 1242 160
709 464 735 221 1348 979 475 754 863 634 364 1075 1134 877 372 446 663 747 867 924 1363 422 1210 732 761 776 1022 1185 590 456 723 396 732 1188 1296 910 1162 560 405 660 704 979 1364 655 704 552 728 1197 651 503 531 674 759 1076 940 1393 1159 723 1471 572 1225 621 933 1169 619 1048 601 1487 1276 756 1134 1445 776 1152 0 971 503 1160
528 659 813 1022 1052 188 510 372 417 653 1255 1183 275 172 705 605 608 559 423 197 1020 1193 474 242 453 1357 558 255 586 657 469 697 1074 1210 757 173 216 411 571 504 267 51 767 462 476 492 284 995 504 474 590 419 256 111 71 670 267 308 801 448 334 798 652 276 355 382 506 1059 382 704 334 703 501 541 971 0 1275 680
825 618 661 303 1225 1344 781 947 1003 694 195 808 1498 1132 571 899 1137 833 1004 1157 1261 88 1344 1070 905 315 1087 1522 1057 619 870 577 467 935 1311 1156 1489 895 799 811 1026 1300 1393 837 854 783 1103 1064 1100 822 694 1098 1022 1359 1222 1483 1512 972 1518 827 1582 579 947 1392 973 1198 1046 1404 1482 751 1319 1535 889 1242 503 1275 0 1183
454 695 522 1071 376 868 761 477 348 533 1267 668 933 548 787 1032 1167 412 341 494 340 1131 295 745 424 1095 152 867 1108 704 457 763 773 636 136 525 820 766 905 511 712 732 212 534 474 645 839 360 1055 763 630 973 585 652 616 322 910 573 334 654 960 608 238 514 790 299 1026 391 519 436 397 370 392 160 1160 680 1183 0
