0 584 5 376 541 321 1073 375 482 1291 179 192 1172 160 504 395
584 0 585 960 1121 905 635 931 1052 1771 409 461 1627 447 295 957
5 585 0 375 539 320 1076 377 479 1294 179 196 1167 163 507 393
376 960 375 0 169 55 1422 207 153 1059 552 540 935 527 857 144
541 1121 539 169 0 222 1591 332 104 1035 711 709 817 695 1027 194
321 905 320 55 222 0 1370 200 190 1090 496 486 963 472 804 150
1073 635 1076 1422 1591 1370 0 1311 1549 1926 945 887 2220 913 569 1468
375 931 377 207 332 200 1311 0 356 929 549 474 1137 484 768 346
482 1052 479 153 104 190 1549 356 0 1132 643 662 781 641 981 98
1291 1771 1294 1059 1035 1090 1926 929 1132 0 1449 1325 1722 1357 1524 1190
179 409 179 552 711 496 945 549 643 1449 0 168 1275 114 389 550
192 461 196 540 709 486 887 474 662 1325 168 0 1363 55 318 581
1172 1627 1167 935 817 963 2220 1137 781 1722 1275 1363 0 1324 1661 818
160 447 163 527 695 472 913 484 641 1357 114 55 1324 0 344 556
504 295 507 857 1027 804 569 768 981 1524 389 318 1661 344 0 899
395 957 393 144 194 150 1468 346 98 1190 550 581 818 556 899 0
