0 588 739 1222 201 1365 159 525 1580 20 1300 1188 1038 1586 428 1043 916
588 0 191 1195 772 1947 714 731 1962 596 865 1773 612 1296 1016 482 771
739 191 0 1103 933 2104 877 923 1982 743 677 1926 686 1129 1156 454 928
1222 1195 1103 0 1370 2210 1362 1713 1213 1206 877 2029 1788 655 1368 1537 1944
201 772 933 1370 0 1174 63 496 1576 204 1500 1000 1155 1773 283 1206 957
1365 1947 2104 2210 1174 0 1233 1442 1655 1361 2615 186 2250 2772 962 2364 1915
159 714 877 1362 63 1233 0 454 1617 167 1457 1061 1093 1744 345 1143 903
525 731 923 1713 496 1442 454 0 2070 545 1592 1300 815 1980 755 995 493
1580 1962 1982 1213 1576 1655 1617 2070 0 1561 2045 1531 2552 1858 1355 2428 2497
20 596 743 1206 204 1361 167 545 1561 0 1296 1183 1054 1576 419 1055 936
1300 865 677 877 1500 2615 1457 1592 2045 1296 0 2430 1253 532 1656 918 1584
1188 1773 1926 2029 1000 186 1061 1300 1531 1183 2430 0 2099 2587 778 2198 1783
1038 612 686 1788 1155 2250 1093 815 2552 1054 1253 2099 0 1765 1438 347 453
1586 1296 1129 655 1773 2772 1744 1980 1858 1576 532 2587 1765 0 1856 1440 2057
428 1016 1156 1368 283 962 345 755 1355 419 1656 778 1438 1856 0 1470 1233
1043 482 454 1537 1206 2364 1143 995 2428 1055 918 2198 347 1440 1470 0 760
916 771 928 1944 957 1915 903 493 2497 936 1584 1783 453 2057 1233 760 0
