0 1311 663 1358 882 768 216 153 89 1597 949 459 1306 959 1636 764
1311 0 1054 2103 1600 1903 1461 1170 1328 404 718 1754 2134 1984 2360 1297
663 1054 0 1986 550 900 652 537 605 1187 1113 923 1948 940 1344 255
1358 2103 1986 0 2221 1910 1494 1453 1441 2499 1391 1462 134 2147 2895 2121
882 1600 550 2221 0 562 727 841 794 1688 1616 850 2154 475 811 302
768 1903 900 1910 562 0 551 831 694 2083 1699 448 1818 238 991 750
216 1461 652 1494 727 551 0 303 148 1714 1158 297 1427 747 1442 677
153 1170 537 1453 841 831 303 0 159 1446 868 586 1412 996 1628 676
89 1328 605 1441 794 694 148 159 0 1596 1011 426 1385 877 1548 686
1597 404 1187 2499 1688 2083 1714 1446 1596 0 1120 2011 2525 2123 2376 1392
949 718 1113 1391 1616 1699 1158 868 1011 1120 0 1399 1431 1858 2428 1358
459 1754 923 1462 850 448 297 586 426 2011 1399 0 1372 685 1434 894
1306 2134 1948 134 2154 1818 1427 1412 1385 2525 1431 1372 0 2056 2807 2070
959 1984 940 2147 475 238 747 996 877 2123 1858 685 2056 0 753 737
1636 2360 1344 2895 811 991 1442 1628 1548 2376 2428 1434 2807 753 0 1089
764 1297 255 2121 302 750 677 676 686 1392 1358 894 2070 737 1089 0
