0 28 686 645 112 1041 487 761 472 28 1672 1165 91 402 271 768
28 0 657 674 141 1069 459 764 501 55 1665 1145 103 392 271 781
686 657 0 1328 795 1723 267 1031 1158 709 1680 826 710 637 701 1206
645 674 1328 0 544 395 1103 1064 197 625 1819 1731 647 928 770 883
112 141 795 544 0 939 599 739 364 86 1725 1226 108 434 281 706
1041 1069 1723 395 939 0 1494 1370 581 1021 2011 2100 1040 1303 1149 1142
487 459 267 1103 599 1494 0 1026 949 514 1498 1030 538 595 596 1142
761 764 1031 1064 739 1370 1026 0 883 745 2425 846 671 432 494 280
472 501 1158 197 364 581 949 883 0 449 1832 1534 461 731 573 728
28 55 709 625 86 1021 514 745 449 0 1693 1171 74 398 260 744
1672 1665 1680 1819 1725 2011 1498 2425 1832 1693 0 2506 1764 2013 1931 2431
1165 1145 826 1731 1226 2100 1030 846 1534 1171 2506 0 1118 804 964 1125
91 103 710 647 108 1040 538 671 461 74 1764 1118 0 332 188 678
402 392 637 928 434 1303 595 432 731 398 2013 804 332 0 159 569
271 271 701 770 281 1149 596 494 573 260 1931 964 188 159 0 550
768 781 1206 883 706 1142 1142 280 728 744 2431 1125 678 569 550 0
