0 85 992 354 263 452 735 969 493 1340 1555 1035 936 1285 988 1281
85 0 935 385 347 535 757 1053 526 1322 1641 970 1021 1201 972 1274
992 935 0 858 1151 1260 823 1721 870 2060 2320 146 1723 1134 502 2069
354 385 858 0 333 403 382 878 140 1694 1484 947 872 1475 698 1632
263 347 1151 333 0 191 676 706 428 1471 1296 1218 674 1548 1031 1385
452 535 1260 403 191 0 658 521 439 1614 1120 1343 497 1735 1066 1515
735 757 823 382 676 658 0 975 252 2075 1543 952 998 1708 448 2014
969 1053 1721 878 706 521 975 0 851 1944 606 1821 73 2254 1423 1814
493 526 870 140 428 439 252 851 0 1832 1450 975 857 1586 626 1766
1340 1322 2060 1694 1471 1614 2075 1944 1832 0 2327 2016 1877 1418 2265 173
1555 1641 2320 1484 1296 1120 1543 606 1450 2327 0 2424 623 2834 1988 2173
1035 970 146 947 1218 1343 952 1821 975 2016 2424 0 1819 1009 648 2036
936 1021 1723 872 674 497 998 73 857 1877 623 1819 0 2219 1445 1745
1285 1201 1134 1475 1548 1735 1708 2254 1586 1418 2834 1009 2219 0 1586 1518
988 972 502 698 1031 1066 448 1423 626 2265 1988 648 1445 1586 0 2236
1281 1274 2069 1632 1385 1515 2014 1814 1766 173 2173 2036 1745 1518 2236 0
