0 15 246 94 1551 1101 345 47 1115 1079 1132 591 1004 738 1696 638
15 0 239 95 1562 1106 332 44 1117 1090 1143 580 991 746 1687 647
246 239 0 167 1789 957 429 280 1347 1316 1091 367 1040 984 1827 579
94 95 167 0 1621 1013 399 140 1210 1148 1070 530 1053 822 1775 566
1551 1562 1789 1621 0 2249 1672 1530 955 473 1914 2143 2051 852 2035 1764
1101 1106 957 1013 2249 0 1384 1148 2154 1824 491 1034 1980 1665 2781 520
345 332 429 399 1672 1384 0 311 1030 1220 1469 589 659 820 1397 965
47 44 280 140 1530 1148 311 0 1073 1059 1174 613 970 708 1650 683
1115 1117 1347 1210 955 2154 1030 1073 0 734 2014 1612 1174 533 1101 1638
1079 1090 1316 1148 473 1824 1220 1059 734 0 1539 1671 1666 413 1825 1321
1132 1143 1091 1070 1914 491 1469 1174 2014 1539 0 1306 2120 1487 2811 512
591 580 367 530 2143 1034 589 613 1612 1671 1306 0 1001 1316 1889 824
1004 991 1040 1053 2051 1980 659 970 1174 1666 2120 1001 0 1257 926 1610
738 746 984 822 852 1665 820 708 533 413 1487 1316 1257 0 1521 1145
1696 1687 1827 1775 2035 2781 1397 1650 1101 1825 2811 1889 926 1521 0 2333
638 647 579 566 1764 520 965 683 1638 1321 512 824 1610 1145 2333 0
