0 1037 500 153 113 1242 1424 1415 137 644 1012 1674 1203 1724 588 1550
1037 0 556 1090 966 1486 526 377 1007 1462 133 1828 2237 1959 609 2556
500 556 0 534 455 1161 1013 932 509 1042 514 1568 1703 1865 401 2049
153 1090 534 0 260 1104 1513 1467 291 760 1047 1536 1188 1875 708 1564
113 966 455 260 0 1316 1329 1341 60 615 953 1748 1271 1637 481 1598
1242 1486 1161 1104 1316 0 2011 1741 1367 1861 1361 432 1952 2949 1556 2395
1424 526 1013 1513 1329 2011 0 398 1353 1680 650 2344 2572 1816 863 2834
1415 377 932 1467 1341 1741 398 0 1380 1810 436 2033 2612 2149 950 2923
137 1007 509 291 60 1367 1353 1380 0 555 1000 1800 1233 1590 496 1551
644 1462 1042 760 615 1861 1680 1810 555 0 1486 2290 979 1229 859 1161
1012 133 514 1047 953 1361 650 436 1000 1486 0 1697 2216 2058 656 2551
1674 1828 1568 1536 1748 432 2344 2033 1800 2290 1697 0 2311 3379 1969 2757
1203 2237 1703 1188 1271 1952 2572 2612 1233 979 2216 2311 0 2043 1709 445
1724 1959 1865 1875 1637 2949 1816 2149 1590 1229 2058 3379 2043 0 1479 1995
588 609 401 708 481 1556 863 950 496 859 656 1969 1709 1479 0 1986
1550 2556 2049 1564 1598 2395 2834 2923 1551 1161 2551 2757 445 1995 1986 0
