0 488 809 887 621 963 1299 1119 996 1056 1689 1152 1264 933 653 1379
488 0 1297 1339 1106 1447 964 1075 882 1543 2169 746 1587 1386 587 1080
809 1297 0 425 211 215 1992 1557 1555 259 917 1907 1072 411 1276 2035
887 1339 425 0 537 311 2177 1857 1335 431 869 2039 648 837 1125 2245
621 1106 211 537 0 417 1780 1359 1456 471 1129 1698 1154 392 1152 1823
963 1447 215 311 417 0 2189 1772 1594 126 728 2091 940 584 1346 2237
1299 964 1992 2177 1780 2189 0 727 1776 2251 2909 295 2531 1889 1534 150
1119 1075 1557 1857 1359 1772 727 0 1951 1799 2441 888 2360 1335 1631 665
996 882 1555 1335 1456 1594 1776 1951 0 1719 2184 1504 1174 1839 344 1912
1056 1543 259 431 471 126 2251 1799 1719 0 658 2166 1043 544 1467 2292
1689 2169 917 869 1129 728 2909 2441 2184 658 0 2819 1190 1125 1994 2950
1152 746 1907 2039 1698 2091 295 888 1504 2166 2819 0 2333 1866 1285 445
1264 1587 1072 648 1154 940 2531 2360 1174 1043 1190 2333 0 1484 1137 2627
933 1386 411 837 392 584 1889 1335 1839 544 1125 1866 1484 0 1524 1902
653 587 1276 1125 1152 1346 1534 1631 344 1467 1994 1285 1137 1524 0 1659
1379 1080 2035 2245 1823 2237 150 665 1912 2292 2950 445 2627 1902 1659 0
