0 1092 770 267 1698 781 1654 905 528 401 1377 1271 1190 1471 1339 362
1092 0 1784 960 2690 1615 2481 1699 873 1234 481 336 1556 2562 2317 976
770 1784 0 1025 928 1153 1774 449 963 998 2129 2012 1047 902 569 816
267 960 1025 0 1948 706 1601 1169 654 294 1171 1080 1405 1652 1595 536
1698 2690 928 1948 0 1913 2234 1048 1832 1878 3055 2934 1559 815 372 1713
781 1615 1153 706 1913 0 894 1501 1305 414 1696 1647 1931 1341 1635 1144
1654 2481 1774 1601 2234 894 0 2202 2182 1308 2486 2464 2724 1450 2080 2012
905 1699 449 1169 1048 1501 2202 0 825 1248 2112 1979 614 1297 691 752
528 873 963 654 1832 1305 2182 825 0 905 1298 1160 806 1825 1460 182
401 1234 998 294 1878 414 1308 1248 905 0 1386 1314 1590 1469 1549 756
1377 481 2129 1171 3055 1696 2486 2112 1298 1386 0 145 2027 2823 2686 1363
1271 336 2012 1080 2934 1647 2464 1979 1160 1314 145 0 1882 2729 2564 1233
1190 1556 1047 1405 1559 1931 2724 614 806 1590 2027 1882 0 1911 1246 871
1471 2562 902 1652 815 1341 1450 1297 1825 1469 2823 2729 1911 0 796 1657
1339 2317 569 1595 372 1635 2080 691 1460 1549 2686 2564 1246 796 0 1341
362 976 816 536 1713 1144 2012 752 182 756 1363 1233 871 1657 1341 0
