0 1104 924 708 412 1062 202 297 644 763 391 883 1153 706 1259 366
1104 0 399 848 1496 2129 1267 895 1516 1846 973 1890 2209 1295 1056 1295
924 399 0 469 1263 1987 1118 816 1469 1598 944 1790 1929 931 1325 1207
708 848 469 0 927 1718 908 767 1345 1224 922 1580 1513 464 1575 1065
412 1496 1263 927 0 808 358 701 723 352 757 747 741 687 1625 539
1062 2129 1987 1718 808 0 872 1235 712 668 1183 309 850 1487 1858 844
202 1267 1118 908 358 872 0 391 464 672 409 681 1075 852 1269 208
297 895 816 767 701 1235 391 0 652 1045 155 998 1441 920 971 403
644 1516 1469 1345 723 712 464 652 0 904 544 413 1278 1315 1149 280
763 1846 1598 1224 352 668 672 1045 904 0 1082 751 402 887 1933 809
391 973 944 922 757 1183 409 155 544 1082 0 922 1484 1061 873 339
883 1890 1790 1580 747 309 681 998 413 751 922 0 1043 1430 1551 595
1153 2209 1929 1513 741 850 1075 1441 1278 402 1484 1043 0 1103 2335 1209
706 1295 931 464 687 1487 852 920 1315 887 1061 1430 1103 0 1862 1055
1259 1056 1325 1575 1625 1858 1269 971 1149 1933 873 1551 2335 1862 0 1128
366 1295 1207 1065 539 844 208 403 280 809 339 595 1209 1055 1128 0
