0 955 1287 1675 1321 1287 200 429 471 362 700 905 348 495 498 226
955 0 332 2546 1253 1635 1152 1316 1418 1229 264 630 1296 1029 1333 758
1287 332 0 2858 1382 1850 1484 1640 1749 1557 591 831 1628 1326 1657 1087
1675 2546 2858 0 2045 1460 1488 1253 1233 1637 2283 2573 1446 1539 1662 1810
1321 1253 1382 2045 0 630 1387 1289 1497 1671 1138 1773 1566 870 1807 1152
1287 1635 1850 1460 630 0 1258 1052 1249 1565 1437 2009 1400 800 1687 1213
200 1152 1484 1488 1387 1258 0 271 271 307 895 1085 185 520 434 405
429 1316 1640 1253 1289 1052 271 0 209 545 1051 1335 355 444 650 562
471 1418 1749 1233 1497 1249 271 209 0 429 1158 1344 225 642 503 663
362 1229 1557 1637 1671 1565 307 545 429 0 998 993 205 816 136 580
700 264 591 2283 1138 1437 895 1051 1158 998 0 637 1046 777 1111 495
905 630 831 2573 1773 2009 1085 1335 1344 993 637 0 1147 1249 1040 838
348 1296 1628 1446 1566 1400 185 355 225 205 1046 1147 0 697 295 572
495 1029 1326 1539 870 800 520 444 642 816 777 1249 697 0 949 421
498 1333 1657 1662 1807 1687 434 650 503 136 1111 1040 295 949 0 712
226 758 1087 1810 1152 1213 405 562 663 580 495 838 572 421 712 0
