0 1119 685 1030 1053 213 341 340 1201 517 1133 663 1217 1574 568 1252 193
1119 0 1804 1311 2038 1253 1293 1036 504 611 905 1206 925 2560 875 150 1217
685 1804 0 1361 717 596 621 882 1852 1198 1686 1041 1749 1125 1143 1937 630
1030 1311 1361 0 1991 1233 791 1316 1711 955 1897 1658 584 2469 1438 1453 1220
1053 2038 717 1991 0 849 1200 1003 1900 1516 1575 907 2268 527 1188 2140 879
213 1253 596 1233 849 0 489 288 1256 681 1106 531 1428 1373 550 1375 36
341 1293 621 791 1200 489 0 681 1473 691 1460 998 1128 1687 902 1439 489
340 1036 882 1316 1003 288 681 0 978 542 821 342 1389 1527 261 1143 258
1201 504 1852 1711 1900 1256 1473 978 0 816 462 996 1407 2392 732 457 1221
517 611 1198 955 1516 681 691 542 816 0 941 833 872 2043 533 752 646
1133 905 1686 1897 1575 1106 1460 821 462 941 0 684 1717 2030 566 900 1078
663 1206 1041 1658 907 531 998 342 996 833 684 0 1702 1396 334 1282 518
1217 925 1749 584 2268 1428 1128 1389 1407 872 1717 1702 0 2782 1404 1040 1402
1574 2560 1125 2469 527 1373 1687 1527 2392 2043 2030 1396 2782 0 1698 2656 1405
568 875 1143 1438 1188 550 902 261 732 533 566 334 1404 1698 0 960 519
1252 150 1937 1453 2140 1375 1439 1143 457 752 900 1282 1040 2656 960 0 1339
193 1217 630 1220 879 36 489 258 1221 646 1078 518 1402 1405 519 1339 0
