0 593 1428 116 382 901 690 471 88 1223 640 1291 1043 674 213 40 261
593 0 1085 632 480 502 689 397 533 1806 891 1775 493 443 538 584 660
1428 1085 0 1373 1052 584 1775 957 1428 2328 1108 1978 1265 1520 1512 1393 1629
116 632 1373 0 321 874 804 430 196 1175 527 1196 1104 771 328 82 374
382 480 1052 321 0 566 934 124 404 1418 416 1306 972 799 520 345 618
901 502 584 874 566 0 1190 446 884 1970 814 1767 776 941 949 872 1071
690 689 1775 804 934 1190 0 939 607 1740 1303 1949 794 286 476 721 476
471 397 957 430 124 446 939 0 474 1543 498 1417 878 768 571 438 681
88 533 1428 196 404 884 607 474 0 1300 707 1380 967 586 134 114 213
1223 1806 2328 1175 1418 1970 1740 1543 1300 0 1219 642 2266 1849 1366 1225 1296
640 891 1108 527 416 814 1303 498 707 1219 0 953 1377 1204 841 601 901
1291 1775 1978 1196 1306 1767 1949 1417 1380 642 953 0 2268 1965 1491 1273 1472
1043 493 1265 1104 972 776 794 878 967 2266 1377 2268 0 521 920 1044 1021
674 443 1520 771 799 941 286 768 586 1849 1204 1965 521 0 488 692 555
213 538 1512 328 520 949 476 571 134 1366 841 1491 920 488 0 246 123
40 584 1393 82 345 872 721 438 114 1225 601 1273 1044 692 246 0 301
261 660 1629 374 618 1071 476 681 213 1296 901 1472 1021 555 123 301 0
