0 1614 401 301 441 1392 500 1111 588 1246 75 1325 1648 1014 1051 1499
1614 0 1916 1830 1813 2189 1892 1888 1025 2780 1645 2676 187 1602 2554 2140
401 1916 0 517 714 1121 169 898 913 874 436 924 1975 1388 663 1262
301 1830 517 0 197 1618 671 1362 823 1205 231 1394 1840 908 1051 1744
441 1813 714 197 0 1806 865 1541 850 1374 366 1587 1803 726 1234 1926
1392 2189 1121 1618 1806 0 953 325 1536 1313 1460 880 2329 2384 1129 193
500 1892 169 671 865 953 0 729 925 890 552 848 1967 1512 662 1093
1111 1888 898 1362 1541 325 729 0 1212 1306 1183 958 2021 2081 1089 388
588 1025 913 823 850 1536 925 1212 0 1787 622 1764 1066 997 1572 1574
1246 2780 874 1205 1374 1313 890 1306 1787 0 1254 490 2847 2101 234 1506
75 1645 436 231 366 1460 552 1183 622 1254 0 1360 1671 959 1068 1570
1325 2676 924 1394 1587 880 848 958 1764 490 1360 0 2772 2297 414 1072
1648 187 1975 1840 1803 2329 1967 2021 1066 2847 1671 2772 0 1518 2626 2290
1014 1602 1388 908 726 2384 1512 2081 997 2101 959 2297 1518 0 1959 2468
1051 2554 663 1051 1234 1129 662 1089 1572 234 1068 414 2626 1959 0 1319
1499 2140 1262 1744 1926 193 1093 388 1574 1506 1570 1072 2290 2468 1319 0
