0 429 1353 1154 1304 1336 390 770 402 105 801 832 24 689 511 312
429 0 944 781 1337 1557 94 970 596 361 1191 1049 434 411 937 738
1353 944 0 286 1533 2418 964 1554 1515 1302 2135 1632 1364 1038 1832 1639
1154 781 286 0 1254 2321 776 1275 1376 1119 1952 1352 1168 984 1605 1418
1304 1337 1533 1254 0 2606 1247 631 1706 1374 1890 630 1329 1747 1362 1303
1336 1557 2418 2321 2606 0 1594 2001 974 1302 828 2035 1311 1384 1311 1311
390 94 964 776 1247 1594 0 876 623 343 1177 956 399 505 885 687
770 970 1554 1275 631 2001 876 0 1162 862 1260 82 793 1365 731 690
402 596 1515 1376 1706 974 623 1162 0 339 677 1219 377 580 693 553
105 361 1302 1119 1374 1302 343 862 339 0 834 927 93 585 600 405
801 1191 2135 1952 1890 828 1177 1260 677 834 0 1277 785 1258 530 611
832 1049 1632 1352 630 2035 956 82 1219 927 1277 0 854 1441 747 727
24 434 1364 1168 1329 1311 399 793 377 93 785 854 0 678 511 314
689 411 1038 984 1747 1384 505 1365 580 585 1258 1441 678 0 1173 985
511 937 1832 1605 1362 1311 885 731 693 600 530 747 511 1173 0 199
312 738 1639 1418 1303 1311 687 690 553 405 611 727 314 985 199 0
