0 609 792 1387 1514 865 1102 885 1087 607 1438 669 756 670 68 652
609 0 888 1813 1060 1469 1430 1040 646 1196 2023 104 360 430 545 1261
792 888 0 2138 1093 1198 1891 156 788 1236 1559 841 1233 1245 757 1150
1387 1813 2138 0 2855 1276 444 2189 2425 940 1686 1911 1668 1508 1445 1106
1514 1060 1093 2855 0 2223 2488 1205 430 2111 2647 956 1330 1458 1447 2101
865 1469 1198 1276 2223 0 1278 1169 1829 465 599 1516 1602 1488 925 270
1102 1430 1891 444 2488 1278 0 1968 2064 840 1798 1533 1247 1088 1148 1042
885 1040 156 2189 1205 1169 1968 0 929 1266 1476 996 1380 1384 859 1157
1087 646 788 2425 430 1829 2064 929 0 1688 2291 541 953 1064 1019 1689
607 1196 1236 940 2111 465 840 1266 1688 0 1048 1268 1243 1108 676 204
1438 2023 1559 1686 2647 599 1798 1476 2291 1048 0 2057 2188 2081 1492 867
669 104 841 1911 956 1516 1533 996 541 1268 2057 0 446 531 601 1319
756 360 1233 1668 1330 1602 1247 1380 953 1243 2188 446 0 160 712 1358
670 430 1245 1508 1458 1488 1088 1384 1064 1108 2081 531 160 0 638 1236
68 545 757 1445 1447 925 1148 859 1019 676 1492 601 712 638 0 718
652 1261 1150 1106 2101 270 1042 1157 1689 204 867 1319 1358 1236 718 0
