0 1255 56 764 1371 404 971 1043 977 362 840 240 1179 1258 1164 814
1255 0 1251 1937 713 1569 2134 288 1720 1336 2080 1061 1224 2172 229 1953
56 1251 0 739 1339 448 945 1050 1033 307 860 272 1226 1212 1151 854
764 1937 739 0 1831 790 206 1770 1463 607 654 1005 1895 668 1796 944
1371 713 1339 1831 0 1767 1992 899 2145 1254 2188 1284 1830 1836 506 2180
404 1569 448 790 1767 0 971 1320 688 694 533 513 1144 1418 1515 413
971 2134 945 206 1992 971 0 1972 1628 798 738 1212 2092 590 1985 1069
1043 288 1050 1770 899 1320 1972 0 1432 1189 1844 827 955 2084 399 1690
977 1720 1033 1463 2145 688 1628 1432 0 1331 995 910 758 2105 1759 636
362 1336 307 607 1254 694 798 1189 1331 0 966 544 1516 941 1188 1063
840 2080 860 654 2188 533 738 1844 995 966 0 1019 1623 1312 2004 367
240 1061 272 1005 1284 513 1212 827 910 544 1019 0 971 1476 1002 915
1179 1224 1226 1895 1830 1144 2092 955 758 1516 1623 971 0 2438 1350 1313
1258 2172 1212 668 1836 1418 590 2084 2105 941 1312 1476 2438 0 1980 1613
1164 229 1151 1796 506 1515 1985 399 1759 1188 2004 1002 1350 1980 0 1915
814 1953 854 944 2180 413 1069 1690 636 1063 367 915 1313 1613 1915 0
