0 733 1070 314 1595 2 441 1498 934 689 1038 384 156 1088 1163 1499 1698
733 0 1595 650 1329 731 393 1845 1426 357 1569 357 760 385 1760 1078 1019
1070 1595 0 1384 2666 1071 1469 563 172 1710 1760 1281 1199 1806 248 1697 2612
314 650 1384 0 1283 314 261 1808 1248 460 929 409 198 1036 1466 1609 1495
1595 1329 2666 1283 0 1595 1229 3057 2525 1029 1543 1469 1475 1512 2747 2340 1100
2 731 1071 314 1595 0 439 1497 934 687 1040 382 157 1086 1164 1497 1696
441 393 1469 261 1229 439 0 1828 1316 248 1176 254 406 778 1588 1404 1266
1498 1845 563 1808 3057 1497 1828 0 605 2046 2304 1598 1646 1954 732 1591 2816
934 1426 172 1248 2525 934 1316 605 0 1553 1701 1119 1071 1633 397 1544 2442
689 357 1710 460 1029 687 248 2046 1553 0 1293 447 638 697 1835 1435 1034
1038 1569 1760 929 1543 1040 1176 2304 1701 1293 0 1327 905 1953 1703 2520 2233
384 357 1281 409 1469 382 254 1598 1119 447 1327 0 445 703 1427 1200 1360
156 760 1199 198 1475 157 406 1646 1071 638 905 445 0 1135 1271 1616 1670
1088 385 1806 1036 1512 1086 778 1954 1633 697 1953 703 1135 0 2001 829 873
1163 1760 248 1466 2747 1164 1588 732 397 1835 1703 1427 1271 2001 0 1940 2779
1499 1078 1697 1609 2340 1497 1404 1591 1544 1435 2520 1200 1616 829 1940 0 1591
1698 1019 2612 1495 1100 1696 1266 2816 2442 1034 2233 1360 1670 873 2779 1591 0
