0 1053 800 739 1272 993 1709 1661 1236 1540 1687 1440 1231 1389 868 659
1053 0 1844 1766 2157 2047 2319 617 1949 1092 2151 776 1122 1431 656 420
800 1844 0 128 738 251 1433 2457 976 2090 1570 2208 1872 1929 1622 1459
739 1766 128 0 671 378 1334 2382 867 1969 1456 2168 1868 1945 1586 1393
1272 2157 738 671 0 870 750 2765 424 2010 976 2697 2485 2592 2138 1856
993 2047 251 378 870 0 1605 2653 1175 2340 1774 2350 1957 1974 1764 1648
1709 2319 1433 1334 750 1605 0 2869 485 1794 331 2994 2930 3097 2502 2134
1661 617 2457 2382 2765 2653 2869 0 2533 1353 2666 756 1358 1667 1056 1006
1236 1949 976 867 424 1175 485 2533 0 1637 598 2575 2465 2621 2057 1713
1540 1092 2090 1969 2010 2340 1794 1353 1637 0 1512 1855 2183 2477 1682 1284
1687 2151 1570 1456 976 1774 331 2666 598 1512 0 2865 2872 3067 2413 2019
1440 776 2208 2168 2697 2350 2994 756 2575 1855 2865 0 645 934 586 862
1231 1122 1872 1868 2485 1957 2930 1358 2465 2183 2872 645 0 315 507 931
1389 1431 1929 1945 2592 1974 3097 1667 2621 2477 3067 934 315 0 795 1205
868 656 1622 1586 2138 1764 2502 1056 2057 1682 2413 586 507 795 0 425
659 420 1459 1393 1856 1648 2134 1006 1713 1284 2019 862 931 1205 425 0
