0 632 145 289 235 585 488 283 811 71 661 73 415 326 499 599 24 518 766 171 843 783 580 213 359 684 335 73 310 66 243 61 109 575 504 805 393 806 145 124 106 707 840 475 231 800 837 629 294 421 823 411 547 88 48 7 741 372 320 141 834 846 354 506 148 174 608 622 144 317 391 450 330 0 166 288 705 214 33 50 30 440 754 34 747 604 715 126 102 775 222 122 410 502 236 806 477 65 325 366 529 220 729 689 229 189 624 187 82 201 721 404 513 419 687 446
632 0 492 816 743 1075 1017 565 1057 687 665 702 581 953 1126 1005 650 350 1313 466 297 394 876 583 628 646 433 587 431 649 738 571 717 385 297 1146 926 1020 768 679 537 1046 1116 933 621 1432 320 222 579 995 952 931 360 712 594 626 792 940 906 518 1328 364 781 927 593 584 1153 78 503 606 971 565 587 633 579 717 318 433 648 658 607 1067 205 622 1019 814 692 644 530 1024 821 561 975 355 687 766 1067 666 937 661 1159 785 935 1319 725 797 1150 772 713 728 1071 309 878 1012 1041 998
145 492 0 360 289 697 569 285 862 209 637 211 405 461 634 687 166 430 896 73 698 683 633 174 313 652 272 127 190 159 291 83 246 493 404 881 513 848 289 198 46 722 900 524 271 941 693 485 301 524 781 485 417 220 102 138 674 503 427 48 952 733 378 594 189 203 736 488 89 332 525 368 335 145 136 359 565 71 168 182 125 585 627 130 803 633 629 211 45 825 359 139 541 371 256 782 589 175 449 333 674 310 703 833 275 308 748 317 227 264 740 263 526 558 706 573
289 816 360 0 73 758 209 572 1065 311 950 237 704 247 374 818 296 788 866 424 952 1044 838 234 267 974 615 361 394 226 78 318 330 849 764 1029 571 1068 307 170 318 439 1083 189 515 694 933 735 582 182 628 125 598 219 288 288 598 519 120 317 974 1092 124 731 436 463 731 829 414 603 516 394 618 288 239 550 776 394 308 319 316 440 977 267 998 879 616 403 346 1031 385 409 551 561 132 1095 259 223 188 246 497 75 514 636 91 146 763 388 274 96 449 521 263 518 417 593
235 743 289 73 0 751 281 517 1033 270 893 197 649 283 429 797 246 719 880 356 884 973 803 162 219 915 550 303 323 169 13 255 296 781 693 1008 559 1032 285 110 248 474 1055 242 466 750 867 666 528 254 627 196 534 181 225 232 578 514 177 245 978 1019 125 708 383 409 736 755 349 552 517 344 565 234 166 512 712 321 259 272 259 469 903 208 967 836 583 356 279 998 370 351 549 496 64 1039 329 170 234 204 535 72 520 682 18 142 765 364 239 34 487 449 284 525 453 590
585 1075 697 758 751 0 860 509 428 516 645 572 524 560 611 150 561 783 256 667 1347 1009 316 796 935 689 642 571 886 633 764 627 479 799 814 312 194 462 470 671 678 1189 407 929 460 695 1352 1155 495 753 1378 828 1113 582 631 592 1317 239 688 716 257 1114 873 165 516 514 134 1028 627 469 247 1035 491 585 750 360 1249 765 552 534 587 416 1103 619 368 422 1299 486 653 408 382 564 209 1068 787 730 744 619 624 935 460 690 1270 534 757 614 98 401 530 721 1194 952 1021 263 1164 168
488 1017 569 209 281 860 0 767 1213 495 1143 425 897 300 322 946 490 996 911 632 1129 1253 996 435 421 1169 820 561 588 430 282 524 505 1056 973 1155 690 1223 467 376 527 354 1223 133 702 599 1106 917 775 107 628 86 767 407 493 488 654 627 186 526 1041 1301 248 868 631 657 801 1034 621 792 613 538 810 487 447 721 944 602 502 509 516 472 1184 470 1146 1050 703 590 554 1181 525 610 652 735 330 1286 149 423 236 391 492 267 505 592 297 310 842 544 455 305 352 715 264 599 327 692
283 565 285 572 517 509 767 0 582 273 377 341 131 552 712 451 277 306 750 220 841 568 359 452 597 402 135 214 460 348 524 269 274 345 320 622 371 565 326 407 299 985 626 759 79 967 849 661 16 690 1066 693 651 359 295 285 958 401 590 328 764 655 632 366 136 110 592 521 195 50 436 651 50 284 406 155 761 328 265 257 258 584 610 309 527 348 907 179 262 546 328 167 430 608 509 522 735 349 575 614 677 502 985 827 510 458 586 279 315 484 1000 483 789 482 966 445
811 1057 862 1065 1033 428 1213 582 0 762 423 835 495 924 1014 288 793 708 620 802 1354 836 231 1015 1163 461 667 761 1042 875 1043 824 736 688 759 167 533 53 758 929 866 1504 69 1252 593 1123 1373 1209 566 1113 1632 1162 1226 851 843 816 1536 602 1028 900 510 951 1158 348 680 661 557 988 773 532 628 1231 536 811 967 523 1315 910 780 765 797 822 1002 845 67 246 1490 685 831 36 689 727 590 1186 1047 422 1123 868 980 1175 880 990 1541 962 1032 921 512 677 794 998 1515 1059 1317 662 1482 559
71 687 209 311 270 516 495 273 762 0 647 74 402 291 461 538 46 540 695 220 907 808 532 279 422 675 352 101 381 119 281 126 38 593 533 746 324 761 81 167 175 744 787 501 206 750 903 695 280 416 880 426 618 92 119 78 805 301 316 211 763 878 395 446 141 166 536 671 185 296 320 518 314 71 233 241 774 280 41 29 84 380 797 102 697 567 782 95 164 727 152 139 339 573 286 791 463 107 304 426 472 237 782 631 269 185 554 117 41 236 757 472 555 349 723 375
661 665 637 950 893 645 1143 377 423 647 0 717 245 909 1054 510 654 319 898 564 961 413 335 812 948 44 371 590 776 725 900 641 642 281 375 557 613 377 688 783 662 1355 491 1135 441 1266 985 848 368 1062 1406 1070 904 735 669 662 1280 672 963 685 843 528 1004 483 513 487 771 591 554 351 709 977 333 661 770 448 955 657 642 634 635 895 583 685 408 230 1211 552 626 398 664 542 685 871 881 146 1101 727 942 970 980 879 1337 1110 885 832 742 624 688 860 1372 749 1159 756 1338 678
73 702 211 237 197 572 425 341 835 74 717 0 472 253 426 605 66 590 732 244 903 856 606 229 363 743 405 142 355 68 208 131 100 646 577 814 378 835 104 99 167 670 859 427 278 730 895 687 349 352 813 353 593 18 108 78 745 345 251 195 812 920 322 514 205 231 578 694 218 368 357 468 384 73 188 315 757 276 77 83 103 378 828 80 770 642 730 166 172 800 192 189 382 549 218 862 405 50 252 363 465 163 712 624 196 119 600 173 43 162 682 460 481 378 649 421
415 581 405 704 649 524 897 131 495 402 245 472 0 672 825 430 409 260 778 335 873 493 295 577 719 272 171 345 566 480 656 399 399 276 296 566 429 469 448 538 425 1115 548 891 197 1062 887 715 122 819 1185 825 732 490 426 417 1070 474 718 451 765 592 762 363 267 241 629 522 318 109 512 763 88 416 533 227 820 437 396 388 390 681 580 441 448 250 1012 307 388 460 435 298 497 693 640 390 860 481 700 738 771 634 1109 914 641 587 613 390 443 616 1131 566 919 560 1097 501
326 953 461 247 283 560 300 552 924 291 909 253 672 0 173 650 313 832 629 498 1138 1100 716 420 503 942 643 388 575 304 296 385 279 884 824 857 394 938 226 285 416 638 929 380 476 484 1126 919 555 193 867 276 804 241 359 331 846 329 140 437 748 1169 371 576 429 453 506 947 469 563 313 627 585 325 398 465 978 522 319 317 355 194 1081 331 857 782 862 376 425 894 250 430 352 763 345 1046 199 287 68 486 252 211 748 399 299 163 545 285 254 272 640 693 491 299 612 392
499 1126 634 374 429 611 322 712 1014 461 1054 426 825 173 0 729 486 1000 607 671 1304 1268 825 580 642 1089 811 559 739 476 440 558 445 1050 994 922 484 1036 389 453 589 676 1008 443 633 321 1290 1085 713 231 945 345 962 415 533 504 951 415 254 609 748 1340 487 669 595 618 522 1121 642 717 386 768 740 499 563 606 1138 694 491 487 528 194 1254 504 948 904 983 540 599 987 390 600 424 922 494 1185 173 459 197 620 177 363 822 273 447 331 568 434 425 426 671 860 571 353 649 456
599 1005 687 818 797 150 946 451 288 538 510 605 430 650 729 0 577 689 389 643 1289 894 174 812 959 555 574 567 877 657 809 629 505 695 726 211 256 317 512 703 677 1256 280 999 423 841 1300 1112 435 842 1418 903 1091 618 640 605 1341 321 765 715 339 1003 922 93 497 487 285 951 606 403 344 1045 420 599 765 328 1211 748 566 549 593 535 1008 634 224 281 1310 483 647 264 432 547 305 1047 823 585 845 645 710 964 592 745 1317 679 800 671 245 433 561 764 1264 925 1078 375 1233 272
24 650 166 296 246 561 490 277 793 46 654 66 409 313 486 577 0 524 741 186 865 790 562 236 381 679 338 76 335 82 255 82 84 580 512 783 369 789 122 137 130 720 820 484 219 783 859 651 286 419 843 416 572 84 73 32 764 347 318 165 809 856 368 484 141 167 583 638 155 307 366 474 322 24 189 270 728 237 12 28 43 419 768 57 729 590 739 110 122 758 198 122 385 527 253 799 472 76 317 387 509 225 748 669 242 185 600 162 62 212 734 427 528 395 700 421
518 350 430 788 719 783 996 306 708 540 319 590 260 832 1000 689 524 0 1036 363 648 268 541 595 709 307 188 448 513 568 721 473 554 64 56 807 671 670 610 619 470 1139 770 954 383 1270 669 529 312 939 1138 914 598 606 503 516 999 706 838 478 1025 349 807 623 404 383 883 280 376 327 742 709 302 519 565 456 636 419 515 516 488 887 320 528 674 469 919 460 441 676 629 402 734 569 687 436 995 577 841 736 980 730 1086 1132 706 708 870 578 579 691 1160 455 947 788 1126 745
766 1313 896 866 880 256 911 750 620 695 898 732 778 629 607 389 741 1036 0 880 1574 1265 564 962 1087 942 885 770 1076 800 893 818 656 1054 1063 465 389 666 628 823 869 1262 578 1009 691 563 1576 1373 738 806 1494 903 1312 737 814 773 1458 394 769 906 156 1369 990 422 732 735 161 1271 839 715 375 1199 738 766 921 595 1460 967 735 718 775 440 1353 796 574 671 1456 691 851 612 544 774 356 1267 928 974 772 782 697 1080 430 810 1377 420 890 737 165 580 695 855 1262 1159 1120 356 1236 323
171 466 73 424 356 667 632 220 802 220 564 244 335 498 671 643 186 363 880 0 698 622 575 248 385 579 199 120 240 208 358 115 250 425 341 830 491 785 301 256 107 795 843 593 220 969 697 493 236 580 850 550 448 257 144 166 738 491 481 121 924 678 450 551 150 156 718 451 40 269 517 431 269 172 209 315 582 108 183 191 143 601 583 171 744 568 687 188 78 765 358 105 527 404 327 709 641 220 494 405 692 368 775 852 343 355 725 311 248 328 813 285 599 554 779 557
843 297 698 952 884 1347 1129 841 1354 907 961 903 873 1138 1304 1289 865 648 1574 698 0 645 1168 725 708 941 715 815 565 840 876 782 942 680 595 1439 1184 1318 987 853 737 1061 1413 1020 887 1622 43 219 856 1134 882 1048 363 908 797 836 716 1189 1061 708 1603 575 881 1207 842 839 1412 370 738 886 1216 603 869 843 740 986 194 628 866 879 823 1281 426 823 1315 1110 605 886 743 1321 1054 802 1225 394 821 1056 1212 859 1107 740 1368 942 904 1527 865 975 1415 1009 924 880 1088 445 932 1252 1064 1252
783 394 683 1044 973 1009 1253 568 836 808 413 856 493 1100 1268 894 790 268 1265 622 645 0 727 836 931 375 457 714 726 829 974 735 823 222 280 969 921 788 878 878 726 1365 905 1201 647 1535 680 616 572 1201 1320 1169 738 872 765 780 1168 962 1102 728 1234 114 1050 844 672 651 1121 320 639 581 999 905 555 784 812 711 712 659 782 783 753 1152 219 791 822 632 1074 728 701 811 895 670 987 723 934 452 1261 840 1108 961 1245 990 1286 1395 958 973 1102 844 846 948 1387 636 1179 1046 1355 994
580 876 633 838 803 316 996 359 231 532 335 606 295 716 825 174 562 541 564 575 1168 727 0 783 932 380 459 529 816 644 814 593 508 539 585 271 342 229 533 698 635 1276 267 1027 362 982 1183 1007 342 899 1401 940 1009 623 611 585 1306 411 810 670 509 838 928 168 449 430 448 815 544 308 443 1001 316 580 735 292 1110 684 549 534 566 642 856 613 169 107 1262 454 600 195 471 497 410 967 816 414 916 637 766 943 713 763 1309 821 802 697 414 453 565 769 1288 841 1088 485 1254 389
213 583 174 234 162 796 435 452 1015 279 812 229 577 420 580 812 236 595 962 248 725 836 783 0 148 827 447 253 161 163 156 190 316 659 562 1017 603 1005 334 142 153 548 1047 365 422 900 710 506 466 416 618 349 384 224 173 207 528 574 336 126 1040 873 213 719 335 356 808 599 259 496 586 239 502 213 48 495 558 178 247 264 220 586 750 178 952 795 503 332 189 978 421 289 611 343 104 957 491 179 383 162 664 217 533 818 143 258 829 395 269 155 567 287 353 607 533 650
359 628 313 267 219 935 421 597 1163 422 948 363 719 503 642 959 381 709 1087 385 708 931 932 148 0 961 579 402 206 303 206 339 457 774 669 1164 741 1154 467 266 299 433 1196 314 571 961 685 499 612 439 469 342 345 354 322 353 383 707 387 268 1175 953 173 866 484 504 938 661 402 642 716 126 647 359 196 644 523 294 392 409 368 687 815 324 1101 943 369 481 335 1127 555 437 743 315 160 1093 518 316 451 33 755 291 389 900 204 356 962 535 405 236 456 318 252 731 423 783
684 646 652 974 915 689 1169 402 461 675 44 743 272 942 1089 555 679 307 942 579 941 375 380 827 961 0 382 613 783 748 921 661 672 261 363 598 655 413 719 805 680 1373 529 1158 470 1306 966 836 394 1091 1414 1095 900 762 690 685 1285 712 991 701 887 490 1024 527 538 512 815 570 572 380 749 984 360 685 787 483 943 667 667 660 658 934 553 707 449 275 1213 580 644 436 699 564 726 869 900 134 1132 750 972 983 1019 904 1349 1151 906 860 787 658 716 883 1391 749 1177 797 1356 720
335 433 272 615 550 642 820 135 667 352 371 405 171 643 811 574 338 188 885 199 715 457 459 447 579 382 0 263 406 390 554 296 365 241 191 730 505 641 421 445 304 994 718 790 204 1083 727 547 147 757 1035 740 561 422 327 333 912 531 656 321 895 534 649 494 215 194 727 386 200 173 566 607 154 336 409 290 651 286 329 328 305 701 477 349 618 421 848 271 271 631 442 216 562 522 526 514 811 397 655 601 794 552 967 948 538 524 721 391 391 520 1013 396 799 611 979 579
73 587 127 361 303 571 561 214 761 101 590 142 345 388 559 567 76 448 770 120 815 714 529 253 402 613 263 0 315 135 310 63 130 504 437 767 386 752 181 193 110 772 794 545 170 851 812 606 225 494 871 484 544 158 84 72 779 377 392 148 825 781 418 474 83 106 609 569 84 250 402 479 261 73 205 243 690 197 68 72 45 481 696 95 699 545 743 85 82 725 239 49 415 498 297 735 547 138 393 414 573 293 783 732 296 260 621 194 134 270 787 388 577 436 753 447
310 431 190 394 323 886 588 460 1042 381 776 355 566 575 739 877 335 513 1076 240 565 726 816 161 206 783 406 315 0 288 316 259 420 577 469 1069 698 1025 452 290 208 639 1084 502 458 1058 550 345 476 576 630 502 238 356 262 303 505 682 497 170 1139 747 349 784 379 391 917 458 273 509 701 200 507 310 177 549 404 131 341 357 301 730 612 282 985 807 447 400 232 1006 533 329 720 193 262 917 652 306 542 237 813 378 573 969 304 412 932 496 386 316 661 127 457 729 629 755
66 649 159 226 169 633 430 348 875 119 725 68 480 304 476 657 82 568 800 208 840 829 644 163 303 748 390 135 288 0 176 94 154 627 549 864 440 872 171 58 113 640 903 410 298 787 830 623 359 372 762 351 525 68 64 63 686 410 273 133 877 886 287 565 214 240 645 647 191 383 424 403 395 66 121 352 691 218 95 110 90 443 786 40 811 671 666 191 129 840 257 183 448 481 171 871 433 18 290 306 528 162 665 687 162 149 665 232 105 135 654 396 447 446 621 486
243 738 291 78 13 764 282 524 1043 281 900 208 656 296 440 809 255 721 893 358 876 974 814 156 206 921 554 310 316 176 0 260 307 783 695 1020 572 1042 297 118 251 464 1067 236 474 761 858 658 536 260 614 197 525 192 231 240 564 527 187 245 991 1018 114 720 391 416 750 752 354 559 530 331 572 242 164 522 702 320 268 281 266 482 901 215 978 845 569 365 283 1008 383 358 562 486 55 1046 336 179 246 191 548 85 507 694 15 156 779 376 250 45 478 443 273 539 444 603
61 571 83 318 255 627 524 269 824 126 641 131 399 385 558 629 82 473 818 115 782 735 593 190 339 661 296 63 259 94 260 0 163 532 454 830 439 815 205 148 51 716 857 497 232 861 776 569 282 466 808 444 494 143 30 55 716 424 367 89 879 793 363 536 145 167 658 562 96 309 445 416 318 62 142 307 647 154 85 100 42 501 697 56 762 606 681 146 41 788 277 102 462 448 240 787 527 105 379 351 591 257 721 750 245 239 672 238 143 224 732 345 520 475 698 496
109 717 246 330 296 479 505 274 736 38 642 100 399 279 445 505 84 554 656 250 942 823 508 316 457 672 365 130 420 154 307 163 0 605 551 714 286 737 55 198 213 767 759 520 201 726 938 731 279 420 912 439 656 115 157 116 840 263 321 249 725 896 422 414 150 173 498 698 213 291 282 555 311 109 271 220 811 317 78 63 121 351 820 140 671 549 819 96 200 702 114 160 301 611 317 784 461 141 301 460 443 255 812 602 296 194 515 79 57 262 779 509 580 312 746 337
575 385 493 849 781 799 1056 345 688 593 281 646 276 884 1050 695 580 64 1054 425 680 222 539 659 774 261 241 504 577 627 783 532 605 0 112 798 701 647 660 680 532 1204 752 1017 425 1313 705 577 349 997 1202 975 655 663 563 573 1061 740 896 541 1034 316 870 636 455 432 906 310 435 359 777 772 333 576 628 489 684 484 571 570 545 930 318 587 659 457 980 509 502 657 673 457 766 628 750 385 1052 636 896 801 1022 790 1150 1172 768 765 889 623 632 753 1224 517 1011 824 1190 774
504 297 404 764 693 814 973 320 759 533 375 577 296 824 994 726 512 56 1063 341 595 280 585 562 669 363 191 437 469 549 695 454 551 112 0 853 691 722 606 598 446 1101 820 925 394 1273 615 473 329 921 1090 889 543 592 484 501 949 721 821 449 1059 345 775 656 403 383 908 230 359 349 756 662 325 504 535 475 580 384 505 507 474 892 290 510 723 518 867 459 420 727 633 394 750 515 657 492 981 560 829 697 985 709 1041 1139 679 693 898 582 570 667 1122 404 911 802 1089 765
805 1146 881 1029 1008 312 1155 622 167 746 557 814 566 857 922 211 783 807 465 830 1439 969 271 1017 1164 598 730 767 1069 864 1020 830 714 798 853 0 465 220 723 912 876 1468 113 1210 611 993 1454 1277 605 1050 1626 1114 1273 828 843 810 1545 528 975 913 344 1082 1133 300 692 678 427 1084 796 572 546 1246 583 805 968 523 1380 939 772 755 796 727 1117 839 150 341 1510 684 844 173 644 742 507 1230 1032 579 1049 854 918 1171 772 956 1527 834 1010 883 379 644 771 975 1476 1105 1289 571 1444 469
393 926 513 571 559 194 690 371 533 324 613 378 429 394 484 256 369 671 389 491 1184 921 342 603 741 655 505 386 698 440 572 439 286 701 691 465 0 552 276 477 490 1006 535 747 305 653 1186 984 361 586 1186 649 930 388 440 401 1123 69 510 528 440 1017 682 185 343 345 228 888 450 344 101 842 369 393 557 215 1073 583 360 343 397 299 981 426 466 430 1106 304 468 504 189 386 71 885 593 729 590 425 453 741 373 500 1079 497 564 425 234 207 335 528 1013 773 833 145 982 73
806 1020 848 1068 1032 462 1223 565 53 761 377 835 469 938 1036 317 789 670 666 785 1318 788 229 1005 1154 413 641 752 1025 872 1042 815 737 647 722 220 552 0 762 926 855 1505 122 1256 583 1157 1338 1178 549 1124 1624 1169 1202 852 835 811 1523 621 1037 888 560 903 1156 366 670 650 594 950 758 516 649 1216 517 807 958 520 1285 894 777 762 790 846 959 839 94 220 1473 680 819 54 698 716 612 1162 1043 369 1137 865 991 1167 907 992 1535 996 1030 926 550 681 794 997 1517 1036 1316 686 1483 583
145 768 289 307 285 470 467 326 758 81 688 104 448 226 389 512 122 610 628 301 987 878 533 334 467 719 421 181 452 171 297 205 55 660 606 723 276 762 0 201 252 747 775 494 251 671 982 774 329 377 910 407 690 112 192 152 848 240 281 285 708 952 410 424 205 228 474 751 266 339 253 573 360 145 292 254 850 359 121 110 164 299 875 170 691 583 834 151 244 724 88 215 277 646 317 828 412 154 253 465 391 233 805 550 289 163 496 81 66 253 757 549 566 276 725 317
124 679 198 170 110 671 376 407 929 167 783 99 538 285 453 703 137 619 823 256 853 878 698 142 266 805 445 193 290 58 118 148 198 680 598 912 477 926 201 0 153 583 954 352 355 769 840 634 418 325 714 295 523 88 117 122 646 441 230 162 909 931 230 612 272 298 672 682 244 441 450 376 454 123 113 406 694 246 150 164 148 444 825 98 864 727 634 247 177 894 289 241 477 480 119 929 392 61 259 264 524 112 614 679 104 122 696 272 142 77 597 408 390 467 563 517
106 537 46 318 248 678 527 299 866 175 662 167 425 416 589 677 130 470 869 107 737 726 635 153 299 680 304 110 208 113 251 51 213 532 446 876 490 855 252 153 0 693 901 486 273 897 730 522 313 478 769 443 443 175 60 99 671 475 382 38 931 778 345 584 186 205 709 534 108 343 495 369 349 107 108 353 598 108 134 150 93 544 673 87 805 643 633 195 36 830 327 138 513 397 221 808 543 129 403 314 632 265 686 792 235 262 724 289 187 221 710 297 497 525 676 547
707 1046 722 439 474 1189 354 985 1504 744 1355 670 1115 638 676 1256 720 1139 1262 795 1061 1365 1276 548 433 1373 994 772 639 640 464 716 767 1204 1101 1468 1006 1505 747 583 693 0 1523 259 938 929 1028 881 997 456 314 362 714 653 689 704 409 950 502 673 1386 1384 353 1171 854 879 1144 1088 801 1022 942 482 1033 706 586 986 867 720 733 746 728 822 1242 677 1438 1310 500 830 729 1470 824 817 979 701 475 1501 502 644 570 404 846 514 203 942 478 585 1182 828 710 508 26 742 195 935 26 1021
840 1116 900 1083 1055 407 1223 626 69 787 491 859 548 929 1008 280 820 770 578 843 1413 905 267 1047 1196 529 718 794 1084 903 1067 857 759 752 820 113 535 122 775 954 901 1523 0 1269 629 1098 1431 1263 609 1120 1663 1176 1274 874 874 845 1572 602 1040 936 457 1019 1181 355 714 697 530 1050 812 575 625 1268 581 840 999 552 1368 952 808 792 828 814 1068 874 100 302 1529 715 867 94 702 763 586 1233 1073 491 1125 894 987 1206 866 1009 1569 938 1055 938 483 694 816 1021 1533 1107 1339 655 1500 552
475 933 524 189 242 929 133 759 1252 501 1135 427 891 380 443 999 484 954 1009 593 1020 1201 1027 365 314 1158 790 545 502 410 236 497 520 1017 925 1210 747 1256 494 352 486 259 1269 0 704 732 995 813 769 212 502 105 656 409 467 473 520 691 243 476 1129 1238 153 915 623 649 886 959 590 791 683 420 805 474 390 740 831 542 497 508 500 569 1111 450 1186 1069 570 592 519 1219 567 593 720 629 267 1281 276 409 312 281 603 264 379 715 252 330 923 575 464 274 265 625 131 676 234 761
231 621 271 515 466 460 702 79 593 206 441 278 197 476 633 423 219 383 691 220 887 647 362 422 571 470 204 170 458 298 474 232 201 425 394 611 305 583 251 355 273 938 629 704 0 888 892 696 79 621 1041 632 667 297 254 234 943 327 521 307 717 732 585 333 87 68 531 583 185 90 362 639 109 232 375 99 792 327 207 196 211 505 681 261 532 374 901 112 238 556 248 134 359 624 466 584 662 295 502 584 597 442 953 748 460 391 529 200 247 431 953 501 745 407 919 377
800 1432 941 694 750 695 599 967 1123 750 1266 730 1062 484 321 841 783 1270 563 969 1622 1535 982 900 961 1306 1083 851 1058 787 761 861 726 1313 1273 993 653 1157 671 769 897 929 1098 732 888 0 1609 1403 964 532 1224 646 1283 722 839 806 1251 594 574 921 720 1617 802 813 870 889 567 1421 936 960 556 1088 985 799 882 834 1459 1005 786 779 826 383 1546 811 1063 1078 1292 814 902 1104 641 886 581 1243 815 1382 458 769 518 938 291 684 1101 161 768 647 614 691 720 747 918 1178 863 509 903 594
837 320 693 933 867 1352 1106 849 1373 903 985 895 887 1126 1290 1300 859 669 1576 697 43 680 1183 710 685 966 727 812 550 830 858 776 938 705 615 1454 1186 1338 982 840 730 1028 1431 995 892 1609 0 208 865 1115 842 1026 339 899 790 830 677 1188 1044 699 1609 614 858 1216 843 842 1414 396 738 896 1214 575 880 837 727 992 164 622 861 875 818 1273 462 816 1333 1128 566 886 738 1339 1051 802 1225 372 803 1084 1193 849 1093 716 1359 927 868 1517 848 962 1419 1006 918 864 1054 434 903 1249 1031 1254
629 222 485 735 666 1155 917 661 1209 695 848 687 715 919 1085 1112 651 529 1373 493 219 616 1007 506 499 836 547 606 345 623 658 569 731 577 473 1277 984 1178 774 634 522 881 1263 813 696 1403 208 0 677 917 747 834 167 691 582 622 584 983 842 491 1413 583 669 1025 642 642 1212 296 534 709 1009 404 695 629 521 796 107 414 654 668 611 1065 422 607 1164 962 479 682 531 1174 844 598 1021 185 603 963 994 641 888 532 1151 723 745 1309 647 756 1218 800 710 661 906 226 734 1042 880 1050
294 579 301 582 528 495 775 16 566 280 368 349 122 555 713 435 286 312 738 236 856 572 342 466 612 394 147 225 476 359 536 282 279 349 329 605 361 549 329 418 313 997 609 769 79 964 865 677 0 697 1081 702 668 367 308 296 974 393 596 343 749 661 644 351 145 119 580 533 211 33 429 667 36 294 420 145 777 345 274 266 269 581 620 320 510 332 924 185 276 529 326 180 421 625 522 512 740 360 580 628 673 511 999 822 521 465 574 279 321 495 1012 500 802 476 978 435
421 995 524 182 254 753 107 690 1113 416 1062 352 819 193 231 842 419 939 806 580 1134 1201 899 416 439 1091 757 494 576 372 260 466 420 997 921 1050 586 1124 377 325 478 456 1120 212 621 532 1115 917 697 0 715 114 778 335 436 423 722 522 101 485 934 1257 271 765 556 582 694 1004 562 711 506 564 730 421 416 631 957 567 430 434 451 366 1149 410 1045 957 759 511 501 1081 427 542 545 742 314 1204 78 361 133 413 391 213 592 504 272 233 734 451 375 267 456 703 340 491 430 585
823 952 781 628 627 1378 628 1066 1632 880 1406 813 1185 867 945 1418 843 1138 1494 850 882 1320 1401 618 469 1414 1035 871 630 762 614 808 912 1202 1090 1626 1186 1624 910 714 769 314 1663 502 1041 1224 842 747 1081 715 0 603 592 800 789 818 165 1141 727 737 1601 1314 507 1326 953 974 1359 1011 870 1112 1142 430 1116 823 665 1111 697 750 855 872 835 1061 1157 789 1570 1412 276 948 805 1596 996 907 1175 599 595 1548 777 772 800 457 1103 690 123 1218 621 766 1390 986 857 657 335 689 377 1146 336 1217
411 931 485 125 196 828 86 693 1162 426 1070 353 825 276 345 903 416 914 903 550 1048 1169 940 349 342 1095 740 484 502 351 197 444 439 975 889 1114 649 1169 407 295 443 362 1176 105 632 646 1026 834 702 114 603 0 687 335 413 411 608 591 140 441 1024 1215 169 821 557 583 782 948 540 721 581 462 737 410 361 659 865 517 428 436 439 464 1098 391 1095 988 647 520 472 1129 474 533 618 654 244 1215 187 345 207 313 500 191 481 618 212 245 819 487 386 222 366 629 226 573 336 660
547 360 417 598 534 1113 767 651 1226 618 904 593 732 804 962 1091 572 598 1312 448 363 738 1009 384 345 900 561 544 238 525 525 494 656 655 543 1273 930 1202 690 523 443 714 1274 656 667 1283 339 167 668 778 592 687 0 594 499 540 432 918 712 406 1369 723 519 1000 598 605 1152 422 487 701 938 240 693 548 411 764 178 348 577 593 536 967 565 520 1174 982 335 627 462 1190 770 549 956 45 470 1033 857 544 765 377 1047 599 581 1202 516 642 1165 732 624 536 740 167 571 967 713 990
88 712 220 219 181 582 407 359 851 92 735 18 490 241 415 618 84 606 737 257 908 872 623 224 354 762 422 158 356 68 192 143 115 663 592 828 388 852 112 88 175 653 874 409 297 722 899 691 367 335 800 335 594 0 118 91 735 352 234 200 820 934 306 528 223 249 585 705 233 386 363 462 402 87 186 332 759 283 94 101 118 375 840 89 786 659 722 184 183 817 201 206 389 550 205 880 389 49 237 353 460 145 698 618 181 101 608 185 57 147 665 464 465 382 632 429
48 594 102 288 225 631 493 295 843 119 669 108 426 359 533 640 73 503 814 144 797 765 611 173 322 690 327 84 262 64 231 30 157 563 484 843 440 835 192 117 60 689 874 467 254 839 790 582 308 436 789 413 499 118 0 41 702 420 337 93 881 822 336 547 167 190 656 588 127 334 439 406 344 48 125 322 657 169 79 96 46 484 724 28 780 629 671 159 66 807 271 128 458 454 214 815 497 76 351 331 572 226 699 731 216 211 672 235 127 193 704 357 494 467 670 494
7 626 138 288 232 592 488 285 816 78 662 78 417 331 504 605 32 516 773 166 836 780 585 207 353 685 333 72 303 63 240 55 116 573 501 810 401 811 152 122 99 704 845 473 234 806 830 622 296 423 818 411 540 91 41 0 735 379 322 133 841 842 350 513 150 176 615 617 141 319 398 443 332 7 159 293 697 207 40 57 28 446 750 28 752 608 708 130 96 780 230 121 418 495 232 807 480 65 329 360 535 220 724 695 226 192 632 195 88 199 718 397 510 426 684 454
741 792 674 598 578 1317 654 958 1536 805 1280 745 1070 846 951 1341 764 999 1458 738 716 1168 1306 528 383 1285 912 779 505 686 564 716 840 1061 949 1545 1123 1523 848 646 671 409 1572 520 943 1251 677 584 974 722 165 608 432 735 702 735 0 1086 711 636 1553 1155 474 1248 857 875 1314 854 764 1007 1092 307 1008 741 576 1023 532 633 775 792 748 1039 997 707 1476 1307 110 860 705 1500 936 809 1122 444 532 1419 793 699 784 382 1094 648 211 1223 568 721 1341 918 788 604 434 544 389 1104 423 1163
372 940 503 519 514 239 627 401 602 301 672 345 474 329 415 321 347 706 394 491 1189 962 411 574 707 712 531 377 682 410 527 424 263 740 721 528 69 621 240 441 475 950 602 691 327 594 1188 983 393 522 1141 591 918 352 420 379 1086 0 451 512 467 1054 635 254 348 356 235 908 450 381 37 813 406 372 531 251 1068 574 341 324 381 231 1009 403 535 496 1074 302 457 573 152 386 38 872 554 791 523 394 391 704 309 451 1031 441 521 375 255 186 305 485 956 766 782 85 925 76
320 906 427 120 177 688 186 590 1028 316 963 251 718 140 254 765 318 838 769 481 1061 1102 810 336 387 991 656 392 497 273 187 367 321 896 821 975 510 1037 281 230 382 502 1040 243 521 574 1044 842 596 101 727 140 712 234 337 322 711 451 0 391 886 1159 238 684 455 481 643 912 462 612 441 513 630 320 329 535 889 475 328 333 350 333 1055 310 961 864 734 411 402 996 339 440 478 673 242 1105 161 261 73 366 382 121 608 517 196 132 680 358 275 181 506 623 351 433 476 520
141 518 48 317 245 716 526 328 900 211 685 195 451 437 609 715 165 478 906 121 708 728 670 126 268 701 321 148 170 133 245 89 249 541 449 913 528 888 285 162 38 673 936 476 307 921 699 491 343 485 737 441 406 200 93 133 636 512 391 0 969 774 330 622 222 239 747 520 133 374 531 332 378 141 87 390 564 85 171 187 130 574 664 116 840 675 596 233 69 864 363 173 550 361 209 831 553 151 419 286 660 271 657 819 230 279 761 326 220 221 691 265 478 560 657 585
834 1328 952 974 978 257 1041 764 510 763 843 812 765 748 748 339 809 1025 156 924 1603 1234 509 1040 1175 887 895 825 1139 877 991 879 725 1034 1059 344 440 560 708 909 931 1386 457 1129 717 720 1609 1413 749 934 1601 1024 1369 820 881 841 1553 467 886 969 0 1343 1094 403 773 771 243 1279 884 721 461 1280 742 834 996 617 1506 1020 801 784 838 569 1345 866 475 612 1542 741 907 509 620 820 431 1323 1021 898 907 861 816 1171 573 911 1488 576 986 836 212 646 771 950 1388 1209 1234 455 1360 391
846 364 733 1092 1019 1114 1301 655 951 878 528 920 592 1169 1340 1003 856 349 1369 678 575 114 838 873 953 490 534 781 747 886 1018 793 896 316 345 1082 1017 903 952 931 778 1384 1019 1238 732 1617 614 583 661 1257 1314 1215 723 934 822 842 1155 1054 1159 774 1343 0 1085 949 748 728 1222 302 701 673 1090 912 648 847 854 804 669 699 849 852 816 1235 161 850 936 745 1056 804 756 926 976 739 1081 714 975 562 1320 899 1171 985 1328 1043 1290 1481 1003 1033 1205 925 914 996 1408 644 1205 1137 1376 1090
354 781 378 124 125 873 248 632 1158 395 1004 322 762 371 487 922 368 807 990 450 881 1050 928 213 173 1024 649 418 349 287 114 363 422 870 775 1133 682 1156 410 230 345 353 1181 153 585 802 858 669 644 271 507 169 519 306 336 350 474 635 238 330 1094 1085 0 833 500 525 852 805 452 669 635 293 680 353 242 636 696 391 381 394 375 565 958 324 1092 958 496 478 379 1123 493 464 668 487 123 1150 350 291 309 144 620 183 396 755 126 259 883 489 364 159 368 473 160 639 334 710
506 927 594 731 708 165 868 366 348 446 483 514 363 576 669 93 484 623 422 551 1207 844 168 719 866 527 494 474 784 565 720 536 414 636 656 300 185 366 424 612 584 1171 355 915 333 813 1216 1025 351 765 1326 821 1000 528 547 513 1248 254 684 622 403 949 833 0 405 395 288 876 514 321 283 952 340 507 672 236 1123 656 473 456 500 480 943 541 281 269 1217 389 554 319 347 455 247 956 732 578 774 554 632 872 547 657 1226 653 709 585 261 344 470 674 1179 834 990 321 1147 222
148 593 189 436 383 516 631 136 680 141 513 205 267 429 595 497 141 404 732 150 842 672 449 335 484 538 215 83 379 214 391 145 150 455 403 692 343 670 205 272 186 854 714 623 87 870 843 642 145 556 953 557 598 223 167 150 857 348 455 222 773 748 500 405 0 26 570 565 110 168 378 554 181 149 287 169 732 251 129 122 125 490 678 176 618 462 817 56 152 643 233 50 384 553 380 658 604 214 446 496 584 366 866 740 377 323 576 182 182 349 869 435 659 419 835 410
174 584 203 463 409 514 657 110 661 166 487 231 241 453 618 487 167 383 735 156 839 651 430 356 504 512 194 106 391 240 416 167 173 432 383 678 345 650 228 298 205 879 697 649 68 889 842 642 119 582 974 583 605 249 190 176 875 356 481 239 771 728 525 395 26 0 573 553 119 143 388 571 155 175 309 159 735 261 155 148 150 508 662 201 600 439 833 77 170 624 250 66 391 560 404 632 629 240 471 517 601 392 888 757 402 349 577 198 207 375 894 440 684 429 860 415
608 1153 736 731 736 134 801 592 557 536 771 578 629 506 522 285 583 883 161 718 1412 1121 448 808 938 815 727 609 917 645 750 658 498 906 908 427 228 594 474 672 709 1144 530 886 531 567 1414 1212 580 694 1359 782 1152 585 656 615 1314 235 643 747 243 1222 852 288 570 573 0 1112 677 559 222 1047 583 607 765 436 1299 806 576 560 616 333 1199 638 500 554 1307 530 690 540 387 613 197 1107 781 862 672 628 574 933 355 669 1245 407 745 594 48 420 539 710 1146 998 990 212 1118 162
622 78 488 829 755 1028 1034 521 988 671 591 694 522 947 1121 951 638 280 1271 451 370 320 815 599 661 570 386 569 458 647 752 562 698 310 230 1084 888 950 751 682 534 1088 1050 959 583 1421 396 296 533 1004 1011 948 422 705 588 617 854 908 912 520 1279 302 805 876 565 553 1112 0 485 558 940 611 537 622 589 676 395 437 634 642 595 1049 154 616 953 748 757 618 522 956 797 539 941 411 704 688 1074 662 937 694 1142 791 987 1301 738 796 1107 747 700 738 1112 346 913 983 1081 961
144 503 89 414 349 627 621 195 773 185 554 218 318 469 642 606 155 376 839 40 738 639 544 259 402 572 200 84 273 191 354 96 213 435 359 796 450 758 266 244 108 801 812 590 185 936 738 534 211 562 870 540 487 233 127 141 764 450 462 133 884 701 452 514 110 119 677 485 0 242 477 458 245 145 216 278 623 142 150 157 115 565 612 151 714 543 717 148 72 736 319 64 487 442 328 700 621 201 470 420 657 354 791 816 338 333 685 271 217 319 818 324 605 514 784 516
317 606 332 603 552 469 792 50 532 296 351 368 109 563 717 403 307 327 715 269 886 581 308 496 642 380 173 250 509 383 559 309 291 359 349 572 344 516 339 441 343 1022 575 791 90 960 896 709 33 711 1112 721 701 386 334 319 1007 381 612 374 721 673 669 321 168 143 559 558 242 0 418 700 25 317 449 130 810 378 294 285 294 578 639 345 476 301 957 201 306 496 327 207 407 659 548 494 751 382 592 658 669 531 1029 815 545 481 550 282 337 518 1037 533 828 465 1003 418
391 971 525 516 517 247 613 436 628 320 709 357 512 313 386 344 366 742 375 517 1216 999 443 586 716 749 566 402 701 424 530 445 282 777 756 546 101 649 253 450 495 942 625 683 362 556 1214 1009 429 506 1142 581 938 363 439 398 1092 37 441 531 461 1090 635 283 378 388 222 940 477 418 0 825 443 391 545 288 1091 597 360 345 402 198 1044 420 561 530 1085 330 480 600 168 414 39 893 560 828 502 407 377 711 273 451 1030 403 525 376 248 208 319 489 947 789 779 48 917 79
450 565 368 394 344 1035 538 651 1231 518 977 468 763 627 768 1045 474 709 1199 431 603 905 1001 239 126 984 607 479 200 403 331 416 555 772 662 1246 842 1216 573 376 369 482 1268 420 639 1088 575 404 667 564 430 462 240 462 406 443 307 813 513 332 1280 912 293 952 554 571 1047 611 458 700 825 0 700 450 284 722 411 325 483 501 452 809 764 416 1171 1000 265 562 402 1194 660 505 851 220 282 1118 642 419 577 150 879 416 381 1026 328 476 1069 634 508 357 507 269 330 844 478 889
330 587 335 618 565 491 810 50 536 314 333 384 88 585 740 420 322 302 738 269 869 555 316 502 647 360 154 261 507 395 572 318 311 333 325 583 369 517 360 454 349 1033 581 805 109 985 880 695 36 730 1116 737 693 402 344 332 1008 406 630 378 742 648 680 340 181 155 583 537 245 25 443 700 0 330 456 155 797 376 310 301 306 603 615 357 481 299 955 219 312 499 352 216 432 652 558 477 772 396 612 664 694 547 1035 841 557 499 573 305 355 531 1049 525 838 491 1015 443
0 633 145 288 234 585 487 284 811 71 661 73 416 325 499 599 24 519 766 172 843 784 580 213 359 685 336 73 310 66 242 62 109 576 504 805 393 807 145 123 107 706 840 474 232 799 837 629 294 421 823 410 548 87 48 7 741 372 320 141 834 847 353 507 149 175 607 622 145 317 391 450 330 0 166 288 705 214 33 51 30 439 755 34 748 605 715 126 103 776 222 122 410 502 236 807 476 65 324 366 528 220 729 688 228 188 624 187 81 200 721 404 513 419 687 446
166 579 136 239 166 750 447 406 967 233 770 188 533 398 563 765 189 565 921 209 740 812 735 48 196 787 409 205 177 121 164 142 271 628 535 968 557 958 292 113 108 586 999 390 375 882 727 521 420 416 665 361 411 186 125 159 576 531 329 87 996 854 242 672 287 309 765 589 216 449 545 284 456 166 0 447 581 155 199 217 172 556 737 131 904 748 549 284 145 931 378 242 568 367 122 916 488 138 368 208 636 207 579 793 149 235 785 350 226 149 604 297 390 567 570 606
288 717 359 550 512 360 721 155 523 241 448 315 227 465 606 328 270 456 595 315 986 711 292 495 644 483 290 243 549 352 522 307 220 489 475 523 215 520 254 406 353 986 552 740 99 834 992 796 145 631 1111 659 764 332 322 293 1023 251 535 390 617 804 636 236 169 159 436 676 278 130 288 722 155 288 447 0 891 420 257 242 276 455 765 322 459 329 986 163 321 487 217 219 277 720 523 582 661 345 503 653 544 476 1018 687 510 414 432 180 276 477 998 599 796 335 964 289
705 318 565 776 712 1249 944 761 1315 774 955 757 820 978 1138 1211 728 636 1460 582 194 712 1110 558 523 943 651 690 404 691 702 647 811 684 580 1380 1073 1285 850 694 598 867 1368 831 792 1459 164 107 777 957 697 865 178 759 657 697 532 1068 889 564 1506 669 696 1123 732 735 1299 395 623 810 1091 411 797 705 581 891 0 494 732 747 690 1134 508 680 1269 1068 422 769 611 1280 925 687 1106 216 647 1069 1035 709 941 553 1217 774 713 1374 693 815 1308 883 784 712 893 301 738 1123 869 1137
214 433 71 394 321 765 602 328 910 280 657 276 437 522 694 748 237 419 967 108 628 659 684 178 294 667 286 197 131 218 320 154 317 484 384 939 583 894 359 246 108 720 952 542 327 1005 622 414 345 567 750 517 348 283 169 207 633 574 475 85 1020 699 391 656 251 261 806 437 142 378 597 325 376 214 155 420 494 0 239 253 196 653 582 195 853 676 579 279 117 874 431 202 612 303 276 800 637 235 504 319 741 354 681 900 304 364 818 388 296 301 740 192 527 629 706 644
33 648 168 308 259 552 502 265 780 41 642 77 396 319 491 566 12 515 735 183 866 782 549 247 392 667 329 68 341 95 268 85 78 571 505 772 360 777 121 150 134 733 808 497 207 786 861 654 274 430 855 428 577 94 79 40 775 341 328 171 801 849 381 473 129 155 576 634 150 294 360 483 310 33 199 257 732 239 0 17 43 420 763 68 716 577 749 97 123 745 193 113 379 532 266 787 481 89 326 399 510 237 760 670 255 196 592 155 66 225 747 431 541 390 713 414
50 658 182 319 272 534 509 257 765 29 634 83 388 317 487 549 28 516 718 191 879 783 534 264 409 660 328 72 357 110 281 100 63 570 507 755 343 762 110 164 150 746 792 508 196 779 875 668 266 434 872 436 593 101 96 57 792 324 333 187 784 852 394 456 122 148 560 642 157 285 345 501 301 51 217 242 747 253 17 0 57 409 769 85 701 564 766 84 136 730 177 113 363 548 281 778 483 103 326 415 501 246 776 660 268 200 575 139 62 237 759 445 555 375 726 398
30 607 125 316 259 587 516 258 797 84 635 103 390 355 528 593 43 488 775 143 823 753 566 220 368 658 305 45 301 90 266 42 121 545 474 796 397 790 164 148 93 728 828 500 211 826 818 611 269 451 835 439 536 118 46 28 748 381 350 130 838 816 375 500 125 150 616 595 115 294 402 452 306 30 172 276 690 196 43 57 0 462 726 50 734 586 717 112 80 761 235 93 419 491 255 780 507 93 355 377 552 248 744 712 251 219 631 195 105 225 743 388 534 433 709 454
440 1067 585 440 469 416 472 584 822 380 895 378 681 194 194 535 419 887 440 601 1281 1152 642 586 687 934 701 481 730 443 482 501 351 930 892 727 299 846 299 444 544 822 814 569 505 383 1273 1065 581 366 1061 464 967 375 484 446 1039 231 333 574 569 1235 565 480 490 508 333 1049 565 578 198 809 603 439 556 455 1134 653 420 409 462 0 1169 458 757 727 1051 435 542 796 258 510 233 923 527 1020 338 424 260 673 93 396 942 251 483 332 378 309 358 451 822 839 684 160 795 263
754 205 627 977 903 1103 1184 610 1002 797 583 828 580 1081 1254 1008 768 320 1353 583 426 219 856 750 815 553 477 696 612 786 901 697 820 318 290 1117 981 959 875 825 673 1242 1068 1111 681 1546 462 422 620 1149 1157 1098 565 840 724 750 997 1009 1055 664 1345 161 958 943 678 662 1199 154 612 639 1044 764 615 755 737 765 508 582 763 769 726 1169 0 752 977 775 897 734 657 973 912 660 1040 559 854 652 1217 800 1075 848 1262 936 1138 1419 886 935 1188 861 829 884 1266 500 1068 1088 1235 1055
34 622 130 267 208 619 470 309 845 102 685 80 441 331 504 634 57 528 796 171 823 791 613 178 324 707 349 95 282 40 215 56 140 587 510 839 426 839 170 98 87 677 874 450 261 811 816 607 320 410 789 391 520 89 28 28 707 403 310 116 866 850 324 541 176 201 638 616 151 345 420 416 357 34 131 322 680 195 68 85 50 458 752 0 781 636 681 159 94 809 252 143 441 475 204 831 470 49 323 332 545 203 696 705 200 183 656 219 104 175 692 381 483 446 658 478
747 1019 803 998 967 368 1146 527 67 697 408 770 448 857 948 224 729 674 574 744 1315 822 169 952 1101 449 618 699 985 811 978 762 671 659 723 150 466 94 691 864 805 1438 100 1186 532 1063 1333 1164 510 1045 1570 1095 1174 786 780 752 1476 535 961 840 475 936 1092 281 618 600 500 953 714 476 561 1171 481 748 904 459 1269 853 716 701 734 757 977 781 0 205 1432 622 770 40 621 666 524 1133 982 430 1055 803 912 1112 816 923 1477 902 966 855 456 610 728 933 1448 1007 1251 596 1415 493
604 814 633 879 836 422 1050 348 246 567 230 642 250 782 904 281 590 469 671 568 1110 632 107 795 943 275 421 545 807 671 845 606 549 457 518 341 430 220 583 727 643 1310 302 1069 374 1078 1128 962 332 957 1412 988 982 659 629 608 1307 496 864 675 612 745 958 269 462 439 554 748 543 301 530 1000 299 605 748 329 1068 676 577 564 586 727 775 636 205 0 1254 480 607 211 533 505 500 942 840 308 981 666 827 957 803 804 1328 919 832 743 521 506 604 801 1324 816 1118 575 1290 483
715 692 629 616 583 1299 703 907 1490 782 1211 730 1012 862 983 1310 739 919 1456 687 605 1074 1262 503 369 1213 848 743 447 666 569 681 819 980 867 1510 1106 1473 834 634 633 500 1529 570 901 1292 566 479 924 759 276 647 335 722 671 708 110 1074 734 596 1542 1056 496 1217 817 833 1307 757 717 957 1085 265 955 715 549 986 422 579 749 766 717 1051 897 681 1432 1254 0 827 665 1453 922 768 1112 353 528 1347 834 681 804 378 1113 655 312 1251 570 723 1330 898 771 603 526 464 444 1100 510 1151
126 644 211 403 356 486 590 179 685 95 552 166 307 376 540 483 110 460 691 188 886 728 454 332 481 580 271 85 400 191 365 146 96 509 459 684 304 680 151 247 195 830 715 592 112 814 886 682 185 511 948 520 627 184 159 130 860 302 411 233 741 804 478 389 56 77 530 618 148 201 330 562 219 126 284 163 769 279 97 84 112 435 734 159 622 480 827 0 167 650 179 84 339 582 362 696 555 186 396 490 528 330 855 685 352 280 539 128 136 322 844 469 638 368 810 368
102 530 45 346 279 653 554 262 831 164 626 172 388 425 599 647 122 441 851 78 743 701 600 189 335 644 271 82 232 129 283 41 200 502 420 844 468 819 244 177 36 729 867 519 238 902 738 531 276 501 805 472 462 183 66 96 705 457 402 69 907 756 379 554 152 170 690 522 72 306 480 402 312 103 145 321 611 117 123 136 80 542 657 94 770 607 665 167 0 794 314 103 495 417 256 772 563 142 418 351 631 289 723 791 267 277 703 271 184 250 746 309 533 512 712 528
775 1024 825 1031 998 408 1181 546 36 727 398 800 460 894 987 264 758 676 612 765 1321 811 195 978 1127 436 631 725 1006 840 1008 788 702 657 727 173 504 54 724 894 830 1470 94 1219 556 1104 1339 1174 529 1081 1596 1129 1190 817 807 780 1500 573 996 864 509 926 1123 319 643 624 540 956 736 496 600 1194 499 776 931 487 1280 874 745 730 761 796 973 809 40 211 1453 650 794 0 656 691 563 1150 1011 407 1092 833 948 1139 856 956 1505 942 997 888 496 643 759 963 1480 1023 1282 636 1447 533
222 821 359 385 370 382 525 328 689 152 664 192 435 250 390 432 198 629 544 358 1054 895 471 421 555 699 442 239 533 257 383 277 114 673 633 644 189 698 88 289 327 824 702 567 248 641 1051 844 326 427 996 474 770 201 271 230 936 152 339 363 620 976 493 347 233 250 387 797 319 327 168 660 352 222 378 217 925 431 193 177 235 258 912 252 621 533 922 179 314 656 0 259 190 725 405 799 448 241 295 554 351 313 890 507 375 239 408 51 152 339 832 623 647 198 800 229
122 561 139 409 351 564 610 167 727 139 542 189 298 430 600 547 122 402 774 105 802 670 497 289 437 564 216 49 329 183 358 102 160 457 394 742 386 716 215 241 138 817 763 593 134 886 802 598 180 542 907 533 549 206 128 121 809 386 440 173 820 739 464 455 50 66 613 539 64 207 414 505 216 122 242 219 687 202 113 113 93 510 660 143 666 505 768 84 103 691 259 0 423 504 342 688 594 187 439 451 603 342 822 762 343 308 620 210 176 318 833 388 622 452 799 451
410 975 541 551 549 209 652 430 590 339 685 382 497 352 424 305 385 734 356 527 1225 987 410 611 743 726 562 415 720 448 562 462 301 766 750 507 71 612 277 477 513 979 586 720 359 581 1225 1021 421 545 1175 618 956 389 458 418 1122 38 478 550 431 1081 668 247 384 391 197 941 487 407 39 851 432 410 568 277 1106 612 379 363 419 233 1040 441 524 500 1112 339 495 563 190 423 0 911 590 800 542 431 416 740 303 485 1064 425 556 409 218 224 342 520 984 804 814 75 954 41
502 355 371 561 496 1068 735 608 1186 573 871 549 693 763 922 1047 527 569 1267 404 394 723 967 343 315 869 522 498 193 481 486 448 611 628 515 1230 885 1162 646 480 397 701 1233 629 624 1243 372 185 625 742 599 654 45 550 454 495 444 872 673 361 1323 714 487 956 553 560 1107 411 442 659 893 220 652 502 367 720 216 303 532 548 491 923 559 475 1133 942 353 582 417 1150 725 504 911 0 431 1002 820 500 725 347 1004 558 579 1160 477 600 1120 686 579 496 726 126 549 922 698 944
236 687 256 132 64 787 330 509 1047 286 881 218 640 345 494 823 253 687 928 327 821 934 816 104 160 900 526 297 262 171 55 240 317 750 657 1032 593 1043 317 119 221 475 1073 267 466 815 803 603 522 314 595 244 470 205 214 232 532 554 242 209 1021 975 123 732 380 404 781 704 328 548 560 282 558 236 122 523 647 276 266 281 255 527 854 204 982 840 528 362 256 1011 405 342 590 431 0 1027 391 179 298 151 596 133 495 745 46 195 808 391 261 75 491 389 279 573 457 630
806 766 782 1095 1039 730 1286 522 422 791 146 862 390 1046 1185 585 799 436 974 709 1056 452 414 957 1093 134 514 735 917 871 1046 787 784 385 492 579 729 369 828 929 808 1501 491 1281 584 1382 1084 963 512 1204 1548 1215 1033 880 815 807 1419 791 1105 831 898 562 1150 578 658 632 862 688 700 494 828 1118 477 807 916 582 1069 800 787 778 780 1020 652 831 430 308 1347 696 772 407 799 688 800 1002 1027 0 1240 872 1081 1115 1101 1024 1482 1223 1031 976 828 761 831 1006 1518 882 1305 874 1484 788
477 1067 589 259 329 744 149 735 1123 463 1101 405 860 199 173 845 472 995 772 641 1212 1261 916 491 518 1132 811 547 652 433 336 527 461 1052 981 1049 590 1137 412 392 543 502 1125 276 662 458 1193 994 740 78 777 187 857 389 497 480 793 523 161 553 907 1320 350 774 604 629 672 1074 621 751 502 642 772 476 488 661 1035 637 481 483 507 338 1217 470 1055 981 834 555 563 1092 448 594 542 820 391 1240 0 421 159 492 346 282 653 442 348 288 715 480 422 339 498 779 406 480 476 580
65 666 175 223 170 619 423 349 868 107 727 50 481 287 459 645 76 577 782 220 859 840 637 179 316 750 397 138 306 18 179 105 141 636 560 854 425 865 154 61 129 644 894 409 295 769 849 641 360 361 772 345 544 49 76 65 699 394 261 151 861 899 291 554 214 240 628 662 201 382 407 419 396 65 138 345 709 235 89 103 93 424 800 49 803 666 681 186 142 833 241 187 431 500 179 872 421 0 275 319 509 155 674 668 165 134 649 218 89 135 657 414 451 428 623 470
325 937 449 188 234 624 236 575 980 304 942 252 700 68 197 710 317 841 697 494 1107 1108 766 383 451 972 655 393 542 290 246 379 301 896 829 918 453 991 253 259 403 570 987 312 502 518 1093 888 580 133 800 207 765 237 351 329 784 391 73 419 816 1171 309 632 446 471 574 937 470 592 377 577 612 324 368 503 941 504 326 326 355 260 1075 323 912 827 804 396 418 948 295 439 416 725 298 1081 159 275 0 432 310 166 681 449 251 141 612 322 264 229 573 665 424 366 544 456
366 661 333 246 204 935 391 614 1175 426 970 363 738 486 620 964 387 736 1080 405 740 961 943 162 33 983 601 414 237 306 191 351 460 801 697 1171 741 1167 465 264 314 404 1206 281 584 938 716 532 628 413 457 313 377 353 331 360 382 704 366 286 1171 985 144 872 496 517 933 694 420 658 711 150 664 366 208 653 553 319 399 415 377 673 848 332 1112 957 378 490 351 1139 554 451 740 347 151 1115 492 319 432 0 738 277 371 882 191 345 959 536 406 225 425 351 219 724 393 781
529 1159 674 497 535 460 492 677 880 472 980 465 771 252 177 592 509 980 430 692 1368 1245 713 664 755 1019 794 573 813 528 548 591 443 1022 985 772 373 907 391 524 632 846 866 603 597 291 1359 1151 673 391 1103 500 1047 460 572 535 1094 309 382 660 573 1328 620 547 584 601 355 1142 657 669 273 879 694 528 636 544 1217 741 510 501 552 93 1262 545 816 803 1113 528 631 856 351 603 303 1004 596 1101 346 509 310 738 0 463 981 159 551 406 403 403 447 522 843 924 725 228 820 325
220 785 310 75 72 690 267 502 990 237 879 163 634 211 363 745 225 730 810 368 942 990 763 217 291 904 552 293 378 162 85 257 255 790 709 956 500 992 233 112 265 514 1009 264 442 684 927 723 511 213 690 191 599 145 226 220 648 451 121 271 911 1043 183 657 366 392 669 791 354 531 451 416 547 220 207 476 774 354 237 246 248 396 936 203 923 804 655 330 289 956 313 342 485 558 133 1024 282 155 166 277 463 0 580 611 87 75 700 314 200 62 524 502 333 457 491 526
729 935 703 514 520 1270 505 985 1541 782 1337 712 1109 748 822 1317 748 1086 1377 775 904 1286 1309 533 389 1349 967 783 573 665 507 721 812 1150 1041 1527 1079 1535 805 614 686 203 1569 379 953 1101 868 745 999 592 123 481 581 698 699 724 211 1031 608 657 1488 1290 396 1226 866 888 1245 987 791 1029 1030 381 1035 729 579 1018 713 681 760 776 744 942 1138 696 1477 1328 312 855 723 1505 890 822 1064 579 495 1482 653 674 681 371 981 580 0 1095 517 655 1278 883 755 552 226 650 257 1032 221 1106
689 1319 833 636 682 534 592 827 962 631 1110 624 914 399 273 679 669 1132 420 852 1527 1395 821 818 900 1151 948 732 969 687 694 750 602 1172 1139 834 497 996 550 679 792 942 938 715 748 161 1517 1309 822 504 1218 618 1202 618 731 695 1223 441 517 819 576 1481 755 653 740 757 407 1301 816 815 403 1026 841 688 793 687 1374 900 670 660 712 251 1419 705 902 919 1251 685 791 942 507 762 425 1160 745 1223 442 668 449 882 159 611 1095 0 698 560 455 558 607 672 935 1083 844 355 915 435
229 725 275 91 18 757 297 510 1032 269 885 196 641 299 447 800 242 706 890 343 865 958 802 143 204 906 538 296 304 162 15 245 296 768 679 1010 564 1030 289 104 235 478 1055 252 460 768 848 647 521 272 621 212 516 181 216 226 568 521 196 230 986 1003 126 709 377 402 745 738 338 545 525 328 557 228 149 510 693 304 255 268 251 483 886 200 966 832 570 352 267 997 375 343 556 477 46 1031 348 165 251 191 551 87 517 698 0 153 774 366 239 36 492 431 286 535 458 597
189 797 308 146 142 614 310 458 921 185 832 119 587 163 331 671 185 708 737 355 975 973 697 258 356 860 524 260 412 149 156 239 194 765 693 883 425 926 163 122 262 585 938 330 391 647 962 756 465 233 766 245 642 101 211 192 721 375 132 279 836 1033 259 585 323 349 594 796 333 481 376 476 499 188 235 414 815 364 196 200 219 332 935 183 855 743 723 280 277 888 239 308 409 600 195 976 288 134 141 345 406 75 655 560 153 0 624 244 144 120 594 530 408 383 562 451
624 1150 748 763 765 98 842 586 512 554 742 600 613 545 568 245 600 870 165 725 1415 1102 414 829 962 787 721 621 932 665 779 672 515 889 898 379 234 550 496 696 724 1182 483 923 529 614 1419 1218 574 734 1390 819 1165 608 672 632 1341 255 680 761 212 1205 883 261 576 577 48 1107 685 550 248 1069 573 624 785 432 1308 818 592 575 631 378 1188 656 456 521 1330 539 703 496 408 620 218 1120 808 828 715 649 612 959 403 700 1278 455 774 624 0 437 560 738 1185 1008 1024 246 1156 179
187 772 317 388 364 401 544 279 677 117 624 173 390 285 434 433 162 578 580 311 1009 844 453 395 535 658 391 194 496 232 376 238 79 623 582 644 207 681 81 272 289 828 694 575 200 691 1006 800 279 451 986 487 732 185 235 195 918 186 358 326 646 925 489 344 182 198 420 747 271 282 208 634 305 187 350 180 883 388 155 139 195 309 861 219 610 506 898 128 271 643 51 210 224 686 391 761 480 218 322 536 403 314 883 558 366 244 437 0 130 331 838 581 646 243 806 259
82 713 227 274 239 530 455 315 794 41 688 43 443 254 425 561 62 579 695 248 924 846 565 269 405 716 391 134 386 105 250 143 57 632 570 771 335 794 66 142 187 710 816 464 247 720 918 710 321 375 857 386 624 57 127 88 788 305 275 220 771 914 364 470 182 207 539 700 217 337 319 508 355 81 226 276 784 296 66 62 105 358 829 104 728 604 771 136 184 759 152 176 342 579 261 831 422 89 264 406 447 200 755 607 239 144 560 130 0 205 722 484 523 343 689 381
201 728 264 96 34 721 305 484 998 236 860 162 616 272 426 764 212 691 855 328 880 948 769 155 236 883 520 270 316 135 45 224 262 753 667 975 528 997 253 77 221 508 1021 274 431 747 864 661 495 267 657 222 536 147 193 199 604 485 181 221 950 996 159 674 349 375 710 738 319 518 489 357 531 200 149 477 712 301 225 237 225 451 884 175 933 801 603 322 250 963 339 318 520 496 75 1006 339 135 229 225 522 62 552 672 36 120 738 331 205 0 522 441 318 500 488 561
721 1071 740 449 487 1194 352 1000 1515 757 1372 682 1131 640 671 1264 734 1160 1262 813 1088 1387 1288 567 456 1391 1013 787 661 654 478 732 779 1224 1122 1476 1013 1517 757 597 710 26 1533 265 953 918 1054 906 1012 456 335 366 740 665 704 718 434 956 506 691 1388 1408 368 1179 869 894 1146 1112 818 1037 947 507 1049 721 604 998 893 740 747 759 743 822 1266 692 1448 1324 526 844 746 1480 832 833 984 726 491 1518 498 657 573 425 843 524 226 935 492 594 1185 838 722 522 0 766 213 939 34 1026
404 309 263 521 449 952 715 483 1059 472 749 460 566 693 860 925 427 455 1159 285 445 636 841 287 318 749 396 388 127 396 443 345 509 517 404 1105 773 1036 549 408 297 742 1107 625 501 1178 434 226 500 703 689 629 167 464 357 397 544 766 623 265 1209 644 473 834 435 440 998 346 324 533 789 269 525 404 297 599 301 192 431 445 388 839 500 381 1007 816 464 469 309 1023 623 388 804 126 389 882 779 414 665 351 924 502 650 1083 431 530 1008 581 484 441 766 0 569 821 735 836
513 878 526 263 284 1021 264 789 1317 555 1159 481 919 491 571 1078 528 947 1120 599 932 1179 1088 353 252 1177 799 577 457 447 273 520 580 1011 911 1289 833 1316 566 390 497 195 1339 131 745 863 903 734 802 340 377 226 571 465 494 510 389 782 351 478 1234 1205 160 990 659 684 990 913 605 828 779 330 838 513 390 796 738 527 541 555 534 684 1068 483 1251 1118 444 638 533 1282 647 622 814 549 279 1305 406 451 424 219 725 333 257 844 286 408 1024 646 523 318 213 569 0 778 179 856
419 1012 558 518 525 263 599 482 662 349 756 378 560 299 353 375 395 788 356 554 1252 1046 485 607 731 797 611 436 729 446 539 475 312 824 802 571 145 686 276 467 525 935 655 676 407 509 1249 1042 476 491 1146 573 967 382 467 426 1104 85 433 560 455 1137 639 321 419 429 212 983 514 465 48 844 491 419 567 335 1123 629 390 375 433 160 1088 446 596 575 1100 368 512 636 198 452 75 922 573 874 480 428 366 724 228 457 1032 355 535 383 246 243 343 500 939 821 778 0 910 103
687 1041 706 417 453 1164 327 966 1482 723 1338 649 1097 612 649 1233 700 1126 1236 779 1064 1355 1254 533 423 1356 979 753 629 621 444 698 746 1190 1089 1444 982 1483 725 563 676 26 1500 234 919 903 1031 880 978 430 336 336 713 632 670 684 423 925 476 657 1360 1376 334 1147 835 860 1118 1081 784 1003 917 478 1015 687 570 964 869 706 713 726 709 795 1235 658 1415 1290 510 810 712 1447 800 799 954 698 457 1484 476 623 544 393 820 491 221 915 458 562 1156 806 689 488 34 735 179 910 0 996
446 998 573 593 590 168 692 445 559 375 678 421 501 392 456 272 421 745 323 557 1252 994 389 650 783 720 579 447 755 486 603 496 337 774 765 469 73 583 317 517 547 1021 552 761 377 594 1254 1050 435 585 1217 660 990 429 494 454 1163 76 520 585 391 1090 710 222 410 415 162 961 516 418 79 889 443 446 606 289 1137 644 414 398 454 263 1055 478 493 483 1151 368 528 533 229 451 41 944 630 788 580 470 456 781 325 526 1106 435 597 451 179 259 381 561 1026 836 856 103 996 0
