0 1338 837 741 1050 676 1641 1293 382 930 364 1507 1668 360 781 380 149
1338 0 1732 1893 1396 694 2922 2411 1535 2111 1620 2078 1868 1123 723 962 1191
837 1732 0 1420 569 1080 1965 702 1165 1537 1071 2322 2505 704 1462 1030 864
741 1893 1420 0 1767 1337 1050 1581 383 217 382 997 1355 1100 1189 996 855
1050 1396 569 1767 0 895 2475 1232 1431 1928 1386 2533 2608 734 1377 1033 991
676 694 1080 1337 895 0 2310 1734 955 1549 1005 1816 1784 428 493 341 527
1641 2922 1965 1050 2475 2310 0 1707 1386 841 1308 1662 2154 1976 2234 1981 1785
1293 2411 702 1581 1232 1734 1707 0 1485 1606 1351 2575 2870 1318 2041 1601 1384
382 1535 1165 383 1431 955 1386 1485 0 593 141 1157 1388 732 858 614 477
930 2111 1537 217 1928 1549 841 1606 593 0 566 1035 1452 1290 1406 1208 1054
364 1620 1071 382 1386 1005 1308 1351 141 566 0 1261 1518 724 967 672 492
1507 2078 2322 997 2533 1816 1662 2575 1157 1035 1261 0 512 1799 1408 1534 1543
1668 1868 2505 1355 2608 1784 2154 2870 1388 1452 1518 512 0 1887 1309 1574 1657
360 1123 704 1100 734 428 1976 1318 732 1290 724 1799 1887 0 757 333 262
781 723 1462 1189 1377 493 2234 2041 858 1406 967 1408 1309 757 0 440 662
380 962 1030 996 1033 341 1981 1601 614 1208 672 1534 1574 333 440 0 238
149 1191 864 855 991 527 1785 1384 477 1054 492 1543 1657 262 662 238 0
