0 556 26 1215 112 71 930 486 496 1031 1041 842 680 1728 1658 1405
556 0 557 1756 449 532 1484 104 777 918 814 1399 489 1507 1339 867
26 557 0 1223 108 48 927 490 470 1008 1062 843 661 1706 1677 1410
1215 1756 1223 0 1327 1262 522 1668 1402 2070 1879 469 1841 2762 2457 2542
112 449 108 1327 0 87 1034 386 489 959 1001 951 585 1648 1608 1306
71 532 48 1262 87 0 952 472 435 960 1076 873 614 1658 1687 1392
930 1484 927 522 1034 952 0 1416 957 1611 1830 146 1448 2283 2448 2333
486 104 490 1668 386 472 1416 0 771 986 757 1324 554 1596 1312 920
496 777 470 1402 489 435 957 771 0 668 1479 943 521 1366 2071 1618
1031 918 1008 2070 959 960 1611 986 668 0 1733 1608 431 705 2223 1498
1041 814 1062 1879 1001 1076 1830 757 1479 1733 0 1700 1304 2286 624 891
842 1399 843 469 951 873 146 1324 943 1608 1700 0 1408 2295 2315 2235
680 489 661 1841 585 614 1448 554 521 431 1304 1408 0 1074 1814 1180
1728 1507 1706 2762 1648 1658 2283 1596 1366 705 2286 2295 1074 0 2679 1804
1658 1339 1677 2457 1608 1687 2448 1312 2071 2223 624 2315 1814 2679 0 955
1405 867 1410 2542 1306 1392 2333 920 1618 1498 891 2235 1180 1804 955 0
