0 1151 72 15 1369 50 687 1028 1109 1552 121 305 1230 1711 648 659
1151 0 1222 1137 2424 1171 1625 1228 1523 1818 1255 1300 79 2524 1793 886
72 1222 0 88 1317 61 638 1042 1102 1577 58 300 1301 1687 581 696
15 1137 88 0 1378 62 700 1028 1113 1545 136 305 1216 1714 661 655
1369 2424 1317 1378 0 1379 1529 2279 2223 1577 1322 1133 2502 757 804 2006
50 1171 61 62 1379 0 637 991 1063 1602 85 343 1249 1741 640 636
687 1625 638 700 1529 637 0 834 702 2194 580 898 1696 2098 747 793
1028 1228 1042 1028 2279 991 834 0 314 2504 1011 1333 1272 2727 1476 452
1109 1523 1102 1113 2223 1063 702 314 0 2647 1058 1403 1571 2744 1425 679
1552 1818 1577 1545 1577 1602 2194 2504 2647 0 1632 1296 1869 1112 1648 2060
121 1255 58 136 1322 85 580 1011 1058 1632 0 347 1333 1716 565 685
305 1300 300 305 1133 343 898 1333 1403 1296 347 0 1379 1411 545 955
1230 79 1301 1216 2502 1249 1696 1272 1571 1869 1333 1379 0 2595 1872 947
1711 2524 1687 1714 757 1741 2098 2727 2744 1112 1716 1411 2595 0 1358 2366
648 1793 581 661 804 640 747 1476 1425 1648 565 545 1872 1358 0 1229
659 886 696 655 2006 636 793 452 679 2060 685 955 947 2366 1229 0
