0 1619 1161 593 460 694 858 1285 29 207 695 417 178 403 164 722
1619 0 2740 1174 1320 927 2476 2870 1591 1497 2107 2006 1445 1309 1543 2171
1161 2740 0 1742 1594 1838 407 792 1190 1341 700 746 1338 1553 1201 624
593 1174 1742 0 156 348 1403 1717 565 400 1269 1007 431 190 626 1306
460 1320 1594 156 0 445 1249 1562 434 257 1151 866 319 82 523 1182
694 927 1838 348 445 0 1552 1947 665 574 1260 1094 518 407 639 1314
858 2476 407 1403 1249 1552 0 581 886 1010 668 490 1034 1221 942 603
1285 2870 792 1717 1562 1947 581 0 1309 1373 1249 1016 1442 1562 1411 1184
29 1591 1190 565 434 665 886 1309 0 183 719 446 149 375 160 748
207 1497 1341 400 257 574 1010 1373 183 0 901 609 129 212 307 929
695 2107 700 1269 1151 1260 668 1249 719 901 0 386 838 1085 646 76
417 2006 746 1007 866 1094 490 1016 446 609 386 0 593 817 462 376
178 1445 1338 431 319 518 1034 1442 149 129 838 593 0 247 203 874
403 1309 1553 190 82 407 1221 1562 375 212 1085 817 247 0 449 1119
164 1543 1201 626 523 639 942 1411 160 307 646 462 203 449 0 690
722 2171 624 1306 1182 1314 603 1184 748 929 76 376 874 1119 690 0
