0 1417 203 382 673 1172 1192 430 161 1145 1438 176 397 691 1054 10
1417 0 1221 1060 956 341 1853 1676 1322 2437 2854 1532 1371 1988 1638 1424
203 1221 0 179 564 991 1159 524 123 1336 1633 318 347 877 993 212
382 1060 179 0 544 856 1134 633 262 1513 1798 472 373 1053 947 391
673 956 564 544 0 632 1678 1081 685 1497 2042 844 897 1064 1490 674
1172 341 991 856 632 0 1819 1489 1105 2127 2607 1310 1210 1687 1606 1177
1192 1853 1159 1134 1678 1819 0 848 1070 2083 1800 1058 814 1730 215 1199
430 1676 524 633 1081 1489 848 0 401 1263 1247 256 318 883 767 433
161 1322 123 262 685 1105 1070 401 0 1301 1536 210 257 851 917 172
1145 2437 1336 1513 1497 2127 2083 1263 1301 0 931 1152 1474 461 2028 1134
1438 2854 1633 1798 2042 2607 1800 1247 1536 931 0 1326 1561 1077 1846 1432
176 1532 318 472 844 1310 1058 256 210 1152 1326 0 323 724 941 178
397 1371 347 373 897 1210 814 318 257 1474 1561 323 0 1045 660 406
691 1988 877 1053 1064 1687 1730 883 851 461 1077 724 1045 0 1645 681
1054 1638 993 947 1490 1606 215 767 917 2028 1846 941 660 1645 0 1062
10 1424 212 391 674 1177 1199 433 172 1134 1432 178 406 681 1062 0
