0 1204 268 594 961 39 122 1125 775 974 1425 156 1069 1577 490 34
1204 0 1453 788 1767 1242 1174 99 1854 1411 2387 1101 2233 753 1209 1234
268 1453 0 770 803 237 360 1380 709 946 1189 417 902 1757 680 249
594 788 770 0 985 630 642 747 1367 701 1599 589 1655 989 907 629
961 1767 803 985 0 956 1083 1731 1452 483 636 1104 1473 1720 1448 967
39 1242 237 630 956 0 132 1163 742 989 1406 180 1031 1614 491 12
122 1174 360 642 1083 132 0 1090 732 1085 1538 72 1066 1604 368 120
1125 99 1380 747 1731 1163 1090 0 1762 1396 2345 1017 2144 834 1112 1155
775 1854 709 1367 1452 742 732 1762 0 1656 1642 796 434 2336 672 742
974 1411 946 701 483 989 1085 1396 1656 0 1099 1074 1786 1251 1442 996
1425 2387 1189 1599 636 1406 1538 2345 1642 1099 0 1581 1484 2349 1868 1418
156 1101 417 589 1104 180 72 1017 796 1074 1581 0 1138 1540 368 168
1069 2233 902 1655 1473 1031 1066 2144 434 1786 1484 1138 0 2643 1091 1035
1577 753 1757 989 1720 1614 1604 834 2336 1251 2349 1540 2643 0 1778 1611
490 1209 680 907 1448 491 368 1112 672 1442 1868 368 1091 1778 0 480
34 1234 249 629 967 12 120 1155 742 996 1418 168 1035 1611 480 0
