0 253 909 887 1657 1479 1227 20 950 239 515 1125 1332 238 1348 1132 755
253 0 657 747 1706 1679 1340 266 1067 140 276 1236 1359 229 1311 1219 600
909 657 0 833 2058 2205 1831 920 1585 738 406 1612 1544 776 1348 1678 564
887 747 833 0 1243 2360 1126 908 944 660 802 1981 2092 976 1999 955 1200
1657 1706 2058 1243 0 2771 561 1672 773 1566 1902 2708 2983 1872 3001 554 2294
1479 1679 2205 2360 2771 0 2214 1459 2009 1717 1825 737 1162 1472 1484 2229 1719
1227 1340 1831 1126 561 2214 0 1237 277 1201 1582 2200 2512 1460 2571 174 1939
20 266 920 908 1672 1459 1237 0 960 259 524 1105 1316 233 1336 1144 753
950 1067 1585 944 773 2009 277 960 0 930 1315 1942 2242 1183 2294 220 1666
239 140 738 660 1566 1717 1201 259 930 0 393 1324 1479 333 1445 1078 740
515 276 406 802 1902 1825 1582 524 1315 393 0 1287 1313 372 1197 1448 403
1125 1236 1612 1981 2708 737 2200 1105 1942 1324 1287 0 463 1006 756 2156 1070
1332 1359 1544 2092 2983 1162 2512 1316 2242 1479 1313 463 0 1145 341 2443 981
238 229 776 976 1872 1472 1460 233 1183 333 372 1006 1145 0 1128 1358 523
1348 1311 1348 1999 3001 1484 2571 1336 2294 1445 1197 756 341 1128 0 2481 813
1132 1219 1678 955 554 2229 174 1144 220 1078 1448 2156 2443 1358 2481 0 1818
755 600 564 1200 2294 1719 1939 753 1666 740 403 1070 981 523 813 1818 0
