0 1197 1536 783 1272 917 459 636 349 233 500 1076 1007 66 1106 189
1197 0 421 1573 2362 800 1578 1822 848 968 1198 2012 1567 1264 2044 1099
1536 421 0 1754 2600 889 1863 2172 1193 1318 1420 2420 1989 1602 2232 1406
783 1573 1754 0 878 874 501 1015 925 897 392 1706 1778 780 478 672
1272 2362 2600 878 0 1741 816 968 1573 1487 1180 1660 2014 1223 464 1291
917 800 889 874 1741 0 1084 1509 695 791 591 1980 1759 973 1350 734
459 1578 1863 501 816 1084 0 518 760 670 498 1208 1346 416 675 483
636 1822 2172 1015 968 1509 518 0 979 856 966 736 1052 570 1059 789
349 848 1193 925 1573 695 760 979 0 125 545 1307 1069 415 1336 284
233 968 1318 897 1487 791 670 856 125 0 541 1195 998 297 1280 226
500 1198 1420 392 1180 591 498 966 545 541 0 1551 1500 527 848 335
1076 2012 2420 1706 1660 1980 1208 736 1307 1195 1551 0 616 1033 1795 1266
1007 1567 1989 1778 2014 1759 1346 1052 1069 998 1500 616 0 1000 2015 1167
66 1264 1602 780 1223 973 416 570 415 297 527 1033 1000 0 1078 240
1106 2044 2232 478 464 1350 675 1059 1336 1280 848 1795 2015 1078 0 1058
189 1099 1406 672 1291 734 483 789 284 226 335 1266 1167 240 1058 0
