0 697 743 403 390 545 30 432 753 284 335 500 844 381 637 702 59 464 772 129 554 227 35 191 420 654 726 508 216 770 703 302 665 215 334 719 239 752 556 237 789 207 567 28 516 587 124 422 116 717 419 383 723 251 811 785 622 472 532 163 301 636 434 451 84 547 348 403 172 465 337 426 39 41 505 13 492 730
697 0 503 1031 935 651 674 1120 56 415 1024 662 808 644 592 1282 681 1158 1370 687 1137 819 699 577 1115 299 1354 392 736 199 1336 790 1139 859 387 1137 932 1373 142 466 1211 493 151 717 291 951 581 619 584 986 773 766 1384 457 1223 279 441 318 1165 702 511 653 786 1078 770 358 519 1072 611 961 647 896 660 738 573 711 793 1272
743 503 0 886 1112 1012 738 1150 529 583 1056 1000 314 927 175 1443 692 1100 1515 817 1294 954 721 753 1121 207 1151 778 630 702 1143 986 1373 957 461 1404 963 1495 466 550 859 629 555 744 683 624 689 929 644 590 521 1016 1454 532 1497 781 876 328 997 849 442 236 1056 920 826 227 397 969 576 722 906 1116 722 768 277 753 492 997
403 1031 886 0 638 937 434 409 1088 653 364 888 836 769 723 810 383 255 840 512 699 521 380 595 355 888 328 909 296 1142 308 631 885 456 644 967 337 792 890 578 474 588 926 375 905 395 520 815 480 545 372 734 687 582 1046 1169 1025 739 134 536 529 685 782 48 390 768 540 107 421 215 724 717 439 368 608 394 425 344
390 935 1112 638 0 447 384 339 984 557 303 397 1234 325 1022 347 449 515 434 294 202 162 421 374 380 988 883 596 590 928 857 144 276 195 661 340 300 440 814 565 1101 491 785 402 667 943 422 371 470 1085 797 205 482 582 428 907 657 807 721 263 677 1025 225 671 321 897 729 569 560 789 301 96 399 383 891 384 872 978
545 651 1012 937 447 0 518 765 683 454 700 52 1235 167 994 734 588 907 829 425 620 447 577 366 794 829 1241 258 745 565 1215 343 538 519 575 509 648 854 581 525 1330 451 511 573 362 1110 462 123 524 1221 922 245 923 539 586 518 246 686 1054 400 679 1025 223 981 546 787 731 908 639 1008 212 361 519 574 890 552 985 1273
30 674 738 434 384 518 0 450 729 259 353 473 850 354 638 705 75 490 777 108 556 222 59 161 441 641 756 477 236 742 733 287 658 220 317 709 259 760 533 219 814 181 542 58 487 608 96 394 99 736 436 363 736 234 801 756 592 459 562 144 297 641 414 481 98 536 347 433 176 491 311 414 16 70 507 41 508 759
432 1120 1150 409 339 765 450 0 1174 705 97 713 1184 616 1017 403 468 198 431 438 309 333 442 552 56 1083 572 855 528 1164 545 423 515 271 766 608 193 386 981 669 879 627 980 421 898 791 539 667 548 942 707 521 306 684 674 1161 942 903 443 433 716 999 554 424 352 971 755 308 578 613 578 435 466 396 886 419 777 710
753 56 529 1088 984 683 729 1174 0 470 1079 697 839 686 630 1329 737 1214 1418 741 1186 870 755 629 1170 331 1410 427 792 184 1392 839 1182 912 443 1176 987 1422 199 522 1261 548 199 773 330 1001 636 659 640 1032 825 810 1436 513 1260 268 463 370 1221 754 566 693 828 1134 825 402 572 1129 668 1015 692 942 715 794 620 767 843 1325
284 415 583 653 557 454 259 705 470 0 609 431 782 345 542 903 277 748 985 280 754 418 290 182 700 434 981 290 378 491 961 418 800 449 124 824 516 980 276 86 942 78 283 306 257 697 166 353 176 789 502 434 977 94 916 516 414 258 787 301 232 571 472 701 355 357 279 676 245 640 323 543 245 325 436 297 555 942
335 1024 1056 364 303 700 353 97 1079 609 0 648 1101 543 927 453 371 213 497 346 334 256 345 461 97 986 581 770 439 1073 554 357 524 188 669 611 95 460 885 572 839 531 886 323 808 726 442 595 451 877 626 460 398 586 685 1074 862 806 426 345 620 911 499 389 255 875 660 277 482 552 503 395 369 299 795 322 698 690
500 662 1000 888 397 52 473 713 697 431 648 0 1213 120 973 692 545 855 787 378 574 395 533 326 742 823 1190 270 704 591 1165 291 504 467 554 483 596 810 581 497 1288 420 517 528 370 1071 423 82 486 1186 885 194 875 512 564 549 279 672 1004 352 651 1002 175 932 497 773 703 857 602 965 164 314 476 527 865 506 950 1226
844 808 314 836 1234 1235 850 1184 839 782 1101 1213 0 1121 243 1533 785 1083 1592 950 1390 1071 813 919 1143 509 1030 1029 664 1005 1028 1131 1508 1053 660 1557 1019 1560 747 721 647 802 836 834 945 473 835 1135 775 372 478 1185 1489 704 1650 1081 1140 568 916 985 573 213 1231 856 918 477 519 938 674 631 1091 1261 836 855 352 850 413 834
381 644 927 769 325 167 354 616 686 345 543 120 1121 0 884 653 427 745 745 258 519 287 413 213 639 763 1073 275 586 609 1048 195 495 358 469 498 484 760 542 400 1169 319 493 408 358 955 309 51 374 1073 772 127 806 416 587 583 333 599 886 232 551 907 142 813 378 700 604 741 489 846 45 261 357 407 769 387 839 1106
637 592 175 723 1022 994 638 1017 630 542 927 973 243 884 0 1338 581 949 1404 730 1191 860 610 688 983 303 978 786 489 784 971 909 1292 851 418 1334 838 1378 514 485 688 568 601 632 704 448 609 895 554 425 353 955 1324 468 1428 855 898 326 829 765 346 66 1000 755 716 242 293 813 464 550 856 1040 623 655 133 645 318 821
702 1282 1443 810 347 734 705 403 1329 903 453 692 1533 653 1338 0 757 592 94 631 149 491 728 721 459 1331 951 929 870 1263 925 491 231 486 1002 319 519 133 1162 904 1282 835 1130 705 1007 1180 760 692 799 1330 1069 526 266 921 339 1233 970 1148 843 604 1002 1333 522 827 621 1235 1051 711 873 1006 639 391 721 682 1205 693 1143 1110
59 681 692 383 449 588 75 468 737 277 371 545 785 427 581 757 0 477 825 184 610 286 29 225 450 614 710 526 161 768 688 361 725 270 304 779 276 803 538 215 742 206 559 51 523 532 138 465 100 660 360 439 766 225 871 790 645 436 515 219 251 578 489 431 135 503 296 398 116 420 384 485 69 76 448 65 433 697
464 1158 1100 255 515 907 490 198 1214 748 213 855 1083 745 949 592 477 0 607 520 507 459 459 630 143 1069 375 950 472 1233 348 566 713 388 779 805 262 553 1015 692 701 671 1032 442 974 651 586 796 574 800 609 671 436 702 872 1244 1052 900 252 529 695 919 711 253 405 951 722 148 563 470 703 608 503 422 824 450 670 517
772 1370 1515 840 434 829 777 431 1418 985 497 787 1592 745 1404 94 825 607 0 710 232 569 795 804 485 1410 949 1021 927 1355 924 579 318 557 1081 400 573 66 1248 982 1306 916 1219 773 1098 1221 838 785 874 1372 1122 618 221 999 405 1327 1064 1227 859 685 1073 1395 616 852 689 1312 1120 737 942 1044 730 484 794 749 1271 762 1195 1122
129 687 817 512 294 425 108 438 741 280 346 378 950 258 730 631 184 520 710 0 481 141 163 114 442 700 823 429 344 726 799 181 561 171 370 607 263 701 553 272 916 206 544 154 461 715 128 303 176 844 544 255 698 290 700 728 533 517 633 36 384 738 306 557 124 604 437 492 277 592 213 311 118 150 602 132 616 848
554 1137 1294 699 202 620 556 309 1186 754 334 574 1390 519 1191 149 610 507 232 481 0 341 581 572 365 1181 880 794 729 1128 853 347 210 339 852 307 386 240 1015 754 1173 685 987 559 868 1052 610 562 650 1201 932 394 310 771 365 1103 846 998 750 454 853 1187 399 721 474 1086 902 607 726 883 501 261 572 536 1058 545 1006 1017
227 819 954 521 162 447 222 333 870 418 256 395 1071 287 860 491 286 459 569 141 341 0 259 241 352 841 802 523 431 840 776 111 438 71 512 495 202 561 688 413 966 346 672 240 574 792 269 339 310 931 638 217 566 430 586 832 609 658 623 117 517 862 263 560 163 744 568 472 397 647 247 208 237 222 729 222 713 865
35 699 721 380 421 577 59 442 755 290 345 533 813 413 610 728 29 459 795 163 581 259 0 218 426 640 705 528 181 780 683 337 697 241 327 753 249 774 557 234 755 216 574 22 531 552 140 453 115 682 384 418 738 246 844 799 645 461 510 198 280 607 469 428 106 530 325 388 146 432 370 460 59 47 477 37 457 702
191 577 753 595 374 366 161 552 629 182 461 326 919 213 688 721 225 630 804 114 572 241 218 0 557 615 916 321 379 612 893 237 621 284 292 651 376 801 447 204 965 123 432 220 347 744 96 244 160 860 559 267 807 222 745 615 432 436 723 124 345 705 312 642 226 531 399 589 276 644 176 364 159 228 567 201 625 920
420 1115 1121 355 380 794 441 56 1170 700 97 742 1143 639 983 459 450 143 485 442 365 352 426 557 0 1063 518 867 494 1169 491 450 570 285 753 662 183 437 975 658 823 621 979 405 904 741 533 690 536 892 665 552 346 671 729 1170 959 886 386 442 693 962 588 368 345 949 729 253 555 562 600 475 456 381 853 407 733 653
654 299 207 888 988 829 641 1083 331 434 986 823 509 763 303 1331 614 1069 1410 700 1181 841 640 615 1063 0 1188 585 601 497 1175 852 1234 858 329 1255 890 1399 263 428 967 496 351 662 485 713 572 758 542 719 562 865 1377 411 1347 574 675 183 1014 727 373 368 900 929 738 120 349 955 509 766 749 978 624 687 322 666 560 1066
726 1354 1151 328 883 1241 756 572 1410 981 581 1190 1030 1073 978 951 710 375 949 823 880 802 705 916 518 1188 0 1234 617 1470 26 914 1087 731 968 1180 601 888 1214 905 459 916 1253 698 1233 556 845 1122 808 672 633 1020 746 909 1245 1498 1348 1052 194 843 845 927 1064 280 699 1069 849 332 747 429 1029 974 763 688 883 715 660 228
508 392 778 909 596 258 477 855 427 290 770 270 1029 275 786 929 526 950 1021 429 794 523 528 321 867 585 1234 0 657 334 1211 457 762 583 386 750 692 1034 327 376 1231 330 252 535 103 988 389 239 434 1076 792 402 1074 384 834 311 124 462 1039 425 518 828 411 957 548 560 560 910 528 924 295 537 471 547 701 519 844 1219
216 736 630 296 590 745 236 528 792 378 439 704 664 586 489 870 161 472 927 344 729 431 181 379 494 601 617 657 0 856 600 517 866 398 350 927 355 897 596 295 586 326 638 194 635 371 285 623 226 502 207 599 835 296 1017 890 779 444 428 379 234 471 650 341 268 482 252 353 133 268 544 637 230 209 359 215 282 564
770 199 702 1142 928 565 742 1164 184 491 1073 591 1005 609 784 1263 768 1233 1355 726 1128 840 780 612 1169 497 1470 334 856 0 1450 787 1092 893 511 1073 987 1368 284 564 1373 564 219 794 266 1115 646 572 668 1164 928 736 1401 561 1152 84 324 486 1277 731 650 843 744 1190 830 544 670 1167 724 1102 627 871 731 812 751 783 958 1412
703 1336 1143 308 857 1215 733 545 1392 961 554 1165 1028 1048 971 925 688 348 924 799 853 776 683 893 491 1175 26 1211 600 1450 0 888 1060 705 950 1153 575 863 1196 886 470 895 1234 675 1212 554 823 1097 787 675 623 994 722 890 1219 1477 1325 1037 173 818 829 921 1038 260 675 1055 834 307 728 420 1004 947 740 665 873 692 653 241
302 790 986 631 144 343 287 423 839 418 357 291 1131 195 909 491 361 566 579 181 347 111 337 237 450 852 914 457 517 787 888 0 386 182 529 425 313 584 670 436 1070 358 640 322 524 885 300 245 356 1019 721 105 616 454 519 769 527 673 735 145 562 919 151 672 258 767 616 584 459 748 163 130 299 309 782 301 794 975
665 1139 1373 885 276 538 658 515 1182 800 524 504 1508 495 1292 231 725 713 318 561 210 438 697 621 570 1234 1087 762 866 1092 1060 386 0 468 914 97 553 364 1033 823 1357 744 988 678 852 1214 686 523 738 1358 1073 375 485 841 161 1053 783 1057 948 527 946 1299 353 912 597 1153 999 801 834 1054 494 257 672 659 1163 660 1148 1214
215 859 957 456 195 519 220 271 912 449 188 467 1053 358 851 486 270 388 557 171 339 71 241 284 285 858 731 583 398 893 705 182 468 0 530 535 130 541 725 431 910 373 716 220 627 748 289 409 317 890 605 288 527 447 623 890 674 675 554 162 516 849 333 494 135 756 564 402 387 595 316 262 236 197 719 206 680 800
334 387 461 644 661 575 317 766 443 124 669 554 660 469 418 1002 304 779 1081 370 852 512 327 292 753 329 968 386 350 511 950 529 914 530 0 943 573 1070 245 99 873 170 291 347 325 619 243 478 218 694 425 554 1053 83 1036 554 507 146 778 398 142 450 594 691 415 238 176 686 224 591 446 657 301 371 318 347 467 901
719 1137 1404 967 340 509 709 608 1176 824 611 483 1557 498 1334 319 779 805 400 607 307 495 753 651 662 1255 1180 750 927 1073 1153 425 97 535 943 0 632 452 1040 856 1437 775 988 735 846 1283 725 517 782 1425 1134 390 580 874 93 1027 755 1083 1037 571 988 1345 356 997 658 1181 1041 888 884 1128 506 295 722 718 1208 716 1209 1300
239 932 963 337 300 648 259 193 987 516 95 596 1019 484 838 519 276 262 573 263 386 202 249 376 183 890 601 692 355 987 575 313 553 130 573 632 0 542 792 477 804 438 796 227 724 667 350 535 355 815 550 419 491 491 714 991 791 710 426 268 526 825 463 372 161 779 566 274 388 501 442 381 274 203 705 226 623 678
752 1373 1495 792 440 854 760 386 1422 980 460 810 1560 760 1378 133 803 553 66 701 240 561 774 801 437 1399 888 1034 897 1368 863 584 364 541 1070 452 542 0 1247 971 1253 908 1223 751 1107 1177 827 802 859 1329 1087 634 154 987 464 1343 1085 1215 804 679 1054 1367 637 801 669 1297 1099 687 919 999 740 500 777 727 1245 742 1158 1065
556 142 466 890 814 581 533 981 199 276 885 581 747 542 514 1162 538 1015 1248 553 1015 688 557 447 975 263 1214 327 596 284 1196 670 1033 725 245 1040 792 1247 0 323 1090 354 89 575 225 831 442 526 442 880 646 658 1252 314 1129 345 412 202 1024 570 375 569 684 937 630 272 389 930 469 828 538 784 519 596 469 569 674 1139
237 466 550 578 565 525 219 669 522 86 572 497 721 400 485 904 215 692 982 272 754 413 234 204 658 428 905 376 295 564 886 436 823 431 99 856 477 971 323 0 855 82 349 253 341 611 144 416 121 705 416 471 954 17 949 595 501 244 712 301 154 507 514 625 317 332 205 609 161 554 370 566 203 276 369 251 471 858
789 1211 859 474 1101 1330 814 879 1261 942 839 1288 647 1169 688 1282 742 701 1306 916 1173 966 755 965 823 967 459 1231 586 1373 470 1070 1357 910 873 1437 804 1253 1090 855 0 905 1157 762 1193 259 871 1207 811 277 447 1165 1133 850 1518 1424 1356 893 452 948 730 623 1215 455 812 865 703 570 705 323 1125 1172 811 767 646 784 417 231
207 493 629 588 491 451 181 627 548 78 531 420 802 319 568 835 206 671 916 206 685 346 216 123 621 496 916 330 326 564 895 358 744 373 170 775 438 908 354 82 905 0 360 230 317 669 88 338 107 772 476 389 901 99 868 583 453 315 721 230 232 589 432 636 276 408 285 604 200 594 288 487 168 249 450 220 536 889
567 151 555 926 785 511 542 980 199 283 886 517 836 493 601 1130 559 1032 1219 544 987 672 574 432 979 351 1253 252 638 219 1234 640 988 716 291 988 796 1223 89 349 1157 360 0 589 149 899 447 470 459 956 710 614 1238 344 1074 268 326 282 1061 556 430 654 636 974 635 359 453 957 506 882 496 745 529 609 549 581 743 1192
28 717 744 375 402 573 58 421 773 306 323 528 834 408 632 705 51 442 773 154 559 240 22 220 405 662 698 535 194 794 675 322 678 220 347 735 227 751 575 253 762 230 589 0 542 564 149 450 132 697 400 406 716 266 826 810 650 482 504 187 302 629 458 422 84 553 347 377 168 438 364 443 65 24 499 21 474 702
516 291 683 905 667 362 487 898 330 257 808 370 945 358 704 1007 523 974 1098 461 868 574 531 347 904 485 1233 103 635 266 1212 524 852 627 325 846 724 1107 225 341 1193 317 149 542 0 942 392 329 425 1019 747 484 1136 344 931 269 195 377 1038 465 465 749 499 953 570 470 502 919 502 896 368 617 477 557 629 529 793 1199
587 951 624 395 943 1110 608 791 1001 697 726 1071 473 955 448 1180 532 651 1221 715 1052 792 552 744 741 713 556 988 371 1115 554 885 1214 748 619 1283 667 1177 831 611 259 669 899 564 942 0 648 989 585 151 195 970 1081 604 1371 1167 1112 633 451 750 476 388 1021 403 630 607 446 503 471 180 914 1000 601 575 390 585 157 375
124 581 689 520 422 462 96 539 636 166 442 423 835 309 609 760 138 586 838 128 610 269 140 96 533 572 845 389 285 646 823 300 686 289 243 725 350 827 442 144 871 88 447 149 392 648 0 341 64 764 462 351 815 161 818 661 507 389 651 159 263 621 399 568 188 476 316 527 180 552 270 431 85 165 484 137 529 835
422 619 929 815 371 123 394 667 659 353 595 82 1135 51 895 692 465 796 785 303 562 339 453 244 690 758 1122 239 623 572 1097 245 523 409 478 517 535 802 526 416 1207 338 470 450 329 989 341 0 404 1103 802 168 853 432 604 541 285 600 934 279 570 923 172 860 425 702 622 789 519 885 93 302 396 451 786 429 868 1150
116 584 644 480 470 524 99 548 640 176 451 486 775 374 554 799 100 574 874 176 650 310 115 160 536 542 808 434 226 668 787 356 738 317 218 782 355 859 442 121 811 107 459 132 425 585 64 404 0 699 398 413 836 135 875 690 555 359 614 211 208 563 462 528 197 438 260 499 115 495 335 486 83 154 426 129 465 785
717 986 590 545 1085 1221 736 942 1032 789 877 1186 372 1073 425 1330 660 800 1372 844 1201 931 682 860 892 719 672 1076 502 1164 675 1019 1358 890 694 1425 815 1329 880 705 277 772 956 697 1019 151 764 1103 699 0 301 1099 1231 695 1513 1224 1199 678 590 880 558 358 1150 550 767 630 517 653 584 331 1034 1138 727 710 413 717 235 465
419 773 521 372 797 922 436 707 825 502 626 885 478 772 353 1069 360 609 1122 544 932 638 384 559 665 562 633 792 207 928 623 721 1073 605 425 1134 550 1087 646 416 447 476 710 400 747 195 462 802 398 301 0 798 1011 408 1225 977 917 455 476 580 283 313 849 402 476 447 257 466 283 205 732 843 426 416 249 420 74 505
383 766 1016 734 205 245 363 521 810 434 460 194 1185 127 955 526 439 671 618 255 394 217 418 267 552 865 1020 402 599 736 994 105 375 288 554 390 419 634 658 471 1165 389 614 406 484 970 351 168 413 1099 798 0 687 488 482 709 453 693 840 220 611 972 51 775 352 791 666 689 525 841 119 134 371 398 833 385 869 1077
723 1384 1454 687 482 923 736 306 1436 977 398 875 1489 806 1324 266 766 436 221 698 310 566 738 807 346 1377 746 1074 835 1401 722 616 485 527 1053 580 491 154 1252 954 1133 901 1238 716 1136 1081 815 853 836 1231 1011 687 0 970 606 1385 1139 1195 680 682 1016 1305 700 689 639 1269 1057 579 879 900 780 561 753 691 1192 711 1079 934
251 457 532 582 582 539 234 684 513 94 586 512 704 416 468 921 225 702 999 290 771 430 246 222 671 411 909 384 296 561 890 454 841 447 83 874 491 987 314 17 850 99 344 266 344 604 161 432 135 695 408 488 970 0 967 594 508 227 717 319 140 491 532 630 332 314 191 616 163 552 387 584 217 289 354 264 461 858
811 1223 1497 1046 428 586 801 674 1260 916 685 564 1650 587 1428 339 871 872 405 700 365 586 844 745 729 1347 1245 834 1017 1152 1219 519 161 623 1036 93 714 464 1129 949 1518 868 1074 826 931 1371 818 604 875 1513 1225 482 606 967 0 1103 831 1175 1110 664 1081 1438 447 1074 748 1273 1135 963 976 1213 597 388 814 809 1301 807 1299 1375
785 279 781 1169 907 518 756 1161 268 516 1074 549 1081 583 855 1233 790 1244 1327 728 1103 832 799 615 1170 574 1498 311 890 84 1477 769 1053 890 554 1027 991 1343 345 595 1424 583 268 810 269 1167 661 541 690 1224 977 709 1385 594 1103 0 271 547 1303 729 696 912 711 1217 839 613 721 1187 757 1143 606 843 746 826 814 798 1012 1451
622 441 876 1025 657 246 592 942 463 414 862 279 1140 333 898 970 645 1052 1064 533 846 609 645 432 959 675 1348 124 779 324 1325 527 783 674 507 755 791 1085 412 501 1356 453 326 650 195 1112 507 285 555 1199 917 453 1139 508 831 271 0 572 1154 523 641 943 448 1073 655 665 683 1021 652 1047 365 584 586 660 819 633 968 1340
472 318 328 739 807 686 459 903 370 258 806 672 568 599 326 1148 436 900 1227 517 998 658 461 436 886 183 1052 462 444 486 1037 673 1057 675 146 1083 710 1215 202 244 893 315 282 482 377 633 389 600 359 678 455 693 1195 227 1175 547 572 0 869 544 210 375 730 783 556 101 205 795 337 647 580 800 442 507 267 485 476 957
532 1165 997 134 721 1054 562 443 1221 787 426 1004 916 886 829 843 515 252 859 633 750 623 510 723 386 1014 194 1039 428 1277 173 735 948 554 778 1037 426 804 1024 712 452 721 1061 504 1038 451 651 934 614 590 476 840 680 717 1110 1303 1154 869 0 654 660 785 887 87 509 894 668 153 555 286 841 807 568 494 722 521 518 267
163 702 849 536 263 400 144 433 754 301 345 352 985 232 765 604 219 529 685 36 454 117 198 124 442 727 843 425 379 731 818 145 527 162 398 571 268 679 570 301 948 230 556 187 465 750 159 279 211 880 580 220 682 319 664 729 523 544 654 0 418 774 271 581 145 634 471 510 314 624 187 275 154 180 637 165 652 875
301 511 442 529 677 679 297 716 566 232 620 651 573 551 346 1002 251 695 1073 384 853 517 280 345 693 373 845 518 234 650 829 562 946 516 142 988 526 1054 375 154 730 232 430 302 465 476 263 570 208 558 283 611 1016 140 1081 696 641 210 660 418 0 360 658 573 384 257 54 585 138 453 518 693 281 327 221 311 327 763
636 653 236 685 1025 1025 641 999 693 571 911 1002 213 907 66 1333 578 919 1395 738 1187 862 607 705 962 368 927 828 471 843 921 919 1299 849 450 1345 825 1367 569 507 623 589 654 629 749 388 621 923 563 358 313 972 1305 491 1438 912 943 375 785 774 360 0 1018 714 713 298 305 779 465 502 877 1049 626 651 138 643 268 763
434 786 1056 782 225 223 414 554 828 472 499 175 1231 142 1000 522 489 711 616 306 399 263 469 312 588 900 1064 411 650 744 1038 151 353 333 594 356 463 637 684 514 1215 432 636 458 499 1021 399 172 462 1150 849 51 700 532 447 711 448 730 887 271 658 1018 0 823 403 830 712 735 574 892 150 139 422 449 879 436 920 1126
451 1078 920 48 671 981 481 424 1134 701 389 932 856 813 755 827 431 253 852 557 721 560 428 642 368 929 280 957 341 1190 260 672 912 494 691 997 372 801 937 625 455 636 974 422 953 403 568 860 528 550 402 775 689 630 1074 1217 1073 783 87 581 573 714 823 0 435 809 583 115 468 227 768 753 486 415 643 441 450 306
84 770 826 390 321 546 98 352 825 355 255 497 918 378 716 621 135 405 689 124 474 163 106 226 345 738 699 548 268 830 675 258 597 135 415 658 161 669 630 317 812 276 635 84 570 630 188 425 197 767 476 352 639 332 748 839 655 556 509 145 384 713 403 435 0 631 431 368 252 490 333 370 114 62 584 73 550 730
547 358 227 768 897 787 536 971 402 357 875 773 477 700 242 1235 503 951 1312 604 1086 744 530 531 949 120 1069 560 482 544 1055 767 1153 756 238 1181 779 1297 272 332 865 408 359 553 470 607 476 702 438 630 447 791 1269 314 1273 613 665 101 894 634 257 298 830 809 631 0 229 835 394 649 680 896 520 578 219 558 451 952
348 519 397 540 729 731 347 755 572 279 660 703 519 604 293 1051 296 722 1120 437 902 568 325 399 729 349 849 560 252 670 834 616 999 564 176 1041 566 1099 389 205 703 285 453 347 502 446 316 622 260 517 257 666 1057 191 1135 721 683 205 668 471 54 305 712 583 431 229 0 605 179 442 572 747 331 372 167 358 292 753
403 1072 969 107 569 908 433 308 1129 676 277 857 938 741 813 711 398 148 737 492 607 472 388 589 253 955 332 910 353 1167 307 584 801 402 686 888 274 687 930 609 570 604 957 377 919 503 527 789 499 653 466 689 579 616 963 1187 1021 795 153 510 585 779 735 115 368 835 605 0 463 322 696 654 442 363 692 391 525 412
172 611 576 421 560 639 176 578 668 245 482 602 674 489 464 873 116 563 942 277 726 397 146 276 555 509 747 528 133 724 728 459 834 387 224 884 388 919 469 161 705 200 506 168 502 471 180 519 115 584 283 525 879 163 976 757 652 337 555 314 138 465 574 468 252 394 179 463 0 396 451 588 162 192 332 180 349 697
465 961 722 215 789 1008 491 613 1015 640 552 965 631 846 550 1006 420 470 1044 592 883 647 432 644 562 766 429 924 268 1102 420 748 1054 595 591 1128 501 999 828 554 323 594 882 438 896 180 552 885 495 331 205 841 900 552 1213 1143 1047 647 286 624 453 502 892 227 490 649 442 322 396 0 802 854 488 444 454 460 234 311
337 647 906 724 301 212 311 578 692 323 503 164 1091 45 856 639 384 703 730 213 501 247 370 176 600 749 1029 295 544 627 1004 163 494 316 446 506 442 740 538 370 1125 288 496 364 368 914 270 93 335 1034 732 119 780 387 597 606 365 580 841 187 518 877 150 768 333 680 572 696 451 802 0 249 314 363 739 342 800 1061
426 896 1116 717 96 361 414 435 942 543 395 314 1261 261 1040 391 485 608 484 311 261 208 460 364 475 978 974 537 637 871 947 130 257 262 657 295 381 500 784 566 1172 487 745 443 617 1000 431 302 486 1138 843 134 561 584 388 843 584 800 807 275 693 1049 139 753 370 896 747 654 588 854 249 0 426 428 913 423 917 1060
39 660 722 439 399 519 16 466 715 245 369 476 836 357 623 721 69 503 794 118 572 237 59 159 456 624 763 471 230 731 740 299 672 236 301 722 274 777 519 203 811 168 529 65 477 601 85 396 83 727 426 371 753 217 814 746 586 442 568 154 281 626 422 486 114 520 331 442 162 488 314 426 0 80 492 52 498 761
41 738 768 368 383 574 70 396 794 325 299 527 855 407 655 682 76 422 749 150 536 222 47 228 381 687 688 547 209 812 665 309 659 197 371 718 203 727 596 276 767 249 609 24 557 575 165 451 154 710 416 398 691 289 809 826 660 507 494 180 327 651 449 415 62 578 372 363 192 444 363 428 80 0 522 28 490 699
505 573 277 608 891 890 507 886 620 436 795 865 352 769 133 1205 448 824 1271 602 1058 729 477 567 853 322 883 701 359 751 873 782 1163 719 318 1208 705 1245 469 369 646 450 549 499 629 390 484 786 426 413 249 833 1192 354 1301 814 819 267 722 637 221 138 879 643 584 219 167 692 332 454 739 913 492 522 0 512 238 746
13 711 753 394 384 552 41 419 767 297 322 506 850 387 645 693 65 450 762 132 545 222 37 201 407 666 715 519 215 783 692 301 660 206 347 716 226 742 569 251 784 220 581 21 529 585 137 429 129 717 420 385 711 264 807 798 633 485 521 165 311 643 436 441 73 558 358 391 180 460 342 423 52 28 512 0 494 722
492 793 492 425 872 985 508 777 843 555 698 950 413 839 318 1143 433 670 1195 616 1006 713 457 625 733 560 660 844 282 958 653 794 1148 680 467 1209 623 1158 674 471 417 536 743 474 793 157 529 868 465 235 74 869 1079 461 1299 1012 968 476 518 652 327 268 920 450 550 451 292 525 349 234 800 917 498 490 238 494 0 510
730 1272 997 344 978 1273 759 710 1325 942 690 1226 834 1106 821 1110 697 517 1122 848 1017 865 702 920 653 1066 228 1219 564 1412 241 975 1214 800 901 1300 678 1065 1139 858 231 889 1192 702 1199 375 835 1150 785 465 505 1077 934 858 1375 1451 1340 957 267 875 763 763 1126 306 730 952 753 412 697 311 1061 1060 761 699 746 722 510 0
