0 1670 46 702 884 279 1669 705 16 1608 144 1020 360 855 600 410
1670 0 1712 1450 2432 1519 2830 1632 1686 2455 1714 1048 2030 989 2047 1985
46 1712 0 707 839 321 1633 736 32 1624 159 1042 321 901 562 396
702 1450 707 0 1056 850 1403 1297 710 2271 842 465 957 1077 671 1103
884 2432 839 1056 0 1155 964 1507 871 2194 948 1521 665 1732 390 918
279 1519 321 850 1155 0 1944 457 288 1420 222 1056 560 616 878 466
1669 2830 1633 1403 964 1944 0 2366 1663 3145 1780 1785 1578 2408 1073 1840
705 1632 736 1297 1507 457 2366 0 709 993 585 1435 846 643 1292 622
16 1686 32 710 871 288 1663 709 0 1606 140 1033 344 869 592 398
1608 2455 1624 2271 2194 1420 3145 993 1606 0 1466 2428 1573 1539 2113 1315
144 1714 159 842 948 222 1780 585 140 1466 0 1137 338 837 707 295
1020 1048 1042 465 1521 1056 1785 1435 1033 2428 1137 0 1341 1001 1134 1428
360 2030 321 957 665 560 1578 846 344 1573 338 1341 0 1176 547 261
855 989 901 1077 1732 616 2408 643 869 1539 837 1001 1176 0 1402 1060
600 2047 562 671 390 878 1073 1292 592 2113 707 1134 547 1402 0 798
410 1985 396 1103 918 466 1840 622 398 1315 295 1428 261 1060 798 0
