0 1204 1159 955 235 1240 445 1044 998 1148 837 2 1693 1493 986 1325
1204 0 1788 1242 1046 2397 1315 1689 300 2090 451 1204 2897 918 1029 1928
1159 1788 0 2102 1352 1893 1596 2183 1488 538 1677 1156 1941 1365 2088 2456
955 1242 2102 0 750 1543 584 491 1265 2087 822 957 2198 1995 241 690
235 1046 1352 750 0 1352 348 923 885 1380 640 237 1866 1477 756 1208
1240 2397 1893 1543 1352 0 1111 1159 2228 1491 1971 1241 689 2709 1743 1251
445 1315 1596 584 348 1111 0 599 1199 1517 872 447 1703 1823 701 882
1044 1689 2183 491 923 1159 599 0 1660 2043 1245 1046 1844 2351 733 284
998 300 1488 1265 885 2228 1199 1660 0 1801 449 998 2683 746 1088 1921
1148 2090 538 2087 1380 1491 1517 2043 1801 0 1871 1146 1428 1842 2134 2290
837 451 1677 822 640 1971 872 1245 449 1871 0 837 2506 1193 638 1494
2 1204 1156 957 237 1241 447 1046 998 1146 837 0 1693 1491 988 1328
1693 2897 1941 2198 1866 689 1703 1844 2683 1428 2506 1693 0 3030 2380 1940
1493 918 1365 1995 1477 2709 1823 2351 746 1842 1193 1491 3030 0 1831 2625
986 1029 2088 241 756 1743 701 733 1088 2134 638 988 2380 1831 0 925
1325 1928 2456 690 1208 1251 882 284 1921 2290 1494 1328 1940 2625 925 0
