0 477 812 587 1690 1357 924 1395 1299 1484 4 1249 66 636 1693 8
477 0 615 812 2167 1076 1397 1772 1204 1355 473 1726 520 1060 1817 485
812 615 0 624 2271 1633 1640 2205 592 739 810 1915 879 1073 1303 816
587 812 624 0 1657 1865 1109 1795 852 1047 588 1339 636 470 1106 584
1690 2167 2271 1657 0 2858 832 1280 2427 2609 1694 495 1656 1197 2136 1682
1357 1076 1633 1865 2858 0 2026 1967 2218 2336 1354 2364 1348 1988 2892 1364
924 1397 1640 1109 832 2026 0 798 1960 2155 928 343 877 672 1974 917
1395 1772 2205 1795 1280 1967 798 0 2635 2828 1398 893 1329 1425 2757 1390
1299 1204 592 852 2427 2218 1960 2635 0 194 1298 2170 1365 1302 852 1301
1484 1355 739 1047 2609 2336 2155 2828 194 0 1482 2361 1549 1495 902 1486
4 473 810 588 1694 1354 928 1398 1298 1482 0 1253 69 639 1694 12
1249 1726 1915 1339 495 2364 343 893 2170 2361 1253 0 1206 871 2054 1241
66 520 879 636 1656 1348 877 1329 1365 1549 69 1206 0 639 1742 63
636 1060 1073 470 1197 1988 672 1425 1302 1495 639 871 639 0 1337 629
1693 1817 1303 1106 2136 2892 1974 2757 852 902 1694 2054 1742 1337 0 1690
8 485 816 584 1682 1364 917 1390 1301 1486 12 1241 63 629 1690 0
