0 1286 417 808 275 1622 1483 499 174 304 472 1693 770 260 1427 107
1286 0 1057 502 1239 526 1708 1677 1122 1207 1271 886 772 1470 1127 1394
417 1057 0 680 611 1492 1128 915 386 166 229 1668 382 677 1536 493
808 502 680 0 737 826 1620 1175 637 797 910 992 571 972 960 915
275 1239 611 737 0 1494 1726 438 226 548 726 1504 893 255 1183 324
1622 526 1492 826 1494 0 2234 1915 1448 1621 1718 432 1268 1747 877 1726
1483 1708 1128 1620 1726 2234 0 1928 1508 1182 1011 2552 1049 1720 2576 1510
499 1677 915 1175 438 1915 1928 0 596 787 932 1880 1264 240 1482 431
174 1122 386 637 226 1448 1508 596 0 343 522 1523 679 363 1278 279
304 1207 166 797 548 1621 1182 787 343 0 178 1768 548 556 1588 356
472 1271 229 910 726 1718 1011 932 522 178 0 1897 541 712 1748 504
1693 886 1668 992 1504 432 2552 1880 1523 1768 1897 0 1529 1757 551 1788
770 772 382 571 893 1268 1049 1264 679 548 541 1529 0 1024 1529 861
260 1470 677 972 255 1747 1720 240 363 556 712 1757 1024 0 1414 209
1427 1127 1536 960 1183 877 2576 1482 1278 1588 1748 551 1529 1414 0 1502
107 1394 493 915 324 1726 1510 431 279 356 504 1788 861 209 1502 0
