0 1637 258 1026 1503 706 627 1372 413 482 1592 1027 800 500 1407 880 1719
1637 0 1459 2591 3006 2343 1125 2225 1443 1667 3187 806 2435 1763 1449 776 726
258 1459 0 1138 1582 918 597 1574 169 337 1729 954 988 401 1471 747 1475
1026 2591 1138 0 496 546 1653 2004 1153 951 600 2052 400 856 2359 1880 2482
1503 3006 1582 496 0 1025 2128 2477 1565 1338 420 2520 873 1243 2855 2329 2811
706 2343 918 546 1025 0 1285 1457 1011 906 968 1690 153 840 1871 1579 2388
627 1125 597 1653 2128 1285 0 1262 711 930 2212 405 1403 999 902 361 1433
1372 2225 1574 2004 2477 1457 1262 0 1743 1854 2333 1429 1607 1865 921 1586 2680
413 1443 169 1153 1565 1011 711 1743 0 239 1752 1029 1060 328 1605 789 1379
482 1667 337 951 1338 906 930 1854 239 0 1550 1265 923 96 1808 1029 1538
1592 3187 1729 600 420 968 2212 2333 1752 1550 0 2617 825 1455 2838 2463 3077
1027 806 954 2052 2520 1690 405 1429 1029 1265 2617 0 1808 1346 778 289 1288
800 2435 988 400 873 153 1403 1607 1060 923 825 1808 0 846 2019 1681 2439
500 1763 401 856 1243 840 999 1865 328 96 1455 1346 846 0 1864 1116 1629
1407 1449 1471 2359 2855 1871 902 921 1605 1808 2838 778 2019 1864 0 1046 2046
880 776 747 1880 2329 1579 361 1586 789 1029 2463 289 1681 1116 1046 0 1093
1719 726 1475 2482 2811 2388 1433 2680 1379 1538 3077 1288 2439 1629 2046 1093 0
