0 1021 1091 749 518 559 628 1247 498 866 1186 592 1335 212 1005 1047 1428
1021 0 1695 1758 503 1218 1544 1342 621 1152 302 1612 2209 855 1438 1505 2449
1091 1695 0 1295 1330 1621 1479 716 1481 580 1659 1143 2045 1046 307 2106 1552
749 1758 1295 0 1259 763 359 1765 1171 1395 1935 181 750 951 1387 1090 715
518 503 1330 1259 0 808 1072 1185 246 878 689 1109 1762 361 1128 1201 1946
559 1218 1621 763 808 0 422 1798 602 1421 1471 721 997 716 1562 489 1462
628 1544 1479 359 1072 422 0 1822 927 1438 1761 383 706 839 1501 738 1040
1247 1342 716 1765 1185 1798 1822 0 1413 384 1191 1587 2491 1086 436 2275 2189
498 621 1481 1171 246 602 927 1413 0 1085 869 1045 1588 439 1313 960 1881
866 1152 580 1395 878 1421 1438 384 1085 0 1084 1215 2112 717 290 1903 1870
1186 302 1659 1935 689 1471 1761 1191 869 1084 0 1776 2447 991 1374 1792 2600
592 1612 1143 181 1109 721 383 1587 1045 1215 1776 0 914 786 1217 1114 839
1335 2209 2045 750 1762 997 706 2491 1588 2112 2447 914 0 1546 2131 958 943
212 855 1046 951 361 716 839 1086 439 717 991 786 1546 0 904 1188 1610
1005 1438 307 1387 1128 1562 1501 436 1313 290 1374 1217 2131 904 0 2051 1760
1047 1505 2106 1090 1201 489 738 2275 960 1903 1792 1114 958 1188 2051 0 1699
1428 2449 1552 715 1946 1462 1040 2189 1881 1870 2600 839 943 1610 1760 1699 0
