0 877 1731 1711 621 481 753 626 95 1613 506 650 1504 1501 646 294
877 0 1763 1805 1242 486 192 1491 815 1683 462 1337 2293 1439 1431 630
1731 1763 0 124 1259 1895 1862 2089 1649 126 1486 1342 1870 334 2281 1559
1711 1805 124 0 1208 1906 1893 2036 1634 123 1501 1283 1763 413 2240 1558
621 1242 1259 1208 0 1023 1199 829 585 1133 779 122 1073 1119 1037 656
481 486 1895 1906 1023 0 312 1043 461 1792 411 1085 1982 1607 952 381
753 192 1862 1893 1199 312 0 1347 706 1773 440 1282 2220 1548 1264 550
626 1491 2089 2036 829 1043 1347 0 708 1963 1128 756 1165 1932 290 915
95 815 1649 1634 585 461 706 708 0 1533 420 631 1524 1413 741 207
1613 1683 126 123 1133 1792 1773 1963 1533 0 1386 1216 1760 298 2157 1449
506 462 1486 1501 779 411 440 1128 420 1386 0 875 1834 1196 1141 213
650 1337 1342 1283 122 1085 1282 756 631 1216 875 0 963 1222 986 733
1504 2293 1870 1763 1073 1982 2220 1165 1524 1760 1834 963 0 1909 1451 1672
1501 1439 334 413 1119 1607 1548 1932 1413 298 1196 1222 1909 0 2093 1295
646 1431 2281 2240 1037 952 1264 290 741 2157 1141 986 1451 2093 0 935
294 630 1559 1558 656 381 550 915 207 1449 213 733 1672 1295 935 0
