0 1435 1565 193 1348 976 1594 273 1566 875 650 1609 102 179 120 1181
1435 0 1134 1501 541 2391 607 1213 2930 1888 1363 1276 1414 1610 1554 2596
1565 1134 0 1736 595 2465 598 1525 3087 2370 1929 2309 1619 1722 1663 2403
193 1501 1736 0 1477 890 1722 287 1445 682 507 1513 116 185 180 1189
1348 541 595 1477 0 2320 245 1211 2914 2020 1524 1737 1367 1526 1465 2403
976 2391 2465 890 2320 0 2566 1177 626 898 1213 2214 978 796 857 584
1594 607 598 1722 245 2566 0 1454 3160 2254 1751 1872 1613 1772 1711 2638
273 1213 1525 287 1211 1177 1454 0 1728 844 466 1349 211 418 373 1443
1566 2930 3087 1445 2914 626 3160 1728 0 1175 1638 2533 1549 1390 1451 992
875 1888 2370 682 2020 898 2254 844 1175 0 524 1363 789 798 831 1436
650 1363 1929 507 1524 1213 1751 466 1638 524 0 1030 549 691 684 1635
1609 1276 2309 1513 1737 2214 1872 1349 2533 1363 1030 0 1518 1698 1677 2665
102 1414 1619 116 1367 978 1613 211 1549 789 549 1518 0 206 165 1232
179 1610 1722 185 1526 796 1772 418 1390 798 691 1698 206 0 61 1026
120 1554 1663 180 1465 857 1711 373 1451 831 684 1677 165 61 0 1071
1181 2596 2403 1189 2403 584 2638 1443 992 1436 1635 2665 1232 1026 1071 0
