0 1562 1134 567 863 236 1578 1419 1451 774 367 1193 281 1517 1182 18
1562 0 2695 998 793 1762 1594 2262 2920 2120 1693 2029 1640 2815 2577 1573
1134 2695 0 1697 1961 959 2305 1621 777 958 1077 1536 1131 1060 873 1124
567 998 1697 0 340 781 1348 1563 1983 1227 727 1313 699 1916 1675 580
863 793 1961 340 0 1092 1106 1527 2305 1564 915 1283 1032 2024 2008 878
236 1762 959 781 1092 0 1792 1538 1216 555 499 1329 198 1504 948 218
1578 1594 2305 1348 1106 1792 0 976 2909 2347 1337 867 1848 1802 2718 1597
1419 2262 1621 1563 1527 1538 976 0 2352 2038 1055 250 1687 854 2280 1433
1451 2920 777 1983 2305 1216 2909 2352 0 811 1579 2230 1289 1836 385 1433
774 2120 958 1227 1564 555 2347 2038 811 0 1042 1849 535 1828 457 755
367 1693 1077 727 915 499 1337 1055 1579 1042 0 834 632 1203 1383 379
1193 2029 1536 1313 1283 1329 867 250 2230 1849 834 0 1466 940 2124 1207
281 1640 1131 699 1032 198 1848 1687 1289 535 632 1466 0 1700 976 264
1517 2815 1060 1916 2024 1504 1802 854 1836 1828 1203 940 1700 0 1899 1521
1182 2577 873 1675 2008 948 2718 2280 385 457 1383 2124 976 1899 0 1164
18 1573 1124 580 878 218 1597 1433 1433 755 379 1207 264 1521 1164 0
