0 730 966 379 102 199 922 1090 1063 470 745 225 1343 1336 1507 166
730 0 1242 1100 829 921 1556 360 332 380 1203 534 698 609 964 877
966 1242 0 1116 938 1039 1686 1493 1482 883 323 907 1415 1738 2205 1053
379 1100 1116 0 298 180 592 1459 1430 846 820 603 1722 1698 1784 222
102 829 938 298 0 129 867 1189 1162 549 692 310 1427 1436 1606 120
199 921 1039 180 129 0 737 1281 1253 669 772 425 1543 1522 1641 49
922 1556 1686 592 867 737 0 1896 1865 1385 1373 1141 2231 2105 2005 758
1090 360 1493 1459 1189 1281 1896 0 32 705 1507 890 478 258 816 1237
1063 332 1482 1430 1162 1253 1865 32 0 684 1490 865 503 280 808 1208
470 380 883 846 549 669 1385 705 684 0 822 245 879 964 1327 636
745 1203 323 820 692 772 1373 1507 1490 822 0 757 1531 1764 2137 796
225 534 907 603 310 425 1141 890 865 245 757 0 1118 1143 1395 391
1343 698 1415 1722 1427 1543 2231 478 503 879 1531 1118 0 538 1238 1506
1336 609 1738 1698 1436 1522 2105 258 280 964 1764 1143 538 0 705 1476
1507 964 2205 1784 1606 1641 2005 816 808 1327 2137 1395 1238 705 0 1592
166 877 1053 222 120 49 758 1237 1208 636 796 391 1506 1476 1592 0
