0 1156 1067 1252 1225 1551 525 1057 192 1586 969 776 1498 974 359 1219 719
1156 0 2072 2347 2142 1950 714 993 1320 2367 1354 1421 1629 1093 943 2361 1196
1067 2072 0 382 241 2398 1576 1425 878 2118 1002 752 2470 2016 1426 604 1718
1252 2347 382 0 554 2370 1777 1785 1062 1978 1377 1114 2509 2124 1594 281 1805
1225 2142 241 554 0 2618 1710 1397 1044 2358 948 746 2671 2192 1583 813 1907
1551 1950 2398 2370 2618 0 1422 2486 1663 746 2510 2326 440 858 1321 2163 880
525 714 1576 1777 1710 1422 0 1078 715 1702 1204 1119 1225 631 231 1737 558
1057 993 1425 1785 1397 2486 1078 0 1085 2637 455 673 2301 1706 1170 1911 1606
192 1320 878 1062 1044 1663 715 1085 0 1615 913 680 1648 1148 548 1042 872
1586 2367 2118 1978 2358 746 1702 2637 1615 0 2529 2287 1158 1342 1516 1723 1170
969 1354 1002 1377 948 2510 1204 455 913 2529 0 285 2402 1824 1210 1537 1645
776 1421 752 1114 746 2326 1119 673 680 2287 285 0 2261 1704 1072 1258 1487
1498 1629 2470 2509 2671 440 1225 2301 1648 1158 2402 2261 0 595 1194 2340 778
974 1093 2016 2124 2192 858 631 1706 1148 1342 1824 1704 595 0 634 2006 328
359 943 1426 1594 1583 1321 231 1170 548 1516 1210 1072 1194 634 0 1533 441
1219 2361 604 281 813 2163 1737 1911 1042 1723 1537 1258 2340 2006 1533 0 1679
719 1196 1718 1805 1907 880 558 1606 872 1170 1645 1487 778 328 441 1679 0
