0 853 1444 1022 882 645 765 694 390 802 789 1106 9 701 314 1179
853 0 1911 1145 1471 266 1202 1539 1180 1354 1537 1302 846 1545 1056 467
1444 1911 0 849 2154 1875 726 1510 1618 2125 844 2537 1441 1227 1140 2372
1022 1145 849 0 1897 1186 414 1474 1360 1824 982 2086 1014 1273 846 1612
882 1471 2154 1897 0 1205 1585 716 552 121 1329 615 891 986 1079 1554
645 266 1875 1186 1205 0 1149 1309 935 1088 1392 1065 640 1346 897 542
765 1202 726 414 1585 1149 0 1085 1034 1529 570 1871 759 865 505 1655
694 1539 1510 1474 716 1309 1085 0 394 738 666 1265 702 286 651 1811
390 1180 1618 1360 552 935 1034 394 0 508 822 960 399 551 528 1421
802 1354 2125 1824 121 1088 1529 738 508 0 1315 541 811 992 1024 1433
789 1537 844 982 1329 1392 570 666 822 1315 0 1779 790 384 495 1934
1106 1302 2537 2086 615 1065 1871 1265 960 541 1779 0 1112 1497 1397 1197
9 846 1441 1014 891 640 759 702 399 811 790 1112 0 706 312 1175
701 1545 1227 1273 986 1346 865 286 551 992 384 1497 706 0 529 1877
314 1056 1140 846 1079 897 505 651 528 1024 495 1397 312 529 0 1440
1179 467 2372 1612 1554 542 1655 1811 1421 1433 1934 1197 1175 1877 1440 0
