0 727 129 1320 1 1146 972 682 1279 1485 263 623 523 1602 466 1178
727 0 667 600 726 667 1393 1244 1955 1958 984 1101 638 1223 1179 1182
129 667 0 1245 128 1156 1099 811 1296 1430 367 551 393 1640 513 1266
1320 600 1245 0 1319 830 1940 1831 2494 2368 1581 1585 1090 1310 1757 1574
1 726 128 1319 0 1146 974 683 1280 1485 264 622 521 1602 466 1179
1146 667 1156 830 1146 0 1314 1343 2423 2563 1339 1682 1274 558 1601 782
972 1393 1099 1940 974 1314 0 357 1712 2240 856 1513 1488 1441 1068 707
682 1244 811 1831 683 1343 357 0 1378 1883 517 1169 1205 1598 711 925
1279 1955 1296 2494 1280 2423 1712 1378 0 792 1096 935 1416 2841 823 2270
1485 1958 1430 2368 1485 2563 2240 1883 792 0 1434 883 1322 3069 1178 2647
263 984 367 1581 264 1339 856 517 1096 1434 0 656 734 1746 280 1222
623 1101 551 1585 622 1682 1513 1169 935 883 656 0 495 2185 508 1802
523 638 393 1090 521 1274 1488 1205 1416 1322 734 495 0 1812 777 1572
1602 1223 1640 1310 1602 558 1441 1598 2841 3069 1746 2185 1812 0 2023 743
466 1179 513 1757 466 1601 1068 711 823 1178 280 508 777 2023 0 1497
1178 1182 1266 1574 1179 782 707 925 2270 2647 1222 1802 1572 743 1497 0
