0 234 555 670 171 185 1305 1018 1584 1001 1188 155 1631 1077 1022 1713
234 0 496 437 336 419 1071 1233 1469 793 1423 177 1863 939 956 1901
555 496 0 593 726 658 1137 1497 1034 1122 1519 632 1872 556 1446 1684
670 437 593 0 763 854 637 1665 1267 542 1856 595 2283 737 1052 2235
171 336 726 763 0 204 1383 901 1752 1006 1140 168 1607 1239 905 1775
185 419 658 854 204 0 1490 856 1691 1174 1003 311 1449 1205 1109 1572
1305 1071 1137 637 1383 1490 0 2279 1330 615 2493 1216 2920 950 1360 2821
1018 1233 1497 1665 901 856 2279 0 2512 1832 524 1069 991 2052 1404 1577
1584 1469 1034 1267 1752 1691 1330 2512 0 1733 2443 1634 2693 539 2317 2211
1001 793 1122 542 1006 1174 615 1832 1733 0 2144 862 2613 1234 746 2693
1188 1423 1519 1856 1140 1003 2493 524 2443 2144 0 1296 495 2061 1846 1082
155 177 632 595 168 311 1216 1069 1634 862 1296 0 1754 1109 875 1867
1631 1863 1872 2283 1607 1449 2920 991 2693 2613 495 1754 0 2381 2342 858
1077 939 556 737 1239 1205 950 2052 539 1234 2061 1109 2381 0 1781 2057
1022 956 1446 1052 905 1109 1360 1404 2317 746 1846 875 2342 1781 0 2658
1713 1901 1684 2235 1775 1572 2821 1577 2211 2693 1082 1867 858 2057 2658 0
