0 568 1602 1140 1426 1684 1376 730 1307 628 1354 878 1164 1656 542 962 208
568 0 1612 689 1136 2227 1863 428 1453 303 1919 1300 1424 1145 1006 646 775
1602 1612 0 2243 850 2836 1552 1202 426 1312 2111 2417 2762 1616 1310 2258 1616
1140 689 2243 0 1606 2592 2509 1044 2129 951 2460 1542 1445 1252 1655 295 1340
1426 1136 850 1606 0 3013 2053 733 1033 863 2440 2303 2526 766 1442 1712 1547
1684 2227 2836 2592 3013 0 1485 2395 2415 2307 813 1067 1385 3340 1586 2313 1505
1376 1863 1552 2509 2053 1485 0 1739 1136 1732 672 1639 2104 2652 858 2338 1196
730 428 1202 1044 733 2395 1739 0 1099 131 1946 1590 1792 966 939 1062 890
1307 1453 426 2129 1033 2415 1136 1099 0 1178 1685 2062 2439 1757 929 2090 1280
628 303 1312 951 863 2307 1732 131 1178 0 1893 1472 1664 1036 904 945 803
1354 1919 2111 2460 2440 813 672 1946 1685 1893 0 1220 1676 2911 1017 2229 1145
878 1300 2417 1542 2303 1067 1639 1590 2062 1472 1220 0 467 2445 1138 1255 804
1164 1424 2762 1445 2526 1385 2104 1792 2439 1664 1676 467 0 2531 1540 1152 1159
1656 1145 1616 1252 766 3340 2652 966 1757 1036 2911 2445 2531 0 1898 1473 1839
542 1006 1310 1655 1442 1586 858 939 929 904 1017 1138 1540 1898 0 1499 409
962 646 2258 295 1712 2313 2338 1062 2090 945 2229 1255 1152 1473 1499 0 1145
208 775 1616 1340 1547 1505 1196 890 1280 803 1145 804 1159 1839 409 1145 0
