0 420 1697 1223 64 95 847 345 181 426 752 91 60 993 1585 419
420 0 1523 869 392 326 805 372 503 264 815 484 469 775 1806 702
1697 1523 0 2021 1633 1664 2322 1875 1580 1313 1055 1670 1690 748 3278 1493
1223 869 2021 0 1221 1132 830 940 1354 1101 1640 1308 1282 1358 1974 1569
64 392 1633 1221 0 94 890 379 145 368 693 92 81 930 1649 384
95 326 1664 1132 94 0 804 290 239 366 761 175 151 944 1614 477
847 805 2322 830 890 804 0 515 1029 1049 1554 934 900 1575 1164 1266
345 372 1875 940 379 290 515 0 522 565 1041 436 403 1132 1433 762
181 503 1580 1354 145 239 1029 522 0 402 590 104 136 912 1724 240
426 264 1313 1101 368 366 1049 565 402 0 552 442 445 581 1971 526
752 815 1055 1640 693 761 1554 1041 590 552 0 693 722 575 2311 444
91 484 1670 1308 92 175 934 436 104 442 693 0 34 985 1624 332
60 469 1690 1282 81 151 900 403 136 445 722 34 0 998 1599 367
993 775 748 1358 930 944 1575 1132 912 581 575 985 998 0 2551 905
1585 1806 3278 1974 1649 1614 1164 1433 1724 1971 2311 1624 1599 2551 0 1887
419 702 1493 1569 384 477 1266 762 240 526 444 332 367 905 1887 0
