0 470 705 680 529 174 1641 441 971 1232 1315 541 607 1435 781 214
470 0 474 1113 983 644 1982 488 652 1223 1340 239 948 1615 406 638
705 474 0 1378 1056 852 2343 933 279 779 1812 236 853 2058 232 918
680 1113 1378 0 539 526 1022 780 1649 1763 1224 1221 890 1077 1460 478
529 983 1056 539 0 381 1543 902 1335 1264 1634 981 361 1588 1210 486
174 644 852 526 381 0 1519 526 1125 1296 1331 707 550 1385 947 138
1641 1982 2343 1022 1543 1519 0 1518 2597 2786 1243 2151 1903 741 2376 1428
441 488 933 780 902 526 1518 0 1139 1606 906 703 1047 1129 895 417
971 652 279 1649 1335 1125 2597 1139 0 823 1976 447 1115 2268 253 1182
1232 1223 779 1763 1264 1296 2786 1606 823 0 2511 992 910 2667 983 1418
1315 1340 1812 1224 1634 1331 1243 906 1976 2511 0 1576 1882 523 1722 1193
541 239 236 1221 981 707 2151 703 447 992 1576 0 859 1832 240 746
607 948 853 890 361 550 1903 1047 1115 910 1882 859 0 1902 1052 688
1435 1615 2058 1077 1588 1385 741 1129 2268 2667 523 1832 1902 0 2021 1254
781 406 232 1460 1210 947 2376 895 253 983 1722 240 1052 2021 0 984
214 638 918 478 486 138 1428 417 1182 1418 1193 746 688 1254 984 0
