0 432 428 1119 849 1545 1398 927 835 746 1239 580 156 763 413 1335
432 0 668 1179 423 1194 1153 1351 1246 1043 1532 301 402 1086 108 1060
428 668 0 712 978 1862 1197 1039 1005 1096 1562 924 310 426 581 1702
1119 1179 712 0 1277 2292 887 1651 1655 1808 2263 1479 972 742 1071 2226
849 423 978 1277 0 1023 930 1773 1670 1444 1922 528 784 1403 441 1028
1545 1194 1862 2292 1023 0 1866 2297 2155 1732 2062 965 1578 2275 1288 370
1398 1153 1197 887 930 1866 0 2232 2181 2137 2634 1399 1253 1480 1077 1945
927 1351 1039 1651 1773 2297 2232 0 151 644 798 1401 1027 930 1341 1996
835 1246 1005 1655 1670 2155 2181 151 0 493 694 1274 950 961 1246 1849
746 1043 1096 1808 1444 1732 2137 644 493 0 496 959 900 1233 1085 1402
1239 1532 1562 2263 1922 2062 2634 798 694 496 0 1416 1391 1625 1579 1702
580 301 924 1479 528 965 1399 1401 1274 959 1416 0 623 1321 409 778
156 402 310 972 784 1578 1253 1027 950 900 1391 623 0 698 345 1399
763 1086 426 742 1403 2275 1480 930 961 1233 1625 1321 698 0 1005 2093
413 108 581 1071 441 1288 1077 1341 1246 1085 1579 409 345 1005 0 1165
1335 1060 1702 2226 1028 370 1945 1996 1849 1402 1702 778 1399 2093 1165 0
