0 952 637 1290 202 779 562 1013 295 781 249 1290 1569 663 1387 1211
952 0 1582 1361 1124 915 1335 1038 1072 1003 742 2095 2207 1240 966 890
637 1582 0 1689 458 1132 484 1491 680 1080 844 1048 1241 745 1955 1770
1290 1361 1689 0 1454 1927 1840 333 1054 1971 1361 1380 2841 1949 675 573
202 1124 458 1454 0 779 386 1194 408 756 386 1260 1388 544 1587 1409
779 915 1132 1927 779 0 683 1605 1071 96 591 2039 1321 457 1779 1646
562 1335 484 1840 386 683 0 1575 793 617 628 1502 1006 261 1938 1766
1013 1038 1491 333 1194 1605 1575 0 820 1652 1052 1404 2581 1658 550 380
295 1072 680 1054 408 1071 793 820 0 1076 502 1050 1786 940 1276 1090
781 1003 1080 1971 756 96 617 1652 1076 0 617 2016 1226 376 1849 1711
249 742 844 1361 386 591 628 1052 502 617 0 1533 1596 625 1333 1172
1290 2095 1048 1380 1260 2039 1502 1404 1050 2016 1533 0 2233 1747 1953 1783
1569 2207 1241 2841 1388 1321 1006 2581 1786 1226 1596 2233 0 981 2929 2763
663 1240 745 1949 544 457 261 1658 940 376 625 1747 981 0 1958 1798
1387 966 1955 675 1587 1779 1938 550 1276 1849 1333 1953 2929 1958 0 186
1211 890 1770 573 1409 1646 1766 380 1090 1711 1172 1783 2763 1798 186 0
