0 282 558 1194 1517 1600 1390 1527 1711 928 825 509 284 711 1426 1017
282 0 275 1474 1405 1808 1311 1259 1688 1033 1103 235 156 987 1442 942
558 275 0 1749 1360 2020 1304 999 1726 1203 1374 116 344 1257 1496 961
1194 1474 1749 0 2216 1344 2023 2716 2089 1190 524 1684 1461 618 2036 1747
1517 1405 1360 2216 0 3089 203 1924 563 1037 2148 1267 1561 2071 2839 511
1600 1808 2020 1344 3089 0 2937 2672 3162 2236 1021 2034 1683 1056 1202 2578
1390 1311 1304 2023 203 2937 0 1967 466 839 1977 1202 1467 1905 2753 374
1527 1259 999 2716 1924 2672 1967 0 2434 2153 2284 1095 1255 2166 1716 1734
1711 1688 1726 2089 563 3162 466 2434 0 934 2158 1616 1839 2107 3121 764
928 1033 1203 1190 1037 2236 839 2153 934 0 1225 1089 1149 1180 2343 627
825 1103 1374 524 2148 1021 1977 2284 2158 1225 0 1334 1047 118 1518 1642
509 235 116 1684 1267 2034 1202 1095 1616 1089 1334 0 352 1219 1576 852
284 156 344 1461 1561 1683 1467 1255 1839 1149 1047 352 0 929 1287 1096
711 987 1257 618 2071 1056 1905 2166 2107 1180 118 1219 929 0 1448 1562
1426 1442 1496 2036 2839 1202 2753 1716 3121 2343 1518 1576 1287 1448 0 2384
1017 942 961 1747 511 2578 374 1734 764 627 1642 852 1096 1562 2384 0
