0 1208 105 674 526 1484 560 1085 837 520 1211 442 1513 97 730 1049
1208 0 1266 1211 1734 1194 837 2293 1785 823 2322 1572 2548 1120 1619 2229
105 1266 0 606 486 1589 558 1030 893 527 1220 471 1535 193 800 1031
674 1211 606 0 980 1954 401 1401 1499 441 1775 1070 2112 694 1403 1533
526 1734 486 980 0 1841 1038 564 702 1011 799 319 1148 614 707 559
1484 1194 1589 1954 1841 0 1577 2348 1419 1526 2008 1536 2067 1399 1278 2093
560 837 558 401 1038 1577 0 1555 1373 57 1771 1003 2073 521 1243 1589
1085 2293 1030 1401 564 2348 1555 0 1019 1537 714 820 1056 1176 1106 394
837 1785 893 1499 702 1419 1373 1019 0 1324 598 444 763 853 169 693
520 823 527 441 1011 1526 57 1537 1324 0 1732 961 2030 475 1192 1558
1211 2322 1220 1775 799 2008 1771 714 598 1732 0 775 362 1267 759 327
442 1572 471 1070 319 1536 1003 820 444 961 775 0 1070 492 404 659
1513 2548 1535 2112 1148 2067 2073 1056 763 2030 362 1070 0 1556 931 684
97 1120 193 694 614 1399 521 1176 853 475 1267 492 1556 0 732 1123
730 1619 800 1403 707 1278 1243 1106 169 1192 759 404 931 732 0 816
1049 2229 1031 1533 559 2093 1589 394 693 1558 327 659 684 1123 816 0
