0 1241 281 1417 307 658 1333 532 788 1514 1371 1240 1451 1305 1134 565 924
1241 0 1045 2503 1528 1239 598 1588 1961 2521 939 837 2215 1780 453 1543 1795
281 1045 0 1699 499 819 1252 561 917 1546 1090 1224 1378 1500 874 543 870
1417 2503 1699 0 1306 1297 2306 1579 1370 2029 2789 2053 2338 1193 2520 1679 1922
307 1528 499 1306 0 884 1640 330 485 1242 1527 1537 1259 1460 1370 410 742
658 1239 819 1297 884 0 1017 1178 1343 2124 1764 795 2108 686 1368 1222 1581
1333 598 1252 2306 1640 1017 0 1808 2120 2799 1519 303 2591 1361 1018 1795 2110
532 1588 561 1579 330 1178 1808 0 399 995 1383 1752 936 1784 1338 102 413
788 1961 917 1370 485 1343 2120 399 0 797 1776 2022 972 1849 1734 483 574
1514 2521 1546 2029 1242 2124 2799 995 797 0 2048 2747 559 2645 2189 1003 730
1371 939 1090 2789 1527 1764 1519 1383 1776 2048 0 1703 1593 2431 501 1292 1357
1240 837 1224 2053 1537 795 303 1752 2022 2747 1703 0 2599 1061 1205 1757 2095
1451 2215 1378 2338 1259 2108 2591 936 972 559 1593 2599 0 2719 1827 886 527
1305 1780 1500 1193 1460 686 1361 1784 1849 2645 2431 1061 2719 0 2001 1846 2197
1134 453 874 2520 1370 1368 1018 1338 1734 2189 501 1205 1827 2001 0 1271 1460
565 1543 543 1679 410 1222 1795 102 483 1003 1292 1757 886 1846 1271 0 358
924 1795 870 1922 742 1581 2110 413 574 730 1357 2095 527 2197 1460 358 0
