0 1502 1589 1586 862 651 1618 271 404 401 1548 1139 798 678 1488 474
1502 0 536 1400 2347 1829 1459 1615 1448 1184 617 1467 1512 1982 2186 1412
1589 536 0 1901 2354 2066 1960 1613 1396 1382 106 1146 1840 1900 2577 1337
1586 1400 1901 0 2318 1337 59 1848 1865 1219 1954 2367 893 2265 1059 1892
862 2347 2354 2318 0 1030 2337 744 959 1250 2292 1541 1432 543 1851 1023
651 1829 2066 1337 1030 0 1346 877 1055 684 2049 1789 452 1171 880 1125
1618 1459 1960 59 2337 1346 0 1882 1904 1257 2013 2416 907 2296 1027 1933
271 1615 1613 1848 744 877 1882 0 241 639 1555 962 1068 425 1740 317
404 1448 1396 1865 959 1055 1904 241 0 649 1332 741 1166 534 1887 77
401 1184 1382 1219 1250 684 1257 639 649 0 1365 1263 570 1064 1341 686
1548 617 106 1954 2292 2049 2013 1555 1332 1365 0 1046 1845 1827 2593 1270
1139 1467 1146 2367 1541 1789 2416 962 741 1263 1046 0 1830 1001 2588 667
798 1512 1840 893 1432 452 907 1068 1166 570 1845 1830 0 1450 775 1218
678 1982 1900 2265 543 1171 2296 425 534 1064 1827 1001 1450 0 2052 574
1488 2186 2577 1059 1851 880 1027 1740 1887 1341 2593 2588 775 2052 0 1948
474 1412 1337 1892 1023 1125 1933 317 77 686 1270 667 1218 574 1948 0
