0 473 753 647 408 610 115 439 462 864 410 219 848 443 274 681 197 81 363 73 505 810 41 842 263 63 822 510 373 817 541 767 640 438 214 192 662 768 643 249 39 312 452 424 662 580 149 88 772 318 759 780 158 327 360 259 245 106 382 494 289 660 833 229 579 494 186 308 758 309 662 796 639 521 780 290 413 445
473 0 1090 1070 456 1081 434 245 927 1209 348 526 1115 448 698 237 286 404 719 402 776 1190 512 1050 569 525 746 977 169 1190 502 1212 536 398 660 665 728 557 642 722 488 182 813 891 1133 946 524 455 1242 787 1085 624 348 305 487 566 694 504 852 78 217 326 776 474 169 781 462 555 755 717 337 501 609 144 1107 292 687 113
753 1090 0 280 1161 569 868 1166 509 119 1160 580 188 696 490 1192 838 764 979 780 320 1215 723 308 531 759 1572 741 923 138 716 406 791 747 559 657 559 955 656 649 777 1004 1019 528 733 179 865 701 817 697 28 887 775 788 1107 534 541 657 683 1148 877 1370 1580 622 1091 1129 931 535 1499 882 1376 1070 697 1199 1288 797 1085 1123
647 1070 280 0 1029 290 751 1086 265 322 1054 547 468 763 378 1222 790 687 778 697 418 950 609 573 510 629 1423 482 919 231 816 167 911 804 433 495 727 1081 802 465 658 945 800 296 454 199 719 626 537 484 306 1032 725 798 965 512 403 576 452 1114 854 1305 1425 604 1115 922 798 546 1335 682 1308 1176 834 1153 1037 792 896 1075
408 456 1161 1029 0 915 293 227 798 1270 114 612 1255 739 674 686 410 419 366 398 907 790 438 1240 661 404 414 734 506 1217 828 1122 902 708 607 533 1009 975 959 570 384 311 440 760 900 985 309 475 987 586 1167 1022 448 573 73 657 632 511 647 409 458 395 426 599 625 361 232 693 362 420 389 946 940 378 678 532 279 349
610 1081 569 290 915 0 682 1030 160 609 969 613 754 884 417 1273 795 677 595 678 619 669 570 847 597 567 1272 226 958 514 960 255 1064 913 429 419 931 1229 983 365 603 923 587 191 164 447 620 629 258 328 594 1198 738 863 843 597 396 584 268 1105 879 1253 1267 672 1166 719 704 653 1169 509 1253 1302 1007 1130 773 843 718 1055
115 434 868 751 293 682 0 347 544 978 303 328 963 514 384 661 208 145 310 124 618 779 146 954 375 121 706 549 376 928 611 860 703 499 320 268 756 815 725 318 93 256 405 506 710 693 91 189 814 365 874 838 205 372 246 370 348 219 431 438 296 571 717 326 567 418 76 414 644 286 571 824 716 452 726 330 329 381
439 245 1166 1086 227 1030 347 0 892 1282 113 586 1227 621 709 464 333 405 555 392 875 1007 479 1187 636 467 512 882 347 1245 696 1205 751 579 653 615 905 795 835 665 433 172 642 853 1047 1002 414 468 1145 707 1167 855 393 454 277 633 684 516 773 186 332 223 539 552 414 581 332 647 511 583 224 747 809 151 903 420 492 132
462 927 509 265 798 160 544 892 0 578 841 453 680 726 257 1114 640 523 518 526 486 708 421 753 438 424 1178 234 800 494 804 323 909 753 270 276 790 1072 835 229 459 774 535 39 281 353 493 473 393 225 530 1045 582 703 730 437 237 426 186 955 722 1115 1177 511 1007 658 576 495 1083 423 1116 1143 856 983 780 684 637 907
864 1209 119 322 1270 609 978 1282 578 0 1273 697 221 813 596 1310 956 878 1070 894 438 1273 832 362 649 866 1680 803 1042 98 829 404 900 864 664 757 660 1061 761 742 886 1121 1104 603 772 284 970 815 843 782 128 989 892 907 1214 652 644 770 760 1267 996 1488 1686 740 1209 1219 1039 654 1602 973 1493 1179 803 1317 1357 917 1180 1242
410 348 1160 1054 114 969 303 113 841 1273 0 591 1238 674 685 574 357 398 458 380 886 899 446 1210 641 424 450 805 419 1228 758 1161 823 638 622 566 953 883 893 611 395 225 540 802 972 989 349 460 1065 642 1163 936 407 506 169 637 651 503 706 297 385 298 471 566 518 471 265 662 427 497 294 845 871 264 791 467 385 238
219 526 580 547 612 613 328 586 453 697 591 0 647 285 196 678 258 194 564 214 296 976 210 628 50 261 1025 593 372 668 375 697 480 304 196 281 452 633 449 328 256 424 645 425 713 423 366 138 828 416 580 622 194 256 573 46 224 116 463 575 308 790 1039 59 570 705 402 90 970 492 795 693 454 622 971 245 629 545
848 1115 188 468 1255 754 963 1227 680 221 1238 647 0 684 609 1181 894 840 1116 859 352 1388 823 141 596 865 1669 915 945 301 678 593 731 737 678 787 478 882 585 789 877 1058 1166 694 918 328 976 781 1005 848 161 802 835 809 1208 600 667 744 843 1181 914 1417 1681 675 1087 1267 1032 580 1605 1022 1424 1007 630 1238 1450 828 1214 1166
443 448 696 763 739 884 514 621 726 813 674 285 684 0 470 498 329 373 806 392 378 1246 455 606 288 502 1123 878 284 817 98 927 199 52 481 561 284 349 220 612 481 453 895 703 995 591 586 358 1110 699 685 341 309 168 725 289 507 372 748 521 290 769 1145 235 402 930 587 231 1097 749 779 419 203 585 1223 207 843 523
274 698 490 378 674 417 384 709 257 596 685 196 609 470 0 868 413 308 509 318 306 852 238 634 182 270 1083 423 556 544 551 513 657 496 70 179 570 818 598 195 291 566 569 232 525 312 375 247 641 274 499 796 349 450 618 181 62 197 302 737 484 927 1091 255 760 660 443 241 1009 418 930 886 613 775 877 434 605 697
681 237 1192 1222 686 1273 661 464 1114 1310 574 678 1181 498 868 0 484 604 954 608 872 1426 718 1092 711 739 925 1191 314 1308 509 1375 493 447 844 869 735 439 632 927 702 416 1049 1081 1341 1072 752 644 1453 999 1182 527 535 423 722 710 877 689 1063 277 395 449 959 619 107 1018 696 679 955 947 462 339 589 322 1344 433 924 336
197 286 838 790 410 795 208 333 640 956 357 258 894 329 413 484 0 119 518 123 542 985 233 856 307 257 807 707 176 926 422 926 506 304 374 385 599 609 549 443 222 165 613 605 857 681 295 168 968 514 838 637 65 170 395 304 407 217 578 323 93 531 826 219 381 622 271 314 771 486 537 617 533 365 934 127 531 288
81 404 764 687 419 677 145 405 523 878 398 194 840 373 308 604 119 0 434 21 490 889 114 821 244 145 831 588 293 839 471 817 567 364 260 265 610 690 581 323 114 258 526 487 737 596 212 63 849 396 766 705 76 247 383 240 293 111 459 433 210 620 845 182 500 557 221 274 778 387 623 715 574 468 853 209 471 390
363 719 979 778 366 595 310 555 518 1070 458 564 1116 806 509 954 518 434 0 417 809 473 356 1143 598 306 677 388 684 997 904 832 1001 798 442 330 1016 1122 1004 329 324 538 95 483 549 801 223 449 627 294 993 1140 506 678 294 594 449 450 336 703 606 756 671 588 867 151 259 654 573 97 751 1135 1002 696 419 636 122 640
73 402 780 697 398 678 124 392 526 894 380 214 859 392 318 608 123 21 417 0 510 874 110 841 263 135 811 583 299 853 491 824 585 382 267 263 632 706 601 321 101 250 509 490 734 611 194 79 845 391 783 723 90 262 362 259 300 124 455 428 216 608 825 203 505 537 200 295 758 373 612 728 594 460 836 223 451 383
505 776 320 418 907 619 618 875 486 438 886 296 352 378 306 872 542 490 809 510 0 1153 485 338 246 531 1321 702 607 438 410 585 498 427 368 482 314 667 383 502 537 707 874 481 766 225 642 432 874 579 311 614 483 471 865 250 369 399 597 838 568 1069 1334 323 771 958 691 228 1263 722 1075 771 416 892 1183 484 894 818
810 1190 1215 950 790 669 779 1007 708 1273 899 976 1388 1246 852 1426 985 889 473 874 1153 0 792 1454 997 747 942 474 1156 1180 1343 916 1446 1248 803 698 1416 1579 1425 660 775 1009 377 695 521 1061 689 889 505 577 1237 1587 965 1137 729 994 792 875 557 1169 1076 1183 918 1014 1340 429 732 1059 819 502 1176 1601 1431 1155 172 1098 514 1105
41 512 723 609 438 570 146 479 421 832 446 210 823 455 238 718 233 114 356 110 485 792 0 823 250 50 850 474 407 782 553 726 654 456 176 152 661 789 648 210 54 353 441 383 624 547 158 97 735 282 729 795 188 352 386 246 205 94 345 535 324 700 859 231 614 494 209 301 782 293 702 821 647 562 770 317 418 486
842 1050 308 573 1240 847 954 1187 753 362 1210 628 141 606 634 1092 856 821 1143 841 338 1454 823 0 579 870 1652 986 882 434 583 712 622 659 700 813 365 763 474 825 875 1016 1202 761 1009 402 980 766 1103 894 280 678 803 749 1200 584 696 736 900 1121 862 1364 1667 644 1004 1293 1028 548 1598 1053 1372 892 519 1181 1502 774 1231 1113
263 569 531 510 661 597 375 636 438 649 641 50 596 288 182 711 307 244 598 263 246 997 250 579 0 300 1075 596 411 622 371 664 477 315 200 298 422 636 430 340 299 473 675 414 707 377 408 186 822 427 530 618 244 288 621 4 222 158 469 621 352 839 1088 95 604 741 449 63 1018 521 844 705 441 669 999 283 669 593
63 525 759 629 404 567 121 467 424 866 424 261 865 502 270 739 257 145 306 135 531 747 50 870 300 0 813 452 434 812 600 739 701 500 203 148 711 831 697 201 37 357 393 386 607 582 110 144 716 261 767 841 222 391 348 296 228 145 326 541 351 690 821 281 638 443 173 351 741 247 691 860 696 563 721 354 368 489
822 746 1572 1423 414 1272 706 512 1178 1680 450 1025 1669 1123 1083 925 807 831 677 811 1321 942 850 1652 1075 813 0 1064 858 1622 1205 1500 1263 1086 1015 930 1403 1303 1342 958 795 671 707 1140 1221 1395 710 889 1287 954 1579 1366 853 955 465 1071 1037 925 1007 673 833 485 38 1009 905 579 641 1104 122 762 472 1243 1317 612 780 917 555 636
510 977 741 482 734 226 549 882 234 803 805 593 915 878 423 1191 707 588 388 583 702 474 474 986 596 452 1064 0 882 713 966 480 1073 894 397 328 991 1227 1021 271 489 803 366 225 166 588 469 558 265 192 763 1214 661 814 661 594 374 523 132 987 799 1100 1056 645 1089 499 549 659 957 314 1098 1279 1035 1000 556 785 509 930
373 169 923 919 506 958 376 347 800 1042 419 372 945 284 556 314 176 293 684 299 607 1156 407 882 411 434 858 882 0 1027 351 1067 405 238 529 556 568 469 491 615 399 195 780 766 1029 784 467 329 1141 689 917 516 221 136 514 408 562 374 752 238 83 485 883 315 208 776 428 390 846 660 494 455 462 301 1095 128 682 239
817 1190 138 231 1217 514 928 1245 494 98 1228 668 301 817 544 1308 926 839 997 853 438 1180 782 434 622 812 1622 713 1027 0 845 306 923 866 609 693 696 1089 791 673 835 1090 1026 522 675 245 912 776 745 705 162 1023 861 895 1158 625 585 729 679 1243 974 1456 1627 716 1204 1144 985 636 1541 900 1461 1201 831 1291 1269 899 1111 1214
541 502 716 816 828 960 611 696 804 829 758 375 678 98 551 509 422 471 904 491 410 1343 553 583 371 600 1205 966 351 845 0 982 106 120 569 655 230 269 140 703 580 534 993 783 1077 633 684 456 1192 791 702 247 406 255 818 373 593 468 837 579 373 828 1228 329 425 1028 684 310 1183 847 839 361 112 645 1322 297 941 590
767 1212 406 167 1122 255 860 1205 323 404 1161 697 593 927 513 1375 926 817 832 824 585 916 726 712 664 739 1500 480 1067 306 982 0 1078 966 556 594 893 1248 969 552 771 1075 835 362 396 364 815 759 448 545 434 1199 863 952 1054 665 524 709 496 1249 997 1427 1498 755 1267 965 898 705 1403 740 1429 1342 1001 1284 1027 942 954 1207
640 536 791 911 902 1064 703 751 909 900 823 480 731 199 657 493 506 567 1001 585 498 1446 654 622 477 701 1263 1073 405 923 106 1078 0 204 675 760 256 169 147 809 678 598 1092 888 1183 722 780 557 1298 897 774 142 498 335 898 479 699 571 943 614 444 860 1289 434 427 1122 774 416 1251 947 871 279 102 680 1420 378 1032 635
438 398 747 804 708 913 499 579 753 864 638 304 737 52 496 447 304 364 798 382 427 1248 456 659 315 500 1086 894 238 866 120 966 204 0 500 572 330 334 256 625 476 415 890 728 1017 636 576 358 1133 711 736 341 294 135 699 316 528 378 763 473 253 721 1109 249 349 917 570 263 1063 747 731 389 232 537 1217 177 828 477
214 660 559 433 607 429 320 653 270 664 622 196 678 481 70 844 374 260 442 267 368 803 176 700 200 203 1015 397 529 609 569 556 675 500 0 114 613 830 630 142 227 518 505 238 518 381 306 205 633 228 569 816 313 436 550 198 33 157 268 694 452 873 1022 251 737 593 375 264 939 353 876 889 641 728 819 414 535 650
192 665 657 495 533 419 268 615 276 757 566 281 787 561 179 869 385 265 330 263 482 698 152 813 298 148 930 328 556 693 655 594 760 572 114 0 719 907 728 58 184 503 391 238 472 478 224 230 584 139 669 902 335 486 469 295 119 196 196 686 474 838 934 326 764 481 304 361 847 239 839 953 736 710 706 456 428 635
662 728 559 727 1009 931 756 905 790 660 953 452 478 284 570 735 599 610 1016 632 314 1416 661 365 422 711 1403 991 568 696 230 893 256 330 613 719 0 404 108 756 701 735 1096 780 1072 528 812 574 1182 841 539 328 563 450 987 426 627 566 873 803 573 1052 1424 433 654 1155 832 363 1370 943 1062 529 153 868 1421 486 1076 808
768 557 955 1081 975 1229 815 795 1072 1061 883 633 882 349 818 439 609 690 1122 706 667 1579 789 763 636 831 1303 1227 469 1089 269 1248 169 334 830 907 404 0 299 959 805 664 1216 1050 1344 892 899 691 1459 1045 936 95 616 444 983 638 856 713 1096 632 530 861 1332 582 409 1231 880 577 1306 1078 874 133 257 696 1541 485 1139 667
643 642 656 802 959 983 725 835 835 761 893 449 585 220 598 632 549 581 1004 601 383 1425 648 474 430 697 1342 1021 491 791 140 969 147 256 630 728 108 299 0 771 682 671 1089 820 1115 606 790 555 1228 858 637 232 524 387 944 433 648 556 897 719 508 968 1364 417 556 1136 800 367 1317 939 979 422 44 785 1417 427 1052 730
249 722 649 465 570 365 318 665 229 742 611 328 789 612 195 927 443 323 329 321 502 660 210 825 340 201 958 271 615 673 703 552 809 625 142 58 756 959 771 0 238 559 378 190 414 471 263 287 526 87 663 951 393 543 503 337 133 251 139 742 532 889 960 377 823 480 347 404 870 233 889 1008 780 765 681 514 438 690
39 488 777 658 384 603 93 433 459 886 395 256 877 481 291 702 222 114 324 101 537 775 54 875 299 37 795 489 399 835 580 771 678 476 227 184 701 805 682 238 0 320 413 421 645 601 111 127 754 299 784 817 191 362 331 295 255 140 364 503 315 656 805 268 602 454 155 346 728 273 658 829 678 526 742 323 374 451
312 182 1004 945 311 923 256 172 774 1121 225 424 1058 453 566 416 165 258 538 250 707 1009 353 1016 473 357 671 803 195 1090 534 1075 598 415 518 503 735 664 671 559 320 0 632 737 963 845 343 319 1069 616 1003 712 229 285 325 469 550 368 683 183 163 366 694 385 334 607 280 478 652 536 371 638 647 209 931 249 512 132
452 813 1019 800 440 587 405 642 535 1104 540 645 1166 895 569 1049 613 526 95 509 874 377 441 1202 675 393 707 366 780 1026 993 835 1092 890 505 391 1096 1216 1089 378 413 632 0 504 516 844 317 537 579 322 1035 1231 599 771 372 671 507 533 348 795 702 835 696 672 962 132 355 733 595 153 829 1230 1089 786 328 730 167 732
424 891 528 296 760 191 506 853 39 603 802 425 694 703 232 1081 605 487 483 490 481 695 383 761 414 386 1140 225 766 522 783 362 888 728 238 238 780 1050 820 190 421 737 504 0 295 366 454 438 409 189 548 1026 547 673 691 413 205 392 157 918 688 1077 1140 484 975 625 537 473 1046 387 1077 1118 839 946 759 652 602 870
662 1133 733 454 900 164 710 1047 281 772 972 713 918 995 525 1341 857 737 549 734 766 521 624 1009 707 607 1221 166 1029 675 1077 396 1183 1017 518 472 1072 1344 1115 414 645 963 516 295 0 608 633 700 115 346 759 1322 807 950 827 706 489 660 280 1147 947 1266 1212 769 1237 648 714 767 1111 480 1264 1406 1135 1163 642 924 668 1092
580 946 179 199 985 447 693 1002 353 284 989 423 328 591 312 1072 681 596 801 611 225 1061 547 402 377 582 1395 588 784 245 633 364 722 636 381 478 528 892 606 471 601 845 844 366 608 0 687 533 705 523 191 838 616 654 930 380 362 487 515 998 729 1211 1403 472 967 951 755 395 1320 705 1216 994 641 1046 1122 656 906 969
149 524 865 719 309 620 91 414 493 970 349 366 976 586 375 752 295 212 223 194 642 689 158 980 408 110 710 469 467 912 684 815 780 576 306 224 812 899 790 263 111 343 317 454 633 687 0 237 734 294 874 917 283 454 246 404 327 250 359 523 386 635 716 378 658 345 84 456 633 195 634 913 785 532 642 413 263 464
88 455 701 626 475 629 189 468 473 815 460 138 781 358 247 644 168 63 449 79 432 889 97 766 186 144 889 558 329 776 456 759 557 358 205 230 574 691 555 287 127 319 537 438 700 533 237 0 813 367 703 698 109 258 434 182 238 49 426 490 249 682 902 141 538 582 265 224 832 390 686 727 552 527 865 226 501 449
772 1242 817 537 987 258 814 1145 393 843 1065 828 1005 1110 641 1453 968 849 627 845 874 505 735 1103 822 716 1287 265 1141 745 1192 448 1298 1133 633 584 1182 1459 1228 526 754 1069 579 409 115 705 734 813 0 454 843 1436 919 1065 914 821 604 774 390 1253 1059 1362 1274 885 1349 708 813 882 1172 569 1359 1522 1249 1266 648 1038 740 1196
318 787 697 484 586 328 365 707 225 782 642 416 848 699 274 999 514 396 294 391 579 577 282 894 427 261 954 192 689 705 791 545 897 711 228 139 841 1045 858 87 299 616 322 189 346 523 294 367 454 0 713 1038 469 625 515 425 215 335 66 800 606 929 953 463 896 438 377 491 858 198 928 1092 868 817 608 594 412 746
759 1085 28 306 1167 594 874 1167 530 128 1163 580 161 685 499 1182 838 766 993 783 311 1237 729 280 530 767 1579 763 917 162 702 434 774 736 569 669 539 936 637 663 784 1003 1035 548 759 191 874 703 843 713 0 867 774 782 1115 534 552 661 701 1144 873 1369 1588 620 1082 1143 938 531 1507 897 1375 1053 678 1196 1307 793 1097 1121
780 624 887 1032 1022 1198 838 855 1045 989 936 622 802 341 796 527 637 705 1140 723 614 1587 795 678 618 841 1366 1214 516 1023 247 1199 142 341 816 902 328 95 232 951 817 712 1231 1026 1322 838 917 698 1436 1038 867 0 635 467 1023 619 840 713 1085 700 567 937 1394 576 487 1257 907 555 1362 1088 950 228 197 766 1559 510 1167 731
158 348 775 725 448 738 205 393 582 892 407 194 835 309 349 535 65 76 506 90 483 965 188 803 244 222 853 661 221 861 406 863 498 294 313 335 563 616 524 393 191 229 599 547 807 616 283 109 919 469 774 635 0 171 423 240 346 156 531 388 141 596 870 160 430 623 277 256 810 463 601 638 512 431 925 132 534 353
327 305 788 798 573 863 372 454 703 907 506 256 809 168 450 423 170 247 678 262 471 1137 352 749 288 391 955 814 136 895 255 952 335 135 436 486 450 444 387 543 362 285 771 673 950 654 454 258 1065 625 782 467 171 0 564 286 467 291 682 372 122 615 977 196 316 790 440 259 929 635 624 469 367 432 1096 43 699 365
360 487 1107 965 73 843 246 277 730 1214 169 573 1208 725 618 722 395 383 294 362 865 729 386 1200 621 348 465 661 514 1158 818 1054 898 699 550 469 987 983 944 503 331 325 372 691 827 930 246 434 914 515 1115 1023 423 564 0 616 572 465 575 450 456 463 473 566 653 303 176 657 397 346 458 963 928 427 626 521 215 387
259 566 534 512 657 597 370 633 437 652 637 46 600 289 181 710 304 240 594 259 250 994 246 584 4 296 1071 594 408 625 373 665 479 316 198 295 426 638 433 337 295 469 671 413 706 380 404 182 821 425 534 619 240 286 616 0 220 154 466 618 349 835 1084 93 602 737 444 66 1014 518 841 705 443 666 995 281 664 590
245 694 541 403 632 396 348 684 237 644 651 224 667 507 62 877 407 293 449 300 369 792 205 696 222 228 1037 374 562 585 593 524 699 528 33 119 627 856 648 133 255 550 507 205 489 362 327 238 604 215 552 840 346 467 572 220 0 190 248 727 486 905 1043 280 770 600 400 285 958 357 907 917 662 760 814 446 547 683
106 504 657 576 511 584 219 516 426 770 503 116 744 372 197 689 217 111 450 124 399 875 94 736 158 145 925 523 374 729 468 709 571 378 157 196 566 713 556 251 140 368 533 392 660 487 250 49 774 335 661 713 156 291 465 154 190 0 391 540 296 731 937 140 582 588 291 206 863 382 735 757 558 577 860 264 512 499
382 852 683 452 647 268 431 773 186 760 706 463 843 748 302 1063 578 459 336 455 597 557 345 900 469 326 1007 132 752 679 837 496 943 763 268 196 873 1096 897 139 364 683 348 157 280 515 359 426 390 66 701 1085 531 682 575 466 248 391 0 866 669 995 1003 514 959 472 442 532 907 244 994 1147 910 884 607 653 458 812
494 78 1148 1114 409 1105 438 186 955 1267 297 575 1181 521 737 277 323 433 703 428 838 1169 535 1121 621 541 673 987 238 1243 579 1249 614 473 694 686 803 632 719 742 503 183 795 918 1147 998 523 490 1253 800 1144 700 388 372 450 618 727 540 866 0 271 249 704 527 233 751 453 613 688 711 259 570 686 66 1076 353 658 63
289 217 877 854 458 879 296 332 722 996 385 308 914 290 484 395 93 210 606 216 568 1076 324 862 352 351 833 799 83 974 373 997 444 253 452 474 573 530 508 532 315 163 702 688 947 729 386 249 1059 606 873 567 141 122 456 349 486 296 669 271 0 503 856 257 290 704 353 342 810 578 511 528 486 324 1020 88 611 252
660 326 1370 1305 395 1253 571 223 1115 1488 298 790 1417 769 927 449 531 620 756 608 1069 1183 700 1364 839 690 485 1100 485 1456 828 1427 860 721 873 838 1052 861 968 889 656 366 835 1077 1266 1211 635 682 1362 929 1369 937 596 615 463 835 905 731 995 249 503 0 521 749 452 754 552 841 537 795 13 781 935 184 1060 590 674 251
833 776 1580 1425 426 1267 717 539 1177 1686 471 1039 1681 1145 1091 959 826 845 671 825 1334 918 859 1667 1088 821 38 1056 883 1627 1228 1498 1289 1109 1022 934 1424 1332 1364 960 805 694 696 1140 1212 1403 716 902 1274 953 1588 1394 870 977 473 1084 1043 937 1003 704 856 521 0 1024 936 566 650 1119 102 759 508 1274 1341 644 754 938 548 664
229 474 622 604 599 672 326 552 511 740 566 59 675 235 255 619 219 182 588 203 323 1014 231 644 95 281 1009 645 315 716 329 755 434 249 251 326 433 582 417 377 268 385 672 484 769 472 378 141 885 463 620 576 160 196 566 93 280 140 514 527 257 749 1024 0 511 722 402 96 960 522 755 637 417 577 1000 188 642 501
579 169 1091 1115 625 1166 567 414 1007 1209 518 570 1087 402 760 107 381 500 867 505 771 1340 614 1004 604 638 905 1089 208 1204 425 1267 427 349 737 764 654 409 556 823 602 334 962 975 1237 967 658 538 1349 896 1082 487 430 316 653 602 770 582 959 233 290 452 936 511 0 941 607 573 921 854 465 337 516 292 1265 326 846 282
494 781 1129 922 361 719 418 581 658 1219 471 705 1267 930 660 1018 622 557 151 537 958 429 494 1293 741 443 579 499 776 1144 1028 965 1122 917 593 481 1155 1231 1136 480 454 607 132 625 648 951 345 582 708 438 1143 1257 623 790 303 737 600 588 472 751 704 754 566 722 941 0 351 795 464 246 747 1231 1130 731 325 747 94 688
186 462 931 798 232 704 76 332 576 1039 265 402 1032 587 443 696 271 221 259 200 691 732 209 1028 449 173 641 549 428 985 684 898 774 570 375 304 832 880 800 347 155 280 355 537 714 755 84 265 813 377 938 907 277 440 176 444 400 291 442 453 353 552 650 402 607 351 0 489 573 258 551 882 790 456 667 397 259 392
308 555 535 546 693 653 414 647 495 654 662 90 580 231 241 679 314 274 654 295 228 1059 301 548 63 351 1104 659 390 636 310 705 416 263 264 361 363 577 367 404 346 478 733 473 767 395 456 224 882 491 531 555 256 259 657 66 285 206 532 613 342 841 1119 96 573 795 489 0 1053 580 847 650 377 666 1059 263 719 591
758 755 1499 1335 362 1169 644 511 1083 1602 427 970 1605 1097 1009 955 771 778 573 758 1263 819 782 1598 1018 741 122 957 846 1541 1183 1403 1251 1063 939 847 1370 1306 1317 870 728 652 595 1046 1111 1320 633 832 1172 858 1507 1362 810 929 397 1014 958 863 907 688 810 537 102 960 921 464 573 1053 0 663 524 1257 1296 634 658 889 450 642
309 717 882 682 420 509 286 583 423 973 497 492 1022 749 418 947 486 387 97 373 722 502 293 1053 521 247 762 314 660 900 847 740 947 747 353 239 943 1078 939 233 273 536 153 387 480 705 195 390 569 198 897 1088 463 635 346 518 357 382 244 711 578 795 759 522 854 246 258 580 663 0 792 1100 940 714 478 596 214 651
662 337 1376 1308 389 1253 571 224 1116 1493 294 795 1424 779 930 462 537 623 751 612 1075 1176 702 1372 844 691 472 1098 494 1461 839 1429 871 731 876 839 1062 874 979 889 658 371 829 1077 1264 1216 634 686 1359 928 1375 950 601 624 458 841 907 735 994 259 511 13 508 755 465 747 551 847 524 792 0 795 946 194 1052 598 668 259
796 501 1070 1176 946 1302 824 747 1143 1179 845 693 1007 419 886 339 617 715 1135 728 771 1601 821 892 705 860 1243 1279 455 1201 361 1342 279 389 889 953 529 133 422 1008 829 638 1230 1118 1406 994 913 727 1522 1092 1053 228 638 469 963 705 917 757 1147 570 528 781 1274 637 337 1231 882 650 1257 1100 795 0 378 630 1549 505 1137 615
639 609 697 834 940 1007 716 809 856 803 871 454 630 203 613 589 533 574 1002 594 416 1431 647 519 441 696 1317 1035 462 831 112 1001 102 232 641 736 153 257 44 780 678 647 1089 839 1135 641 785 552 1249 868 678 197 512 367 928 443 662 558 910 686 486 935 1341 417 516 1130 790 377 1296 940 946 378 0 752 1418 408 1045 700
521 144 1199 1153 378 1130 452 151 983 1317 264 622 1238 585 775 322 365 468 696 460 892 1155 562 1181 669 563 612 1000 301 1291 645 1284 680 537 728 710 868 696 785 765 526 209 786 946 1163 1046 532 527 1266 817 1196 766 431 432 427 666 760 577 884 66 324 184 644 577 292 731 456 666 634 714 194 630 752 0 1054 410 641 77
780 1107 1288 1037 678 773 726 903 780 1357 791 971 1450 1223 877 1344 934 853 419 836 1183 172 770 1502 999 721 780 556 1095 1269 1322 1027 1420 1217 819 706 1421 1541 1417 681 742 931 328 759 642 1122 642 865 648 608 1307 1559 925 1096 626 995 814 860 607 1076 1020 1060 754 1000 1265 325 667 1059 658 478 1052 1549 1418 1054 0 1055 419 1013
290 292 797 792 532 843 330 420 684 917 467 245 828 207 434 433 127 209 636 223 484 1098 317 774 283 354 917 785 128 899 297 942 378 177 414 456 486 485 427 514 323 249 730 652 924 656 413 226 1038 594 793 510 132 43 521 281 446 264 653 353 88 590 938 188 326 747 397 263 889 596 598 505 408 410 1055 0 657 339
413 687 1085 896 279 718 329 492 637 1180 385 629 1214 843 605 924 531 471 122 451 894 514 418 1231 669 368 555 509 682 1111 941 954 1032 828 535 428 1076 1139 1052 438 374 512 167 602 668 906 263 501 740 412 1097 1167 534 699 215 664 547 512 458 658 611 674 548 642 846 94 259 719 450 214 668 1137 1045 641 419 657 0 595
445 113 1123 1075 349 1055 381 132 907 1242 238 545 1166 523 697 336 288 390 640 383 818 1105 486 1113 593 489 636 930 239 1214 590 1207 635 477 650 635 808 667 730 690 451 132 732 870 1092 969 464 449 1196 746 1121 731 353 365 387 590 683 499 812 63 252 251 664 501 282 688 392 591 642 651 259 615 700 77 1013 339 595 0
