0 411 261 458 147 1205 760 1577 1456 1250 1637 715 269 311 1354 902 925
411 0 523 374 379 811 516 1873 1844 963 1421 992 374 146 1026 882 524
261 523 0 697 157 1215 974 1361 1338 1147 1871 481 524 489 1280 1162 962
458 374 697 0 543 1089 322 2034 1870 1326 1179 1170 202 261 1369 514 803
147 379 157 543 0 1124 816 1517 1465 1123 1714 639 381 332 1238 1021 856
1205 811 1215 1089 1124 0 969 2386 2536 530 1583 1575 1172 952 421 1475 290
760 516 974 322 816 969 0 2331 2192 1325 908 1455 523 487 1322 506 718
1577 1873 1361 2034 1517 2386 2331 0 719 2056 3213 881 1839 1850 2245 2424 2208
1456 1844 1338 1870 1465 2536 2192 719 0 2342 2987 985 1669 1767 2513 2132 2298
1250 963 1147 1326 1123 530 1325 2056 2342 0 2069 1357 1329 1106 192 1800 630
1637 1421 1871 1179 1714 1583 908 3213 2987 2069 0 2349 1373 1392 2001 868 1445
715 992 481 1170 639 1575 1455 881 985 1357 2349 0 984 971 1527 1604 1362
269 374 524 202 381 1172 523 1839 1669 1329 1373 984 0 228 1400 639 881
311 146 489 261 332 952 487 1850 1767 1106 1392 971 228 0 1172 775 662
1354 1026 1280 1369 1238 421 1322 2245 2513 192 2001 1527 1400 1172 0 1815 604
902 882 1162 514 1021 1475 506 2424 2132 1800 868 1604 639 775 1815 0 1216
925 524 962 803 856 290 718 2208 2298 630 1445 1362 881 662 604 1216 0
