0 1141 14 487 453 1283 848 449 833 1364 174 802 1646 779 858 1619 389
1141 0 1148 954 1347 2108 1949 714 621 1573 1307 586 736 1196 1698 2636 1099
14 1148 0 480 464 1268 848 459 832 1353 173 802 1648 768 867 1621 378
487 954 480 0 930 1165 1289 535 431 928 638 427 1265 354 1342 2083 170
453 1347 464 930 0 1622 650 656 1213 1817 373 1172 1968 1232 415 1290 842
1283 2108 1268 1165 1622 0 1449 1630 1512 983 1263 1534 2225 934 1900 2143 1055
848 1949 848 1289 650 1449 0 1235 1677 1990 674 1650 2495 1471 597 805 1137
449 714 459 535 656 1630 1235 0 613 1445 602 563 1313 888 1045 1943 583
833 621 832 431 1213 1512 1677 613 0 975 1005 54 836 582 1624 2451 601
1364 1573 1353 928 1817 983 1990 1445 975 0 1467 1023 1403 587 2211 2787 976
174 1307 173 638 373 1263 674 602 1005 1467 0 976 1821 893 743 1450 512
802 586 802 427 1172 1534 1650 563 54 1023 976 0 853 611 1582 2418 594
1646 736 1648 1265 1968 2225 2495 1313 836 1403 1821 853 0 1315 2356 3246 1436
779 1196 768 354 1232 934 1471 888 582 587 893 611 1315 0 1632 2277 390
858 1698 867 1342 415 1900 597 1045 1624 2211 743 1582 2356 1632 0 967 1244
1619 2636 1621 2083 1290 2143 805 1943 2451 2787 1450 2418 3246 2277 967 0 1938
389 1099 378 170 842 1055 1137 583 601 976 512 594 1436 390 1244 1938 0
