0 1404 1500 266 1539 1410 1567 75 545 477 1524 1115 1328 175 1654 1151 62
1404 0 136 1138 775 2375 396 1419 1734 1869 1351 1754 963 1577 3026 2076 1442
1500 136 0 1233 691 2507 279 1509 1799 1956 1480 1767 1094 1674 3103 2208 1541
266 1138 1233 0 1304 1558 1306 283 699 734 1405 1116 1156 441 1906 1276 310
1539 775 691 1304 0 2814 437 1514 1621 1902 2067 1326 1679 1705 2929 2518 1596
1410 2375 2507 1558 2814 0 2689 1473 1786 1414 1477 2477 1647 1316 2016 300 1349
1567 396 279 1306 437 2689 0 1563 1787 1996 1746 1645 1357 1742 3106 2389 1616
75 1419 1509 283 1514 1473 1563 0 474 450 1593 1041 1387 192 1622 1218 126
545 1734 1799 699 1621 1786 1787 474 0 399 2067 709 1849 517 1320 1573 573
477 1869 1956 734 1902 1414 1996 450 399 0 1919 1108 1772 329 1177 1227 459
1524 1351 1480 1405 2067 1477 1746 1593 2067 1919 0 2501 390 1605 3008 1249 1506
1115 1754 1767 1116 1326 2477 1645 1041 709 1108 2501 0 2204 1167 1750 2245 1167
1328 963 1094 1156 1679 1647 1357 1387 1849 1772 390 2204 0 1443 2917 1378 1325
175 1577 1674 441 1705 1316 1742 192 517 329 1605 1167 1443 0 1501 1077 136
1654 3026 3103 1906 2929 2016 3106 1622 1320 1177 3008 1750 2917 1501 0 1993 1634
1151 2076 2208 1276 2518 300 2389 1218 1573 1227 1249 2245 1378 1077 1993 0 1092
62 1442 1541 310 1596 1349 1616 126 573 459 1506 1167 1325 136 1634 1092 0
