0 1235 940 912 817 52 1011 1119 268 1576 1622 1388 863 1365 1323 352
1235 0 1298 684 1598 1259 1030 775 1245 2760 2834 2508 1835 494 1566 1424
940 1298 0 616 447 992 1734 623 683 2298 1922 1445 1792 1059 2174 1290
912 684 616 0 961 958 1321 225 780 2478 2335 1934 1730 508 1830 1228
817 1598 447 961 0 860 1781 1033 561 1918 1475 1003 1573 1453 2139 1121
52 1259 992 958 860 0 988 1167 317 1537 1612 1397 811 1404 1284 299
1011 1030 1734 1321 1781 988 0 1529 1228 2074 2492 2367 1048 1469 538 903
1119 775 623 225 1033 1167 1529 0 960 2671 2466 2032 1950 438 2045 1444
268 1245 683 780 561 317 1228 960 0 1711 1594 1275 1109 1274 1580 609
1576 2760 2298 2478 1918 1537 2074 2671 1711 0 1011 1407 1027 2942 1922 1335
1622 2834 1922 2335 1475 1612 2492 2466 1594 1011 0 558 1610 2843 2547 1591
1388 2508 1445 1934 1003 1397 2367 2032 1275 1407 558 0 1676 2439 2539 1480
863 1835 1792 1730 1573 811 1048 1950 1109 1027 1610 1676 0 2114 947 513
1365 494 1059 508 1453 1404 1469 438 1274 2942 2843 2439 2114 0 2007 1641
1323 1566 2174 1830 2139 1284 538 2045 1580 1922 2547 2539 947 2007 0 1080
352 1424 1290 1228 1121 299 903 1444 609 1335 1591 1480 513 1641 1080 0
