0 671 1112 923 343 956 13 850 961 1469 1557 93 1669 1151 552 1639
671 0 1334 1559 389 1145 661 965 748 1082 2228 762 1935 1822 1139 1531
1112 1334 0 1681 1313 188 1122 1958 767 2404 1824 1086 2754 1503 808 781
923 1559 1681 0 1174 1602 929 1114 1835 2010 839 853 1325 545 875 2389
343 389 1313 1174 0 1135 329 697 940 1148 1877 435 1631 1475 885 1699
956 1145 188 1602 1135 0 965 1792 604 2216 1832 940 2615 1485 730 796
13 661 1122 929 329 965 0 840 962 1456 1568 106 1663 1162 565 1644
850 965 1958 1114 697 1792 840 0 1633 907 1950 897 971 1604 1341 2396
961 748 767 1835 940 604 962 1633 0 1812 2270 1003 2568 1883 1076 783
1469 1082 2404 2010 1148 2216 1456 907 1812 0 2833 1553 1577 2466 2021 2580
1557 2228 1824 839 1877 1832 1568 1950 2270 2833 0 1466 2051 406 1195 2605
93 762 1086 853 435 940 106 897 1003 1553 1466 0 1675 1060 471 1652
1669 1935 2754 1325 1631 2615 1663 971 2568 1577 2051 1675 0 1858 2001 3300
1151 1822 1503 545 1475 1485 1162 1604 1883 2466 406 1060 1858 0 807 2274
552 1139 808 875 885 730 565 1341 1076 2021 1195 471 2001 807 0 1524
1639 1531 781 2389 1699 796 1644 2396 783 2580 2605 1652 3300 2274 1524 0
