0 1362 1377 1326 408 1082 1481 597 1271 249 282 1045 74 1271 1314 627
1362 0 2148 2313 1693 2294 876 1696 1215 1475 1560 1138 1292 205 1801 1512
1377 2148 0 366 1075 2106 1595 1887 1091 1131 1133 1044 1371 1958 441 774
1326 2313 366 0 955 1877 1867 1753 1375 1078 1051 1282 1340 2137 775 821
408 1693 1075 955 0 1096 1629 813 1299 218 136 1088 450 1571 1130 468
1082 2294 2106 1877 1096 0 2561 598 2336 1185 1119 2111 1151 2259 2224 1558
1481 876 1595 1867 1629 2561 0 2020 505 1445 1532 599 1410 686 1170 1242
597 1696 1887 1753 813 598 2020 0 1862 791 762 1635 651 1668 1890 1195
1271 1215 1091 1375 1299 2336 505 1862 0 1156 1232 226 1212 1010 665 852
249 1475 1131 1078 218 1185 1445 791 1156 0 90 935 264 1354 1099 404
282 1560 1133 1051 136 1119 1532 762 1232 90 0 1014 317 1442 1136 446
1045 1138 1044 1282 1088 2111 599 1635 226 935 1014 0 985 938 664 659
74 1292 1371 1340 450 1151 1410 651 1212 264 317 985 0 1198 1285 609
1271 205 1958 2137 1571 2259 686 1668 1010 1354 1442 938 1198 0 1602 1350
1314 1801 441 775 1130 2224 1170 1890 665 1099 1136 664 1285 1602 0 694
627 1512 774 821 468 1558 1242 1195 852 404 446 659 609 1350 694 0
