0 363 714 545 674 1305 1308 65 738 1678 551 93 671 1366 945 1051 448
363 0 948 789 938 942 1506 335 899 2025 779 280 990 1695 905 690 714
714 948 0 168 1162 1758 596 684 197 1701 1125 731 1028 1526 696 1578 268
545 789 168 0 1027 1630 763 515 253 1674 975 562 911 1464 693 1435 102
674 938 1162 1027 0 1803 1720 738 1276 1182 172 756 208 807 1597 1512 931
1305 942 1758 1630 1803 0 2202 1272 1633 2950 1631 1219 1900 2600 1338 298 1584
1308 1506 596 763 1720 2202 0 1273 607 1993 1704 1316 1560 1920 908 2072 864
65 335 684 515 738 1272 1273 0 693 1728 615 56 730 1422 882 1026 422
738 899 197 253 1276 1633 607 693 0 1893 1215 730 1165 1704 500 1478 345
1678 2025 1701 1674 1182 2950 1993 1728 1893 0 1350 1772 1051 392 2368 2668 1632
551 779 1125 975 172 1631 1704 615 1215 1350 0 624 329 979 1493 1339 874
93 280 731 562 756 1219 1316 56 730 1772 624 0 762 1459 887 971 473
671 990 1028 911 208 1900 1560 730 1165 1051 329 762 0 705 1535 1617 824
1366 1695 1526 1464 807 2600 1920 1422 1704 392 979 1459 705 0 2147 2313 1404
945 905 696 693 1597 1338 908 882 500 2368 1493 887 1535 2147 0 1266 744
1051 690 1578 1435 1512 298 2072 1026 1478 2668 1339 971 1617 2313 1266 0 1377
448 714 268 102 931 1584 864 422 345 1632 874 473 824 1404 744 1377 0
