0 1093 237 1672 533 1546 1078 1535 1061 1043 1530 386 1436 663 1130 1158
1093 0 1288 2562 997 2609 1540 2627 1991 1781 2150 1337 681 1440 1569 1619
237 1288 0 1662 530 1425 1238 1364 826 842 1624 182 1670 779 1292 1021
1672 2562 1662 0 2180 781 1175 1171 1982 2281 730 1802 2513 1123 1184 2606
533 997 530 2180 0 1943 1580 1841 1008 788 2062 452 1555 1194 1630 720
1546 2609 1425 781 1943 0 1591 397 1412 1779 1387 1498 2760 1284 1623 2165
1078 1540 1238 1175 1580 1591 0 1829 1973 2078 612 1421 1354 487 53 2236
1535 2627 1364 1171 1841 397 1829 0 1132 1526 1724 1389 2872 1445 1868 1934
1061 1991 826 1982 1008 1412 1973 1132 0 403 2212 691 2469 1486 2026 821
1043 1781 842 2281 788 1779 2078 1526 403 0 2409 663 2335 1605 2131 418
1530 2150 1624 730 2062 1387 612 1724 2212 2409 0 1800 1944 867 593 2645
386 1337 182 1802 452 1498 1421 1389 691 663 1800 0 1779 960 1474 844
1436 681 1670 2513 1555 2760 1354 2872 2469 2335 1944 1779 0 1480 1359 2241
663 1440 779 1123 1194 1284 487 1445 1486 1605 867 960 1480 0 540 1796
1130 1569 1292 1184 1630 1623 53 1868 2026 2131 593 1474 1359 540 0 2288
1158 1619 1021 2606 720 2165 2236 1934 821 418 2645 844 2241 1796 2288 0
