0 64 119 210 138 238 1457 991 1518 882 856 1714 422 151 970 1287
64 0 135 147 203 256 1460 968 1465 947 849 1659 358 213 1032 1349
119 135 0 261 175 357 1577 881 1589 891 737 1781 428 224 1011 1259
210 147 261 0 347 310 1436 974 1328 1088 893 1520 229 348 1160 1496
138 203 175 347 0 268 1472 1041 1639 744 874 1837 559 66 843 1152
238 256 357 310 268 0 1220 1225 1428 877 1095 1630 533 210 894 1340
1457 1460 1577 1436 1472 1220 0 2410 1409 1680 2310 1570 1563 1406 1478 2176
991 968 881 974 1041 1225 2410 0 1987 1560 265 2131 881 1101 1770 1706
1518 1465 1589 1328 1639 1428 1409 1987 0 2295 2053 205 1225 1608 2252 2768
882 947 891 1088 744 877 1680 1560 2295 0 1315 2500 1304 742 277 507
856 849 737 893 874 1095 2310 265 2053 1315 0 2213 864 939 1539 1441
1714 1659 1781 1520 1837 1630 1570 2131 205 2500 2213 0 1404 1808 2458 2970
422 358 428 229 559 533 1563 881 1225 1304 864 1404 0 570 1387 1688
151 213 224 348 66 210 1406 1101 1608 742 939 1808 570 0 819 1170
970 1032 1011 1160 843 894 1478 1770 2252 277 1539 2458 1387 819 0 707
1287 1349 1259 1496 1152 1340 2176 1706 2768 507 1441 2970 1688 1170 707 0
