0 1195 508 313 1666 574 42 1333 1014 898 446 960 646 292 64 566 1238
1195 0 1155 1468 2650 1743 1205 1123 2165 1629 1636 1126 1037 1089 1153 1761 2120
508 1155 0 518 1495 975 471 1680 1397 1405 714 472 1061 744 451 843 975
313 1468 518 0 1361 467 285 1631 879 1055 197 985 936 586 330 330 966
1666 2650 1495 1361 0 1529 1631 2993 1597 2291 1323 1665 2296 1947 1665 1295 550
574 1743 975 467 1529 0 583 1592 440 762 305 1446 926 673 632 248 1274
42 1205 471 285 1631 583 0 1371 1023 937 432 928 686 333 52 556 1198
1333 1123 1680 1631 2993 1592 1371 0 1864 1003 1691 1937 697 1046 1345 1759 2568
1014 2165 1397 879 1597 440 1023 1864 0 897 688 1864 1264 1078 1073 570 1489
898 1629 1405 1055 2291 762 937 1003 897 0 996 1838 591 696 953 997 1996
446 1636 714 197 1323 305 432 1691 688 996 0 1176 994 668 483 133 1000
960 1126 472 985 1665 1446 928 1937 1864 1838 1176 0 1413 1149 898 1301 1115
646 1037 1061 936 2296 926 686 697 1264 591 994 1413 0 354 668 1070 1885
292 1089 744 586 1947 673 333 1046 1078 696 668 1149 354 0 319 761 1530
64 1153 451 330 1665 632 52 1345 1073 953 483 898 668 319 0 609 1222
566 1761 843 330 1295 248 556 1759 570 997 133 1301 1070 761 609 0 1025
1238 2120 975 966 550 1274 1198 2568 1489 1996 1000 1115 1885 1530 1222 1025 0
