0 342 1563 772 1341 1088 1669 1516 1504 441 861 736 8 1499 341 645
342 0 1333 948 1629 1122 2006 1810 1791 662 778 604 333 1736 663 562
1563 1333 0 2281 2240 1084 2880 3071 2365 1489 828 1811 1556 3056 1704 1824
772 948 2281 0 1723 1841 1722 992 1868 1126 1632 710 777 806 887 610
1341 1629 2240 1723 0 1176 732 1658 162 976 1446 2054 1347 1963 1004 1948
1088 1122 1084 1841 1176 0 1862 2343 1289 731 435 1725 1087 2464 992 1668
1669 2006 2880 1722 732 1862 0 1236 706 1452 2056 2262 1677 1636 1346 2146
1516 1810 3071 992 1658 2343 1236 0 1741 1644 2300 1702 1524 435 1392 1599
1504 1791 2365 1868 162 1289 706 1741 0 1137 1585 2215 1510 2066 1166 2109
441 662 1489 1126 976 731 1452 1644 1137 0 672 1172 443 1736 262 1085
861 778 828 1632 1446 435 2056 2300 1585 672 0 1378 856 2344 909 1341
736 604 1811 710 2054 1725 2262 1702 2215 1172 1378 0 732 1487 1054 116
8 333 1556 777 1347 1087 1677 1524 1510 443 856 732 0 1505 348 642
1499 1736 3056 806 1963 2464 1636 435 2066 1736 2344 1487 1505 0 1473 1401
341 663 1704 887 1004 992 1346 1392 1166 262 909 1054 348 1473 0 952
645 562 1824 610 1948 1668 2146 1599 2109 1085 1341 116 642 1401 952 0
