0 577 1114 377 237 336 1192 701 556 904 1028 379 1316 1073 163 666 1396
577 0 1054 480 636 910 1681 1252 1041 1101 613 295 746 903 591 635 1660
1114 1054 0 1365 1342 1227 1363 1681 1009 1994 1644 1214 1270 1950 960 1624 862
377 480 1365 0 237 656 1556 857 930 647 702 187 1189 696 517 292 1761
237 636 1342 237 0 432 1343 632 739 666 940 356 1377 892 400 483 1621
336 910 1227 656 432 0 913 455 352 996 1346 707 1643 1322 357 915 1283
1192 1681 1363 1556 1343 913 0 1061 645 1866 2215 1565 2316 2235 1104 1826 787
701 1252 1681 857 632 455 1061 0 728 860 1545 988 1999 1375 787 1016 1629
556 1041 1009 930 739 352 645 728 0 1346 1571 922 1710 1623 459 1213 932
904 1101 1994 647 666 996 1866 860 1346 0 1003 828 1721 634 1067 495 2266
1028 613 1644 702 940 1346 2215 1545 1571 1003 0 650 806 475 1115 557 2269
379 295 1214 187 356 707 1565 988 922 828 650 0 1022 769 470 409 1683
1316 746 1270 1189 1377 1643 2316 1999 1710 1721 806 1022 0 1280 1300 1227 2086
1073 903 1950 696 892 1322 2235 1375 1623 634 475 769 1280 0 1209 409 2447
163 591 960 517 400 357 1104 787 459 1067 1115 470 1300 1209 0 810 1244
666 635 1624 292 483 915 1826 1016 1213 495 557 409 1227 409 810 0 2053
1396 1660 862 1761 1621 1283 787 1629 932 2266 2269 1683 2086 2447 1244 2053 0
