0 252 1488 505 1061 1397 849 1230 750 520 1498 981 1290 1138 109 1253
252 0 1741 273 1068 1167 1015 980 501 275 1245 933 1161 890 287 1036
1488 1741 0 1982 1857 2812 1175 2705 2227 2005 2982 2062 2508 2623 1485 2680
505 273 1982 0 1265 1058 1284 803 366 59 1039 802 940 641 497 762
1061 1068 1857 1265 0 1302 682 1425 1144 1224 1703 2000 2206 1611 1171 1927
1397 1167 2812 1058 1302 0 1781 366 693 1002 493 1765 1675 739 1454 1133
849 1015 1175 1284 682 1781 0 1779 1358 1272 2071 1812 2140 1833 934 2044
1230 980 2705 803 1425 366 1779 0 480 757 292 1433 1312 373 1263 767
750 501 2227 366 1144 693 1358 480 0 309 754 1129 1161 483 786 786
520 275 2005 59 1224 1002 1272 757 309 0 1001 860 984 618 524 771
1498 1245 2982 1039 1703 493 2071 292 754 1001 0 1564 1359 460 1521 773
981 933 2062 802 2000 1765 1812 1433 1129 860 1564 0 457 1105 883 873
1290 1161 2508 940 2206 1675 2140 1312 1161 984 1359 457 0 941 1212 588
1138 890 2623 641 1611 739 1833 373 483 618 460 1105 941 0 1139 398
109 287 1485 497 1171 1454 934 1263 786 524 1521 883 1212 1139 0 1218
1253 1036 2680 762 1927 1133 2044 767 786 771 773 873 588 398 1218 0
