0 765 257 175 1359 60 200 644 128 342 887 427 1315 1425 1236 69
765 0 908 810 2039 781 659 891 748 1047 300 998 1024 1192 1442 821
257 908 0 413 1143 307 249 469 176 144 1084 173 1228 1681 1014 281
175 810 413 0 1443 114 363 819 303 461 871 587 1468 1300 1410 132
1359 2039 1143 1443 0 1382 1390 1269 1317 1020 2228 1042 1972 2729 1245 1340
60 781 307 114 1382 0 256 705 189 375 882 479 1370 1384 1296 43
200 659 249 363 1390 256 0 473 102 388 841 366 1114 1500 1084 269
644 891 469 819 1269 705 473 0 515 563 1158 364 795 1933 616 700
128 748 176 303 1317 189 102 515 0 302 910 327 1201 1518 1110 188
342 1047 144 461 1020 375 388 563 302 0 1211 205 1345 1758 1047 338
887 300 1084 871 2228 882 841 1158 910 1211 0 1204 1314 902 1731 925
427 998 173 587 1042 479 366 364 327 205 1204 0 1156 1844 852 454
1315 1024 1228 1468 1972 1370 1114 795 1201 1345 1314 1156 0 2215 832 1383
1425 1192 1681 1300 2729 1384 1500 1933 1518 1758 902 1844 2215 0 2544 1420
1236 1442 1014 1410 1245 1296 1084 616 1110 1047 1731 852 832 2544 0 1282
69 821 281 132 1340 43 269 700 188 338 925 454 1383 1420 1282 0
