0 291 468 452 624 1341 460 933 1523 1139 51 1047 19 1277 1178 840
291 0 627 470 648 1632 552 654 1806 850 240 1289 274 1380 1170 687
468 627 0 919 1088 1257 141 1252 1313 1326 491 702 481 811 1641 1287
452 470 919 0 182 1530 906 817 1797 1159 437 1433 440 1729 730 473
624 648 1088 182 0 1574 1083 901 1871 1274 615 1561 614 1900 553 451
1341 1632 1257 1530 1574 0 1395 2261 406 2475 1392 801 1359 1578 1932 2000
460 552 141 906 1083 1395 0 1147 1453 1196 468 832 468 835 1636 1233
933 654 1252 817 901 2261 1147 0 2457 413 882 1937 914 1910 1188 549
1523 1806 1313 1797 1871 406 1453 2457 0 2616 1574 679 1542 1406 2280 2270
1139 850 1326 1159 1274 2475 1196 413 2616 0 1088 2028 1122 1835 1600 960
51 240 491 437 615 1392 468 882 1574 1088 0 1090 34 1295 1167 804
1047 1289 702 1433 1561 801 832 1937 679 2028 1090 0 1065 776 2069 1877
19 274 481 440 614 1359 468 914 1542 1122 34 1065 0 1289 1168 822
1277 1380 811 1729 1900 1578 835 1910 1406 1835 1295 776 1289 0 2453 2066
1178 1170 1641 730 553 1932 1636 1188 2280 1600 1167 2069 1168 2453 0 640
840 687 1287 473 451 2000 1233 549 2270 960 804 1877 822 2066 640 0
