0 1448 245 948 1375 28 39 876 261 1655 730 711 657 921 55 1338
1448 0 1683 2375 909 1474 1460 744 1675 3100 1980 2117 790 574 1393 1192
245 1683 0 754 1528 223 224 1070 63 1433 546 554 895 1164 295 1550
948 2375 754 0 2281 919 947 1818 793 740 951 268 1590 1818 1003 1931
1375 909 1528 2281 0 1402 1362 558 1487 2913 1558 2074 952 1035 1326 1884
28 1474 223 919 1402 0 50 905 244 1628 722 683 684 945 83 1347
39 1460 224 947 1362 50 0 872 232 1647 693 717 671 940 72 1375
876 744 1070 1818 558 905 872 0 1044 2500 1262 1588 398 553 822 1395
261 1675 63 793 1487 244 232 1044 0 1456 494 605 891 1169 304 1588
1655 3100 1433 740 2913 1628 1647 2500 1456 0 1407 1008 2310 2551 1711 2650
730 1980 546 951 1558 722 693 1262 494 1407 0 893 1250 1548 757 2068
711 2117 554 268 2074 683 717 1588 605 1008 893 0 1336 1556 765 1673
657 790 895 1590 952 684 671 398 891 2310 1250 1336 0 299 603 1040
921 574 1164 1818 1035 945 940 553 1169 2551 1548 1556 299 0 869 852
55 1393 295 1003 1326 83 72 822 304 1711 757 765 603 869 0 1312
1338 1192 1550 1931 1884 1347 1375 1395 1588 2650 2068 1673 1040 852 1312 0
