0 157 1017 98 1003 1230 1234 1536 1722 771 930 691 1495 545 36 268
157 0 1171 176 1091 1384 1236 1662 1611 864 810 801 1341 699 171 421
1017 1171 0 1052 811 502 1468 763 2644 735 1771 636 2467 472 999 788
98 176 1052 0 1093 1225 1331 1606 1648 861 985 775 1506 584 135 270
1003 1091 811 1093 0 1307 680 705 2701 232 1287 339 2070 742 967 966
1230 1384 502 1225 1307 0 1945 1187 2631 1201 2107 1086 2726 766 1227 963
1234 1236 1468 1331 680 1945 0 1304 2693 744 954 864 1709 1259 1199 1341
1536 1662 763 1606 705 1187 1304 0 3254 853 1989 872 2767 1067 1505 1391
1722 1611 2644 1648 2701 2631 2693 3254 0 2476 1819 2410 1467 2209 1754 1876
771 864 735 861 232 1201 744 853 2476 0 1152 129 1919 547 735 739
930 810 1771 985 1287 2107 954 1989 1819 1152 0 1184 787 1347 918 1183
691 801 636 775 339 1086 864 872 2410 129 1184 0 1932 419 657 628
1495 1341 2467 1506 2070 2726 1709 2767 1467 1919 787 1932 0 2008 1500 1763
545 699 472 584 742 766 1259 1067 2209 547 1347 419 2008 0 527 332
36 171 999 135 967 1227 1199 1505 1754 735 918 657 1500 527 0 269
268 421 788 270 966 963 1341 1391 1876 739 1183 628 1763 332 269 0
