0 322 1138 194 1701 335 1279 440 476 1710 590 1468 1528 831 542 738
322 0 838 511 1714 569 1600 351 263 1629 795 1791 1851 1154 509 470
1138 838 0 1298 1657 1407 2355 807 911 2035 1619 2582 2625 1937 874 415
194 511 1298 0 1659 354 1088 536 667 1838 591 1289 1343 646 589 887
1701 1714 1657 1659 0 2007 2051 1363 1973 3343 2250 2361 2319 1903 1207 1489
335 569 1407 354 2007 0 1192 773 574 1514 255 1317 1400 739 876 1033
1279 1600 2355 1088 2051 1192 0 1549 1724 2561 1204 309 287 456 1519 1939
440 351 807 536 1363 773 1549 0 612 1980 1026 1787 1824 1144 161 394
476 263 911 667 1973 574 1724 612 0 1369 735 1880 1955 1268 772 628
1710 1629 2035 1838 3343 1514 2561 1980 1369 0 1385 2558 2676 2165 2138 1934
590 795 1619 591 2250 255 1204 1026 735 1385 0 1269 1370 783 1131 1265
1468 1791 2582 1289 2361 1317 309 1787 1880 2558 1269 0 129 644 1774 2167
1528 1851 2625 1343 2319 1400 287 1824 1955 2676 1370 129 0 697 1800 2210
831 1154 1937 646 1903 739 456 1144 1268 2165 783 644 697 0 1142 1522
542 509 874 589 1207 876 1519 161 772 2138 1131 1774 1800 1142 0 482
738 470 415 887 1489 1033 1939 394 628 1934 1265 2167 2210 1522 482 0
