0 199 752 755 242 540 637 364 676 281 573 361 178 799 613 16 3 136 782 704 18 128 654 815 843 253 606 33 777 617 285 149 309 447 377 496 134 811 187 343 291 164 232 676 744 125 323 100 752 80 580 128 505 676 314 311 763 445 383 815 267 263 388 780 849 237 105 193 803 817 47 701 546 10 775 816 704 594 213 327 802 835 609 350 324 362 297 699 480 282 215 529 633 591 238 811 97 333 346 208 533 445 511 390 128 398 596 698 38 616 380 672 185 458 220 364
199 0 937 721 217 709 453 561 489 121 746 306 91 618 764 198 203 64 632 837 213 96 761 802 1041 113 748 186 907 521 404 99 111 570 567 661 184 724 218 172 411 363 257 521 720 248 127 299 773 256 779 320 310 545 343 150 793 293 214 619 161 393 427 679 1049 71 133 144 813 903 189 899 356 210 903 1011 880 508 195 500 689 1015 442 197 266 561 153 735 668 177 355 628 718 603 101 892 280 139 322 162 521 643 409 523 87 568 685 689 166 521 332 774 199 558 335 209
752 937 0 1379 819 691 1290 510 1426 1034 210 874 872 1551 808 761 748 881 1526 930 746 881 487 1394 265 1005 843 755 396 1330 579 849 1048 851 375 706 861 1501 897 1095 572 615 757 1248 958 694 1064 656 1280 739 319 678 1203 1189 965 987 800 1195 1136 1554 1015 574 705 1487 300 944 855 938 884 613 749 416 1293 743 989 155 693 1035 941 670 1520 97 1361 1004 870 467 962 1205 272 914 771 528 572 1173 990 632 719 1076 1038 841 1165 454 1236 477 880 675 554 890 791 1327 868 1020 783 540 817 1015
755 721 1379 0 931 765 1001 869 664 618 1258 1028 805 671 701 740 758 716 477 654 747 678 1407 110 1344 611 657 779 1515 274 1040 799 701 548 1040 725 623 211 569 606 1046 807 956 1144 1441 879 691 805 205 712 1091 747 850 1209 446 847 1504 514 584 820 560 1017 1128 263 1330 787 671 595 1531 1572 794 1110 656 758 667 1375 895 1215 554 710 320 1475 536 888 987 912 861 259 1130 897 623 1285 1389 209 620 1567 721 677 413 877 225 933 351 1137 689 717 1352 1410 729 269 1054 507 896 1214 583 897
242 217 819 931 0 772 474 561 658 336 613 118 127 791 853 255 243 215 836 947 260 257 562 1007 972 330 848 209 719 738 242 133 292 690 482 731 332 942 384 379 249 366 62 466 517 165 309 297 963 322 734 358 388 446 521 176 576 503 420 756 375 245 212 895 986 170 274 337 599 692 196 878 526 248 1018 920 928 352 383 562 904 884 638 185 82 541 149 918 570 96 458 428 510 796 318 680 337 325 522 54 722 631 627 357 245 632 479 480 242 738 138 913 59 362 458 196
540 709 691 765 772 0 1162 261 1081 727 653 887 716 1174 120 532 538 648 1067 246 522 613 931 749 591 693 151 571 963 821 675 688 797 226 479 51 531 935 521 778 676 411 742 1216 1215 613 805 476 620 463 372 415 1015 1215 482 846 1165 816 802 1247 664 647 844 947 573 766 576 603 1229 1109 580 349 976 531 313 643 174 1120 568 212 995 787 969 887 855 311 835 544 519 822 356 859 963 558 684 1116 442 807 570 746 593 260 765 695 622 141 926 1156 558 815 902 330 712 807 387 901
637 453 1290 1001 474 1162 0 1000 412 460 1082 423 462 518 1214 640 640 514 671 1278 654 549 964 1104 1444 490 1195 613 1135 733 711 490 374 1013 954 1114 633 907 656 432 717 798 534 170 661 623 372 727 1120 705 1198 765 160 272 754 327 834 490 436 398 535 718 611 839 1457 400 586 572 807 1040 609 1333 352 647 1341 1394 1333 387 618 953 816 1351 495 296 421 991 346 1105 1044 383 808 840 886 959 494 1021 728 376 698 464 862 1078 651 818 540 1021 868 675 611 737 436 1199 519 790 784 283
364 561 510 869 561 261 1000 0 1009 619 417 668 538 1121 376 364 361 497 1059 499 349 475 672 884 512 585 395 387 718 841 423 510 667 348 221 245 419 998 436 679 423 202 519 1025 964 395 679 273 775 308 240 242 870 1007 471 673 904 753 713 1161 576 396 597 991 510 601 440 501 969 851 391 338 887 354 570 517 381 895 485 159 1029 606 919 708 641 53 656 702 280 630 280 597 701 662 573 857 283 686 552 548 658 83 757 434 480 177 664 903 395 837 679 546 503 546 326 722
676 489 1426 664 658 1081 412 1009 0 395 1236 682 564 132 1092 669 680 544 260 1117 685 548 1220 774 1513 427 1060 671 1378 392 885 583 381 878 1053 1030 590 524 576 333 892 830 716 582 1031 737 364 775 828 707 1244 774 323 677 601 486 1172 265 296 171 433 878 861 453 1516 497 578 508 1164 1337 677 1343 134 686 1165 1492 1254 758 527 902 419 1505 132 497 657 1022 513 837 1155 569 745 1086 1161 695 441 1322 731 350 517 616 600 1093 360 1005 548 958 1134 1030 638 399 706 1002 669 1021 704 494
281 121 1034 618 336 727 460 619 395 0 850 416 212 517 763 274 285 156 514 820 290 153 882 706 1118 34 741 279 1025 403 520 219 91 556 659 676 202 606 205 61 528 435 378 564 827 358 89 380 691 313 850 380 302 608 294 228 910 173 102 542 74 507 548 559 1122 173 183 124 927 1024 288 956 268 291 881 1097 901 597 161 529 568 1115 330 271 377 628 243 663 762 283 373 748 839 522 46 1013 337 84 245 282 433 703 292 638 153 592 806 801 243 403 443 738 320 678 339 280
573 746 210 1258 613 653 1082 417 1236 850 0 664 675 1364 774 584 569 694 1355 899 569 700 328 1286 428 824 801 570 312 1176 371 654 855 763 217 652 693 1357 736 910 364 458 551 1038 768 499 872 484 1185 574 329 522 1000 979 823 784 631 1017 952 1357 840 368 495 1336 456 746 678 765 712 489 562 479 1102 564 967 340 708 826 775 568 1365 272 1180 798 660 365 758 1114 137 708 635 334 398 1059 809 502 557 885 887 638 1036 393 1075 266 697 594 373 700 611 1173 657 962 580 335 677 809
361 306 874 1028 118 887 423 668 682 416 664 0 227 815 971 374 362 321 886 1065 379 365 551 1108 1049 417 966 328 719 817 300 242 351 808 564 848 446 1021 496 447 305 478 148 378 413 275 366 411 1072 441 825 475 378 341 631 205 502 569 484 756 467 313 190 970 1066 242 387 441 512 655 315 974 557 367 1137 988 1041 233 489 678 972 930 685 185 41 644 181 1029 642 133 576 422 483 903 407 640 456 383 625 161 825 734 707 398 353 749 459 385 359 818 26 1031 177 368 576 188
178 91 872 805 127 716 462 538 564 212 675 227 0 695 783 183 180 94 721 867 195 139 672 883 995 203 772 151 820 612 321 28 184 603 511 671 224 815 271 261 328 335 166 500 638 178 201 265 845 252 741 306 340 506 405 134 703 383 303 681 248 313 336 770 1005 71 165 214 726 811 147 871 430 187 935 956 882 445 262 503 780 946 528 172 186 530 119 802 608 113 375 538 627 676 191 801 273 216 399 72 599 616 500 441 126 574 595 605 158 612 252 818 109 469 366 186
799 618 1551 671 791 1174 518 1121 132 517 1364 815 695 0 1173 791 803 670 206 1187 807 670 1353 781 1629 547 1139 796 1510 417 1016 713 511 962 1177 1123 705 499 685 455 1023 949 849 689 1156 866 494 897 854 825 1359 891 450 789 691 619 1302 368 416 165 546 1008 994 428 1631 628 698 623 1291 1470 803 1451 265 809 1230 1613 1344 881 636 1006 382 1632 205 630 789 1138 646 874 1279 702 850 1219 1294 740 562 1455 848 479 604 748 651 1205 420 1136 671 1057 1267 1157 761 424 838 1063 801 1154 807 626
613 764 808 701 853 120 1214 376 1092 763 774 971 783 1173 0 603 611 707 1049 125 595 667 1048 671 689 730 44 646 1084 796 778 757 842 213 596 133 581 887 559 809 780 503 829 1281 1315 700 847 563 537 533 488 495 1061 1288 491 908 1275 829 827 1261 695 750 943 907 667 826 631 643 1336 1227 657 443 997 606 194 750 193 1204 602 294 958 903 972 951 935 428 900 462 639 894 409 972 1077 504 724 1233 516 847 575 822 556 380 756 807 678 226 1040 1258 625 790 987 225 793 918 429 965
16 198 761 740 255 532 640 364 669 274 584 374 183 791 603 0 18 133 770 693 15 121 670 799 847 244 595 47 792 603 300 156 306 434 386 488 118 797 171 336 307 166 247 683 758 141 319 106 736 69 583 124 506 685 298 316 779 434 375 810 256 278 404 766 853 240 94 181 818 832 62 701 539 20 763 823 698 606 198 320 789 845 599 356 336 364 303 683 489 291 202 545 649 575 229 827 89 328 331 218 517 445 497 404 122 390 612 713 32 601 393 659 198 474 206 370
3 203 748 758 243 538 640 361 680 285 569 362 180 803 611 18 0 140 785 703 16 132 652 817 839 257 605 34 774 620 282 152 313 446 374 494 136 814 189 347 289 160 232 679 743 123 327 96 754 78 576 125 509 678 316 314 761 448 387 819 271 260 387 783 846 240 109 196 802 814 48 697 549 6 774 813 702 595 216 325 806 831 613 353 325 358 300 700 476 284 214 527 631 592 241 809 95 336 349 210 535 441 514 387 132 396 594 697 42 619 381 672 186 456 220 367
136 64 881 716 215 648 514 497 544 156 694 321 94 670 707 133 140 0 670 784 149 45 731 791 979 135 693 126 870 536 366 82 173 518 509 601 133 738 177 216 373 300 241 574 731 202 187 236 750 192 716 255 374 591 311 201 788 329 258 679 169 352 414 698 986 119 76 122 814 880 132 835 412 146 852 951 818 538 168 438 712 961 487 245 280 497 196 708 610 204 297 599 695 582 120 871 216 197 307 162 506 579 425 483 32 507 660 696 101 536 346 729 181 528 281 259
782 632 1526 477 836 1067 671 1059 260 514 1355 886 721 206 1049 770 785 670 0 1045 785 657 1394 585 1571 535 1011 787 1539 254 1035 732 544 845 1152 1018 665 293 631 460 1042 912 886 839 1264 872 527 872 670 787 1300 849 564 931 597 681 1387 341 418 370 514 1022 1048 224 1568 665 676 590 1388 1528 797 1372 341 790 1079 1569 1230 997 585 925 175 1613 201 704 854 1084 706 700 1254 760 779 1259 1346 577 550 1516 808 510 510 786 499 1140 305 1153 661 965 1315 1255 744 261 912 911 831 1190 733 705
704 837 930 654 947 246 1278 499 1117 820 899 1065 867 1187 125 693 703 784 1045 0 686 742 1171 605 797 789 105 738 1209 790 891 842 904 266 720 254 653 852 623 859 893 611 928 1358 1424 801 907 665 469 624 610 595 1121 1373 532 985 1392 862 872 1289 748 862 1052 882 773 903 708 706 1451 1350 750 551 1034 698 73 865 274 1299 660 400 936 1024 992 1030 1029 551 980 399 764 979 491 1092 1198 475 784 1356 609 904 607 911 545 506 767 927 753 339 1160 1369 711 783 1084 147 888 1036 502 1043
18 213 746 747 260 522 654 349 685 290 569 379 195 807 595 15 16 149 785 686 0 136 661 805 831 260 588 51 780 615 292 167 322 430 371 477 129 808 181 351 298 150 249 694 759 137 335 90 740 62 567 110 521 694 304 329 775 450 391 826 271 269 401 778 837 253 109 195 816 824 64 686 555 12 757 807 686 612 210 309 802 830 615 368 342 348 315 685 473 301 198 537 641 580 245 820 79 344 340 226 524 430 510 394 138 380 604 713 47 613 398 655 202 466 204 382
128 96 881 678 257 613 549 475 548 153 700 365 139 670 667 121 132 45 657 742 136 0 756 750 967 124 652 130 890 508 387 124 192 475 506 565 89 708 132 215 394 284 278 616 774 220 204 227 707 167 701 233 404 635 266 243 825 317 254 690 145 370 450 671 972 161 37 83 854 909 141 813 419 138 809 944 784 583 125 405 688 964 480 288 324 480 239 663 609 250 259 626 724 538 109 902 191 211 266 205 465 558 398 501 12 472 689 738 90 507 390 684 218 555 239 301
654 761 487 1407 562 931 964 672 1220 882 328 551 672 1353 1048 670 652 731 1394 1171 661 756 0 1458 742 866 1067 635 172 1265 370 662 852 987 451 917 788 1463 841 933 363 616 508 873 484 537 870 604 1378 695 651 668 929 789 961 734 313 1055 975 1306 900 391 362 1427 773 731 750 837 397 179 621 806 1089 650 1243 640 1014 626 866 794 1444 492 1199 729 568 620 707 1314 431 651 802 134 92 1229 851 185 688 886 1001 609 1182 678 1155 270 748 840 96 418 685 1264 533 1208 562 203 833 735
815 802 1394 110 1007 749 1104 884 774 706 1286 1108 883 781 671 799 817 791 585 605 805 750 1458 0 1337 696 626 841 1556 383 1096 873 792 546 1070 714 687 307 632 700 1102 847 1026 1244 1521 940 783 854 136 764 1094 791 951 1305 501 935 1573 615 681 930 643 1071 1196 366 1321 871 739 669 1604 1627 857 1098 762 817 607 1377 863 1303 624 725 422 1491 646 977 1067 931 947 209 1155 980 660 1340 1446 230 703 1624 769 770 484 953 285 942 452 1187 762 721 1408 1487 792 377 1134 459 967 1270 625 987
843 1041 265 1344 972 591 1444 512 1513 1118 428 1049 995 1629 689 847 839 979 1571 797 831 967 742 1337 0 1086 730 856 662 1349 749 968 1152 796 490 622 924 1495 946 1179 745 683 914 1428 1197 822 1166 742 1211 805 271 738 1336 1382 979 1123 1053 1262 1216 1657 1083 736 903 1494 36 1065 935 1005 1136 877 854 246 1386 833 843 113 529 1237 995 653 1535 315 1428 1148 1036 491 1101 1134 406 1060 792 762 821 1134 1072 896 781 1176 1062 980 1149 431 1268 672 969 630 799 1128 879 1344 1048 914 925 758 838 1161
253 113 1005 611 330 693 490 585 427 34 824 417 203 547 730 244 257 135 535 789 260 124 866 696 1086 0 709 253 1006 408 501 205 116 524 631 642 168 611 172 93 509 403 367 587 830 337 118 350 674 280 817 347 332 627 266 240 906 194 131 575 53 487 539 567 1089 175 151 89 926 1012 263 922 301 262 851 1066 867 608 129 495 579 1088 356 284 377 596 251 643 733 285 338 733 827 505 15 1002 304 116 225 275 418 669 296 618 127 557 793 802 214 408 444 710 308 662 306 295
606 748 843 657 848 151 1195 395 1060 741 801 966 772 1139 44 595 605 693 1011 105 588 652 1067 626 730 709 0 639 1109 757 786 747 822 185 617 150 564 844 539 784 788 506 827 1268 1320 699 826 562 493 526 523 493 1041 1279 463 894 1286 799 801 1231 671 757 947 865 710 812 617 623 1345 1246 651 485 969 599 178 789 238 1200 580 296 917 938 939 938 930 448 888 417 665 884 397 987 1093 461 703 1252 510 825 544 814 516 407 720 821 663 233 1055 1264 616 751 983 183 789 931 413 952
33 186 755 779 209 571 613 387 671 279 570 328 151 796 646 47 34 126 787 738 51 130 635 841 856 253 639 0 763 632 264 122 297 481 382 527 155 828 210 340 271 184 199 647 711 99 312 115 782 113 596 156 485 644 341 286 734 447 382 805 274 245 358 795 863 215 116 204 772 794 15 721 539 39 809 825 733 561 231 358 815 836 609 322 291 381 270 729 484 252 249 508 610 619 238 788 129 323 368 176 558 466 524 374 126 429 573 666 50 630 347 706 151 436 253 337
777 907 396 1515 719 963 1135 718 1378 1025 312 719 820 1510 1084 792 774 870 1539 1209 780 890 172 1556 662 1006 1109 763 0 1395 504 808 1004 1056 500 959 910 1589 960 1079 497 709 661 1046 640 669 1021 711 1466 805 636 767 1095 962 1069 894 447 1198 1122 1471 1035 519 528 1557 696 883 879 967 531 222 750 776 1245 771 1277 551 1019 799 991 859 1578 371 1349 892 733 664 867 1397 444 811 896 296 260 1326 991 244 794 1037 1119 762 1290 703 1287 388 883 894 269 576 811 1393 701 1264 711 357 932 899
617 521 1330 274 738 821 733 841 392 403 1176 817 612 417 796 603 620 536 254 790 615 508 1265 383 1349 408 757 632 1395 0 895 613 470 596 963 773 486 203 440 372 902 719 775 883 1225 728 457 693 439 601 1080 655 587 955 370 620 1313 260 340 554 367 877 947 162 1343 575 515 428 1329 1417 645 1138 383 623 825 1357 980 980 404 696 190 1422 262 657 779 872 639 457 1063 684 562 1134 1231 325 421 1408 618 441 292 683 244 918 111 1006 517 729 1197 1202 583 6 844 657 716 1063 516 663
285 404 579 1040 242 675 711 423 885 520 371 300 321 1016 778 300 282 366 1035 891 292 387 370 1096 749 501 786 264 504 895 0 305 505 667 271 646 418 1093 472 576 7 284 179 679 541 167 522 249 1025 333 536 321 630 633 596 416 505 694 618 994 532 28 175 1058 768 388 380 467 560 532 250 692 751 281 964 687 805 497 495 491 1076 642 846 427 291 385 389 966 342 338 455 244 349 869 486 527 331 537 631 272 817 471 786 120 380 552 312 481 314 894 298 896 216 173 479 438
149 99 849 799 133 688 490 510 583 219 654 242 28 713 757 156 152 82 732 842 167 124 662 873 968 205 747 122 808 613 305 0 202 579 485 643 204 816 254 271 313 307 162 527 650 155 219 237 831 225 713 278 367 531 390 163 706 392 314 704 247 295 334 773 978 96 145 204 732 806 118 843 449 159 911 931 854 465 250 476 785 925 541 200 201 502 148 787 584 137 350 529 621 663 192 796 246 233 389 81 588 588 501 425 112 546 587 614 131 613 266 796 102 459 342 214
309 111 1048 701 292 797 374 667 381 91 855 351 184 511 842 306 313 173 544 904 322 192 852 792 1152 116 822 297 1004 470 505 202 0 638 679 748 266 672 282 98 513 472 344 472 754 356 17 409 781 359 889 425 219 518 383 150 852 217 133 507 165 497 504 619 1159 121 228 198 863 984 301 1005 247 319 966 1123 971 514 243 593 621 1125 346 188 315 670 170 754 779 219 441 718 802 613 119 972 383 33 337 243 522 749 363 625 186 659 771 733 274 472 378 827 292 650 413 196
447 570 851 548 690 226 1013 348 878 556 763 808 603 962 213 434 446 518 845 266 430 475 987 546 796 524 185 481 1056 596 667 579 638 0 555 181 386 710 357 599 670 383 677 1091 1183 554 642 424 429 368 548 351 857 1108 278 719 1172 615 615 1047 486 638 815 720 782 637 442 440 1224 1166 494 563 783 442 333 831 385 1040 395 197 768 948 759 764 770 399 714 354 627 716 232 890 998 338 519 1168 357 641 361 651 366 397 546 725 487 176 960 1132 450 590 828 229 633 827 237 777
377 567 375 1040 482 479 954 221 1053 659 217 564 511 1177 596 386 374 509 1152 720 371 506 451 1070 490 631 617 382 500 963 271 485 679 555 0 466 487 1142 525 721 268 244 425 941 786 334 694 281 971 365 265 308 849 902 606 635 701 820 761 1186 640 252 441 1123 504 582 480 563 771 630 378 423 921 368 791 445 574 768 568 358 1153 461 986 659 548 168 612 901 102 570 417 387 486 841 616 637 346 706 672 491 818 231 865 235 506 394 451 720 416 960 566 765 435 346 459 671
496 661 706 725 731 51 1114 245 1030 676 652 848 671 1123 133 488 494 601 1018 254 477 565 917 714 622 642 150 527 959 773 646 643 748 181 466 0 482 891 470 727 647 374 703 1171 1184 574 755 437 589 418 390 373 966 1172 431 799 1142 764 751 1196 614 617 812 901 606 719 527 553 1203 1096 537 385 925 488 325 667 225 1081 517 169 948 802 918 841 814 297 789 513 515 779 307 839 944 517 634 1102 398 757 519 703 547 260 715 674 574 98 907 1127 512 767 863 314 671 785 336 856
134 184 861 623 332 531 633 419 590 202 693 446 224 705 581 118 136 133 665 653 129 89 788 687 924 168 564 155 910 486 418 204 266 386 487 482 0 678 55 261 425 247 342 705 849 255 274 209 633 122 653 186 483 724 190 332 886 339 294 743 159 397 509 649 926 250 59 82 920 950 170 754 468 138 719 910 705 669 82 328 673 948 506 377 405 432 329 585 589 337 175 663 766 467 157 944 144 277 212 284 403 502 382 523 101 393 729 808 105 484 469 595 285 591 151 391
811 724 1501 211 942 935 907 998 524 606 1357 1021 815 499 887 797 814 738 293 852 808 708 1463 307 1495 611 844 828 1589 203 1093 816 672 710 1142 891 678 0 628 574 1100 899 978 1065 1427 926 658 881 417 787 1232 835 772 1144 536 822 1517 458 541 659 569 1073 1150 71 1485 779 712 626 1533 1618 842 1272 554 817 872 1514 1079 1178 598 845 119 1594 414 858 983 1035 842 466 1239 887 729 1334 1432 382 624 1610 802 642 471 887 346 1071 315 1201 717 865 1397 1405 779 203 1048 708 918 1263 684 863
187 218 897 569 384 521 656 436 576 205 736 496 271 685 559 171 189 177 631 623 181 132 841 632 946 172 539 210 960 440 472 254 282 357 525 470 55 628 0 257 479 282 396 738 902 310 287 253 579 161 675 218 501 763 136 369 941 317 285 735 145 450 564 602 946 288 109 84 975 1004 225 766 460 191 687 939 695 716 49 328 629 986 482 415 455 456 369 533 627 382 170 717 820 413 164 998 179 287 159 334 348 519 339 575 144 387 783 862 160 438 520 556 339 645 134 428
343 172 1095 606 379 778 432 679 333 61 910 447 261 455 809 336 347 216 460 859 351 215 933 700 1179 93 784 340 1079 372 576 271 98 599 721 727 261 574 257 0 583 496 426 551 852 416 85 442 697 374 911 441 272 605 327 248 947 123 42 482 113 564 592 522 1183 210 244 180 960 1071 348 1015 207 353 918 1159 952 611 210 584 526 1176 271 285 410 689 267 675 823 314 427 799 887 531 107 1060 398 71 265 327 437 763 265 695 215 645 855 831 305 374 474 770 370 730 391 292
291 411 572 1046 249 676 717 423 892 528 364 305 328 1023 780 307 289 373 1042 893 298 394 363 1102 745 509 788 271 497 902 7 313 513 670 268 647 425 1100 479 583 0 288 186 684 540 174 530 254 1030 339 533 325 637 637 602 423 502 701 626 1001 539 32 176 1065 763 395 387 474 557 526 257 689 758 288 966 682 805 500 502 493 1083 635 854 434 297 385 396 971 338 345 460 238 343 875 494 521 336 545 638 279 823 470 793 112 387 554 306 480 321 901 303 899 223 167 484 444
164 363 615 807 366 411 798 202 830 435 458 478 335 949 503 166 160 300 912 611 150 284 616 847 683 403 506 184 709 719 284 307 472 383 244 374 247 899 282 496 288 0 331 824 813 202 485 71 761 125 417 64 669 812 366 470 790 586 534 975 405 256 441 879 687 399 252 327 844 791 188 537 703 154 684 663 563 710 326 210 909 704 752 505 447 198 453 697 344 429 187 510 619 617 389 791 104 494 429 348 583 281 622 347 287 277 580 758 198 716 491 611 306 445 224 519
232 257 757 956 62 742 534 519 716 378 551 148 166 849 829 247 232 241 886 928 249 278 508 1026 914 367 827 199 661 775 179 162 344 677 425 703 342 978 396 426 186 331 0 518 511 129 361 266 975 309 681 333 451 489 532 238 547 549 468 817 409 183 172 935 929 222 287 361 578 645 184 828 583 236 1000 860 893 378 402 535 946 822 690 247 124 495 211 926 510 158 446 374 461 810 354 635 320 377 543 101 741 585 664 295 267 605 429 467 241 775 160 904 60 306 453 258
676 521 1248 1144 466 1216 170 1025 582 564 1038 378 500 689 1281 683 679 574 839 1358 694 616 873 1244 1428 587 1268 647 1046 883 679 527 472 1091 941 1171 705 1065 738 551 684 824 518 0 513 631 476 754 1248 752 1200 804 295 108 853 373 701 630 564 563 638 692 546 999 1445 455 650 658 664 926 639 1345 512 685 1424 1366 1381 255 708 1003 980 1299 657 329 393 1007 381 1225 1021 396 871 760 788 1082 587 904 773 485 809 476 988 1097 793 771 604 1074 776 538 658 887 381 1293 522 721 855 315
744 720 958 1441 517 1215 661 964 1031 827 768 413 638 1156 1315 758 743 731 1264 1424 759 774 484 1521 1197 830 1320 711 640 1225 541 650 754 1183 786 1184 849 1427 902 852 540 813 511 513 0 629 768 760 1481 818 1042 833 707 407 1038 604 209 969 886 1056 881 568 372 1372 1224 655 792 853 152 460 696 1203 923 746 1497 1105 1345 275 900 1023 1369 975 1064 569 454 923 585 1435 820 544 955 434 392 1313 821 435 826 784 1038 569 1238 1006 1116 552 762 1089 404 68 752 1226 387 1412 564 446 964 565
125 248 694 879 165 613 623 395 737 358 499 275 178 866 700 141 123 202 872 801 137 220 537 940 822 337 699 99 669 728 167 155 356 554 334 574 255 926 310 416 174 202 129 631 629 0 373 137 877 190 575 206 515 611 439 301 638 531 459 859 365 150 265 890 834 249 213 300 680 695 84 715 603 124 873 779 765 507 330 406 909 769 688 327 245 376 278 822 430 241 326 409 510 716 322 689 197 386 467 159 657 466 619 281 213 476 474 579 149 727 289 782 108 337 339 340
323 127 1064 691 309 805 372 679 364 89 872 366 201 494 847 319 327 187 527 907 335 204 870 783 1166 118 826 312 1021 457 522 219 17 642 694 755 274 658 287 85 530 485 361 476 768 373 0 423 775 371 903 437 214 524 383 164 868 202 118 492 164 514 520 604 1173 139 240 203 878 1001 316 1017 230 333 969 1138 979 525 247 602 605 1141 329 200 331 683 185 750 795 235 449 735 819 608 123 989 395 16 333 260 516 762 350 642 199 667 788 748 287 458 393 827 309 667 419 207
100 299 656 805 297 476 727 273 775 380 484 411 265 897 563 106 96 236 872 665 90 227 604 854 742 350 562 115 711 693 249 237 409 424 281 437 209 881 253 442 254 71 266 754 760 137 423 0 777 93 480 73 601 742 359 400 751 539 481 915 359 222 390 855 749 331 199 282 800 774 118 606 646 90 738 717 631 644 290 269 882 741 705 434 379 265 382 717 384 358 206 488 595 625 335 772 84 433 409 277 580 350 591 333 228 338 557 707 137 691 426 654 237 419 231 449
752 773 1280 205 963 620 1120 775 828 691 1185 1072 845 854 537 736 754 750 670 469 740 707 1378 136 1211 674 493 782 1466 439 1025 831 781 429 971 589 633 417 579 697 1030 761 975 1248 1481 877 775 777 0 692 974 709 962 1299 443 914 1515 632 686 992 621 999 1140 465 1194 843 689 631 1553 1551 797 969 795 752 472 1256 728 1280 582 618 523 1378 696 959 1031 824 923 76 1051 949 575 1265 1373 169 679 1549 694 764 450 912 259 826 479 1107 719 605 1335 1442 735 432 1097 322 918 1197 546 970
80 256 739 712 322 463 705 308 707 313 574 441 252 825 533 69 78 192 787 624 62 167 695 764 805 280 526 113 805 601 333 225 359 368 365 418 122 787 161 374 339 125 309 752 818 190 371 93 692 0 536 67 567 755 266 383 827 460 410 855 280 308 456 763 808 305 131 202 871 863 126 646 581 74 695 789 630 674 202 250 790 826 627 424 404 315 372 635 467 361 137 576 682 536 267 860 24 378 316 288 488 391 501 425 172 321 644 770 95 599 460 595 264 506 149 438
580 779 319 1091 734 372 1198 240 1244 850 329 825 741 1359 488 583 576 716 1300 610 567 701 651 1094 271 817 523 596 636 1080 536 713 889 548 265 390 653 1232 675 911 533 417 681 1200 1042 575 903 480 974 536 0 469 1081 1165 710 873 936 991 947 1391 812 517 706 1228 272 809 667 736 1013 817 596 160 1118 569 670 284 385 1034 724 387 1267 415 1157 902 806 221 852 898 226 817 521 623 709 881 804 830 513 911 792 735 888 161 997 491 704 374 678 976 615 1076 829 702 682 596 567 915
128 320 678 747 358 415 765 242 774 380 522 475 306 891 495 124 125 255 849 595 110 233 668 791 738 347 493 156 767 655 321 278 425 351 308 373 186 835 218 441 325 64 333 804 833 206 437 73 709 67 469 0 629 799 304 440 824 525 477 922 345 293 463 815 741 364 198 267 874 841 165 580 648 118 667 724 577 709 263 204 845 768 692 478 440 248 426 647 408 408 135 556 664 561 334 840 43 444 365 331 523 324 557 397 238 274 626 781 154 652 491 580 298 489 165 492
505 310 1203 850 388 1015 160 870 323 302 1000 378 340 450 1061 506 509 374 564 1121 521 404 929 951 1336 332 1041 485 1095 587 630 367 219 857 849 966 483 772 501 272 637 669 451 295 707 515 214 601 962 567 1081 629 0 372 595 216 852 336 276 377 375 631 567 707 1346 271 441 417 841 1031 484 1207 224 516 1183 1295 1188 435 461 809 691 1272 371 204 361 867 241 945 945 292 659 798 862 800 337 1014 590 217 538 362 703 950 499 746 396 876 838 707 475 591 399 1039 420 739 632 196
676 545 1189 1209 446 1215 272 1007 677 608 979 341 506 789 1288 685 678 591 931 1373 694 635 789 1305 1382 627 1279 644 962 955 633 531 518 1108 902 1172 724 1144 763 605 637 812 489 108 407 611 524 742 1299 755 1165 799 372 0 887 394 599 697 624 669 680 650 483 1080 1401 475 667 688 558 830 634 1316 596 683 1442 1313 1374 163 739 1003 1064 1233 742 348 366 984 395 1271 975 394 882 684 702 1131 625 808 773 536 852 468 1040 1074 860 714 623 1074 693 435 663 959 336 1319 505 652 871 336
314 343 965 446 521 482 754 471 601 294 823 631 405 691 491 298 316 311 597 532 304 266 961 501 979 266 463 341 1069 370 596 390 383 278 606 431 190 536 136 327 602 366 532 853 1038 439 383 359 443 266 710 304 595 887 0 492 1075 337 340 770 219 572 698 522 974 415 246 198 1110 1128 356 775 505 315 590 987 653 848 147 328 558 1058 487 538 591 503 496 397 703 514 194 840 945 278 265 1123 275 378 88 470 221 548 291 691 279 369 908 998 293 365 656 444 475 770 148 551
311 150 987 847 176 846 327 673 486 228 784 205 134 619 908 316 314 201 681 985 329 243 734 935 1123 240 894 286 894 620 416 163 150 719 635 799 332 822 369 248 423 470 238 373 604 301 164 400 914 383 873 440 216 394 492 0 707 366 282 579 293 416 375 769 1134 81 277 294 714 853 281 1005 356 321 1052 1080 1014 368 345 634 769 1056 480 46 173 664 27 881 729 83 498 600 675 745 235 839 405 180 464 146 658 751 513 533 231 704 647 584 288 622 231 925 204 537 482 59
763 793 800 1504 576 1165 834 904 1172 910 631 502 703 1302 1275 779 761 788 1387 1392 775 825 313 1573 1053 906 1286 734 447 1313 505 706 852 1172 701 1142 886 1517 941 947 502 790 547 701 209 638 868 751 1515 827 936 824 852 599 1075 707 0 1070 985 1219 952 534 377 1469 1083 738 834 909 84 253 718 1096 1053 763 1465 953 1274 449 950 994 1473 803 1186 683 537 858 683 1461 710 633 957 315 232 1353 894 227 829 885 1091 631 1288 931 1202 470 814 1052 259 164 781 1314 475 1401 607 358 976 682
445 293 1195 514 503 816 490 753 265 173 1017 569 383 368 829 434 448 329 341 862 450 317 1055 615 1262 194 799 447 1198 260 694 392 217 615 820 764 339 458 317 123 701 586 549 630 969 531 202 539 632 460 991 525 336 697 337 366 1070 0 84 432 180 681 716 402 1263 333 340 258 1080 1194 457 1083 173 453 914 1249 989 720 267 639 403 1280 167 400 533 770 388 623 923 437 483 921 1010 477 209 1183 483 186 255 451 379 836 163 812 321 693 978 951 406 262 596 756 492 851 441 405
383 214 1136 584 420 802 436 713 296 102 952 484 303 416 827 375 387 258 418 872 391 254 975 681 1216 131 801 382 1122 340 618 314 133 615 761 751 294 541 285 42 626 534 468 564 886 459 118 481 686 410 947 477 276 624 340 282 985 84 0 450 139 607 633 486 1219 250 282 212 996 1112 390 1048 175 393 929 1197 976 639 236 613 487 1218 229 317 448 725 303 669 864 352 455 841 929 523 145 1101 434 101 269 369 427 797 237 737 255 672 897 866 345 342 511 777 412 772 417 322
815 619 1554 820 756 1247 398 1161 171 542 1357 756 681 165 1261 810 819 679 370 1289 826 690 1306 930 1657 575 1231 805 1471 554 994 704 507 1047 1186 1196 743 659 735 482 1001 975 817 563 1056 859 492 915 992 855 1391 922 377 669 770 579 1219 432 450 0 589 991 944 587 1663 610 723 661 1199 1407 808 1498 275 825 1337 1630 1421 781 686 1063 544 1628 302 578 737 1170 607 1005 1286 661 905 1174 1239 864 588 1390 879 482 686 722 770 1245 531 1112 688 1120 1215 1066 778 560 776 1174 778 1114 866 571
267 161 1015 560 375 664 535 576 433 74 840 467 248 546 695 256 271 169 514 748 271 145 900 643 1083 53 671 274 1035 367 532 247 165 486 640 614 159 569 145 113 539 405 409 638 881 365 164 359 621 280 812 345 375 680 219 293 952 180 139 589 0 515 581 528 1085 227 161 77 974 1050 285 910 315 275 808 1069 839 661 97 473 544 1100 347 338 427 591 304 591 743 337 316 768 864 452 60 1041 302 158 172 321 365 660 256 646 151 533 830 851 229 366 494 664 349 697 278 348
263 393 574 1017 245 647 718 396 878 507 368 313 313 1008 750 278 260 352 1022 862 269 370 391 1071 736 487 757 245 519 877 28 295 497 638 252 617 397 1073 450 564 32 256 183 692 568 150 514 222 999 308 517 293 631 650 572 416 534 681 607 991 515 0 200 1040 753 382 361 449 588 555 231 671 744 259 936 677 778 517 475 462 1059 640 835 430 301 359 389 939 329 340 428 268 374 844 472 552 305 529 610 270 793 446 768 131 364 524 336 509 294 875 314 867 212 198 453 441
388 427 705 1128 212 844 611 597 861 548 495 190 336 994 943 404 387 414 1048 1052 401 450 362 1196 903 539 947 358 528 947 175 334 504 815 441 812 509 1150 564 592 176 441 172 546 372 265 520 390 1140 456 706 463 567 483 698 375 377 716 633 944 581 200 0 1106 924 383 457 533 414 480 342 864 732 389 1125 830 979 334 573 651 1116 753 849 366 206 560 348 1087 499 292 590 231 300 976 526 468 461 537 715 265 911 646 836 231 439 716 272 317 405 947 175 1044 233 179 605 372
780 679 1487 263 895 947 839 991 453 559 1336 970 770 428 907 766 783 698 224 882 778 671 1427 366 1494 567 865 795 1557 162 1058 773 619 720 1123 901 649 71 602 522 1065 879 935 999 1372 890 604 855 465 763 1228 815 707 1080 522 769 1469 402 486 587 528 1040 1106 0 1486 730 678 590 1482 1578 808 1276 487 786 906 1508 1097 1119 567 841 57 1579 345 802 933 1025 789 507 1221 837 716 1297 1393 407 581 1569 778 588 450 841 354 1066 272 1169 679 867 1358 1353 746 164 997 740 876 1225 670 807
849 1049 300 1330 986 573 1457 510 1516 1122 456 1066 1005 1631 667 853 846 986 1568 773 837 972 773 1321 36 1089 710 863 696 1343 768 978 1159 782 504 606 926 1485 946 1183 763 687 929 1445 1224 834 1173 749 1194 808 272 741 1346 1401 974 1134 1083 1263 1219 1663 1085 753 924 1486 0 1075 939 1008 1166 911 863 224 1390 839 817 150 503 1258 995 646 1528 352 1429 1161 1052 493 1112 1117 425 1073 789 789 851 1121 1076 929 785 1182 1058 993 1139 428 1264 694 975 619 828 1155 885 1338 1066 893 938 783 834 1174
237 71 944 787 170 766 400 601 497 173 746 242 71 628 826 240 240 119 665 903 253 161 731 871 1065 175 812 215 883 575 388 96 121 637 582 719 250 779 288 210 395 399 222 455 655 249 139 331 843 305 809 364 271 475 415 81 738 333 250 610 227 382 383 730 1075 0 195 216 754 863 213 937 363 247 970 1028 935 436 267 555 736 1017 468 127 203 596 81 807 680 110 417 596 680 674 167 851 328 155 393 121 590 681 465 508 149 624 649 628 210 576 269 844 172 528 400 140
105 133 855 671 274 576 586 440 578 183 678 387 165 698 631 94 109 76 676 708 109 37 750 739 935 151 617 116 879 515 380 145 228 442 480 527 59 712 109 244 387 252 287 650 792 213 240 199 689 131 667 198 441 667 246 277 834 340 282 723 161 361 457 678 939 195 0 88 866 908 129 778 450 113 775 914 747 610 117 367 699 939 505 322 346 446 272 643 583 278 222 622 723 522 137 901 156 246 258 225 454 523 407 490 46 435 687 752 68 514 410 654 229 550 205 335
193 144 938 595 337 603 572 501 508 124 765 441 214 623 643 181 196 122 590 706 195 83 837 669 1005 89 623 204 967 428 467 204 198 440 563 553 82 626 84 180 474 327 361 658 853 300 203 282 631 202 736 267 417 688 198 294 909 258 212 661 77 449 533 590 1008 216 88 0 936 992 217 836 386 201 769 991 777 651 51 405 610 1024 425 340 400 514 297 592 665 318 249 708 807 462 80 985 224 204 184 284 384 585 319 579 94 468 771 818 156 426 466 635 301 636 216 352
803 813 884 1531 599 1229 807 969 1164 927 712 512 726 1291 1336 818 802 814 1388 1451 816 854 397 1604 1136 926 1345 772 531 1329 560 732 863 1224 771 1203 920 1533 975 960 557 844 578 664 152 680 878 800 1553 871 1013 874 841 558 1110 714 84 1080 996 1199 974 588 414 1482 1166 754 866 936 0 329 756 1173 1050 804 1524 1036 1343 419 980 1051 1483 887 1187 685 550 924 692 1502 787 645 1004 389 314 1388 915 304 875 894 1120 654 1319 1000 1219 538 843 1112 339 134 818 1331 485 1454 637 425 1020 683
817 903 613 1572 692 1109 1040 851 1337 1024 489 655 811 1470 1227 832 814 880 1528 1350 824 909 179 1627 877 1012 1246 794 222 1417 532 806 984 1166 630 1096 950 1618 1004 1071 526 791 645 926 460 695 1001 774 1551 863 817 841 1031 830 1128 853 253 1194 1112 1407 1050 555 480 1578 911 863 908 992 329 0 780 968 1210 814 1421 768 1188 671 1025 972 1591 593 1330 840 681 799 827 1488 603 771 976 287 185 1399 998 25 858 1018 1162 743 1349 855 1306 444 900 1019 221 407 845 1416 632 1387 703 358 1005 843
47 189 749 794 196 580 609 391 677 288 562 315 147 803 657 62 48 132 797 750 64 141 621 857 854 263 651 15 750 645 250 118 301 494 378 537 170 842 225 348 257 188 184 639 696 84 316 118 797 126 596 165 484 634 356 281 718 457 390 808 285 231 342 808 863 213 129 217 756 780 0 724 544 52 821 822 742 548 245 368 827 828 618 317 278 383 265 745 479 243 262 493 595 634 247 774 141 328 383 166 573 469 536 361 136 439 559 650 65 644 333 720 138 422 268 331
701 899 416 1110 878 349 1333 338 1343 956 479 974 871 1451 443 701 697 835 1372 551 686 813 806 1098 246 922 485 721 776 1138 692 843 1005 563 423 385 754 1272 766 1015 689 537 828 1345 1203 715 1017 606 969 646 160 580 1207 1316 775 1005 1096 1083 1048 1498 910 671 864 1276 224 937 778 836 1173 968 724 0 1223 691 600 319 288 1188 816 447 1321 500 1246 1038 953 341 986 893 386 956 600 783 867 902 910 982 622 1024 862 873 925 256 1067 651 818 409 837 1137 733 1133 980 668 823 757 644 1051
546 356 1293 656 526 976 352 887 134 268 1102 557 430 265 997 539 549 412 341 1034 555 419 1089 762 1386 301 969 539 1245 383 751 449 247 783 921 925 468 554 460 207 758 703 583 512 923 603 230 646 795 581 1118 648 224 596 505 356 1053 173 175 275 315 744 732 487 1390 363 450 386 1050 1210 544 1223 0 556 1087 1362 1150 655 411 788 468 1371 146 372 529 897 383 791 1023 439 631 954 1032 645 314 1196 605 217 427 483 547 970 315 871 417 847 1004 916 508 388 582 930 536 889 592 371
10 210 743 758 248 531 647 354 686 291 564 367 187 809 606 20 6 146 790 698 12 138 650 817 833 262 599 39 771 623 281 159 319 442 368 488 138 817 191 353 288 154 236 685 746 124 333 90 752 74 569 118 516 683 315 321 763 453 393 825 275 259 389 786 839 247 113 201 804 814 52 691 556 0 769 806 695 600 219 319 809 826 618 359 330 352 307 698 471 291 210 526 630 592 247 809 89 343 350 215 535 434 517 384 138 390 593 700 47 622 386 668 190 455 217 373
775 903 989 667 1018 313 1341 570 1165 881 967 1137 935 1230 194 763 774 852 1079 73 757 809 1243 607 843 851 178 809 1277 825 964 911 966 333 791 325 719 872 687 918 966 684 1000 1424 1497 873 969 738 472 695 670 667 1183 1442 590 1052 1465 914 929 1337 808 936 1125 906 817 970 775 769 1524 1421 821 600 1087 769 0 917 314 1370 722 474 962 1082 1038 1097 1099 622 1048 408 832 1048 561 1164 1270 503 847 1428 681 966 661 982 581 574 810 999 820 412 1233 1442 781 818 1155 168 960 1109 570 1111
816 1011 155 1375 920 643 1394 517 1492 1097 340 988 956 1613 750 823 813 951 1569 865 807 944 640 1377 113 1066 789 825 551 1357 687 931 1123 831 445 667 910 1514 939 1159 682 663 860 1366 1105 779 1138 717 1256 789 284 724 1295 1313 987 1080 953 1249 1197 1630 1069 677 830 1508 150 1028 914 991 1036 768 822 319 1362 806 917 0 607 1164 986 670 1546 202 1416 1101 978 485 1056 1179 350 1012 795 672 723 1166 1052 788 766 1148 1067 934 1171 443 1270 598 945 658 703 1036 854 1353 984 972 877 675 841 1113
704 880 693 895 928 174 1333 381 1254 901 708 1041 882 1344 193 698 702 818 1230 274 686 784 1014 863 529 867 238 733 1019 980 805 854 971 385 574 225 705 1079 695 952 805 563 893 1381 1345 765 979 631 728 630 385 577 1188 1374 653 1014 1274 989 976 1421 839 778 979 1097 503 935 747 777 1343 1188 742 288 1150 695 314 607 0 1272 742 380 1148 782 1140 1054 1010 421 1001 654 585 985 529 961 1059 697 858 1198 608 981 740 907 744 343 932 805 793 311 1024 1283 725 975 1053 409 869 918 561 1068
594 508 1035 1215 352 1120 387 895 758 597 826 233 445 881 1204 606 595 538 997 1299 612 583 626 1303 1237 608 1200 561 799 980 497 465 514 1040 768 1081 669 1178 716 611 500 710 378 255 275 507 525 644 1280 674 1034 709 435 163 848 368 449 720 639 781 661 517 334 1119 1258 436 610 651 419 671 548 1188 655 600 1370 1164 1272 0 702 912 1112 1075 799 326 270 867 357 1243 833 333 809 523 539 1111 602 649 689 540 830 389 1026 956 876 566 571 982 531 288 590 982 218 1261 411 495 806 318
213 195 941 554 383 568 618 485 527 161 775 489 262 636 602 198 216 168 585 660 210 125 866 624 995 129 580 231 991 404 495 250 243 395 568 517 82 598 49 210 502 326 402 708 900 330 247 290 582 202 724 263 461 739 147 345 950 267 236 686 97 475 573 567 995 267 117 51 980 1025 245 816 411 219 722 986 742 702 0 377 591 1029 433 391 448 504 348 541 669 368 219 739 840 413 124 1018 222 245 141 330 339 569 300 603 138 436 804 863 181 403 514 585 343 667 181 403
327 500 670 710 562 212 953 159 902 529 568 678 503 1006 294 320 325 438 925 400 309 405 794 725 653 495 296 358 859 696 491 476 593 197 358 169 328 845 328 584 493 210 535 1003 1023 406 602 269 618 250 387 204 809 1003 328 634 994 639 613 1063 473 462 651 841 646 555 367 405 1051 972 368 447 788 319 474 670 380 912 377 0 882 766 801 675 644 206 623 545 433 610 157 701 809 503 484 975 230 606 414 534 501 226 620 535 413 70 771 968 346 691 694 414 502 642 198 689
802 689 1520 320 904 995 816 1029 419 568 1365 972 780 382 958 789 806 712 175 936 802 688 1444 422 1535 579 917 815 1578 190 1076 785 621 768 1153 948 673 119 629 526 1083 909 946 980 1369 909 605 882 523 790 1267 845 691 1064 558 769 1473 403 487 544 544 1059 1116 57 1528 736 699 610 1483 1591 827 1321 468 809 962 1546 1148 1112 591 882 0 1612 322 800 936 1062 791 564 1253 840 752 1312 1406 461 593 1581 807 589 482 850 403 1106 291 1189 696 911 1372 1353 767 193 999 795 887 1241 706 803
835 1015 97 1475 884 787 1351 606 1505 1115 272 930 946 1632 903 845 831 961 1613 1024 830 964 492 1491 315 1088 938 836 371 1422 642 925 1125 948 461 802 948 1594 986 1176 635 704 822 1299 975 769 1141 741 1378 826 415 768 1272 1233 1058 1056 803 1280 1218 1628 1100 640 753 1579 352 1017 939 1024 887 593 828 500 1371 826 1082 202 782 1075 1029 766 1612 0 1444 1070 929 563 1030 1303 359 980 865 557 582 1269 1073 615 807 1154 1130 910 1260 551 1326 532 962 772 571 907 874 1418 921 1116 852 580 910 1080
609 442 1361 536 638 969 495 919 132 330 1180 685 528 205 972 599 613 487 201 992 615 480 1199 646 1428 356 939 609 1349 262 846 541 346 759 986 918 506 414 482 271 854 752 690 657 1064 688 329 705 696 627 1157 692 371 742 487 480 1186 167 229 302 347 835 849 345 1429 468 505 425 1187 1330 618 1246 146 618 1038 1416 1140 799 433 801 322 1444 0 503 653 937 505 704 1088 559 646 1064 1148 562 371 1317 650 313 399 590 468 1002 229 966 483 851 1118 1054 570 268 711 873 637 996 602 504
350 197 1004 888 185 887 296 708 497 271 798 185 172 630 951 356 353 245 704 1030 368 288 729 977 1148 284 938 322 892 657 427 200 188 764 659 841 377 858 415 285 434 505 247 329 569 327 200 434 959 424 902 478 204 348 538 46 683 400 317 578 338 430 366 802 1161 127 322 340 685 840 317 1038 372 359 1097 1101 1054 326 391 675 800 1070 503 0 160 696 52 927 750 89 542 596 665 790 280 825 445 216 509 167 703 784 551 542 276 745 639 553 329 659 209 971 224 536 527 14
324 266 870 987 82 855 421 641 657 377 660 41 186 789 935 336 325 280 854 1029 342 324 568 1067 1036 377 930 291 733 779 291 201 315 770 548 814 405 983 455 410 297 447 124 393 454 245 331 379 1031 404 806 440 361 366 591 173 537 533 448 737 427 301 206 933 1052 203 346 400 550 681 278 953 529 330 1099 978 1010 270 448 644 936 929 653 160 0 619 148 988 630 96 539 437 505 862 367 666 420 348 584 121 784 709 669 397 312 715 479 424 320 780 66 992 142 378 537 166
362 561 467 912 541 311 991 53 1022 628 365 644 530 1138 428 364 358 497 1084 551 348 480 620 931 491 596 448 381 664 872 385 502 670 399 168 297 432 1035 456 689 385 198 495 1007 923 376 683 265 824 315 221 248 867 984 503 664 858 770 725 1170 591 359 560 1025 493 596 446 514 924 799 383 341 897 352 622 485 421 867 504 206 1062 563 937 696 619 0 645 751 228 615 309 548 651 707 582 805 291 691 581 533 698 90 784 387 484 229 614 861 396 868 652 600 485 500 356 710
297 153 962 861 149 835 346 656 513 243 758 181 119 646 900 303 300 196 706 980 315 239 707 947 1101 251 888 270 867 639 389 148 170 714 612 789 329 842 369 267 396 453 211 381 585 278 185 382 923 372 852 426 241 395 496 27 683 388 303 607 304 389 348 789 1112 81 272 297 692 827 265 986 383 307 1048 1056 1001 357 348 623 791 1030 505 52 148 645 0 888 705 56 491 573 648 753 244 813 393 202 472 121 669 733 531 506 227 693 620 563 277 641 208 924 179 509 477 66
699 735 1205 259 918 544 1105 702 837 663 1114 1029 802 874 462 683 700 708 700 399 685 663 1314 209 1134 643 417 729 1397 457 966 787 754 354 901 513 585 466 533 675 971 697 926 1225 1435 822 750 717 76 635 898 647 945 1271 397 881 1461 623 669 1005 591 939 1087 507 1117 807 643 592 1502 1488 745 893 791 698 408 1179 654 1243 541 545 564 1303 704 927 988 751 888 0 979 910 512 1204 1312 146 647 1487 635 740 418 868 244 751 480 1044 676 530 1274 1393 684 450 1053 251 870 1136 486 938
480 668 272 1130 570 519 1044 280 1155 762 137 642 608 1279 639 489 476 610 1254 764 473 609 431 1155 406 733 665 484 444 1063 342 584 779 627 102 515 589 1239 627 823 338 344 510 1021 820 430 795 384 1051 467 226 408 945 975 703 729 710 923 864 1286 743 329 499 1221 425 680 583 665 787 603 479 386 1023 471 832 350 585 833 669 433 1253 359 1088 750 630 228 705 979 0 661 511 397 484 928 718 614 448 807 771 584 910 258 966 273 608 457 452 753 518 1060 641 825 527 373 555 763
282 177 914 897 96 822 383 630 569 283 708 133 113 702 894 291 284 204 760 979 301 250 651 980 1060 285 884 252 811 684 338 137 219 716 570 779 337 887 382 314 345 429 158 396 544 241 235 358 949 361 817 408 292 394 514 83 633 437 352 661 337 340 292 837 1073 110 278 318 645 771 243 956 439 291 1048 1012 985 333 368 610 840 980 559 89 96 615 56 910 661 0 488 517 592 779 276 758 380 252 499 82 698 704 574 453 237 681 564 518 268 685 160 932 135 454 479 101
215 355 771 623 458 356 808 280 745 373 635 576 375 850 409 202 214 297 779 491 198 259 802 660 792 338 397 249 896 562 455 350 441 232 417 307 175 729 170 427 460 187 446 871 955 326 449 206 575 137 521 135 659 882 194 498 957 483 455 905 316 428 590 716 789 417 222 249 1004 976 262 600 631 210 561 795 529 809 219 157 752 865 646 542 539 309 491 512 511 488 0 692 800 430 329 975 128 451 272 420 400 361 476 532 269 219 761 906 219 558 596 457 401 624 46 556
529 628 528 1285 428 859 840 597 1086 748 334 422 538 1219 972 545 527 599 1259 1092 537 626 134 1340 762 733 987 508 296 1134 244 529 718 890 387 839 663 1334 717 799 238 510 374 760 434 409 735 488 1265 576 623 556 798 684 840 600 315 921 841 1174 768 268 231 1297 789 596 622 708 389 287 493 783 954 526 1164 672 961 523 739 701 1312 557 1064 596 437 548 573 1204 397 517 692 0 108 1112 719 284 572 751 875 474 1061 618 1024 166 617 754 70 365 558 1134 405 1115 428 71 719 603
633 718 572 1389 510 963 886 701 1161 839 398 483 627 1294 1077 649 631 695 1346 1198 641 724 92 1446 821 827 1093 610 260 1231 349 621 802 998 486 944 766 1432 820 887 343 619 461 788 392 510 819 595 1373 682 709 664 862 702 945 675 232 1010 929 1239 864 374 300 1393 851 680 723 807 314 185 595 867 1032 630 1270 723 1059 539 840 809 1406 582 1148 665 505 651 648 1312 484 592 800 108 0 1219 812 178 679 835 978 560 1166 717 1120 273 715 861 38 326 660 1231 462 1223 518 176 827 670
591 603 1173 209 796 558 959 662 695 522 1059 903 676 740 504 575 592 582 577 475 580 538 1229 230 1134 505 461 619 1326 325 869 663 613 338 841 517 467 382 413 531 875 617 810 1082 1313 716 608 625 169 536 881 561 800 1131 278 745 1353 477 523 864 452 844 976 407 1121 674 522 462 1388 1399 634 902 645 592 503 1166 697 1111 413 503 461 1269 562 790 862 707 753 146 928 779 430 1112 1219 0 510 1396 540 597 281 744 98 725 335 958 551 507 1181 1275 571 318 928 335 752 1042 395 800
238 101 990 620 318 684 494 573 441 46 809 407 191 562 724 229 241 120 550 784 245 109 851 703 1072 15 703 238 991 421 486 192 119 519 616 634 157 624 164 107 494 389 354 587 821 322 123 335 679 267 804 334 337 625 265 235 894 209 145 588 60 472 526 581 1076 167 137 80 915 998 247 910 314 247 847 1052 858 602 124 484 593 1073 371 280 367 582 244 647 718 276 329 719 812 510 0 988 291 123 229 263 424 656 309 603 111 548 779 791 199 421 434 708 295 648 297 291
811 892 632 1567 680 1116 1021 857 1322 1013 502 640 801 1455 1233 827 809 871 1516 1356 820 902 185 1624 896 1002 1252 788 244 1408 527 796 972 1168 637 1102 944 1610 998 1060 521 791 635 904 435 689 989 772 1549 860 830 840 1014 808 1123 839 227 1183 1101 1390 1041 552 468 1569 929 851 901 985 304 25 774 982 1196 809 1428 788 1198 649 1018 975 1581 615 1317 825 666 805 813 1487 614 758 975 284 178 1396 988 0 856 1005 1157 732 1344 863 1297 444 892 1023 215 383 839 1408 616 1390 693 353 1003 828
97 280 719 721 337 442 728 283 731 337 557 456 273 848 516 89 95 216 808 609 79 191 688 769 781 304 510 129 794 618 331 246 383 357 346 398 144 802 179 398 336 104 320 773 826 197 395 84 694 24 513 43 590 773 275 405 829 483 434 879 302 305 461 778 785 328 156 224 875 858 141 622 605 89 681 766 608 689 222 230 807 807 650 445 420 291 393 635 448 380 128 572 679 540 291 856 0 402 330 305 496 367 519 417 196 301 641 777 117 615 474 585 278 503 148 460
333 139 1076 677 325 807 376 686 350 84 885 383 216 479 847 328 336 197 510 904 344 211 886 770 1176 116 825 323 1037 441 537 233 33 641 706 757 277 642 287 71 545 494 377 485 784 386 16 433 764 378 911 444 217 536 378 180 885 186 101 482 158 529 537 588 1182 155 246 204 894 1018 328 1024 217 343 966 1148 981 540 245 606 589 1154 313 216 348 691 202 740 807 252 451 751 835 597 123 1005 402 0 325 276 505 769 335 657 207 670 805 764 296 443 410 823 325 683 420 222
346 322 1038 413 522 570 698 552 517 245 887 625 399 604 575 331 349 307 510 607 340 266 1001 484 1062 225 544 368 1119 292 631 389 337 361 672 519 212 471 159 265 638 429 543 809 1038 467 333 409 450 316 792 365 538 852 88 464 1091 255 269 686 172 610 715 450 1058 393 258 184 1120 1162 383 862 427 350 661 1067 740 830 141 414 482 1130 399 509 584 581 472 418 771 499 272 875 978 281 229 1157 330 325 0 469 199 631 205 734 277 457 941 1003 317 288 651 507 484 804 225 520
208 162 841 877 54 746 464 548 616 282 638 161 72 748 822 218 210 162 786 911 226 205 609 953 980 275 814 176 762 683 272 81 243 651 491 703 284 887 334 327 279 348 101 476 569 159 260 277 912 288 735 331 362 468 470 146 631 451 369 722 321 270 265 841 993 121 225 284 654 743 166 873 483 215 982 934 907 389 330 534 850 910 590 167 121 533 121 868 584 82 420 474 560 744 263 732 305 276 469 0 669 622 572 391 193 605 529 534 200 684 185 872 57 407 417 180
533 521 1165 225 722 593 862 658 600 433 1036 825 599 651 556 517 535 506 499 545 524 465 1182 285 1149 418 516 558 1290 244 817 588 522 366 818 547 403 346 348 437 823 583 741 988 1238 657 516 580 259 488 888 523 703 1040 221 658 1288 379 427 770 365 793 911 354 1139 590 454 384 1319 1349 573 925 547 535 581 1171 744 1026 339 501 403 1260 468 703 784 698 669 244 910 698 400 1061 1166 98 424 1344 496 505 199 669 0 727 239 913 477 519 1129 1203 509 238 851 414 682 991 360 713
445 643 454 933 631 260 1078 83 1093 703 393 734 616 1205 380 445 441 579 1140 506 430 558 678 942 431 669 407 466 703 918 471 588 749 397 231 260 502 1071 519 763 470 281 585 1097 1006 466 762 350 826 391 161 324 950 1074 548 751 931 836 797 1245 660 446 646 1066 428 681 523 585 1000 855 469 256 970 434 574 443 343 956 569 226 1106 551 1002 784 709 90 733 751 258 704 361 618 717 725 656 863 367 769 631 622 727 0 837 462 562 221 682 943 477 914 742 574 574 575 406 798
511 409 1236 351 627 765 651 757 360 292 1075 707 500 420 756 497 514 425 305 767 510 398 1155 452 1268 296 720 524 1287 111 786 501 363 546 865 715 382 315 339 265 793 622 664 793 1116 619 350 591 479 501 997 557 499 860 291 513 1202 163 237 531 256 768 836 272 1264 465 407 319 1219 1306 536 1067 315 517 810 1270 932 876 300 620 291 1326 229 551 669 784 531 480 966 574 476 1024 1120 335 309 1297 519 335 205 572 239 837 0 898 406 660 1086 1093 475 111 734 645 604 953 430 557
390 523 477 1137 357 695 818 434 1005 638 266 398 441 1136 807 404 387 483 1153 927 394 501 270 1187 672 618 821 374 388 1006 120 425 625 725 235 674 523 1201 575 695 112 347 295 771 552 281 642 333 1107 425 491 397 746 714 691 533 470 812 737 1112 646 131 231 1169 694 508 490 579 538 444 361 651 871 384 999 598 805 566 603 535 1189 532 966 542 397 387 506 1044 273 453 532 166 273 958 603 444 417 657 734 391 913 462 898 0 495 588 235 486 423 1005 391 949 335 112 562 551
128 87 880 689 245 622 540 480 548 153 697 353 126 671 678 122 132 32 661 753 138 12 748 762 969 127 663 126 883 517 380 112 186 487 506 574 101 717 144 215 387 287 267 604 762 213 199 228 719 172 704 238 396 623 279 231 814 321 255 688 151 364 439 679 975 149 46 94 843 900 136 818 417 138 820 945 793 571 138 413 696 962 483 276 312 484 227 676 608 237 269 617 715 551 111 892 196 207 277 193 477 562 406 495 0 481 680 725 90 516 377 697 207 546 251 290
398 568 675 717 632 141 1021 177 958 592 594 749 574 1057 226 390 396 507 965 339 380 472 840 721 630 557 233 429 894 729 552 546 659 176 394 98 393 865 387 645 554 277 605 1074 1089 476 667 338 605 321 374 274 876 1074 369 704 1052 693 672 1120 533 524 716 867 619 624 435 468 1112 1019 439 409 847 390 412 658 311 982 436 70 911 772 851 745 715 229 693 530 457 681 219 754 861 507 548 1023 301 670 457 605 519 221 660 588 481 0 823 1032 416 724 764 370 572 697 254 759
596 685 554 1352 479 926 868 664 1134 806 373 459 595 1267 1040 612 594 660 1315 1160 604 689 96 1408 799 793 1055 573 269 1197 312 587 771 960 451 907 729 1397 783 855 306 580 429 776 404 474 788 557 1335 644 678 626 838 693 908 647 259 978 897 1215 830 336 272 1358 828 649 687 771 339 221 559 837 1004 593 1233 703 1024 531 804 771 1372 571 1118 639 479 614 620 1274 452 564 761 70 38 1181 779 215 641 805 941 529 1129 682 1086 235 680 823 0 336 624 1196 439 1185 485 138 789 645
698 689 890 1410 480 1156 675 903 1030 801 700 385 605 1157 1258 713 697 696 1255 1369 713 738 418 1487 1128 802 1264 666 576 1202 481 614 733 1132 720 1127 808 1405 862 831 480 758 467 538 68 579 748 707 1442 770 976 781 707 435 998 584 164 951 866 1066 851 509 317 1353 1155 628 752 818 134 407 650 1137 916 700 1442 1036 1283 288 863 968 1353 907 1054 553 424 861 563 1393 753 518 906 365 326 1275 791 383 777 764 1003 534 1203 943 1093 486 725 1032 336 0 709 1203 358 1361 523 379 917 551
38 166 791 729 242 558 611 395 638 243 611 359 158 761 625 32 42 101 744 711 47 90 685 792 879 214 616 50 811 583 314 131 274 450 416 512 105 779 160 305 321 198 241 658 752 149 287 137 735 95 615 154 475 663 293 288 781 406 345 778 229 294 405 746 885 210 68 156 818 845 65 733 508 47 781 854 725 590 181 346 767 874 570 329 320 396 277 684 518 268 219 558 660 571 199 839 117 296 317 200 509 477 475 423 90 416 624 709 0 581 381 671 188 487 216 343
616 521 1327 269 738 815 737 837 399 403 1173 818 612 424 790 601 619 536 261 783 613 507 1264 377 1344 408 751 630 1393 6 894 613 472 590 960 767 484 203 438 374 901 716 775 887 1226 727 458 691 432 599 1076 652 591 959 365 622 1314 262 342 560 366 875 947 164 1338 576 514 426 1331 1416 644 1133 388 622 818 1353 975 982 403 691 193 1418 268 659 780 868 641 450 1060 685 558 1134 1231 318 421 1408 615 443 288 684 238 914 111 1005 516 724 1196 1203 581 0 845 650 715 1062 512 665
380 332 868 1054 138 902 436 679 706 443 657 26 252 838 987 393 381 346 912 1084 398 390 533 1134 1048 444 983 347 701 844 298 266 378 828 566 863 469 1048 520 474 303 491 160 381 387 289 393 426 1097 460 829 491 399 336 656 231 475 596 511 776 494 314 175 997 1066 269 410 466 485 632 333 980 582 386 1155 984 1053 218 514 694 999 921 711 209 66 652 208 1053 641 160 596 405 462 928 434 616 474 410 651 185 851 742 734 391 377 764 439 358 381 845 0 1052 195 354 597 211
672 774 1020 507 913 330 1199 546 1002 738 962 1031 818 1063 225 659 672 729 911 147 655 684 1208 459 914 710 183 706 1264 657 896 796 827 229 765 314 595 708 556 770 899 611 904 1293 1412 782 827 654 322 595 702 580 1039 1319 444 925 1401 756 777 1174 664 867 1044 740 893 844 654 635 1454 1387 720 668 930 668 168 972 409 1261 585 414 795 1116 873 971 992 600 924 251 825 932 457 1115 1223 335 708 1390 585 823 507 872 414 574 645 949 697 370 1185 1361 671 650 1052 0 857 1054 455 984
185 199 783 896 59 712 519 503 669 320 580 177 109 801 793 198 186 181 831 888 202 218 562 967 925 308 789 151 711 716 216 102 292 633 435 671 285 918 339 370 223 306 60 522 564 108 309 237 918 264 682 298 420 505 475 204 607 492 412 778 349 212 233 876 938 172 229 301 637 703 138 823 536 190 960 877 869 411 343 502 887 852 637 224 142 485 179 870 527 135 401 428 518 752 295 693 278 325 484 57 682 574 604 335 207 572 485 523 188 715 195 857 0 359 403 236
458 558 540 1214 362 807 790 546 1021 678 335 368 469 1154 918 474 456 528 1190 1036 466 555 203 1270 758 662 931 436 357 1063 173 459 650 827 346 785 591 1263 645 730 167 445 306 721 446 337 667 419 1197 506 596 489 739 652 770 537 358 851 772 1114 697 198 179 1225 783 528 550 636 425 358 422 757 889 455 1109 675 918 495 667 642 1241 580 996 536 378 500 509 1136 373 454 624 71 176 1042 648 353 503 683 804 407 991 575 953 112 546 697 138 379 487 1062 354 1054 359 0 651 543
220 335 817 583 458 387 784 326 704 339 677 576 366 807 429 206 220 281 733 502 204 239 833 625 838 306 413 253 932 516 479 342 413 237 459 336 151 684 134 391 484 224 453 855 964 339 419 231 546 149 567 165 632 871 148 482 976 441 417 866 278 453 605 670 834 400 205 216 1020 1005 268 644 592 217 570 841 561 806 181 198 706 910 602 527 537 356 477 486 555 479 46 719 827 395 297 1003 148 420 225 417 360 406 430 562 251 254 789 917 216 512 597 455 403 651 0 541
364 209 1015 897 196 901 283 722 494 280 809 188 186 626 965 370 367 259 705 1043 382 301 735 987 1161 295 952 337 899 663 438 214 196 777 671 856 391 863 428 292 444 519 258 315 565 340 207 449 970 438 915 492 196 336 551 59 682 405 322 571 348 441 372 807 1174 140 335 352 683 843 331 1051 371 373 1111 1113 1068 318 403 689 803 1080 504 14 166 710 66 938 763 101 556 603 670 800 291 828 460 222 520 180 713 798 557 551 290 759 645 551 343 665 211 984 236 543 541 0
