0 476 710 144 651 161 21 548 313 525 154 589 422 69 789 129 490 767 57 436 408 717 147 538 604 112 27 349 494 630 107 652 785 592 770 645 715 160 335 20 456 477 198 617 91 720 485 169 565 384 516 608 572 429 383 3 301 844 592 348 636 858 3 48 861 278 617 206 132 62 293 512 653 743 683 486 519 581
476 0 764 586 943 633 456 641 205 323 478 862 385 524 837 553 475 1242 533 536 488 698 609 988 174 516 449 458 718 459 431 251 820 516 1116 1055 691 629 274 484 684 815 304 611 542 520 936 326 976 530 989 211 1004 904 737 475 657 420 194 635 751 1189 473 427 703 245 178 269 431 419 486 772 882 723 699 961 657 1049
710 764 0 643 415 722 698 162 610 1045 556 358 1025 672 80 835 290 1120 734 278 318 1363 815 784 709 823 697 375 284 365 609 672 1458 262 605 1285 122 806 890 694 304 461 773 156 791 1261 1084 626 1213 1066 1023 975 1190 865 1085 707 1008 1156 664 1059 1328 1543 709 698 1438 808 932 694 816 676 979 331 1364 1391 1343 972 198 903
144 586 643 0 520 82 153 485 398 669 133 465 566 75 718 217 475 665 121 392 378 852 176 405 692 223 158 327 393 642 156 727 912 579 628 650 672 163 478 125 358 342 337 579 174 865 462 259 575 515 449 739 562 328 449 142 380 975 671 448 754 899 146 180 1004 415 741 324 274 177 426 396 744 877 815 408 446 463
651 943 415 520 0 568 651 377 742 1137 525 81 1062 586 440 737 535 751 641 428 470 1368 683 432 962 744 654 486 231 699 593 954 1432 586 198 1046 527 661 950 631 260 180 807 497 695 1348 839 671 988 1034 734 1143 944 576 943 649 888 1363 923 964 1274 1336 652 669 1504 872 1121 755 784 655 944 170 1248 1395 1333 682 330 553
161 633 722 82 568 0 178 565 456 677 210 520 561 110 796 178 557 609 111 474 460 823 115 381 751 196 185 408 464 721 216 792 873 661 654 568 754 94 490 149 431 388 359 661 143 862 380 312 493 485 375 769 480 270 381 161 320 1005 734 397 710 821 164 207 990 438 778 364 268 214 400 460 682 848 783 338 524 419
21 456 698 153 651 178 0 535 292 515 144 587 416 78 777 147 473 786 78 423 393 718 168 552 584 126 7 334 488 611 91 631 789 574 775 665 700 181 324 29 450 479 185 602 110 713 506 148 586 388 537 592 592 448 400 19 317 828 571 360 642 876 18 29 857 263 600 187 132 41 297 508 665 744 685 506 509 598
548 641 162 485 377 565 535 0 468 902 394 301 872 511 242 673 174 1008 572 120 164 1209 655 674 617 660 534 217 173 321 446 595 1300 208 575 1132 198 647 740 531 175 358 617 128 629 1119 934 468 1058 906 884 852 1039 729 924 545 846 1050 574 896 1167 1384 547 536 1293 656 816 540 655 514 818 237 1201 1236 1186 834 56 787
313 205 610 398 742 456 292 468 0 435 279 663 426 346 688 420 323 1063 370 354 305 766 458 792 294 387 285 265 521 383 242 339 872 395 912 944 561 473 289 315 486 610 213 469 395 651 797 144 864 512 827 401 878 725 647 311 562 622 279 568 766 1122 310 266 827 212 380 134 321 251 439 572 855 793 753 793 474 861
525 323 1045 669 1137 677 515 902 435 0 615 1063 149 593 1123 526 756 1241 566 785 738 379 600 1059 481 494 510 692 934 775 548 561 507 817 1281 917 989 628 191 543 896 979 335 901 541 217 859 466 848 325 957 209 896 922 598 527 540 385 511 477 469 977 523 490 393 265 269 382 410 497 340 975 636 403 389 945 903 1085
154 478 556 133 525 210 144 394 279 615 0 456 537 122 635 279 353 794 181 285 262 854 270 513 567 266 144 206 347 512 67 598 930 456 667 768 567 268 425 137 308 364 281 470 235 823 588 158 690 529 583 651 684 460 531 151 452 883 544 503 786 1000 153 151 978 350 644 238 273 133 439 372 807 880 823 542 365 585
589 862 358 465 81 520 587 301 663 1063 456 0 993 527 395 683 454 775 584 347 388 1305 634 445 880 687 590 405 149 621 524 872 1374 509 276 1027 463 614 878 569 178 143 736 425 639 1276 819 597 965 973 726 1064 926 566 901 586 840 1282 841 913 1219 1311 590 603 1434 798 1040 680 720 587 883 90 1203 1332 1272 673 251 567
422 385 1025 566 1062 561 416 872 426 149 537 993 0 491 1105 397 745 1102 453 752 707 340 472 939 558 368 412 655 876 800 469 636 448 821 1192 768 986 501 136 442 837 895 260 892 419 300 712 408 698 177 815 341 746 791 448 424 392 535 579 328 365 840 420 395 441 217 391 331 294 408 194 909 509 367 328 806 864 955
69 524 672 75 586 110 78 511 346 593 122 527 491 0 750 164 474 719 62 406 384 782 148 475 641 161 84 328 441 628 108 682 846 578 701 647 688 147 402 50 403 411 263 592 119 789 472 202 569 447 483 669 566 380 412 67 336 904 624 395 693 878 71 106 930 341 674 257 200 107 357 453 697 808 747 447 477 525
789 837 80 718 440 796 777 242 688 1123 635 395 1105 750 0 913 367 1168 812 359 399 1444 891 834 774 902 776 456 346 421 688 732 1539 327 619 1355 163 881 970 772 371 513 854 226 869 1338 1153 707 1284 1147 1086 1048 1259 927 1162 786 1086 1224 729 1138 1408 1617 788 778 1516 888 1003 775 896 756 1059 384 1443 1471 1424 1034 272 955
129 553 835 217 737 178 147 673 420 526 279 683 397 164 913 0 620 719 102 564 537 645 75 544 699 36 151 479 605 757 237 755 697 721 832 525 844 104 351 143 568 558 249 747 44 696 383 284 444 307 444 649 459 396 254 132 173 880 693 231 537 728 131 161 816 321 670 294 126 183 224 613 532 670 605 425 641 559
490 475 290 475 535 557 473 174 323 756 353 454 745 474 367 620 0 1082 530 117 101 1086 622 759 442 599 470 148 308 184 382 423 1187 103 730 1121 242 622 609 478 290 473 505 146 580 971 937 366 1043 807 915 687 1036 772 874 487 790 877 399 825 1068 1348 488 464 1149 528 647 422 571 442 723 375 1128 1113 1069 868 207 861
767 1242 1120 665 751 609 786 1008 1063 1241 794 775 1102 719 1168 719 1082 0 711 970 981 1259 649 335 1357 754 793 948 841 1265 821 1392 1250 1176 655 543 1203 623 1070 758 832 658 957 1133 714 1389 428 921 543 963 291 1366 469 338 706 767 725 1599 1337 812 1082 824 770 815 1473 1034 1382 973 844 823 910 789 942 1276 1206 296 952 221
57 533 734 121 641 111 78 572 370 566 181 584 453 62 812 102 530 711 0 466 442 731 94 492 662 102 85 385 502 678 151 709 791 633 747 596 748 103 379 56 465 463 249 651 57 754 430 226 517 393 458 660 519 374 351 59 274 895 649 333 635 820 60 106 887 328 671 263 159 119 305 512 635 756 694 428 540 528
436 536 278 392 428 474 423 120 354 785 285 347 752 406 359 564 117 970 466 0 48 1089 553 644 534 549 421 97 198 301 332 525 1180 205 620 1042 282 548 620 421 175 355 497 187 521 1003 851 348 967 788 816 746 953 669 817 433 737 952 494 783 1049 1285 435 421 1175 537 714 420 538 399 700 263 1088 1116 1066 768 120 749
408 488 318 378 470 460 393 164 305 738 262 388 707 384 399 537 101 981 442 48 0 1045 532 660 491 519 390 58 239 284 301 486 1139 202 659 1027 307 529 575 394 213 385 455 209 495 955 840 307 950 749 814 697 940 671 791 405 709 904 452 751 1010 1262 406 388 1128 492 666 376 502 366 662 302 1056 1072 1024 767 169 760
717 698 1363 852 1368 823 718 1209 766 379 854 1305 340 782 1444 645 1086 1259 731 1089 1045 0 714 1174 861 630 715 991 1200 1136 787 941 132 1161 1477 800 1327 742 476 737 1161 1193 591 1232 682 274 832 741 754 338 969 574 822 998 552 719 548 667 890 457 199 742 716 703 233 557 639 669 585 720 426 1225 397 27 55 978 1197 1159
147 609 815 176 683 115 168 655 458 600 270 634 472 148 891 75 622 649 94 553 532 714 0 470 747 106 174 476 569 772 246 797 759 725 767 502 835 29 422 150 534 503 311 740 67 771 338 316 423 376 381 717 425 322 272 149 205 950 737 281 595 731 149 192 889 386 735 343 195 209 297 570 569 738 671 357 618 484
538 988 784 405 432 381 552 674 792 1059 513 445 939 475 834 544 759 335 492 644 660 1174 470 0 1078 571 559 634 506 943 557 1102 1201 849 392 653 867 440 872 523 498 323 737 800 520 1240 457 661 610 842 323 1144 552 193 652 537 629 1379 1052 720 1030 953 541 581 1359 816 1146 729 650 582 766 453 946 1196 1127 276 618 121
604 174 709 692 962 751 584 617 294 481 567 880 558 641 774 699 442 1357 662 534 491 861 747 1078 0 664 577 481 731 360 536 79 987 447 1149 1214 616 764 448 608 703 860 460 553 681 658 1082 439 1135 704 1121 317 1157 1019 902 603 819 450 45 804 924 1361 601 556 841 411 255 405 585 543 657 793 1056 885 867 1088 646 1153
112 516 823 223 744 196 126 660 387 494 266 687 368 161 902 36 599 754 102 549 519 630 106 571 664 0 129 461 601 731 218 720 688 699 846 557 827 134 316 129 564 566 213 729 52 669 419 255 476 292 481 613 493 428 275 115 191 844 658 236 532 752 113 135 794 285 634 259 90 158 205 614 541 655 592 461 631 591
27 449 697 158 654 185 7 534 285 510 144 590 412 84 776 151 470 793 85 421 390 715 174 559 577 129 0 331 489 606 88 624 788 570 779 671 698 187 319 36 451 483 179 600 116 708 513 142 591 387 544 586 598 455 404 26 320 821 564 362 642 880 24 22 853 257 593 180 130 34 296 510 667 742 683 513 508 604
349 458 375 327 486 408 334 217 265 692 206 405 655 328 456 479 148 948 385 97 58 991 476 634 481 461 331 0 259 320 243 486 1083 252 668 973 366 474 524 336 226 380 399 268 437 909 789 251 896 691 769 664 888 630 733 346 651 878 446 692 953 1205 348 329 1080 440 637 323 444 307 604 315 997 1018 969 724 211 729
494 718 284 393 231 464 488 173 521 934 347 149 876 441 346 605 308 841 502 198 239 1200 569 506 731 601 489 259 0 481 412 724 1277 372 422 1012 361 555 754 475 39 186 616 302 560 1150 809 471 943 876 740 922 915 581 842 492 773 1137 692 836 1130 1281 495 499 1314 673 896 553 620 480 785 67 1136 1227 1170 688 117 622
630 459 365 642 699 721 611 321 383 775 512 621 800 628 421 757 184 1265 678 301 284 1136 772 943 360 731 606 320 481 0 526 311 1248 113 897 1274 259 776 665 622 469 654 593 217 722 979 1099 479 1195 895 1088 658 1194 951 1005 628 920 811 315 940 1148 1483 628 596 1162 593 605 510 685 574 820 548 1234 1162 1128 1044 369 1044
107 431 609 156 593 216 91 446 242 548 67 524 469 108 688 237 382 821 151 332 301 787 246 557 536 218 88 243 412 526 0 575 866 484 733 748 609 252 358 96 373 430 214 511 197 756 579 104 668 466 591 593 670 482 491 104 408 828 518 450 724 966 105 90 910 284 591 177 210 69 376 440 756 814 758 555 422 619
652 251 672 727 954 792 631 595 339 561 598 872 636 682 732 755 423 1392 709 525 486 941 797 1102 79 720 624 486 724 311 575 0 1066 410 1145 1275 570 812 523 654 699 866 522 517 733 736 1135 483 1195 778 1165 393 1214 1056 967 651 883 506 62 872 1002 1430 649 605 918 480 330 461 645 590 728 788 1131 965 946 1130 630 1183
785 820 1458 912 1432 873 789 1300 872 507 930 1374 448 846 1539 697 1187 1250 791 1180 1139 132 759 1201 987 688 788 1083 1277 1248 866 1066 0 1267 1526 757 1429 785 584 805 1238 1254 684 1333 737 403 822 832 723 401 967 705 795 1017 556 788 572 797 1014 483 171 655 785 778 324 660 770 765 657 797 492 1297 333 115 121 983 1285 1173
592 516 262 579 586 661 574 208 395 817 456 509 821 578 327 721 103 1176 633 205 202 1161 725 849 447 699 570 252 372 113 484 410 1267 0 784 1225 174 725 685 581 363 550 592 107 682 1028 1041 459 1147 895 1017 724 1140 872 974 589 890 896 402 922 1155 1450 590 564 1209 606 677 508 667 541 815 439 1223 1188 1148 970 258 955
770 1116 605 628 198 654 775 575 912 1281 667 276 1192 701 619 832 730 655 747 620 659 1477 767 392 1149 846 779 668 422 897 733 1145 1526 784 0 1044 721 741 1091 750 446 304 946 695 794 1487 844 823 998 1138 715 1309 943 575 1003 768 961 1534 1111 1046 1361 1343 772 797 1631 1017 1292 905 901 787 1051 357 1307 1502 1437 667 527 496
645 1055 1285 650 1046 568 665 1132 944 917 768 1027 768 647 1355 525 1121 543 596 1042 1027 800 502 653 1214 557 671 973 1012 1274 748 1275 757 1225 1044 0 1322 499 803 652 984 883 754 1230 555 998 207 809 80 593 331 1098 102 473 323 648 398 1303 1212 441 604 300 648 685 1031 810 1137 815 629 705 589 991 427 811 744 377 1088 565
715 691 122 672 527 754 700 198 561 989 567 463 986 688 163 844 242 1203 748 282 307 1327 835 867 616 827 698 366 361 259 609 570 1429 174 721 1322 0 830 850 701 371 547 746 98 802 1202 1128 605 1247 1048 1082 899 1232 927 1098 712 1017 1066 570 1058 1309 1567 714 695 1382 769 851 664 807 673 963 419 1363 1354 1311 1032 251 983
160 629 806 163 661 94 181 647 473 628 268 614 501 147 881 104 622 623 103 548 529 742 29 440 764 134 187 474 555 776 252 812 785 725 741 499 830 0 449 159 520 481 334 735 90 800 327 329 421 405 359 743 418 294 288 161 226 976 752 305 620 737 163 207 918 411 759 361 222 222 326 553 588 766 699 333 608 456
335 274 890 478 950 490 324 740 289 191 425 878 136 402 970 351 609 1070 379 620 575 476 422 872 448 316 319 524 754 665 358 523 584 685 1091 803 850 449 0 352 716 789 144 756 360 398 712 283 727 255 793 303 764 743 480 336 406 529 463 369 488 917 333 298 559 83 334 202 227 305 218 791 608 503 464 776 734 903
20 484 694 125 631 149 29 531 315 543 137 569 442 50 772 143 478 758 56 421 394 737 150 523 608 129 36 336 475 622 96 654 805 581 750 652 701 159 352 0 437 457 214 604 101 739 487 171 572 405 512 622 576 419 397 18 316 857 595 366 655 870 21 58 881 293 629 215 153 66 314 492 670 763 703 480 502 568
456 684 304 358 260 431 450 175 486 896 308 178 837 403 371 568 290 832 465 175 213 1161 534 498 703 564 451 226 39 469 373 699 1238 363 446 984 371 520 716 437 0 187 577 302 523 1111 782 432 914 837 719 887 888 561 807 453 736 1104 665 799 1092 1250 456 460 1275 634 862 514 581 441 746 89 1100 1187 1131 667 119 612
477 815 461 342 180 388 479 358 610 979 364 143 895 411 513 558 473 658 463 355 385 1193 503 323 860 566 483 380 186 654 430 866 1254 550 304 883 547 481 789 457 187 0 644 487 516 1186 676 518 821 857 586 1005 783 425 764 475 708 1232 826 784 1095 1168 479 499 1336 714 989 601 610 487 767 130 1068 1219 1157 533 302 442
198 304 773 337 807 359 185 617 213 335 281 736 260 263 854 249 505 957 249 497 455 591 311 737 460 213 179 399 616 593 214 522 684 592 946 754 746 334 144 214 577 644 0 649 244 542 631 149 675 303 691 411 700 622 444 199 360 646 460 356 563 913 196 157 698 79 425 84 127 161 226 650 641 619 569 668 606 778
617 611 156 579 497 661 602 128 469 901 470 425 892 592 226 747 146 1133 651 187 209 1232 740 800 553 729 600 268 302 217 511 517 1333 107 695 1230 98 735 756 604 302 487 649 0 705 1115 1038 507 1154 950 998 822 1140 846 1001 615 919 1000 508 960 1211 1471 616 597 1294 675 777 567 709 574 865 365 1264 1259 1216 949 185 912
91 542 791 174 695 143 110 629 395 541 235 639 419 119 869 44 580 714 57 521 495 682 67 520 681 52 116 437 560 722 197 733 737 682 794 555 802 90 360 101 523 516 244 705 0 720 401 255 475 343 448 652 483 383 296 94 217 885 672 276 580 768 93 130 846 320 669 276 132 150 257 569 577 707 643 423 597 544
720 520 1261 865 1348 862 713 1119 651 217 823 1276 300 789 1338 696 971 1389 754 1003 955 274 771 1240 658 669 708 909 1150 979 756 736 403 1028 1487 998 1202 800 398 739 1111 1186 542 1115 720 0 981 679 938 427 1098 345 997 1088 701 722 665 394 695 584 443 992 718 690 183 477 410 596 594 699 481 1189 640 287 313 1095 1121 1252
485 936 1084 462 839 380 506 934 797 859 588 819 712 472 1153 383 937 428 430 851 840 832 338 457 1082 419 513 789 809 1099 579 1135 822 1041 844 207 1128 327 712 487 782 676 631 1038 401 981 0 655 153 554 151 1015 107 269 283 487 320 1236 1074 397 653 500 488 530 1051 699 1044 677 505 548 518 785 521 849 779 185 888 383
169 326 626 259 671 312 148 468 144 466 158 597 408 202 707 284 366 921 226 348 307 741 316 661 439 255 142 251 471 479 104 483 832 459 823 809 605 329 283 171 432 518 149 507 255 679 655 0 729 442 682 492 739 582 526 168 440 725 424 463 704 1004 166 125 842 201 487 83 207 107 357 509 763 768 718 649 456 723
565 976 1213 575 988 493 586 1058 864 848 690 965 698 569 1284 444 1043 543 517 967 950 754 423 610 1135 476 591 896 943 1195 668 1195 723 1147 998 80 1247 421 727 572 914 821 675 1154 475 938 153 729 0 525 297 1024 74 423 250 568 321 1233 1133 370 562 348 568 605 982 732 1062 734 550 625 515 925 401 767 699 336 1015 532
384 530 1066 515 1034 485 388 906 512 325 529 973 177 447 1147 307 807 963 393 788 749 338 376 842 704 292 387 691 876 895 466 778 401 895 1138 593 1048 405 255 405 837 857 303 950 343 427 554 442 525 0 672 517 578 674 279 387 238 711 718 158 261 667 384 378 518 307 564 388 256 397 91 896 352 363 300 671 887 838
516 989 1023 449 734 375 537 884 827 957 583 726 815 483 1086 444 915 291 458 816 814 969 381 323 1121 481 544 769 740 1088 591 1165 967 1017 715 331 1082 359 793 512 719 586 691 998 448 1098 151 682 297 672 0 1094 232 160 416 517 434 1323 1106 520 797 631 519 565 1181 766 1115 721 571 577 621 706 672 987 917 52 833 236
608 211 975 739 1143 769 592 852 401 209 651 1064 341 669 1048 649 687 1366 660 746 697 574 717 1144 317 613 586 664 922 658 593 393 705 724 1309 1098 899 743 303 622 887 1005 411 822 652 345 1015 492 1024 517 1094 0 1065 1034 774 609 706 235 356 657 678 1180 605 563 525 332 66 416 523 562 509 973 844 596 591 1074 866 1189
572 1004 1190 562 944 480 592 1039 878 896 684 926 746 566 1259 459 1036 469 519 953 940 822 425 552 1157 493 598 888 915 1194 670 1214 795 1140 943 102 1232 418 764 576 888 783 700 1140 483 997 107 739 74 578 232 1065 0 371 299 574 359 1279 1152 420 632 400 574 614 1049 762 1099 753 573 633 558 892 475 836 767 276 993 467
429 904 865 328 576 270 448 729 725 922 460 566 791 380 927 396 772 338 374 669 671 998 322 193 1019 428 455 630 581 951 482 1056 1017 872 575 473 927 294 743 419 561 425 622 846 383 1088 269 582 423 674 160 1034 371 0 463 429 449 1268 1000 540 845 769 432 477 1193 701 1046 635 516 485 607 545 753 1019 949 108 677 164
383 737 1085 449 943 381 400 924 647 598 531 901 448 412 1162 254 874 706 351 817 791 552 272 652 902 275 404 733 842 1005 491 967 556 974 1003 323 1098 288 480 397 807 764 444 1001 296 701 283 526 250 279 416 774 299 463 0 386 86 983 904 120 384 478 385 411 768 492 813 514 326 433 265 841 305 570 500 428 889 617
3 475 707 142 649 161 19 545 311 527 151 586 424 67 786 132 487 767 59 433 405 719 149 537 603 115 26 346 492 628 104 651 788 589 768 648 712 161 336 18 453 475 199 615 94 722 487 168 568 387 517 609 574 429 386 0 304 844 591 351 638 861 3 47 863 278 617 206 135 60 296 509 656 745 685 487 516 581
301 657 1008 380 888 320 317 846 562 540 452 840 392 336 1086 173 790 725 274 737 709 548 205 629 819 191 320 651 773 920 408 883 572 890 961 398 1017 226 406 316 736 708 360 919 217 665 320 440 321 238 434 706 359 449 86 304 0 921 820 91 403 564 303 326 750 412 741 428 240 349 200 776 364 569 500 435 814 611
844 420 1156 975 1363 1005 828 1050 622 385 883 1282 535 904 1224 880 877 1599 895 952 904 667 950 1379 450 844 821 878 1137 811 828 506 797 896 1534 1303 1066 976 529 857 1104 1232 646 1000 885 394 1236 725 1233 711 1323 235 1279 1268 983 844 921 0 496 863 817 1352 841 799 532 567 242 651 755 797 721 1192 1004 682 701 1305 1071 1424
592 194 664 671 923 734 571 574 279 511 544 841 579 624 729 693 399 1337 649 494 452 890 737 1052 45 658 564 446 692 315 518 62 1014 402 1111 1212 570 752 463 595 665 826 460 508 672 695 1074 424 1133 718 1106 356 1152 1000 904 591 820 496 0 810 945 1368 589 545 878 418 297 399 583 530 666 754 1070 914 893 1072 605 1130
348 635 1059 448 964 397 360 896 568 477 503 913 328 395 1138 231 825 812 333 783 751 457 281 720 804 236 362 692 836 940 450 872 483 922 1046 441 1058 305 369 366 799 784 356 960 276 584 397 463 370 158 520 657 420 540 120 351 91 863 810 0 315 558 349 362 661 392 699 434 255 385 151 845 305 478 408 524 868 702
636 751 1328 754 1274 710 642 1167 766 469 786 1219 365 693 1408 537 1068 1082 635 1049 1010 199 595 1030 924 532 642 953 1130 1148 724 1002 171 1155 1361 604 1309 620 488 655 1092 1095 563 1211 580 443 653 704 562 261 797 678 632 845 384 638 403 817 945 315 0 551 635 635 432 555 738 647 514 655 349 1146 200 207 144 812 1147 1002
858 1189 1543 899 1336 821 876 1384 1122 977 1000 1311 840 878 1617 728 1348 824 820 1285 1262 742 731 953 1361 752 880 1205 1281 1483 966 1430 655 1450 1343 300 1567 737 917 870 1250 1168 913 1471 768 992 500 1004 348 667 631 1180 400 769 478 861 564 1352 1368 558 551 0 860 888 971 949 1231 988 802 910 703 1267 352 743 691 677 1345 865
3 473 709 146 652 164 18 547 310 523 153 590 420 71 788 131 488 770 60 435 406 716 149 541 601 113 24 348 495 628 105 649 785 590 772 648 714 163 333 21 456 479 196 616 93 718 488 166 568 384 519 605 574 432 385 3 303 841 589 349 635 860 0 45 859 275 614 203 131 59 293 512 654 742 682 489 519 584
48 427 698 180 669 207 29 536 266 490 151 603 395 106 778 161 464 815 106 421 388 703 192 581 556 135 22 329 499 596 90 605 778 564 797 685 695 207 298 58 460 499 157 597 130 690 530 125 605 378 565 563 614 477 411 47 326 799 545 362 635 888 45 0 836 235 570 158 121 22 287 522 667 729 672 534 512 627
861 703 1438 1004 1504 990 857 1293 827 393 978 1434 441 930 1516 816 1149 1473 887 1175 1128 233 889 1359 841 794 853 1080 1314 1162 910 918 324 1209 1631 1031 1382 918 559 881 1275 1336 698 1294 846 183 1051 842 982 518 1181 525 1049 1193 768 863 750 532 878 661 432 971 859 836 0 642 590 761 730 849 592 1349 630 228 288 1185 1292 1357
278 245 808 415 872 438 263 656 212 265 350 798 217 341 888 321 528 1034 328 537 492 557 386 816 411 285 257 440 673 593 284 480 660 606 1017 810 769 411 83 293 634 714 79 675 320 477 699 201 732 307 766 332 762 701 492 278 412 567 418 392 555 949 275 235 642 0 349 119 195 238 247 711 657 584 542 743 651 857
617 178 932 741 1121 778 600 816 380 269 644 1040 391 674 1003 670 647 1382 671 714 666 639 735 1146 255 634 593 637 896 605 591 330 770 677 1292 1137 851 759 334 629 862 989 425 777 669 410 1044 487 1062 564 1115 66 1099 1046 813 617 741 242 297 699 738 1231 614 570 590 349 0 417 544 566 548 950 899 661 655 1093 833 1198
206 269 694 324 755 364 187 540 134 382 238 680 331 257 775 294 422 973 263 420 376 669 343 729 405 259 180 323 553 510 177 461 765 508 905 815 664 361 202 215 514 601 84 567 276 596 677 83 734 388 721 416 753 635 514 206 428 651 399 434 647 988 203 158 761 119 417 0 187 150 310 592 724 696 649 692 533 782
132 431 816 274 784 268 132 655 321 410 273 720 294 200 896 126 571 844 159 538 502 585 195 650 585 90 130 444 620 685 210 645 657 667 901 629 807 222 227 153 581 610 127 709 132 594 505 207 550 256 571 523 573 516 326 135 240 755 583 255 514 802 131 121 730 195 544 187 0 141 165 641 556 611 552 551 633 676
62 419 676 177 655 214 41 514 251 497 133 587 408 107 756 183 442 823 119 399 366 720 209 582 543 158 34 307 480 574 69 590 797 541 787 705 673 222 305 66 441 487 161 574 150 699 548 107 625 397 577 562 633 485 433 60 349 797 530 385 655 910 59 22 849 238 566 150 141 0 307 505 690 747 690 545 491 632
293 486 979 426 944 400 297 818 439 340 439 883 194 357 1059 224 723 910 305 700 662 426 297 766 657 205 296 604 785 820 376 728 492 815 1051 589 963 326 218 314 746 767 226 865 257 481 518 357 515 91 621 509 558 607 265 296 200 721 666 151 349 703 293 287 592 247 548 310 165 307 0 805 415 451 389 615 798 772
512 772 331 396 170 460 508 237 572 975 372 90 909 453 384 613 375 789 512 263 302 1225 570 453 793 614 510 315 67 548 440 788 1297 439 357 991 419 553 791 492 89 130 650 365 569 1189 785 509 925 896 706 973 892 545 841 509 776 1192 754 845 1146 1267 512 522 1349 711 950 592 641 505 805 0 1140 1252 1194 653 182 572
653 882 1364 744 1248 682 665 1201 855 636 807 1203 509 697 1443 532 1128 942 635 1088 1056 397 569 946 1056 541 667 997 1136 1234 756 1131 333 1223 1307 427 1363 588 608 670 1100 1068 641 1264 577 640 521 763 401 352 672 844 475 753 305 656 364 1004 1070 305 200 352 654 667 630 657 899 724 556 690 415 1140 0 402 344 698 1173 896
743 723 1391 877 1395 848 744 1236 793 403 880 1332 367 808 1471 670 1113 1276 756 1116 1072 27 738 1196 885 655 742 1018 1227 1162 814 965 115 1188 1502 811 1354 766 503 763 1187 1219 619 1259 707 287 849 768 767 363 987 596 836 1019 570 745 569 682 914 478 207 743 742 729 228 584 661 696 611 747 451 1252 402 0 70 998 1224 1180
683 699 1343 815 1333 783 685 1186 753 389 823 1272 328 747 1424 605 1069 1206 694 1066 1024 55 671 1127 867 592 683 969 1170 1128 758 946 121 1148 1437 744 1311 699 464 703 1131 1157 569 1216 643 313 779 718 699 300 917 591 767 949 500 685 500 701 893 408 144 691 682 672 288 542 655 649 552 690 389 1194 344 70 0 927 1173 1110
486 961 972 408 682 338 506 834 793 945 542 673 806 447 1034 425 868 296 428 768 767 978 357 276 1088 461 513 724 688 1044 555 1130 983 970 667 377 1032 333 776 480 667 533 668 949 423 1095 185 649 336 671 52 1074 276 108 428 487 435 1305 1072 524 812 677 489 534 1185 743 1093 692 551 545 615 653 698 998 927 0 782 199
519 657 198 446 330 524 509 56 474 903 365 251 864 477 272 641 207 952 540 120 169 1197 618 618 646 631 508 211 117 369 422 630 1285 258 527 1088 251 608 734 502 119 302 606 185 597 1121 888 456 1015 887 833 866 993 677 889 516 814 1071 605 868 1147 1345 519 512 1292 651 833 533 633 491 798 182 1173 1224 1173 782 0 732
581 1049 903 463 553 419 598 787 861 1085 585 567 955 525 955 559 861 221 528 749 760 1159 484 121 1153 591 604 729 622 1044 619 1183 1173 955 496 565 983 456 903 568 612 442 778 912 544 1252 383 723 532 838 236 1189 467 164 617 581 611 1424 1130 702 1002 865 584 627 1357 857 1198 782 676 632 772 572 896 1180 1110 199 732 0
