0 958 1681 1461 173 0 1723 1302 772 605 479 179 257 1040 1081 787
958 0 1991 639 1063 958 1931 1329 1299 506 538 985 1147 1626 2038 1400
1681 1991 0 2626 1533 1681 203 2955 910 2064 1933 1501 1488 726 1893 928
1461 639 2626 0 1602 1461 2556 1197 1929 866 982 1540 1692 2256 2516 2023
173 1063 1533 1602 0 173 1586 1471 622 762 628 91 90 874 989 623
0 958 1681 1461 173 0 1723 1302 772 606 479 179 257 1040 1080 787
1723 1931 203 2556 1586 1723 0 2968 969 2053 1928 1544 1552 846 2037 1012
1302 1329 2955 1197 1471 1302 2968 0 2062 948 1053 1475 1543 2342 1983 2088
772 1299 910 1929 622 772 969 2062 0 1222 1082 593 583 327 1222 130
605 506 2064 866 762 606 2053 948 1222 0 141 715 852 1537 1649 1284
479 538 1933 982 628 479 1928 1053 1082 141 0 577 718 1397 1543 1143
179 985 1501 1540 91 179 1544 1475 593 715 577 0 162 868 1077 613
257 1147 1488 1692 90 257 1552 1543 583 852 718 162 0 811 917 567
1040 1626 726 2256 874 1040 846 2342 327 1537 1397 868 811 0 1197 256
1081 2038 1893 2516 989 1080 2037 1983 1222 1649 1543 1077 917 1197 0 1112
787 1400 928 2023 623 787 1012 2088 130 1284 1143 613 567 256 1112 0
