0 291 11 133 440 227 681 387 507 1469 135 1201 1708 0 314 1179 228
291 0 281 370 456 450 389 646 768 1357 369 914 1852 291 453 1333 367
11 281 0 134 441 236 671 397 514 1468 136 1190 1708 11 320 1187 224
133 370 134 0 572 322 750 430 399 1603 3 1247 1574 132 432 1266 125
440 456 441 572 0 324 696 478 887 1043 574 1228 2143 440 193 902 662
227 450 236 322 324 0 816 203 568 1361 326 1355 1847 228 137 952 442
681 389 671 750 696 816 0 1019 1143 1289 749 542 2100 681 779 1594 717
387 646 397 430 478 203 1019 0 514 1468 433 1557 1816 387 290 858 555
507 768 514 399 887 568 1143 514 0 1929 399 1615 1302 507 705 1339 432
1469 1357 1468 1603 1043 1361 1289 1468 1929 0 1605 1567 3177 1470 1224 1228 1673
135 369 136 3 574 326 749 433 399 1605 0 1245 1572 135 436 1270 122
1201 914 1190 1247 1228 1355 542 1557 1615 1567 1245 0 2351 1201 1322 2112 1183
1708 1852 1708 1574 2143 1847 2100 1816 1302 3177 1572 2351 0 1707 1981 2610 1506
0 291 11 132 440 228 681 387 507 1470 135 1201 1707 0 315 1180 228
314 453 320 432 193 137 779 290 705 1224 436 1322 1981 315 0 888 542
1179 1333 1187 1266 902 952 1594 858 1339 1228 1270 2112 2610 1180 888 0 1390
228 367 224 125 662 442 717 555 432 1673 122 1183 1506 228 542 1390 0
