0 1513 1113 379 148 1055 1562 743 1120 334 1491 1005 1215 917 469 1564
1513 0 2113 1784 1365 1585 1518 2195 2630 1838 807 2286 1352 2255 1820 1680
1113 2113 0 1358 1154 2169 1144 1466 1435 1160 1613 1876 950 1755 683 1009
379 1784 1358 0 495 906 1937 410 882 210 1855 626 1591 540 675 1930
148 1365 1154 495 0 1034 1482 880 1268 481 1361 1112 1135 1033 560 1501
1055 1585 2169 906 1034 0 2408 1153 1669 1110 2037 960 2075 1006 1509 2468
1562 1518 1144 1937 1482 2408 0 2235 2408 1820 740 2561 347 2463 1430 191
743 2195 1466 410 880 1153 2235 0 519 423 2234 422 1897 296 838 2201
1120 2630 1435 882 1268 1669 2408 519 0 792 2550 814 2098 710 988 2335
334 1838 1160 210 481 1110 1820 423 792 0 1816 756 1479 648 481 1796
1491 807 1613 1855 1361 2037 740 2234 2550 1816 0 2462 687 2391 1588 920
1005 2286 1876 626 1112 960 2561 422 814 756 2462 0 2216 125 1223 2548
1215 1352 950 1591 1135 2075 347 1897 2098 1479 687 2216 0 2120 1111 398
917 2255 1755 540 1033 1006 2463 296 710 648 2391 125 2120 0 1107 2444
469 1820 683 675 560 1509 1430 838 988 481 1588 1223 1111 1107 0 1376
1564 1680 1009 1930 1501 2468 191 2201 2335 1796 920 2548 398 2444 1376 0
