0 1238 920 954 1655 1633 732 1218 1415 1484 939 771 1565 839 163 886
1238 0 1367 380 2876 534 612 1599 765 2687 305 1990 2678 1243 1337 1511
920 1367 0 988 1899 1458 795 2101 993 1668 1202 1463 1494 128 818 1793
954 380 988 0 2547 679 247 1608 602 2349 279 1725 2314 863 1025 1436
1655 2876 1899 2547 0 3197 2301 2385 2835 236 2587 1050 620 1943 1539 2052
1633 534 1458 679 3197 0 909 2134 526 2989 795 2404 2909 1356 1696 2033
732 612 795 247 2301 909 0 1548 714 2101 407 1502 2069 666 786 1328
1218 1599 2101 1608 2385 2134 1548 0 2210 2312 1371 1351 2559 1997 1367 360
1415 765 993 602 2835 526 714 2210 0 2614 860 2166 2482 911 1429 2027
1484 2687 1668 2349 236 2989 2101 2312 2614 0 2404 961 432 1716 1357 1966
939 305 1202 279 2587 795 407 1371 860 2404 0 1685 2418 1074 1048 1240
771 1990 1463 1725 1050 2404 1502 1351 2166 961 1685 0 1236 1435 737 1007
1565 2678 1494 2314 620 2909 2069 2559 2482 432 2418 1236 0 1570 1413 2202
839 1243 128 863 1943 1356 666 1997 911 1716 1074 1435 1570 0 754 1698
163 1337 818 1025 1539 1696 786 1367 1429 1357 1048 737 1413 754 0 1026
886 1511 1793 1436 2052 2033 1328 360 2027 1966 1240 1007 2202 1698 1026 0
