0 702 914 374 519 544 879 658 516 1097 973 1063 1321 1705 1663 1411 1060
702 0 338 921 581 1232 975 235 987 1800 320 1182 1045 1140 1732 1883 808
914 338 0 1202 913 1459 847 573 1288 1987 503 1031 1336 1282 2065 1852 542
374 921 1202 0 463 404 1249 783 152 999 1115 1428 1195 1716 1354 1646 1423
519 581 913 463 0 860 1275 375 461 1459 687 1480 802 1256 1236 1930 1289
544 1232 1459 404 860 0 1259 1140 490 599 1471 1395 1595 2116 1644 1378 1549
879 975 847 1249 1275 1259 0 1142 1395 1578 1278 210 1980 2099 2503 1038 463
658 235 573 783 375 1140 1142 0 819 1730 333 1353 840 1059 1496 1972 1031
516 987 1288 152 461 490 1395 819 0 1059 1144 1576 1112 1679 1208 1789 1548
1097 1800 1987 999 1459 599 1578 1730 1059 0 2059 1649 2171 2714 2081 1251 1963
973 320 503 1115 687 1471 1278 333 1144 2059 0 1480 850 824 1644 2204 1042
1063 1182 1031 1428 1480 1395 210 1353 1576 1649 1480 0 2190 2298 2705 929 577
1321 1045 1336 1195 802 1595 1980 840 1112 2171 850 2190 0 711 881 2729 1852
1705 1140 1282 1716 1256 2116 2099 1059 1679 2714 824 2298 711 0 1551 3019 1819
1663 1732 2065 1354 1236 1644 2503 1496 1208 2081 1644 2705 881 1551 0 2996 2512
1411 1883 1852 1646 1930 1378 1038 1972 1789 1251 2204 929 2729 3019 2996 0 1492
1060 808 542 1423 1289 1549 463 1031 1548 1963 1042 577 1852 1819 2512 1492 0
