0 404 796 322 1291 753 546 1056 55 44 454 505 1412 1668 509 886
404 0 1055 462 1605 1138 940 1114 447 389 316 323 1721 1782 913 905
796 1055 0 1108 1682 1022 860 1803 745 770 1237 1281 678 2340 714 579
322 462 1108 0 1150 765 610 739 367 359 268 322 1691 1374 650 1191
1291 1605 1682 1150 0 660 846 983 1287 1332 1390 1434 1904 978 982 2079
753 1138 1022 765 660 0 214 1075 729 785 1033 1088 1316 1424 329 1437
546 940 860 610 846 214 0 1064 518 575 870 927 1250 1505 146 1235
1056 1114 1803 739 983 1075 1064 0 1094 1096 800 808 2306 676 1183 1930
55 447 745 367 1287 729 518 1094 0 59 509 560 1357 1697 469 860
44 389 770 359 1332 785 575 1096 59 0 471 520 1396 1711 528 843
454 316 1237 268 1390 1033 870 800 509 471 0 56 1866 1472 893 1193
505 323 1281 322 1434 1088 927 808 560 520 56 0 1916 1483 950 1216
1412 1721 678 1691 1904 1316 1250 2306 1357 1396 1866 1916 0 2738 1123 1163
1668 1782 2340 1374 978 1424 1505 676 1697 1711 1472 1483 2738 0 1648 2555
509 913 714 650 982 329 146 1183 469 528 893 950 1123 1648 0 1108
886 905 579 1191 2079 1437 1235 1930 860 843 1193 1216 1163 2555 1108 0
