0 1166 560 558 1398 151 1149 1096 553 614 1138 1377 1378 104 989 1469
1166 0 1532 856 2260 1027 98 1771 1649 1239 2221 314 1266 1103 994 1850
560 1532 0 697 839 602 1484 589 227 397 695 1658 1938 663 1549 1042
558 856 697 0 1408 421 797 941 856 385 1393 961 1598 576 1202 1140
1398 2260 839 1408 0 1435 2194 531 905 1022 617 2312 2776 1502 2388 864
151 1027 602 421 1435 0 1006 1082 647 553 1235 1229 1363 156 965 1415
1149 98 1484 797 2194 1006 0 1698 1612 1176 2177 260 1350 1094 1062 1762
1096 1771 589 941 531 1082 1698 0 775 568 874 1797 2445 1191 2045 493
553 1649 227 856 905 647 1612 775 0 610 588 1807 1898 655 1524 1249
614 1239 397 385 1022 553 1176 568 610 0 1063 1316 1895 689 1494 861
1138 2221 695 1393 617 1235 2177 874 588 1063 0 2354 2443 1237 2085 1346
1377 314 1658 961 2312 1229 260 1797 1807 1316 2354 0 1572 1330 1308 1790
1378 1266 1938 1598 2776 1363 1350 2445 1898 1895 2443 1572 0 1275 400 2733
104 1103 663 576 1502 156 1094 1191 655 689 1237 1330 1275 0 885 1550
989 994 1549 1202 2388 965 1062 2045 1524 1494 2085 1308 400 885 0 2334
1469 1850 1042 1140 864 1415 1762 493 1249 861 1346 1790 2733 1550 2334 0
