0 915 1281 908 671 1110 353 1555 195 1139 785 1616 746 316 1227 1621
915 0 2162 216 1509 1854 1242 2454 1096 1818 1585 2055 1661 615 2046 858
1281 2162 0 2185 1076 583 1072 325 1086 743 1164 1352 616 1597 316 2902
908 216 2185 0 1435 1931 1201 2464 1101 1912 1495 2202 1647 591 2100 740
671 1509 1076 1435 0 1237 328 1235 600 1345 138 1962 479 902 1196 2045
1110 1854 583 1931 1237 0 1069 891 934 162 1364 806 787 1388 284 2671
353 1242 1072 1201 328 1069 0 1304 275 1146 457 1720 469 627 1103 1870
1555 2454 325 2464 1235 891 1304 0 1364 1047 1295 1617 834 1872 609 3165
195 1096 1086 1101 600 934 275 1364 0 978 732 1499 569 510 1036 1816
1139 1818 743 1912 1345 162 1146 1047 978 0 1476 653 915 1395 437 2652
785 1585 1164 1495 138 1364 457 1295 732 1476 0 2098 590 991 1308 2071
1616 2055 1352 2202 1962 806 1720 1617 1499 653 2098 0 1559 1797 1036 2913
746 1661 616 1647 479 787 469 834 569 915 590 1559 0 1057 718 2335
316 615 1597 591 902 1388 627 1872 510 1395 991 1797 1057 0 1530 1308
1227 2046 316 2100 1196 284 1103 609 1036 437 1308 1036 718 1530 0 2834
1621 858 2902 740 2045 2671 1870 3165 1816 2652 2071 2913 2335 1308 2834 0
