0 931 1313 259 872 937 683 1270 1654 415 66 1324 1180 1444 1568 1659
931 0 2231 1189 1595 226 1174 1515 1604 596 871 1244 1811 939 1382 2499
1313 2231 0 1070 1280 2192 1318 1693 2602 1651 1378 2067 1056 2477 2630 601
259 1189 1070 0 731 1195 748 1342 1733 663 318 1477 1111 1667 1686 1462
872 1595 1280 731 0 1691 1480 2073 1339 1254 886 2191 1768 2296 1410 1840
937 226 2192 1195 1691 0 1040 1319 1820 543 886 1022 1672 724 1604 2408
683 1174 1318 748 1480 1040 0 596 2315 626 715 787 636 1161 2200 1398
1270 1515 1693 1342 2073 1319 596 0 2862 1105 1294 482 683 1071 2720 1559
1654 1604 2602 1733 1339 1820 2315 2862 0 1762 1609 2752 2828 2543 279 3126
415 596 1651 663 1254 543 626 1105 1762 0 377 1020 1250 1042 1614 1902
66 871 1378 318 886 886 715 1294 1609 377 0 1324 1233 1416 1515 1724
1324 1244 2067 1477 2191 1022 787 482 2752 1020 1324 0 1133 601 2571 2011
1180 1811 1056 1111 1768 1672 636 683 2828 1250 1233 1133 0 1665 2749 879
1444 939 2477 1667 2296 724 1161 1071 2543 1042 1416 601 1665 0 2320 2523
1568 1382 2630 1686 1410 1604 2200 2720 279 1614 1515 2571 2749 2320 0 3123
1659 2499 601 1462 1840 2408 1398 1559 3126 1902 1724 2011 879 2523 3123 0
