0 838 1121 523 1624 1389 1067 1008 916 727 160 195 400 1633 1479 1049
838 0 1771 410 1480 2112 596 1837 1604 1347 913 660 890 807 2144 1308
1121 1771 0 1601 1507 390 2163 1124 213 425 1206 1295 883 2558 373 774
523 410 1601 0 1688 1899 561 1468 1408 1182 548 328 745 1138 1970 1322
1624 1480 1507 1688 0 1878 2077 2372 1521 1325 1784 1624 1251 1916 1748 759
1389 2112 390 1899 1878 0 2454 1076 509 776 1439 1577 1223 2911 225 1160
1067 596 2163 561 2077 2454 0 1911 1969 1744 1048 876 1302 834 2531 1840
1008 1837 1124 1468 2372 1076 1911 0 966 1064 925 1176 1195 2607 1285 1633
916 1604 213 1408 1521 509 1969 966 0 270 995 1095 714 2402 563 763
727 1347 425 1182 1325 776 1744 1064 270 0 836 886 457 2139 799 572
160 913 1206 548 1784 1439 1048 925 995 836 0 256 555 1684 1550 1201
195 660 1295 328 1624 1577 876 1176 1095 886 256 0 490 1444 1659 1127
400 890 883 745 1251 1223 1302 1195 714 457 555 490 0 1688 1256 649
1633 807 2558 1138 1916 2911 834 2607 2402 2139 1684 1444 1688 0 2930 2002
1479 2144 373 1970 1748 225 2531 1285 563 799 1550 1659 1256 2930 0 1072
1049 1308 774 1322 759 1160 1840 1633 763 572 1201 1127 649 2002 1072 0
