0 275 1338 1107 1120 1124 765 1578 1093 81 348 366 424 1729 247 596
275 0 1083 1335 986 861 756 1529 931 352 508 463 641 2004 54 775
1338 1083 0 2415 754 235 1629 1360 631 1419 1579 1268 1547 3018 1131 1841
1107 1335 2415 0 2205 2188 1038 2551 2192 1029 839 1358 1158 1105 1285 589
1120 986 754 2205 0 748 1730 658 128 1190 1457 856 1109 2544 1039 1715
1124 861 235 2188 748 0 1394 1397 620 1205 1349 1093 1367 2826 907 1610
765 756 1629 1038 1730 1394 0 2285 1660 757 498 1127 1153 2041 708 529
1578 1529 1360 2551 658 1397 2285 0 781 1627 1926 1230 1393 2616 1576 2157
1093 931 631 2192 128 620 1660 781 0 1167 1420 864 1131 2587 986 1683
81 352 1419 1029 1190 1205 757 1627 1167 0 303 402 402 1653 320 533
348 508 1579 839 1457 1349 498 1926 1420 303 0 705 669 1656 455 267
366 463 1268 1358 856 1093 1127 1230 864 402 705 0 280 1756 481 926
424 641 1547 1158 1109 1367 1153 1393 1131 402 669 280 0 1476 638 825
1729 2004 3018 1105 2544 2826 2041 2616 2587 1653 1656 1756 1476 0 1974 1514
247 54 1131 1285 1039 907 708 1576 986 320 455 481 638 1974 0 722
596 775 1841 589 1715 1610 529 2157 1683 533 267 926 825 1514 722 0
