0 1631 1272 800 1677 520 957 925 389 1332 633 1471 1281 109 1109 410
1631 0 441 2289 2087 1777 2412 2531 1726 1404 1308 3102 354 1625 2734 2039
1272 441 0 1872 2077 1516 2135 2139 1440 1003 1095 2728 175 1287 2353 1682
800 2289 1872 0 2372 1176 1207 399 1070 1460 1431 1003 1936 884 636 617
1677 2087 2077 2372 0 1199 1418 2268 1317 2770 1164 2479 1936 1568 2300 1758
520 1777 1516 1176 1199 0 636 1129 131 1812 484 1510 1465 413 1226 574
957 2412 2135 1207 1418 636 0 952 695 2279 1117 1061 2095 892 914 676
925 2531 2139 399 2268 1129 952 0 1058 1840 1498 622 2177 971 242 574
389 1726 1440 1070 1317 131 695 1058 0 1688 475 1484 1402 282 1176 487
1332 1404 1003 1460 2770 1812 2279 1840 1688 0 1613 2460 1169 1418 2082 1634
633 1308 1095 1431 1164 484 1117 1498 475 1613 0 1957 1017 548 1638 925
1471 3102 2728 1003 2479 1510 1061 622 1484 2460 1957 0 2751 1488 384 1068
1281 354 175 1936 1936 1465 2095 2177 1402 1169 1017 2751 0 1281 2381 1691
109 1625 1287 884 1568 413 892 971 282 1418 548 1488 1281 0 1138 420
1109 2734 2353 636 2300 1226 914 242 1176 2082 1638 384 2381 1138 0 720
410 2039 1682 617 1758 574 676 574 487 1634 925 1068 1691 420 720 0
