0 118 1546 1595 1033 1168 538 1095 1598 413 1129 830 340 634 616 706
118 0 1565 1708 1094 1102 540 1025 1494 455 1097 767 438 718 734 820
1546 1565 0 1699 683 1070 1028 2543 1804 1938 2662 1094 1320 2021 1616 1786
1595 1708 1699 0 1130 2266 1577 2579 2956 1672 2438 2016 1285 1453 1035 1068
1033 1094 683 1130 0 1177 655 2119 1912 1371 2157 995 732 1390 950 1117
1168 1102 1070 2266 1177 0 758 1790 755 1558 2035 339 1201 1801 1628 1777
538 540 1028 1577 655 758 0 1526 1382 950 1635 451 451 1116 874 1029
1095 1025 2543 2579 2119 1790 1526 0 1742 907 391 1539 1431 1174 1544 1525
1598 1494 1804 2956 1912 755 1382 1742 0 1895 2087 939 1762 2202 2174 2294
413 455 1938 1672 1371 1558 950 907 1895 0 812 1223 639 331 639 622
1129 1097 2662 2438 2157 2035 1635 391 2087 812 0 1748 1430 986 1431 1370
830 767 1094 2016 995 339 451 1539 939 1223 1748 0 877 1462 1304 1448
340 438 1320 1285 732 1201 451 1431 1762 639 1430 877 0 707 427 578
634 718 2021 1453 1390 1801 1116 1174 2202 331 986 1462 707 0 488 389
616 734 1616 1035 950 1628 874 1544 2174 639 1431 1304 427 488 0 171
706 820 1786 1068 1117 1777 1029 1525 2294 622 1370 1448 578 389 171 0
