0 866 228 1590 947 548 1504 1395 466 1451 728 1644 693 89 1456 1413 672
866 0 794 797 1369 590 1656 1768 641 935 1560 2074 814 871 636 2279 1432
228 794 0 1569 1167 347 1290 1616 258 1250 770 1485 848 153 1329 1521 889
1590 797 1569 0 1727 1387 2379 2001 1438 1395 2314 2852 1208 1618 760 2977 2016
947 1369 1167 1727 0 1414 2451 449 1355 2231 1344 2533 563 1036 1991 1608 599
548 590 347 1387 1414 0 1153 1861 89 904 1074 1497 984 493 1021 1849 1221
1504 1656 1290 2379 2451 1153 0 2897 1169 1158 1454 648 2114 1414 1741 2144 2059
1395 1768 1616 2001 449 1861 2897 0 1803 2660 1718 2951 955 1483 2370 1824 944
466 641 258 1438 1355 89 1169 1803 0 991 988 1474 949 407 1103 1760 1138
1451 935 1250 1395 2231 904 1158 2660 991 0 1906 1767 1711 1398 652 2697 2121
728 1560 770 2314 1344 1074 1454 1718 988 1906 0 1286 1344 696 2091 791 774
1644 2074 1485 2852 2533 1497 648 2951 1474 1767 1286 0 2328 1558 2294 1792 2028
693 814 848 1208 563 984 2114 955 949 1711 1344 2328 0 773 1429 1855 832
89 871 153 1618 1036 493 1414 1483 407 1398 696 1558 773 0 1441 1413 736
1456 636 1329 760 1991 1021 1741 2370 1103 652 2091 2294 1429 1441 0 2850 2062
1413 2279 1521 2977 1608 1849 2144 1824 1760 2697 791 1792 1855 1413 2850 0 1044
672 1432 889 2016 599 1221 2059 944 1138 2121 774 2028 832 736 2062 1044 0
