0 1451 115 1074 815 1553 1167 775 1494 147 1603 69 1458 416 225 367
1451 0 1558 2306 1354 2511 2613 1751 2946 1504 988 1518 2860 1035 1385 1731
115 1558 0 971 902 1557 1070 811 1390 111 1662 77 1377 525 250 341
1074 2306 971 0 1866 2235 1058 1677 1158 940 1990 1048 1481 1393 991 1157
815 1354 902 1866 0 1157 1596 446 1948 962 1966 824 1698 739 988 760
1553 2511 1557 2235 1157 0 1385 823 1637 1666 3053 1508 1170 1747 1778 1219
1167 2613 1070 1058 1596 1385 0 1202 352 1149 2679 1099 423 1579 1292 904
775 1751 811 1677 446 823 1202 0 1548 908 2230 746 1260 924 996 523
1494 2946 1390 1158 1948 1637 352 1548 0 1459 2949 1428 496 1910 1597 1252
147 1504 111 940 962 1666 1149 908 1459 0 1560 162 1472 487 146 452
1603 988 1662 1990 1966 3053 2679 2230 2949 1560 0 1668 3030 1308 1414 1967
69 1518 77 1048 824 1508 1099 746 1428 162 1668 0 1388 482 275 306
1458 2860 1377 1481 1698 1170 423 1260 496 1472 3030 1388 0 1848 1619 1132
416 1035 525 1393 739 1747 1579 924 1910 487 1308 482 1848 0 402 718
225 1385 250 991 988 1778 1292 996 1597 146 1414 275 1619 402 0 581
367 1731 341 1157 760 1219 904 523 1252 452 1967 306 1132 718 581 0
