0 601 630 1248 1299 1025 443 1371 1628 569 642 1249 123 732 489 510 1705
601 0 752 1201 1691 495 560 1713 2104 655 1189 743 607 851 879 759 2307
630 752 0 1808 974 855 1004 973 2191 97 1193 1489 510 1328 1119 159 1938
1248 1201 1808 0 2532 1619 813 2616 1575 1721 1240 997 1364 529 897 1730 2453
1299 1691 974 2532 0 1819 1742 165 2291 1062 1479 2434 1199 2003 1665 932 1456
1025 495 855 1619 1819 0 1055 1795 2594 780 1653 862 984 1335 1370 949 2685
443 560 1004 813 1742 1055 0 1814 1561 922 735 942 553 329 354 917 1965
1371 1713 973 2616 165 1795 1814 0 2444 1066 1606 2456 1263 2090 1766 958 1619
1628 2104 2191 1575 2291 2594 1561 2444 0 2160 999 2394 1720 1382 1225 2035 1316
569 655 97 1721 1062 780 922 1066 2160 0 1161 1393 454 1248 1058 177 1969
642 1189 1193 1240 1479 1653 735 1606 999 1161 0 1676 725 763 402 1040 1253
1249 743 1489 997 2434 862 942 2456 2394 1393 1676 0 1298 1014 1281 1502 2904
123 607 510 1364 1199 984 553 1263 1720 454 725 1298 0 852 610 386 1711
732 851 1328 529 2003 1335 329 2090 1382 1248 763 1014 852 0 380 1231 2013
489 879 1119 897 1665 1370 354 1766 1225 1058 402 1281 610 380 0 992 1654
510 759 159 1730 932 949 917 958 2035 177 1040 1502 386 1231 992 0 1793
1705 2307 1938 2453 1456 2685 1965 1619 1316 1969 1253 2904 1711 2013 1654 1793 0
