0 450 662 971 1360 1375 763 823 914 656 242 306 158 497 687 211
450 0 1105 818 1545 1743 1119 691 1363 479 693 429 559 701 239 482
662 1105 0 1526 1497 832 417 1211 267 1266 425 886 549 681 1344 757
971 818 1526 0 1026 2322 1729 1508 1715 344 1135 670 1129 1430 781 791
1360 1545 1497 1026 0 2302 1876 2161 1531 1165 1333 1142 1463 1833 1643 1164
1375 1743 832 2322 2302 0 624 1509 778 2028 1187 1657 1221 1076 1971 1532
763 1119 417 1729 1876 624 0 974 584 1420 609 1058 606 475 1349 939
823 691 1211 1508 2161 1509 974 0 1468 1170 964 1023 781 532 777 1000
914 1363 267 1715 1531 778 584 1468 0 1483 672 1108 812 936 1601 982
656 479 1266 344 1165 2028 1420 1170 1483 0 851 379 814 1093 491 508
242 693 425 1135 1333 1187 609 964 672 851 0 473 184 515 929 345
306 429 886 670 1142 1657 1058 1023 1108 379 473 0 463 793 605 128
158 559 549 1129 1463 1221 606 781 812 814 184 463 0 370 799 356
497 701 681 1430 1833 1076 475 532 936 1093 515 793 370 0 912 708
687 239 1344 781 1643 1971 1349 777 1601 491 929 605 799 912 0 687
211 482 757 791 1164 1532 939 1000 982 508 345 128 356 708 687 0
