0 470 1088 1490 613 1534 1171 1325 328 822 1463 1360 578 384 1703 1689 798
470 0 1214 1103 1046 1921 1306 1089 316 943 1128 1791 612 87 1777 1616 1052
1088 1214 0 2274 1469 2341 2251 917 921 1909 1246 2048 602 1163 617 776 383
1490 1103 2274 0 1877 2500 1488 1809 1420 1298 1627 2516 1687 1180 2774 2477 2154
613 1046 1469 1877 0 933 947 1913 937 740 2073 748 1120 970 2072 2181 1096
1534 1921 2341 2500 933 0 1082 2846 1862 1202 2997 357 2052 1856 2912 3087 1957
1171 1306 2251 1488 947 1082 0 2390 1432 365 2423 1221 1739 1285 2868 2848 1923
1325 1089 917 1809 1913 2846 2390 0 1001 2025 341 2628 805 1105 1111 687 1139
328 316 921 1420 937 1862 1432 1001 0 1069 1136 1678 328 247 1508 1417 735
822 943 1909 1298 740 1202 365 2025 1069 0 2067 1235 1380 920 2525 2486 1598
1463 1128 1246 1627 2073 2997 2423 341 1136 2067 0 2810 1025 1169 1443 980 1429
1360 1791 2048 2516 748 357 1221 2628 1678 1235 2810 0 1823 1717 2599 2810 1665
578 612 602 1687 1120 2052 1739 805 328 1380 1025 1823 0 562 1180 1111 502
384 87 1163 1180 970 1856 1285 1105 247 920 1169 1717 562 0 1737 1602 981
1703 1777 617 2774 2072 2912 2868 1111 1508 2525 1443 2599 1180 1737 0 539 976
1689 1616 776 2477 2181 3087 2848 687 1417 2486 980 2810 1111 1602 539 0 1148
798 1052 383 2154 1096 1957 1923 1139 735 1598 1429 1665 502 981 976 1148 0
