0 352 917 295 1635 609 779 378 1581 157 220 1688 1438 1592 330 1248
352 0 617 330 1284 778 1124 77 1246 205 572 1642 1220 1256 24 1425
917 617 0 943 965 1007 1603 655 1071 805 1126 2079 665 1078 641 1525
295 330 943 0 1486 899 1003 289 1388 214 439 1406 1549 1399 308 1542
1635 1284 965 1486 0 1932 2409 1259 293 1480 1853 1935 1343 289 1305 2488
609 778 1007 899 1932 0 729 848 1963 703 606 2297 1239 1972 773 651
779 1124 1603 1003 2409 729 0 1156 2360 936 571 2152 1956 2371 1105 1004
378 77 655 289 1259 848 1156 0 1205 221 593 1566 1276 1215 75 1497
1581 1246 1071 1388 293 1963 2360 1205 0 1424 1791 1660 1552 11 1262 2558
157 205 805 214 1480 703 936 221 1424 0 373 1616 1371 1434 181 1353
220 572 1126 439 1853 606 571 593 1791 373 0 1739 1609 1802 550 1192
1688 1642 2079 1406 1935 2297 2152 1566 1660 1616 1739 0 2745 1668 1631 2925
1438 1220 665 1549 1343 1239 1956 1276 1552 1371 1609 2745 0 1556 1241 1499
1592 1256 1078 1399 289 1972 2371 1215 11 1434 1802 1668 1556 0 1273 2567
330 24 641 308 1305 773 1105 75 1262 181 550 1631 1241 1273 0 1421
1248 1425 1525 1542 2488 651 1004 1497 2558 1353 1192 2925 1499 2567 1421 0
