0 1703 553 425 1419 324 1224 838 1658 739 166 1693 1323 1018 1054 182
1703 0 1416 1554 2006 1680 2777 1529 3359 1998 1739 2884 822 884 2753 1531
553 1416 0 820 1824 317 1362 1179 2029 591 702 2236 838 573 1499 410
425 1554 820 0 1018 712 1620 413 1915 1156 309 1480 1396 1085 1273 436
1419 2006 1824 1018 0 1727 2469 652 2442 2158 1264 1016 2212 1936 1836 1455
324 1680 317 712 1727 0 1110 1118 1719 455 490 2006 1154 878 1182 288
1224 2777 1362 1620 2469 1110 0 2011 922 812 1310 2274 2143 1926 854 1335
838 1529 1179 413 652 1118 2011 0 2205 1567 711 1357 1589 1300 1559 833
1658 3359 2029 1915 2442 1719 922 2205 0 1610 1650 1873 2865 2597 646 1828
739 1998 591 1156 2158 455 812 1567 1610 0 895 2317 1331 1126 1215 743
166 1739 702 309 1264 490 1310 711 1650 895 0 1534 1431 1120 1021 299
1693 2884 2236 1480 1016 2006 2274 1357 1873 2317 1534 0 2874 2564 1443 1826
1323 822 838 1396 2212 1154 2143 1589 2865 1331 1431 2874 0 313 2333 1144
1018 884 573 1085 1936 878 1926 1300 2597 1126 1120 2564 313 0 2044 837
1054 2753 1499 1273 1836 1182 854 1559 646 1215 1021 1443 2333 2044 0 1232
182 1531 410 436 1455 288 1335 833 1828 743 299 1826 1144 837 1232 0
