0 45 834 363 788 100 689 737 293 283 541 672 66 70 755 634 366 511 630 532 666 624 342 800 358 79 569 646 660 252 493 799 817 51 274 559 723 309 707 527 64 602 796 729 565 245 19 189 110 794 189 238 846 629 376 47 521 656 247 107 217 132 627 849 85 665 82 497 395 285 817 633 380 188 628 104 647 717
45 0 838 380 752 58 697 756 288 238 509 717 89 38 797 680 334 538 676 522 663 667 381 830 402 123 594 607 706 297 469 843 773 39 253 513 702 355 751 519 49 631 779 772 594 278 26 159 144 838 234 204 846 592 387 24 533 630 211 121 235 158 624 814 102 691 97 512 353 273 862 626 397 150 582 105 612 677
834 838 0 1180 773 815 161 1530 555 940 1286 955 897 805 839 940 662 466 1026 368 201 828 699 516 961 854 424 1300 1008 839 1281 923 1009 875 1084 1073 452 882 1219 356 788 1346 1605 1282 493 1017 831 980 749 1283 878 725 1680 748 463 861 1344 541 1004 940 1041 950 238 771 918 1427 751 370 805 580 1030 271 1195 766 1074 733 1348 849
363 380 1180 0 1106 430 1026 375 656 493 502 709 297 419 865 674 707 791 614 896 1023 726 552 1038 354 326 852 681 663 388 402 876 1073 342 282 732 1082 387 575 890 424 287 578 559 823 176 373 333 431 653 319 578 517 944 716 357 164 1008 380 259 146 234 986 1172 280 325 441 821 687 649 842 995 17 520 818 467 631 1011
788 752 773 1106 0 694 768 1471 603 626 882 1349 841 718 1339 1317 426 915 1352 498 605 1251 970 1158 1125 862 929 785 1365 993 941 1412 259 784 856 527 321 1058 1475 521 725 1378 1240 1508 985 1030 771 776 804 1560 962 549 1452 162 710 770 1229 244 744 864 972 909 587 69 850 1430 746 779 419 575 1478 534 1122 601 471 715 869 137
100 58 815 430 694 0 681 805 260 199 501 763 146 35 834 726 279 548 727 486 634 707 415 844 458 179 601 581 756 347 473 884 716 90 268 468 653 407 808 485 57 687 791 829 608 336 81 164 177 894 289 149 879 534 377 76 577 578 201 173 286 215 594 756 157 745 114 507 295 239 908 592 447 93 533 105 594 619
689 697 161 1026 768 681 0 1372 425 824 1168 804 750 667 703 787 569 307 869 293 166 679 537 416 799 703 271 1199 854 679 1153 787 980 732 948 988 463 721 1060 275 649 1186 1473 1122 342 861 688 846 598 1126 720 609 1532 710 313 720 1191 525 877 794 890 799 181 781 771 1267 606 209 716 457 889 234 1041 643 1002 592 1239 820
737 756 1530 375 1471 805 1372 0 1026 848 738 867 671 794 1057 842 1082 1107 749 1266 1386 933 856 1311 601 690 1166 928 802 697 633 1039 1414 717 620 1050 1458 668 605 1259 799 220 607 547 1124 514 748 696 792 646 652 953 348 1310 1071 732 245 1383 730 635 521 605 1350 1539 655 138 812 1163 1052 1022 965 1363 358 895 1138 839 852 1369
293 288 555 656 603 260 425 1026 0 402 742 745 359 253 752 713 212 366 750 240 375 652 367 658 548 337 405 786 762 410 728 820 720 326 528 604 453 473 887 234 239 874 1050 928 437 517 286 424 242 970 404 191 1134 469 151 312 815 412 451 401 511 422 336 651 379 945 214 277 342 39 878 339 672 218 639 189 819 580
283 238 940 493 626 199 824 848 402 0 346 955 296 233 1033 918 298 735 910 580 744 905 614 1033 629 356 785 390 943 535 356 1081 581 244 229 277 682 590 968 587 257 778 683 980 799 466 265 162 376 1055 466 215 839 467 544 239 604 583 118 296 378 347 704 695 293 819 313 674 211 368 1101 688 509 186 351 300 416 521
541 509 1286 502 882 501 1168 738 742 346 0 1156 511 525 1275 1118 639 1046 1081 927 1091 1137 877 1339 794 584 1101 190 1124 751 107 1306 741 489 282 366 1008 787 1074 933 549 764 359 1061 1104 590 530 351 651 1154 668 561 596 740 876 494 514 901 300 481 481 518 1051 951 495 768 605 1006 521 711 1299 1034 511 524 446 604 129 751
672 717 955 709 1349 763 804 867 745 955 1156 0 668 728 197 37 943 503 119 901 916 127 379 531 364 601 533 1298 70 421 1074 173 1449 713 876 1231 1148 372 316 881 708 647 1287 390 463 569 690 836 591 350 497 853 1168 1213 652 716 825 1141 902 686 676 641 898 1394 678 729 659 638 1033 776 145 941 711 826 1296 684 1279 1321
66 89 897 297 841 146 750 671 359 296 511 668 0 126 768 631 423 558 616 599 731 632 366 840 332 73 617 633 650 248 453 806 854 58 234 573 787 297 674 593 127 542 745 691 607 189 76 168 158 761 172 294 782 680 437 70 455 718 233 43 151 69 693 903 21 603 147 555 437 351 814 699 314 239 647 170 625 763
70 38 805 419 718 35 667 794 253 233 525 728 126 0 800 691 298 520 693 485 628 672 381 816 426 148 575 613 721 313 492 849 748 77 281 503 663 373 776 483 24 668 807 800 580 313 52 181 142 863 256 169 881 559 359 62 570 592 225 159 273 195 589 780 140 728 81 486 325 237 873 589 435 117 568 79 623 647
755 797 839 865 1339 834 703 1057 752 1033 1275 197 768 800 0 215 963 434 315 859 839 139 419 362 511 695 442 1400 267 523 1203 83 1472 803 993 1299 1101 493 511 837 777 836 1442 586 373 708 771 936 657 536 607 895 1347 1219 629 803 996 1113 999 794 808 757 828 1376 782 921 721 576 1074 788 197 878 870 879 1356 740 1392 1331
634 680 940 674 1317 726 787 842 713 918 1118 37 631 691 215 0 909 483 104 874 895 119 346 532 327 563 517 1261 68 383 1038 203 1414 676 838 1193 1121 335 309 854 671 622 1253 382 447 532 653 798 555 352 459 817 1138 1180 624 679 794 1111 864 648 639 604 875 1363 641 705 622 616 998 743 183 917 677 789 1260 648 1241 1287
366 334 662 707 426 279 569 1082 212 298 639 943 423 298 963 909 0 575 935 294 461 857 564 862 699 437 610 637 953 568 655 1028 509 370 499 419 389 632 1050 305 302 966 982 1081 647 611 350 400 378 1135 535 130 1124 274 357 355 848 302 394 453 565 493 423 484 436 1024 320 470 147 174 1080 398 724 187 440 288 688 378
511 538 466 791 915 548 307 1107 366 735 1046 503 558 520 434 483 575 0 562 426 414 381 250 298 512 493 61 1125 549 411 1005 514 1072 563 786 965 667 439 753 404 497 907 1303 815 72 616 519 697 402 818 471 546 1308 807 219 555 953 683 746 599 672 587 398 947 579 991 441 142 708 406 602 445 803 553 1005 443 1142 922
630 676 1026 614 1352 727 869 749 750 910 1081 119 616 693 315 104 935 562 0 930 966 220 387 634 289 554 601 1233 52 379 994 289 1432 666 806 1187 1176 321 206 912 674 530 1189 279 534 490 649 778 565 257 444 833 1056 1209 678 671 719 1157 844 626 599 578 943 1402 622 611 632 687 1011 776 229 983 614 799 1258 660 1207 1312
532 522 368 896 498 486 293 1266 240 580 927 901 599 485 859 874 294 426 930 0 166 789 545 659 768 576 432 932 932 630 931 937 691 562 748 706 247 689 1090 22 475 1112 1258 1138 493 757 524 643 479 1168 637 371 1365 420 252 547 1053 259 657 639 750 662 129 525 617 1184 455 285 437 248 1017 107 912 419 713 428 982 532
666 663 201 1023 605 634 166 1386 375 744 1091 916 731 628 839 895 461 414 966 166 0 795 600 578 848 698 396 1099 958 717 1090 921 825 701 900 871 296 768 1144 157 614 1217 1417 1200 466 871 660 796 594 1216 739 531 1509 558 321 687 1185 362 815 773 880 790 39 614 751 1293 584 279 604 394 1015 73 1039 576 874 562 1149 664
624 667 828 726 1251 707 679 933 652 905 1137 127 632 672 139 119 857 381 220 789 795 0 298 413 372 560 408 1266 187 386 1064 176 1367 670 855 1174 1036 353 427 768 650 713 1302 499 337 568 640 801 530 471 468 779 1213 1122 545 671 860 1035 865 657 668 618 778 1293 646 799 596 519 959 686 228 823 732 759 1235 617 1255 1232
342 381 699 552 970 415 537 856 367 614 877 379 366 381 419 346 564 250 387 545 600 298 0 488 263 293 309 988 395 164 818 473 1072 392 600 879 790 189 547 528 357 657 1093 600 272 376 356 529 238 623 237 481 1069 833 294 389 711 770 589 400 448 374 572 1017 384 741 302 331 661 396 516 606 563 461 938 321 988 941
800 830 516 1038 1158 844 416 1311 658 1033 1339 531 840 816 362 532 862 298 634 659 578 413 488 0 712 770 253 1423 598 650 1293 440 1341 852 1073 1262 871 656 841 637 792 1096 1580 913 235 862 809 988 689 882 725 843 1552 1071 507 845 1192 915 1040 878 936 859 582 1179 859 1183 735 393 1000 698 559 636 1048 851 1298 739 1439 1185
358 402 961 354 1125 458 799 601 548 629 794 364 332 426 511 327 699 512 289 768 848 372 263 712 0 279 570 944 330 138 710 525 1174 386 517 906 1000 80 352 754 411 395 931 383 523 205 377 490 321 438 169 583 849 972 529 394 491 959 556 339 313 290 817 1181 337 480 380 591 751 564 505 844 359 540 980 411 919 1068
79 123 854 326 862 179 703 690 337 356 584 601 73 148 695 563 437 493 554 576 698 560 293 770 279 0 553 705 586 179 525 735 896 112 306 633 781 233 628 569 137 540 811 651 539 181 98 240 105 715 110 313 829 705 391 117 489 721 304 107 187 97 660 922 90 609 125 501 474 336 746 672 341 265 704 156 698 795
569 594 424 852 929 601 271 1166 405 785 1101 533 617 575 442 517 610 61 601 432 396 408 309 253 570 553 0 1175 584 471 1063 524 1097 620 844 1008 666 498 797 410 552 965 1363 861 71 677 576 753 460 858 532 590 1369 829 254 612 1014 692 801 659 733 648 386 957 638 1049 497 149 747 445 621 437 864 601 1045 497 1196 944
646 607 1300 681 785 581 1199 928 786 390 190 1298 633 613 1400 1261 637 1125 1233 932 1099 1266 988 1423 944 705 1175 0 1273 882 297 1440 603 597 428 260 966 926 1244 943 637 950 485 1236 1188 747 632 464 751 1326 802 595 764 664 932 598 704 854 400 612 638 657 1061 851 621 957 694 1062 497 750 1443 1035 691 575 316 686 93 648
660 706 1008 663 1365 756 854 802 762 943 1124 70 650 721 267 68 953 549 52 932 958 187 395 598 330 586 584 1273 0 408 1039 237 1454 699 847 1219 1178 353 245 912 702 582 1239 320 515 534 679 815 589 284 478 855 1108 1225 680 703 771 1165 881 664 643 617 937 1413 658 664 656 679 1034 790 179 979 664 824 1289 683 1249 1331
252 297 839 388 993 347 679 697 410 535 751 421 248 313 523 383 568 411 379 630 717 386 164 650 138 179 471 882 408 0 681 558 1055 292 469 811 862 64 482 617 295 506 940 518 436 212 270 417 190 566 83 458 904 843 396 296 546 821 482 271 294 233 684 1048 260 588 254 469 632 427 567 709 398 420 880 284 869 942
493 469 1281 402 941 473 1153 633 728 356 107 1074 453 492 1203 1038 655 1005 994 931 1090 1064 818 1293 710 525 1063 297 1039 681 0 1230 822 442 220 445 1037 711 976 935 514 658 327 961 1058 505 486 311 604 1055 598 560 514 792 850 451 407 935 276 418 398 448 1051 1010 435 661 566 979 554 700 1216 1038 409 515 530 571 232 816
799 843 923 876 1412 884 787 1039 820 1081 1306 173 806 849 83 203 1028 514 289 937 921 176 473 440 525 735 524 1440 237 558 1230 0 1538 845 1025 1351 1180 519 467 915 826 819 1455 542 455 728 816 975 707 481 639 954 1341 1288 702 846 997 1190 1040 829 832 788 910 1451 819 901 773 656 1134 855 120 959 879 935 1411 794 1427 1400
817 773 1009 1073 259 716 980 1414 720 581 741 1449 854 748 1472 1414 509 1072 1432 691 825 1367 1072 1341 1174 896 1097 603 1454 1055 822 1538 0 796 797 377 565 1117 1524 713 763 1359 1085 1545 1144 1039 798 743 866 1611 1005 598 1335 271 854 786 1169 467 693 866 958 916 801 302 858 1397 800 949 422 683 1588 752 1089 635 295 772 695 160
51 39 875 342 784 90 732 717 326 244 489 713 58 77 803 676 370 563 666 562 701 670 392 852 386 112 620 597 699 292 442 845 796 0 224 521 740 345 731 558 87 596 747 749 617 247 45 137 162 818 221 239 808 623 421 15 493 667 197 83 197 124 662 847 66 654 127 544 379 313 859 665 358 184 593 141 596 705
274 253 1084 282 856 268 948 620 528 229 282 876 234 281 993 838 499 786 806 748 900 855 600 1073 517 306 844 428 847 469 220 1025 797 224 0 449 889 505 819 749 301 569 525 817 839 318 268 104 384 903 386 383 625 696 640 233 375 798 111 200 209 236 861 924 216 600 350 766 438 506 1020 855 296 330 536 358 403 749
559 513 1073 732 527 468 988 1050 604 277 366 1231 573 503 1299 1193 419 965 1187 706 871 1174 879 1262 906 633 1008 260 1219 811 445 1351 377 521 449 0 712 867 1241 720 525 1019 718 1249 1034 736 540 424 644 1327 743 419 958 404 755 516 808 599 362 570 639 621 835 595 569 1047 578 879 272 564 1376 803 746 422 87 559 341 392
723 702 452 1082 321 653 463 1458 453 682 1008 1148 787 663 1101 1121 389 667 1176 247 296 1036 790 871 1000 781 666 966 1178 862 1037 1180 565 740 889 712 0 923 1331 267 660 1322 1361 1377 730 963 710 789 694 1410 857 511 1514 326 498 725 1231 113 783 823 937 855 288 321 803 1388 655 524 486 445 1263 234 1099 568 688 625 1034 410
309 355 882 387 1058 407 721 668 473 590 787 372 297 373 493 335 632 439 321 689 768 353 189 656 80 233 498 926 353 64 711 519 1117 345 505 867 923 0 418 675 356 468 954 455 455 218 328 463 254 502 125 521 897 907 449 350 537 884 529 313 315 270 737 1112 306 552 317 512 695 490 518 764 395 482 937 347 908 1005
707 751 1219 575 1475 808 1060 605 887 968 1074 316 674 776 511 309 1050 753 206 1090 1144 427 547 841 352 628 797 1244 245 482 976 467 1524 731 819 1241 1331 418 0 1073 763 400 1118 74 732 507 726 818 671 86 520 935 937 1324 840 740 637 1300 882 672 611 621 1118 1530 675 468 731 868 1102 907 372 1153 570 891 1320 763 1203 1420
527 519 356 890 521 485 275 1259 234 587 933 881 593 483 837 854 305 404 912 22 157 768 528 637 754 569 410 943 912 617 935 915 713 558 749 720 267 675 1073 0 471 1102 1262 1123 470 748 520 644 470 1151 626 375 1364 441 234 544 1049 281 660 634 745 656 118 547 612 1175 448 263 450 246 996 106 906 421 729 423 991 553
64 49 788 424 725 57 649 799 239 257 549 708 127 24 777 671 302 497 674 475 614 650 357 792 411 137 552 637 702 295 514 826 763 87 301 525 660 356 763 471 0 666 826 788 556 309 50 202 119 849 242 176 895 568 339 73 579 592 249 164 278 195 575 786 144 729 57 465 340 226 852 577 441 128 588 57 647 658
602 631 1346 287 1378 687 1186 220 874 778 764 647 542 668 836 622 966 907 530 1112 1217 713 657 1096 395 540 965 950 582 506 658 819 1359 596 569 1019 1322 468 400 1102 666 0 734 352 918 359 617 616 633 455 477 836 537 1216 896 610 263 1259 666 514 406 473 1182 1442 530 86 666 976 964 877 748 1201 272 780 1105 696 890 1290
796 779 1605 578 1240 791 1473 607 1050 683 359 1287 745 807 1442 1253 982 1303 1189 1258 1417 1302 1093 1580 931 811 1363 485 1239 940 327 1455 1085 747 525 718 1361 954 1118 1262 826 734 0 1082 1350 736 792 627 902 1184 859 887 321 1100 1166 758 481 1256 601 704 646 720 1377 1309 724 697 874 1291 875 1024 1418 1366 576 840 791 884 392 1108
729 772 1282 559 1508 829 1122 547 928 980 1061 390 691 800 586 382 1081 815 279 1138 1200 499 600 913 383 651 861 1236 320 518 961 542 1545 749 817 1249 1377 455 74 1123 788 352 1082 0 798 513 748 825 704 102 547 962 885 1354 891 759 602 1340 887 684 612 632 1172 1564 689 413 761 926 1125 946 444 1206 551 916 1330 793 1190 1446
565 594 493 823 985 608 342 1124 437 799 1104 463 607 580 373 447 647 72 534 493 466 337 272 235 523 539 71 1188 515 436 1058 455 1144 617 839 1034 730 455 732 470 556 918 1350 798 0 647 574 753 454 792 505 614 1340 879 291 610 983 751 805 647 712 631 454 1016 627 1003 499 207 779 477 550 504 834 619 1075 503 1203 993
245 278 1017 176 1030 336 861 514 517 466 590 569 189 313 708 532 611 616 490 757 871 568 376 862 205 181 677 747 534 212 505 728 1039 247 318 736 963 218 507 748 309 359 736 513 647 0 261 311 278 592 144 482 693 870 556 260 337 900 375 172 109 123 835 1092 182 427 307 653 626 518 710 850 187 429 816 337 717 952
19 26 831 373 771 81 688 748 286 265 530 690 76 52 771 653 350 519 649 524 660 640 356 809 377 98 576 632 679 270 486 816 798 45 268 540 710 328 726 520 50 617 792 748 574 261 0 179 121 813 208 221 849 612 376 35 529 642 234 115 227 145 621 832 93 679 82 499 376 276 835 626 390 169 609 98 635 699
189 159 980 333 776 164 846 696 424 162 351 836 168 181 936 798 400 697 778 643 796 801 529 988 490 240 753 464 815 417 311 975 743 137 104 424 789 463 818 644 202 616 627 825 753 311 179 0 300 903 338 280 727 614 540 143 455 701 66 151 217 200 756 843 157 659 256 668 356 401 981 750 349 226 505 260 459 677
110 144 749 431 804 177 598 792 242 376 651 591 158 142 657 555 378 402 565 479 594 530 238 689 321 105 460 751 589 190 604 707 866 162 384 644 694 254 671 470 119 633 902 704 454 278 121 300 0 756 163 268 934 653 286 156 594 643 355 200 292 201 557 860 179 705 67 398 445 249 735 571 446 234 706 94 756 751
794 838 1283 653 1560 894 1126 646 970 1055 1154 350 761 863 536 352 1135 818 257 1168 1216 471 623 882 438 715 858 1326 284 566 1055 481 1611 818 903 1327 1410 502 86 1151 849 455 1184 102 792 592 813 903 756 0 606 1021 987 1409 917 827 703 1382 968 758 695 707 1191 1614 761 514 817 938 1189 990 373 1228 646 978 1406 848 1283 1506
189 234 878 319 962 289 720 652 404 466 668 497 172 256 607 459 535 471 444 637 739 468 237 725 169 110 532 802 478 83 598 639 1005 221 386 743 857 125 520 626 242 477 859 547 505 144 208 338 163 606 0 415 836 807 420 227 481 806 404 189 213 150 705 1019 181 553 215 511 582 413 643 724 331 371 815 247 787 900
238 204 725 578 549 149 609 953 191 215 561 853 294 169 895 817 130 546 833 371 531 779 481 843 583 313 590 595 855 458 560 954 598 239 383 419 511 521 935 375 176 836 887 962 614 482 221 280 268 1021 415 0 1007 392 340 225 721 430 286 322 435 363 491 610 306 894 203 468 180 154 994 479 595 57 465 173 630 485
846 846 1680 517 1452 879 1532 348 1134 839 596 1168 782 881 1347 1138 1124 1308 1056 1365 1509 1213 1069 1552 849 829 1369 764 1108 904 514 1341 1335 808 625 958 1514 897 937 1364 895 537 321 885 1340 693 849 727 934 987 836 1007 0 1298 1218 822 359 1421 730 739 642 732 1470 1521 761 472 928 1331 1049 1118 1281 1471 506 952 1041 948 673 1330
629 592 748 944 162 534 710 1310 469 467 740 1213 680 559 1219 1180 274 807 1209 420 558 1122 833 1071 972 705 829 664 1225 843 792 1288 271 623 696 404 326 907 1324 441 568 1216 1100 1354 879 870 612 614 653 1409 807 392 1298 0 593 610 1068 215 584 703 810 748 532 228 689 1268 592 681 258 437 1347 485 960 442 367 561 742 114
376 387 463 716 710 377 313 1071 151 544 876 652 437 359 629 624 357 219 678 252 321 545 294 507 529 391 254 932 680 396 850 702 854 421 640 755 498 449 840 234 339 896 1166 891 291 556 376 540 286 917 420 340 1218 593 0 409 880 490 578 480 578 487 288 748 458 974 294 130 492 191 773 315 731 358 790 281 960 707
47 24 861 357 770 76 720 732 312 239 494 716 70 62 803 679 355 555 671 547 687 671 389 845 394 117 612 598 703 296 451 846 786 15 233 516 725 350 740 544 73 610 758 759 610 260 35 143 156 827 227 225 822 610 409 0 508 652 199 98 212 138 648 833 80 669 116 533 367 298 862 650 374 170 587 128 600 693
521 533 1344 164 1229 577 1191 245 815 604 514 825 455 570 996 794 848 953 719 1053 1185 860 711 1192 491 489 1014 704 771 546 407 997 1169 493 375 808 1231 537 637 1049 579 263 481 602 983 337 529 455 594 703 481 721 359 1068 880 508 0 1150 486 414 304 395 1147 1297 436 254 601 985 809 805 948 1154 150 663 896 625 636 1124
656 630 541 1008 244 578 525 1383 412 583 901 1141 718 592 1113 1111 302 683 1157 259 362 1035 770 915 959 721 692 854 1165 821 935 1190 467 667 798 599 113 884 1300 281 592 1259 1256 1340 751 900 642 701 643 1382 806 430 1421 215 490 652 1150 0 690 750 864 787 344 265 732 1321 596 544 381 395 1264 291 1025 487 575 565 923 308
247 211 1004 380 744 201 877 730 451 118 300 902 233 225 999 864 394 746 844 657 815 865 589 1040 556 304 801 400 881 482 276 1040 693 197 111 362 783 529 882 660 249 666 601 887 805 375 234 66 355 968 404 286 730 584 578 199 486 690 0 217 277 266 775 812 223 703 305 707 326 423 1047 765 395 239 445 304 400 638
107 121 940 259 864 173 794 635 401 296 481 686 43 159 794 648 453 599 626 639 773 657 400 878 339 107 659 612 664 271 418 829 866 83 200 570 823 313 672 634 164 514 704 684 647 172 115 151 200 758 189 322 739 703 480 98 414 750 217 0 114 51 735 928 22 571 189 598 454 391 831 740 276 266 647 211 598 782
217 235 1041 146 972 286 890 521 511 378 481 676 151 273 808 639 565 672 599 750 880 668 448 936 313 187 733 638 643 294 398 832 958 197 209 639 937 315 611 745 278 406 646 612 712 109 227 217 292 695 213 435 642 810 578 212 304 864 277 114 0 91 842 1037 134 459 296 689 557 503 818 850 162 378 721 321 607 884
132 158 950 234 909 215 799 605 422 347 518 641 69 195 757 604 493 587 578 662 790 618 374 859 290 97 648 657 617 233 448 788 916 124 236 621 855 270 621 656 195 473 720 632 631 123 145 200 201 707 150 363 732 748 487 138 395 787 266 51 91 0 752 972 59 534 207 598 502 416 786 761 250 308 699 234 638 829
627 624 238 986 587 594 181 1350 336 704 1051 898 693 589 828 875 423 398 943 129 39 778 572 582 817 660 386 1061 937 684 1051 910 801 662 861 835 288 737 1118 118 575 1182 1377 1172 454 835 621 756 557 1191 705 491 1470 532 288 648 1147 344 775 735 842 752 0 601 713 1258 546 259 567 355 1001 54 1002 536 841 523 1110 640
849 814 771 1172 69 756 781 1539 651 695 951 1394 903 780 1376 1363 484 947 1402 525 614 1293 1017 1179 1181 922 957 851 1413 1048 1010 1451 302 847 924 595 321 1112 1530 547 786 1442 1309 1564 1016 1092 832 843 860 1614 1019 610 1521 228 748 833 1297 265 812 928 1037 972 601 0 913 1495 804 809 487 626 1521 547 1188 663 536 772 936 202
85 102 918 280 850 157 771 655 379 293 495 678 21 140 782 641 436 579 622 617 751 646 384 859 337 90 638 621 658 260 435 819 858 66 216 569 803 306 675 612 144 530 724 689 627 182 93 157 179 761 181 306 761 689 458 80 436 732 223 22 134 59 713 913 0 589 167 576 443 369 824 718 296 250 645 189 610 770
665 691 1427 325 1430 745 1267 138 945 819 768 729 603 728 921 705 1024 991 611 1184 1293 799 741 1183 480 609 1049 957 664 588 661 901 1397 654 600 1047 1388 552 468 1175 729 86 697 413 1003 427 679 659 705 514 553 894 472 1268 974 669 254 1321 703 571 459 534 1258 1495 589 0 733 1057 1012 945 826 1276 309 838 1134 763 890 1336
82 97 751 441 746 114 606 812 214 313 605 659 147 81 721 622 320 441 632 455 584 596 302 735 380 125 497 694 656 254 566 773 800 127 350 578 655 317 731 448 57 666 874 761 499 307 82 256 67 817 215 203 928 592 294 116 601 596 305 189 296 207 546 804 167 733 0 417 378 211 802 553 457 167 639 32 704 688
497 512 370 821 779 507 209 1163 277 674 1006 638 555 486 576 616 470 142 687 285 279 519 331 393 591 501 149 1062 679 469 979 656 949 544 766 879 524 512 868 263 465 976 1291 926 207 653 499 668 398 938 511 468 1331 681 130 533 985 544 707 598 689 598 259 809 576 1057 417 0 612 315 743 304 835 488 909 408 1091 795
395 353 805 687 419 295 716 1052 342 211 521 1033 437 325 1074 998 147 708 1011 437 604 959 661 1000 751 474 747 497 1034 632 554 1134 422 379 438 272 486 695 1102 450 340 964 875 1125 779 626 376 356 445 1189 582 180 1049 258 492 367 809 381 326 454 557 502 567 487 443 1012 378 612 0 302 1175 538 704 212 297 351 555 327
285 273 580 649 575 239 457 1022 39 368 711 776 351 237 788 743 174 406 776 248 394 686 396 698 564 336 445 750 790 427 700 855 683 313 506 564 445 490 907 246 226 877 1024 946 477 518 276 401 249 990 413 154 1118 437 191 298 805 395 423 391 503 416 355 626 369 945 211 315 302 0 910 352 666 186 599 182 784 546
817 862 1030 842 1478 908 889 965 878 1101 1299 145 814 873 197 183 1080 602 229 1017 1015 228 516 559 505 746 621 1443 179 567 1216 120 1588 859 1020 1376 1263 518 372 996 852 748 1418 444 550 710 835 981 735 373 643 994 1281 1347 773 862 948 1264 1047 831 818 786 1001 1521 824 826 802 743 1175 910 0 1048 843 969 1441 827 1423 1456
633 626 271 995 534 592 234 1363 339 688 1034 941 699 589 878 917 398 445 983 107 73 823 606 636 844 672 437 1035 979 709 1038 959 752 665 855 803 234 764 1153 106 577 1201 1366 1206 504 850 626 750 571 1228 724 479 1471 485 315 650 1154 291 765 740 850 761 54 547 718 1276 553 304 538 352 1048 0 1011 527 803 529 1087 591
380 397 1195 17 1122 447 1041 358 672 509 511 711 314 435 870 677 724 803 614 912 1039 732 563 1048 359 341 864 691 664 398 409 879 1089 358 296 746 1099 395 570 906 441 272 576 551 834 187 390 349 446 646 331 595 506 960 731 374 150 1025 395 276 162 250 1002 1188 296 309 457 835 704 666 843 1011 0 537 832 483 640 1027
188 150 766 520 601 93 643 895 218 186 524 826 239 117 879 789 187 553 799 419 576 759 461 851 540 265 601 575 824 420 515 935 635 184 330 422 568 482 891 421 128 780 840 916 619 429 169 226 234 978 371 57 952 442 358 170 663 487 239 266 378 308 536 663 250 838 167 488 212 186 969 527 537 0 476 142 602 530
628 582 1074 818 471 533 1002 1138 639 351 446 1296 647 568 1356 1260 440 1005 1258 713 874 1235 938 1298 980 704 1045 316 1289 880 530 1411 295 593 536 87 688 937 1320 729 588 1105 791 1330 1075 816 609 505 706 1406 815 465 1041 367 790 587 896 575 445 647 721 699 841 536 645 1134 639 909 297 599 1441 803 832 476 0 617 405 333
104 105 733 467 715 105 592 839 189 300 604 684 170 79 740 648 288 443 660 428 562 617 321 739 411 156 497 686 683 284 571 794 772 141 358 559 625 347 763 423 57 696 884 793 503 337 98 260 94 848 247 173 948 561 281 128 625 565 304 211 321 234 523 772 189 763 32 408 351 182 827 529 483 142 617 0 700 658
647 612 1348 631 869 594 1239 852 819 416 129 1279 625 623 1392 1241 688 1142 1207 982 1149 1255 988 1439 919 698 1196 93 1249 869 232 1427 695 596 403 341 1034 908 1203 991 647 890 392 1190 1203 717 635 459 756 1283 787 630 673 742 960 600 636 923 400 598 607 638 1110 936 610 890 704 1091 555 784 1423 1087 640 602 405 700 0 733
717 677 849 1011 137 619 820 1369 580 521 751 1321 763 647 1331 1287 378 922 1312 532 664 1232 941 1185 1068 795 944 648 1331 942 816 1400 160 705 749 392 410 1005 1420 553 658 1290 1108 1446 993 952 699 677 751 1506 900 485 1330 114 707 693 1124 308 638 782 884 829 640 202 770 1336 688 795 327 546 1456 591 1027 530 333 658 733 0
