0 1628 972 708 845 195 237 1507 1029 830 817 524 960 1728 1542 1091
1628 0 655 2158 2247 1503 1734 2852 666 2302 1287 1925 2191 1582 1510 2456
972 655 0 1533 1631 852 1085 2263 236 1676 784 1300 1615 1439 1301 1858
708 2158 1533 0 1207 903 841 1757 1497 143 1525 234 357 1685 1508 385
845 2247 1631 1207 0 834 619 664 1766 1245 1027 1170 1560 2573 2386 1537
195 1503 852 903 834 0 236 1497 948 1025 622 715 1147 1784 1602 1286
237 1734 1085 841 619 236 0 1284 1183 940 734 701 1138 1961 1776 1224
1507 2852 2263 1757 664 1497 1284 0 2415 1755 1578 1773 2114 3230 3043 2025
1029 666 236 1497 1766 948 1183 2415 0 1640 998 1264 1526 1205 1072 1789
830 2302 1676 143 1245 1025 940 1755 1640 0 1644 377 384 1787 1614 296
817 1287 784 1525 1027 622 734 1578 998 1644 0 1335 1762 2122 1958 1909
524 1925 1300 234 1170 715 701 1773 1264 377 1335 0 439 1543 1360 584
960 2191 1615 357 1560 1147 1138 2114 1526 384 1762 439 0 1448 1286 296
1728 1582 1439 1685 2573 1784 1961 3230 1205 1787 2122 1543 1448 0 186 1733
1542 1510 1301 1508 2386 1602 1776 3043 1072 1614 1958 1360 1286 186 0 1576
1091 2456 1858 385 1537 1286 1224 2025 1789 296 1909 584 296 1733 1576 0
