0 1377 944 892 833 964 1407 1413 43 685 1567 636 697 1368 151 415
1377 0 530 2159 2164 1563 2472 846 1410 2054 744 2003 1980 1838 1435 1187
944 530 0 1650 1672 1432 2220 1096 969 1630 1102 1580 1614 1787 1039 676
892 2159 1650 0 193 1715 1688 2305 848 674 2454 674 963 2079 948 974
833 2164 1672 193 0 1579 1498 2237 791 492 2400 498 788 1929 860 998
964 1563 1432 1715 1579 0 968 1024 997 1149 1258 1118 880 406 833 1297
1407 2472 2220 1688 1498 968 0 1991 1413 1022 2226 1035 776 973 1262 1823
1413 846 1096 2305 2237 1024 1991 0 1456 1947 236 1902 1758 1150 1380 1473
43 1410 969 848 791 997 1413 1456 0 660 1610 610 689 1400 172 413
685 2054 1630 674 492 1149 1022 1947 660 0 2138 50 299 1467 621 1029
1567 744 1102 2454 2400 1258 2226 236 1610 2138 0 2092 1965 1383 1551 1573
636 2003 1580 674 498 1118 1035 1902 610 50 2092 0 289 1444 571 983
697 1980 1614 963 788 880 776 1758 689 299 1965 289 0 1175 577 1099
1368 1838 1787 2079 1929 406 973 1150 1400 1467 1383 1444 1175 0 1233 1703
151 1435 1039 948 860 833 1262 1380 172 621 1551 571 577 1233 0 563
415 1187 676 974 998 1297 1823 1473 413 1029 1573 983 1099 1703 563 0
