0 730 1549 1550 613 1648 1060 687 1630 127 1388 1544 911 759 575 1492 1622
730 0 1755 1089 404 2194 496 1119 2109 777 1591 993 1065 158 418 870 1591
1549 1755 0 2843 1982 1012 2252 2213 776 1669 2933 2741 2457 1902 1345 2593 3155
1550 1089 2843 0 942 3186 593 1404 3138 1507 1312 225 1045 942 1500 431 960
613 404 1982 942 0 2244 465 754 2202 590 1188 932 660 294 669 896 1226
1648 2194 1012 3186 2244 0 2646 2120 247 1719 2830 3151 2476 2298 1798 3058 3193
1060 496 2252 593 465 2646 0 1157 2579 1052 1390 507 930 356 911 433 1246
687 1119 2213 1404 754 2120 1157 0 2164 559 730 1498 399 1044 1184 1542 1080
1630 2109 776 3138 2202 247 2579 2164 0 1716 2887 3086 2498 2225 1700 2979 3219
127 777 1669 1507 590 1719 1052 559 1716 0 1265 1519 799 782 681 1484 1516
1388 1591 2933 1312 1188 2830 1390 730 2887 1265 0 1496 531 1463 1794 1631 514
1544 993 2741 225 932 3151 507 1498 3086 1519 1496 0 1171 862 1411 213 1176
911 1065 2457 1045 660 2476 930 399 2498 799 531 1171 0 943 1266 1254 721
759 158 1902 942 294 2298 356 1044 2225 782 1463 862 943 0 557 761 1439
575 418 1345 1500 669 1798 911 1184 1700 681 1794 1411 1266 557 0 1284 1893
1492 870 2593 431 896 3058 433 1542 2979 1484 1631 213 1254 761 1284 0 1354
1622 1591 3155 960 1226 3193 1246 1080 3219 1516 514 1176 721 1439 1893 1354 0
