0 270 199 129 1668 169 1349 838 529 642 1554 29 565 1614 157 82
270 0 233 199 1430 394 1534 819 655 610 1291 241 530 1496 401 232
199 233 0 257 1501 209 1301 654 423 781 1419 185 700 1713 353 241
129 199 257 0 1630 297 1478 911 644 530 1487 109 450 1489 209 49
1668 1430 1501 1630 0 1705 2364 1308 1653 1861 402 1643 1805 2238 1820 1656
169 394 209 297 1705 0 1180 738 375 806 1628 188 730 1782 244 252
1349 1534 1301 1478 2364 1180 0 1063 889 1967 2470 1369 1896 2955 1369 1432
838 819 654 911 1308 738 1063 0 450 1423 1411 832 1342 2296 972 894
529 655 423 644 1653 375 889 450 0 1172 1667 539 1093 2130 617 608
642 610 781 530 1861 806 1967 1423 1172 0 1611 633 81 991 597 564
1554 1291 1419 1487 402 1628 2470 1411 1667 1611 0 1526 1568 1867 1692 1523
29 241 185 109 1643 188 1369 832 539 633 1526 0 554 1598 179 69
565 530 700 450 1805 730 1896 1342 1093 81 1568 554 0 1059 529 485
1614 1496 1713 1489 2238 1782 2955 2296 2130 991 1867 1598 1059 0 1587 1531
157 401 353 209 1820 244 1369 972 617 597 1692 179 529 1587 0 169
82 232 241 49 1656 252 1432 894 608 564 1523 69 485 1531 169 0
