0 1320 575 361 1646 583 1075 351 435 189 1134 1619 1419 1250 1338 445 1245
1320 0 1799 1680 438 951 2394 1480 901 1220 437 1842 2165 2464 1048 1208 75
575 1799 0 413 2169 886 761 769 906 591 1683 2109 1748 683 1488 623 1729
361 1680 413 0 1995 904 714 378 795 506 1471 1705 1340 994 1629 699 1605
1646 438 2169 1995 0 1362 2702 1737 1263 1578 540 1766 2229 2846 1468 1608 482
583 951 886 904 1362 0 1579 907 278 403 970 1955 1925 1525 760 265 889
1075 2394 761 714 2702 1579 0 991 1505 1201 2171 2100 1508 733 2242 1337 2320
351 1480 769 378 1737 907 991 0 694 536 1198 1340 1070 1371 1668 797 1404
435 901 906 795 1263 278 1505 694 0 319 797 1677 1665 1583 1003 391 829
189 1220 591 506 1578 403 1201 536 319 0 1094 1750 1597 1272 1151 262 1148
1134 437 1683 1471 540 970 2171 1198 797 1094 0 1406 1750 2366 1340 1178 387
1619 1842 2109 1705 1766 1955 2100 1340 1677 1750 1406 0 747 2666 2607 1992 1793
1419 2165 1748 1340 2229 1925 1508 1070 1665 1597 1750 747 0 2172 2669 1860 2099
1250 2464 683 994 2846 1525 733 1371 1583 1272 2366 2666 2172 0 1991 1261 2397
1338 1048 1488 1629 1468 760 2242 1668 1003 1151 1340 2607 2669 1991 0 930 1035
445 1208 623 699 1608 265 1337 797 391 262 1178 1992 1860 1261 930 0 1143
1245 75 1729 1605 482 889 2320 1404 829 1148 387 1793 2099 2397 1035 1143 0
