0 682 1489 193 999 261 83 1001 88 1646 224 1706 1670 921 6 261
682 0 860 795 475 540 700 619 594 2328 885 1333 2031 1420 689 539
1489 860 0 1542 999 1270 1479 652 1405 3090 1652 1696 2859 1966 1494 1394
193 795 1542 0 1162 273 119 992 250 1553 117 1894 1795 728 188 451
999 475 999 1162 0 952 1048 1034 919 2598 1223 863 1912 1850 1006 764
261 540 1270 273 952 0 219 744 213 1826 382 1743 1917 898 264 383
83 700 1479 119 1048 219 0 963 131 1632 185 1775 1742 846 80 333
1001 619 652 992 1034 744 963 0 934 2498 1109 1888 2586 1318 1004 1010
88 594 1405 250 919 213 131 934 0 1734 305 1645 1703 975 94 209
1646 2328 3090 1553 2598 1826 1632 2498 1734 0 1449 3104 1896 1327 1639 1841
224 885 1652 117 1223 382 185 1109 305 1449 0 1921 1710 728 217 480
1706 1333 1696 1894 863 1743 1775 1888 1645 3104 1921 0 1835 2620 1712 1445
1670 2031 2859 1795 1912 1917 1742 2586 1703 1896 1710 1835 0 2310 1669 1579
921 1420 1966 728 1850 898 846 1318 975 1327 728 2620 2310 0 916 1180
6 689 1494 188 1006 264 80 1004 94 1639 217 1712 1669 916 0 267
261 539 1394 451 764 383 333 1010 209 1841 480 1445 1579 1180 267 0
