0 961 1147 1607 503 421 1061 1528 1509 1055 1007 145 1363 530 600 32
961 0 210 2434 1324 1104 1075 2382 2308 933 366 1073 840 1068 674 993
1147 210 0 2643 1530 1242 1259 2516 2517 1109 515 1249 941 1186 774 1178
1607 2434 2643 0 1128 1855 1722 1872 153 1868 2285 1592 2343 2002 2206 1588
503 1324 1530 1128 0 855 941 1593 1018 1015 1238 539 1445 991 1100 492
421 1104 1242 1855 855 0 1468 1277 1782 1444 1269 321 1692 146 493 410
1061 1075 1259 1722 941 1468 0 2508 1571 168 755 1198 628 1544 1371 1082
1528 2382 2516 1872 1593 1277 2508 0 1904 2544 2518 1384 2891 1334 1748 1497
1509 2308 2517 153 1018 1782 1571 1904 0 1719 2148 1505 2194 1929 2110 1492
1055 933 1109 1868 1015 1444 168 2544 1719 0 598 1198 475 1505 1292 1080
1007 366 515 2285 1238 1269 755 2518 2148 598 0 1143 487 1272 932 1039
145 1073 1249 1592 539 321 1198 1384 1505 1198 1143 0 1509 452 626 117
1363 840 941 2343 1445 1692 628 2891 2194 475 487 1509 0 1717 1407 1394
530 1068 1186 2002 991 146 1544 1334 1929 1505 1272 452 1717 0 413 524
600 674 774 2206 1100 493 1371 1748 2110 1292 932 626 1407 413 0 618
32 993 1178 1588 492 410 1082 1497 1492 1080 1039 117 1394 524 618 0
