0 630 1070 1065 587 821 346 1501 92 724 1691 124 942 1035 1675 1404
630 0 1671 545 194 840 470 1195 545 1216 2304 507 1059 1539 1508 2034
1070 1671 0 1972 1656 1333 1391 2498 1163 575 637 1179 1240 1183 2574 569
1065 545 1972 0 732 774 1004 1564 1003 1431 2607 946 995 2058 1937 2419
587 194 1656 732 0 986 332 1049 494 1253 2278 479 1194 1394 1335 1972
821 840 1333 774 986 0 1025 2032 830 758 1940 769 230 1820 2316 1857
346 470 1391 1004 332 1025 0 1155 265 1069 1995 295 1192 1070 1347 1660
1501 1195 2498 1564 1049 2032 1155 0 1419 2225 3055 1439 2243 1730 425 2639
92 545 1163 1003 494 830 265 1419 0 806 1783 65 969 1072 1607 1490
724 1216 575 1431 1253 758 1069 2225 806 0 1188 792 675 1349 2389 1115
1691 2304 637 2607 2278 1940 1995 3055 1783 1188 0 1805 1816 1518 3078 508
124 507 1179 946 479 769 295 1439 65 792 1805 0 915 1136 1642 1527
942 1059 1240 995 1194 230 1192 2243 969 675 1816 915 0 1882 2512 1790
1035 1539 1183 2058 1394 1820 1070 1730 1072 1349 1518 1136 1882 0 1638 1024
1675 1508 2574 1937 1335 2316 1347 425 1607 2389 3078 1642 2512 1638 0 2623
1404 2034 569 2419 1972 1857 1660 2639 1490 1115 508 1527 1790 1024 2623 0
