0 1198 731 1013 1238 584 312 465 725 1127 923 1188 1336 864 60 672 1657
1198 0 993 1583 1697 752 1507 1515 1083 915 1965 242 2361 1806 1220 1018 2609
731 993 0 591 734 904 910 1196 91 1467 1647 1132 1425 870 698 1178 2384
1013 1583 591 0 230 1408 1009 1415 504 1994 1782 1722 971 513 957 1628 2501
1238 1697 734 230 0 1601 1240 1645 659 2183 2011 1858 1072 698 1182 1837 2727
584 752 904 1408 1601 0 882 779 956 588 1215 660 1911 1405 632 315 1862
312 1507 910 1009 1240 882 0 428 875 1388 778 1500 1091 704 287 907 1511
465 1515 1196 1415 1645 779 428 0 1187 1135 472 1439 1469 1130 501 653 1196
725 1083 91 504 659 956 875 1187 0 1529 1628 1218 1336 784 685 1218 2366
1127 915 1467 1994 2183 588 1388 1135 1529 0 1446 690 2463 1980 1183 489 1924
923 1965 1647 1782 2011 1215 778 472 1628 1446 0 1865 1589 1402 950 1015 738
1188 242 1132 1722 1858 660 1500 1439 1218 690 1865 0 2433 1887 1221 873 2472
1336 2361 1425 971 1072 1911 1091 1469 1336 2463 1589 2433 0 558 1283 1993 2151
864 1806 870 513 698 1405 704 1130 784 1980 1402 1887 558 0 804 1536 2083
60 1220 698 957 1182 632 287 501 685 1183 950 1221 1283 804 0 732 1686
672 1018 1178 1628 1837 315 907 653 1218 489 1015 873 1993 1536 732 0 1599
1657 2609 2384 2501 2727 1862 1511 1196 2366 1924 738 2472 2151 2083 1686 1599 0
