0 1050 465 151 1690 1307 18 672 1656 814 675 330 1191 1608 1550 53
1050 0 1456 1191 2382 1647 1053 845 1675 1557 1112 1378 2114 2614 1977 1029
465 1456 0 318 1288 1631 474 1124 1579 488 1068 323 728 1161 1285 512
151 1191 318 0 1573 1379 157 807 1648 713 775 218 1046 1457 1479 194
1690 2382 1288 1573 0 2918 1705 2358 1314 885 2347 1608 739 1120 625 1743
1307 1647 1631 1379 2918 0 1289 843 2922 2089 657 1309 2275 2446 2855 1258
18 1053 474 157 1705 1289 0 659 1675 830 658 325 1201 1613 1568 39
672 845 1124 807 2358 843 659 0 2123 1476 273 875 1851 2208 2162 620
1656 1675 1579 1648 1314 2922 1675 2123 0 1159 2265 1828 1647 2224 688 1696
814 1557 488 713 885 2089 830 1476 1159 0 1484 803 612 1193 796 867
675 1112 1068 775 2347 657 658 273 2265 1484 0 773 1774 2069 2223 623
330 1378 323 218 1608 1309 325 875 1828 803 773 0 1001 1335 1596 348
1191 2114 728 1046 739 2275 1201 1851 1647 612 1774 1001 0 591 1078 1240
1608 2614 1161 1457 1120 2446 1613 2208 2224 1193 2069 1335 591 0 1612 1648
1550 1977 1285 1479 625 2855 1568 2162 688 796 2223 1596 1078 1612 0 1601
53 1029 512 194 1743 1258 39 620 1696 867 623 348 1240 1648 1601 0
