0 373 832 952 1571 150 1286 219 1626 79 205 9 767 995 1430 635
373 0 580 1240 1936 404 1017 516 1973 445 531 364 1141 772 1641 974
832 580 0 1779 2357 753 454 1036 2443 869 871 823 1513 1196 2215 1220
952 1240 1779 0 923 1064 2233 742 829 932 991 960 704 1375 572 1021
1571 1936 2357 923 0 1610 2794 1432 286 1512 1486 1580 848 2266 1228 1205
150 404 753 1064 1610 0 1202 357 1689 132 133 148 778 1107 1563 570
1286 1017 454 2233 2794 1202 0 1490 2890 1322 1315 1278 1946 1511 2659 1627
219 516 1036 742 1432 357 1490 0 1457 231 347 225 691 961 1211 680
1626 1973 2443 829 286 1689 2890 1457 0 1577 1576 1635 979 2205 1010 1362
79 445 869 932 1512 132 1322 231 1577 0 134 86 697 1072 1431 556
205 531 871 991 1486 133 1315 347 1576 134 0 209 648 1200 1514 444
9 364 823 960 1580 148 1278 225 1635 86 209 0 776 990 1437 642
767 1141 1513 704 848 778 1946 691 979 697 648 776 0 1641 1271 389
995 772 1196 1375 2266 1107 1511 961 2205 1072 1200 990 1641 0 1506 1621
1430 1641 2215 572 1228 1563 2659 1211 1010 1431 1514 1437 1271 1506 0 1593
635 974 1220 1021 1205 570 1627 680 1362 556 444 642 389 1621 1593 0
