0 1674 1103 1481 252 1214 1539 608 1084 87 1019 1721 1269 103 1553 59
1674 0 1680 2903 1589 2649 918 1258 1366 1662 1673 2934 2465 1668 1154 1674
1103 1680 0 1382 852 1185 2099 673 1945 1017 86 1289 862 1003 2226 1159
1481 2903 1382 0 1404 268 3000 1650 2559 1430 1339 461 537 1415 3031 1525
252 1589 852 1404 0 1136 1599 401 1232 169 769 1583 1112 158 1648 307
1214 2649 1185 268 1136 0 2731 1393 2295 1162 1133 600 422 1147 2764 1259
1539 918 2099 3000 1599 2731 0 1465 664 1577 2056 3167 2687 1590 239 1507
608 1258 673 1650 401 1393 1465 0 1272 546 612 1732 1251 542 1570 646
1084 1366 1945 2559 1232 2295 664 1272 0 1148 1880 2802 2340 1164 549 1036
87 1662 1017 1430 169 1162 1577 546 1148 0 933 1653 1196 16 1601 146
1019 1673 86 1339 769 1133 2056 612 1880 933 0 1274 831 919 2176 1075
1721 2934 1289 461 1583 600 3167 1732 2802 1653 1274 0 482 1637 3230 1773
1269 2465 862 537 1112 422 2687 1251 2340 1196 831 482 0 1180 2755 1325
103 1668 1003 1415 158 1147 1590 542 1164 16 919 1637 1180 0 1616 162
1553 1154 2226 3031 1648 2764 239 1570 549 1601 2176 3230 2755 1616 0 1513
59 1674 1159 1525 307 1259 1507 646 1036 146 1075 1773 1325 162 1513 0
