0 630 300 1105 275 1053 289 386 142 1198 121 333 258 833 272 1695
630 0 880 634 800 788 438 363 744 1609 716 751 780 1290 405 2294
300 880 0 1401 106 1101 590 684 157 1288 181 556 441 922 569 1415
1105 634 1401 0 1346 1350 819 719 1245 1642 1220 1031 1123 1428 832 2794
275 800 106 1346 0 995 553 640 150 1362 160 578 473 993 523 1495
1053 788 1101 1350 995 0 1071 1056 1065 2240 1046 1342 1304 1881 1017 2289
289 438 590 819 553 1071 0 102 432 1195 409 314 349 860 56 1975
386 363 684 719 640 1056 102 0 527 1249 503 395 445 927 116 2076
142 744 157 1245 150 1065 432 527 0 1233 27 428 325 864 412 1561
1198 1609 1288 1642 1362 2240 1195 1249 1233 0 1242 899 940 369 1244 1920
121 716 181 1220 160 1046 409 503 27 1242 0 422 323 872 387 1588
333 751 556 1031 578 1342 314 395 428 899 422 0 121 550 355 1802
258 780 441 1123 473 1304 349 445 325 940 323 121 0 576 375 1691
833 1290 922 1428 993 1881 860 927 864 369 872 550 576 0 904 1728
272 405 569 832 523 1017 56 116 412 1244 387 355 375 904 0 1967
1695 2294 1415 2794 1495 2289 1975 2076 1561 1920 1588 1802 1691 1728 1967 0
