0 714 1144 110 1239 1678 1381 1548 1037 1696 928 1433 0 505 1375 165
714 0 1175 753 885 1668 2054 2037 1699 1579 279 1316 714 975 1648 701
1144 1175 0 1052 620 536 1662 2658 2009 2698 1080 2427 1143 1649 2516 1294
110 753 1052 0 1191 1583 1312 1620 1065 1806 943 1542 109 601 1475 275
1239 885 620 1191 0 915 2168 2774 2254 2460 667 2200 1238 1694 2485 1337
1678 1668 536 1583 915 0 1964 3172 2490 3220 1525 2951 1677 2183 3051 1830
1381 2054 1662 1312 2168 1964 0 1879 1110 2850 2198 2625 1380 1541 2181 1481
1548 2037 2658 1620 2774 3172 1879 0 786 1525 2315 1453 1549 1084 655 1436
1037 1699 2009 1065 2254 2490 1110 786 0 1879 1947 1701 1037 781 1105 1000
1696 1579 2698 1806 2460 3220 2850 1525 1879 0 1802 270 1697 1325 873 1534
928 279 1080 943 667 1525 2198 2315 1947 1802 0 1547 928 1246 1924 947
1433 1316 2427 1542 2200 2951 2625 1453 1701 270 1547 0 1433 1087 802 1272
0 714 1143 109 1238 1677 1380 1549 1037 1697 928 1433 0 505 1375 166
505 975 1649 601 1694 2183 1541 1084 781 1325 1246 1087 505 0 874 363
1375 1648 2516 1475 2485 3051 2181 655 1105 873 1924 802 1375 874 0 1221
165 701 1294 275 1337 1830 1481 1436 1000 1534 947 1272 166 363 1221 0
