0 816 633 1159 361 682 351 1085 1398 1163 1540 1150 1370 1570 1203 1158
816 0 293 1961 457 1385 1087 1802 1237 1941 724 1085 2186 1553 1852 1271
633 293 0 1727 293 1279 956 1532 1429 1691 963 1241 1975 1713 1781 1001
1159 1961 1727 0 1505 999 1036 462 2344 177 2681 2091 335 2377 1219 1607
361 457 293 1505 0 986 665 1372 1297 1492 1181 1078 1729 1541 1488 1107
682 1385 1279 999 986 0 331 1205 1370 1105 2076 1125 1037 1378 523 1769
351 1087 956 1036 665 331 0 1108 1329 1093 1797 1073 1171 1423 852 1470
1085 1802 1532 462 1372 1205 1108 0 2430 298 2493 2175 793 2529 1557 1195
1398 1237 1429 2344 1297 1370 1329 2430 0 2418 1497 255 2407 359 1510 2400
1163 1941 1691 177 1492 1105 1093 298 2418 0 2653 2163 497 2474 1371 1477
1540 724 963 2681 1181 2076 1797 2493 1497 2653 0 1463 2911 1856 2506 1733
1150 1085 1241 2091 1078 1125 1073 2175 255 2163 1463 0 2162 472 1311 2186
1370 2186 1975 335 1729 1037 1171 793 2407 497 2911 2162 0 2389 1102 1937
1570 1553 1713 2377 1541 1378 1423 2529 359 2474 1856 472 2389 0 1388 2648
1203 1852 1781 1219 1488 523 852 1557 1510 1371 2506 1311 1102 1388 0 2280
1158 1271 1001 1607 1107 1769 1470 1195 2400 1477 1733 2186 1937 2648 2280 0
