0 997 618 1624 1248 1660 453 1558 148 1167 1556 1378 85 741 1425 551 1125
997 0 1586 2598 1023 1691 1247 595 853 1906 581 2320 932 1563 1892 922 772
618 1586 0 1204 1525 2101 765 2165 765 1219 2159 1068 664 836 1194 1088 1721
1624 2598 1204 0 2727 2317 1385 3107 1756 1068 3115 347 1703 1121 2244 1788 2417
1248 1023 1525 2727 0 2612 1692 1468 1194 2414 1431 2551 1165 1989 1109 1589 1751
1660 1691 2101 2317 2612 0 1336 1738 1595 1249 1777 1972 1695 1350 3083 1117 929
453 1247 765 1385 1692 1336 0 1725 502 725 1735 1082 530 321 1817 411 1067
1558 595 2165 3107 1468 1738 1725 0 1410 2296 47 2806 1502 2018 2451 1338 867
148 853 765 1756 1194 1595 502 1410 0 1227 1408 1498 116 814 1491 477 998
1167 1906 1219 1068 2414 1249 725 2296 1227 0 2316 723 1249 432 2402 984 1489
1556 581 2159 3115 1431 1777 1735 47 1408 2316 0 2817 1498 2031 2423 1353 899
1378 2320 1068 347 2551 1972 1082 2806 1498 723 2817 0 1462 796 2209 1474 2088
85 932 664 1703 1165 1695 530 1502 116 1249 1498 1462 0 824 1387 578 1115
741 1563 836 1121 1989 1350 321 2018 814 432 2031 796 824 0 1994 680 1295
1425 1892 1194 2244 1109 3083 1817 2451 1491 2402 2423 2209 1387 1994 0 1966 2423
551 922 1088 1788 1589 1117 411 1338 477 984 1353 1474 578 680 1966 0 659
1125 772 1721 2417 1751 929 1067 867 998 1489 899 2088 1115 1295 2423 659 0
