0 88 792 689 780 858 844 158 109 657 185 282 488 331 805 119 571 195 317 227 343 820 592 128 527 400 526 829 753 474 545 70 99 317 382 783 125 275 756 79 696 851 267 79 717 287 445 722 719 288 775 20 545 844 197 26 374 405 381 129 150 814 575 615 663 469 827 224 105 755 342 811 841 100 697 635 119 863
88 0 774 764 720 892 856 159 47 666 144 251 446 246 864 51 632 144 318 193 255 788 633 89 445 408 614 918 732 434 539 154 72 386 365 723 48 353 829 110 741 933 355 166 641 354 517 798 671 360 852 68 457 772 265 63 395 476 435 107 239 769 489 677 748 426 896 145 178 839 431 737 875 123 625 610 30 884
792 774 0 1389 1365 1648 279 932 727 1441 912 1015 365 859 720 725 1329 903 477 960 810 1524 481 863 1003 411 1028 1256 1488 368 254 842 846 1077 410 419 808 1012 856 712 1478 1482 870 834 596 1052 1180 883 291 709 927 785 761 576 972 780 463 1149 1160 882 825 1468 968 1369 1279 380 1545 686 742 1380 919 1297 480 692 1214 171 772 361
689 764 1389 0 1128 494 1330 654 798 600 730 717 1157 939 1020 807 201 753 935 719 978 962 998 724 1075 981 430 508 850 1141 1137 619 713 380 1019 1467 773 414 853 746 329 214 519 615 1405 412 247 791 1389 681 809 707 1204 1533 499 714 926 289 369 700 585 1054 1157 173 196 1139 158 909 680 177 473 1250 1219 762 1147 1262 790 1310
780 720 1365 1128 0 882 1526 647 749 586 596 515 1001 522 1584 743 927 585 1004 560 562 300 1348 652 364 1095 1225 1502 374 1000 1187 801 681 844 1015 1102 671 879 1533 830 877 1342 1003 822 906 823 937 1495 1141 1068 1546 766 638 1039 793 766 1099 905 789 653 903 164 421 962 1230 987 1179 719 885 1283 1062 175 1581 843 169 1196 699 1569
858 892 1648 494 882 0 1662 735 938 306 782 704 1338 948 1447 943 378 799 1170 743 1003 622 1354 813 995 1244 872 1003 518 1325 1397 805 820 587 1240 1601 872 658 1302 936 192 664 836 814 1477 604 527 1242 1562 1000 1270 866 1220 1620 677 872 1204 541 492 789 836 752 1088 362 687 1318 428 1019 908 667 830 1044 1598 956 970 1493 904 1662
844 856 279 1330 1526 1662 0 1000 813 1499 1001 1108 550 1004 487 815 1311 999 539 1050 964 1642 334 945 1177 448 925 1100 1589 544 339 876 922 1075 512 693 899 1004 653 767 1479 1384 834 862 852 1058 1155 693 558 665 728 845 971 850 991 841 470 1131 1171 959 826 1608 1159 1345 1188 558 1488 811 765 1285 862 1484 215 747 1390 378 864 82
158 159 932 654 647 735 1000 0 206 509 77 133 604 286 952 210 499 100 467 90 324 663 750 79 450 554 597 892 595 592 693 156 86 277 521 871 138 273 887 233 591 842 357 176 770 245 408 848 827 430 898 155 550 907 173 158 531 367 298 54 256 666 518 545 674 585 773 286 255 755 421 701 998 253 587 769 169 1021
109 47 727 798 749 938 813 206 0 714 188 295 399 256 839 10 672 185 274 238 254 829 599 136 458 365 624 928 776 387 493 180 120 423 318 681 86 384 813 93 786 961 365 188 607 391 552 786 625 347 841 91 440 736 301 84 356 512 477 155 250 805 493 717 772 380 933 114 175 865 441 757 838 99 647 563 52 842
657 666 1441 600 586 306 1499 509 714 0 535 440 1105 669 1369 716 407 548 974 489 727 365 1220 579 694 1058 852 1064 252 1095 1201 622 594 477 1031 1340 636 546 1255 736 300 810 727 637 1200 479 493 1202 1317 869 1240 659 933 1344 519 664 1028 482 378 558 686 474 788 428 752 1086 613 774 733 774 749 743 1471 757 665 1277 671 1512
185 144 912 730 596 782 1001 77 188 535 0 106 570 209 990 188 569 23 462 49 249 644 771 59 374 553 667 965 588 560 682 209 86 355 506 819 104 350 938 245 649 919 421 229 706 323 485 901 785 472 953 173 477 846 250 174 538 443 369 58 312 631 441 616 752 551 846 239 290 832 489 636 1016 262 522 745 139 1028
282 251 1015 717 515 704 1108 133 295 440 106 0 668 246 1084 294 538 112 569 57 299 539 874 163 358 660 718 1007 481 659 788 289 188 363 611 902 210 379 1021 348 589 918 487 310 773 334 483 980 877 562 1031 273 522 915 284 275 644 443 347 153 389 534 440 584 767 650 817 335 384 838 548 579 1120 366 466 847 245 1134
488 446 365 1157 1001 1338 550 604 399 1105 570 668 0 495 806 395 1057 558 242 616 445 1161 516 528 641 257 876 1156 1131 18 225 552 518 802 158 322 470 749 870 417 1183 1291 654 550 361 773 923 872 232 530 926 476 420 433 685 470 314 886 869 551 571 1103 613 1101 1089 19 1304 333 476 1189 721 941 670 399 853 195 436 610
331 246 859 939 522 948 1004 286 256 669 209 246 495 0 1090 247 774 186 484 223 57 668 836 228 202 575 853 1155 646 491 666 384 250 564 492 677 205 555 1069 348 835 1128 596 401 531 532 694 1041 673 603 1096 311 276 675 456 308 583 653 575 248 480 610 244 820 958 479 1051 198 424 1041 670 506 1063 355 399 688 216 1047
805 864 720 1020 1584 1447 487 952 839 1369 990 1084 806 1090 0 847 1069 999 634 1031 1073 1610 289 933 1291 565 590 664 1530 791 598 797 904 893 676 1068 913 823 189 754 1254 1011 642 777 1166 890 920 247 932 522 261 817 1177 1213 860 817 528 912 995 934 704 1618 1309 1091 841 802 1170 901 701 924 624 1596 282 742 1486 726 887 419
119 51 725 807 743 943 815 210 10 716 188 294 395 247 847 0 679 183 276 237 244 827 604 137 449 368 635 938 775 382 493 189 123 431 318 673 84 393 822 103 792 971 376 198 598 399 561 795 620 357 850 100 430 727 309 93 360 521 484 157 261 801 484 725 782 375 942 104 185 875 452 749 842 108 639 560 49 845
571 632 1329 201 927 378 1311 499 672 407 569 538 1057 774 1069 679 0 592 856 550 818 764 992 576 893 918 495 663 652 1042 1075 505 571 255 935 1353 630 316 924 640 185 416 477 507 1268 284 156 865 1289 645 894 585 1047 1403 373 592 870 181 200 550 504 852 978 46 346 1038 278 775 590 368 459 1052 1231 659 951 1187 653 1303
195 144 903 753 585 799 999 100 185 548 23 112 558 186 999 183 592 0 459 58 226 644 775 67 354 551 687 985 591 548 676 225 96 378 500 801 99 372 950 249 669 942 438 245 686 346 508 915 770 483 967 181 454 826 272 181 539 466 392 73 328 626 419 638 774 539 868 225 300 855 507 620 1019 265 506 735 134 1028
317 318 477 935 1004 1170 539 467 274 974 462 569 242 484 634 276 856 459 0 511 455 1103 359 407 675 92 634 914 1050 224 228 365 385 602 86 564 360 540 661 238 1001 1056 420 357 582 576 712 653 463 288 709 314 544 671 495 309 105 678 683 422 354 1074 682 898 853 227 1086 286 266 954 484 986 578 217 882 330 325 570
227 193 960 719 560 743 1050 90 238 489 49 57 616 223 1031 237 550 58 511 0 271 596 817 106 366 602 686 980 539 606 731 241 131 351 555 858 153 356 973 291 617 914 447 262 738 321 478 935 828 511 986 217 498 879 258 219 587 437 352 98 343 587 441 596 754 597 828 284 330 830 511 611 1063 309 497 793 188 1077
343 255 810 978 562 1003 964 324 254 727 249 299 445 57 1073 244 818 226 455 271 0 721 812 257 219 544 869 1173 702 442 625 403 275 600 455 619 222 585 1063 348 887 1163 611 418 474 568 732 1038 617 601 1093 323 228 618 488 318 557 691 619 280 494 658 240 865 988 429 1095 172 428 1074 686 530 1032 351 428 639 224 1010
820 788 1524 962 300 622 1642 663 829 365 644 539 1161 668 1610 827 764 644 1103 596 721 0 1412 702 582 1195 1159 1402 113 1156 1314 815 728 765 1136 1322 743 820 1526 888 665 1174 981 834 1142 754 821 1478 1337 1088 1524 813 864 1283 758 815 1183 799 683 693 905 140 663 789 1101 1145 978 840 919 1133 1023 475 1660 906 445 1353 778 1672
592 633 481 998 1348 1354 334 750 599 1220 771 874 516 836 289 604 992 775 359 817 812 1412 0 712 1032 280 590 782 1345 502 314 605 685 769 390 787 681 697 381 526 1166 1050 517 588 877 756 835 402 654 355 449 600 896 929 701 598 255 815 869 720 534 1402 1041 1023 853 513 1156 640 496 951 535 1342 251 510 1236 449 650 312
128 89 863 724 652 813 945 79 136 579 59 163 528 228 933 137 576 67 407 106 257 702 712 0 412 497 628 929 644 517 629 161 29 344 454 791 59 328 884 186 670 906 376 181 692 312 477 848 749 416 901 115 480 828 230 115 480 435 375 25 264 690 470 622 731 509 848 206 233 816 447 686 957 203 572 697 92 971
527 445 1003 1075 364 995 1177 450 458 694 374 358 641 202 1291 449 893 354 675 366 219 582 1032 412 0 763 1040 1340 595 641 837 573 438 717 671 746 401 722 1271 550 918 1276 788 592 560 687 841 1243 777 804 1297 508 283 700 623 505 777 801 706 426 674 489 93 937 1121 628 1170 391 624 1196 859 311 1251 557 213 835 416 1225
400 408 411 981 1095 1244 448 554 365 1058 553 660 257 575 565 368 918 551 92 602 544 1195 280 497 763 0 648 912 1141 240 157 441 474 667 111 567 452 601 614 322 1070 1087 462 430 617 644 769 614 450 308 668 399 615 690 566 395 61 737 754 511 414 1166 765 958 883 249 1136 377 335 985 516 1074 488 301 972 284 417 478
526 614 1028 430 1225 872 925 597 624 852 667 718 876 853 590 635 495 687 634 686 869 1159 590 628 1040 648 0 303 1060 858 791 469 603 394 720 1199 649 347 431 538 681 460 259 451 1192 408 362 370 1094 346 398 546 1064 1298 434 551 587 370 480 614 375 1207 1098 510 264 861 583 735 453 360 183 1297 795 544 1183 930 645 895
829 918 1256 508 1502 1003 1100 892 928 1064 965 1007 1156 1155 664 938 663 985 914 980 1173 1402 782 929 1340 912 303 0 1295 1138 1039 771 905 658 997 1476 952 628 475 841 829 396 563 754 1486 679 580 420 1363 630 405 850 1368 1585 723 855 851 605 723 913 679 1467 1400 657 319 1142 615 1038 756 345 487 1586 928 846 1473 1183 949 1052
753 732 1488 850 374 518 1589 595 776 252 588 481 1131 646 1530 775 652 591 1050 539 702 113 1345 644 595 1141 1060 1295 0 1124 1268 741 668 668 1091 1316 691 726 1437 826 552 1061 893 759 1147 659 715 1388 1319 1011 1431 749 869 1290 671 752 1124 696 580 631 826 233 682 677 992 1113 865 802 848 1021 931 546 1594 845 494 1318 726 1615
474 434 368 1141 1000 1325 544 592 387 1095 560 659 18 491 791 382 1042 548 224 606 442 1156 502 517 641 240 858 1138 1124 0 215 537 506 787 141 340 459 733 854 402 1169 1273 636 535 377 758 907 855 248 512 909 462 427 451 670 456 296 870 855 539 555 1100 616 1086 1072 13 1288 324 460 1172 704 944 660 383 854 197 425 603
545 539 254 1137 1187 1397 339 693 493 1201 682 788 225 666 598 493 1075 676 228 731 625 1314 314 629 837 157 791 1039 1268 215 0 592 609 823 177 473 578 758 690 466 1225 1237 617 583 572 799 926 702 341 459 753 541 641 615 720 536 211 894 908 646 571 1273 822 1115 1033 229 1292 475 489 1135 669 1145 444 445 1050 144 542 391
70 154 842 619 801 805 876 156 180 622 209 289 552 384 797 189 505 225 365 241 403 815 605 161 573 441 469 771 741 537 592 0 135 250 436 851 181 205 732 135 637 781 214 20 787 220 376 693 784 274 745 89 611 914 132 95 407 336 320 151 103 822 629 549 594 533 758 294 111 686 286 846 856 154 732 690 183 890
99 72 846 713 681 820 922 86 120 594 86 188 518 250 904 123 571 96 385 131 275 728 685 29 438 474 603 905 668 506 609 135 0 333 437 789 60 311 854 159 673 891 350 154 697 300 466 819 741 387 872 86 494 831 215 87 456 424 372 36 236 718 494 617 713 498 840 205 204 800 421 714 931 177 601 683 84 947
317 386 1077 380 844 587 1075 277 423 477 355 363 802 564 893 431 255 378 602 351 600 765 769 344 717 667 394 658 668 787 823 250 333 0 679 1101 393 72 778 384 405 564 256 251 1027 32 132 726 1034 414 766 333 825 1158 121 340 622 91 101 320 253 815 792 299 404 783 510 531 335 479 271 934 1017 403 824 932 411 1075
382 365 410 1019 1015 1240 512 521 318 1031 506 611 158 492 676 318 935 500 86 555 455 1136 390 454 671 111 720 997 1091 141 177 436 437 679 0 479 402 620 722 303 1074 1142 506 430 510 653 793 720 376 374 775 375 506 591 568 369 159 758 757 473 435 1096 666 977 939 146 1170 299 344 1040 570 982 583 283 883 253 366 555
783 723 419 1467 1102 1601 693 871 681 1340 819 902 322 677 1068 673 1353 801 564 858 619 1322 787 791 746 567 1199 1476 1316 340 473 851 789 1101 479 0 732 1055 1162 721 1462 1609 973 853 210 1070 1227 1171 138 853 1224 768 464 156 980 761 627 1188 1158 816 885 1235 681 1398 1409 338 1610 584 789 1508 1042 994 873 705 936 343 704 772
125 48 808 773 671 872 899 138 86 636 104 210 470 205 913 84 630 99 360 153 222 743 681 59 401 452 649 952 691 459 578 181 60 393 402 732 0 368 876 159 729 949 391 197 637 360 525 844 689 407 898 107 436 772 274 103 441 484 431 84 275 721 450 676 769 450 900 147 223 857 465 690 922 172 577 641 35 929
275 353 1012 414 879 658 1004 273 384 546 350 379 749 555 823 393 316 372 540 356 585 820 697 328 722 601 347 628 726 733 758 205 311 72 620 1055 368 0 713 334 474 580 184 201 992 67 173 662 982 342 705 293 805 1119 99 300 554 137 173 306 187 861 791 357 403 730 555 497 275 488 205 958 944 351 845 871 381 1003
756 829 856 853 1533 1302 653 887 813 1255 938 1021 870 1069 189 822 924 950 661 973 1063 1526 381 884 1271 614 431 475 1437 854 690 732 854 778 722 1162 876 713 0 721 1110 828 544 711 1231 781 783 62 1031 469 75 772 1199 1297 768 773 564 781 876 880 631 1549 1303 941 667 863 998 895 653 745 508 1566 461 714 1453 829 856 593
79 110 712 746 830 936 767 233 93 736 245 348 417 348 754 103 640 249 238 291 348 888 526 186 550 322 538 841 826 402 466 135 159 384 303 721 159 334 721 0 772 897 281 133 671 355 507 693 649 254 747 78 526 791 268 74 298 469 455 195 172 875 587 684 703 398 889 197 85 799 357 846 771 20 735 557 134 788
696 741 1478 329 877 192 1479 591 786 300 649 589 1183 835 1254 792 185 669 1001 617 887 665 1166 670 918 1070 681 829 552 1169 1225 637 673 405 1074 1462 729 474 1110 772 0 524 649 644 1355 426 335 1051 1412 814 1079 707 1112 1495 506 713 1027 351 317 645 658 774 1009 175 510 1164 313 877 735 506 639 1023 1409 792 934 1328 757 1476
851 933 1482 214 1342 664 1384 842 961 810 919 918 1291 1128 1011 971 416 942 1056 914 1163 1174 1050 906 1276 1087 460 396 1061 1273 1237 781 891 564 1142 1609 949 580 828 897 524 0 636 773 1567 596 435 767 1519 779 770 870 1385 1689 676 877 1028 476 573 883 727 1268 1354 385 204 1273 240 1075 822 102 572 1462 1245 910 1358 1372 961 1352
267 355 870 519 1003 836 834 357 365 727 421 487 654 596 642 376 477 438 420 447 611 981 517 376 788 462 259 563 893 636 617 214 350 256 506 973 391 184 544 281 649 636 0 196 947 248 321 499 882 168 546 287 806 1060 223 292 407 298 357 364 116 1007 841 511 435 637 674 477 197 535 76 1057 762 289 943 744 386 827
79 166 834 615 822 814 862 176 188 637 229 310 550 401 777 198 507 245 357 262 418 834 588 181 592 430 451 754 759 535 583 20 154 251 430 853 197 201 711 133 644 773 196 0 794 223 374 673 783 254 724 99 624 919 138 105 394 335 326 172 83 842 646 551 584 531 756 303 96 677 268 866 839 151 752 684 197 874
717 641 596 1405 906 1477 852 770 607 1200 706 773 361 531 1166 598 1268 686 582 738 474 1142 877 692 560 617 1192 1486 1147 377 572 787 697 1027 510 210 637 992 1231 671 1355 1567 947 794 0 995 1159 1230 306 856 1285 698 278 144 906 692 669 1118 1068 717 843 1046 486 1314 1374 368 1537 496 750 1469 1021 790 1008 659 738 476 616 925
287 354 1052 412 823 604 1058 245 391 479 323 334 773 532 890 399 284 346 576 321 568 754 756 312 687 644 408 679 659 758 799 220 300 32 653 1070 360 67 781 355 426 596 248 223 995 0 165 730 1005 401 772 302 792 1126 89 309 600 123 113 288 232 798 761 328 433 754 542 499 310 510 273 909 1005 374 798 906 378 1060
445 517 1180 247 937 527 1155 408 552 493 485 483 923 694 920 561 156 508 712 478 732 821 835 477 841 769 362 580 715 907 926 376 466 132 793 1227 525 173 783 507 335 435 321 374 1159 165 0 725 1156 489 758 462 957 1288 252 469 719 41 148 453 357 888 918 190 293 904 382 662 448 356 303 1041 1075 524 933 1042 543 1147
722 798 883 791 1495 1242 693 848 786 1202 901 980 872 1041 247 795 865 915 653 935 1038 1478 402 848 1243 614 370 420 1388 855 702 693 819 726 720 1171 844 662 62 693 1051 767 499 673 1230 730 725 0 1043 438 56 739 1184 1302 721 741 560 725 823 843 591 1506 1278 881 605 863 936 872 620 683 457 1533 510 687 1420 844 826 638
719 671 291 1389 1141 1562 558 827 625 1317 785 877 232 673 932 620 1289 770 463 828 617 1337 654 749 777 450 1094 1363 1319 248 341 784 741 1034 376 138 689 982 1031 649 1412 1519 882 783 306 1005 1156 1043 0 749 1095 706 509 292 916 700 512 1118 1100 772 803 1262 726 1333 1316 251 1536 545 709 1417 947 1051 735 631 980 206 657 636
288 360 709 681 1068 1000 665 430 347 869 472 562 530 603 522 357 645 483 288 511 601 1088 355 416 804 308 346 630 1011 512 459 274 387 414 374 853 407 342 469 254 814 779 168 254 856 401 489 438 749 0 493 303 762 956 350 305 249 465 513 415 185 1096 841 680 575 515 838 440 184 676 210 1097 604 249 984 593 387 661
775 852 927 809 1546 1270 728 898 841 1240 953 1031 926 1096 261 850 894 967 709 986 1093 1524 449 901 1297 668 398 405 1431 909 753 745 872 766 775 1224 898 705 75 747 1079 770 546 724 1285 772 758 56 1095 493 0 792 1240 1356 768 794 615 761 862 895 642 1553 1333 907 618 917 950 928 674 690 500 1587 536 742 1473 895 880 669
20 68 785 707 766 866 845 155 91 659 173 273 476 311 817 100 585 181 314 217 323 813 600 115 508 399 546 850 749 462 541 89 86 333 375 768 107 293 772 78 707 870 287 99 698 302 462 739 706 303 792 0 525 826 212 6 376 422 393 120 170 804 556 630 683 457 843 204 119 775 362 794 846 98 681 627 99 866
545 457 761 1204 638 1220 971 550 440 933 477 522 420 276 1177 430 1047 454 544 498 228 864 896 480 283 615 1064 1368 869 427 641 611 494 825 506 464 436 805 1199 526 1112 1385 806 624 278 792 957 1184 509 762 1240 525 0 421 709 519 649 916 847 504 691 772 218 1093 1205 413 1323 329 611 1293 882 542 1082 523 473 603 427 1031
844 772 576 1533 1039 1620 850 907 736 1344 846 915 433 675 1213 727 1403 826 671 879 618 1283 929 828 700 690 1298 1585 1290 451 615 914 831 1158 591 156 772 1119 1297 791 1495 1689 1060 919 144 1126 1288 1302 292 956 1356 826 421 0 1037 819 747 1248 1203 854 962 1183 623 1449 1493 445 1669 628 867 1590 1133 913 1027 778 870 494 749 928
197 265 972 499 793 677 991 173 301 519 250 284 685 456 860 309 373 272 495 258 488 758 701 230 623 566 434 723 671 670 720 132 215 121 568 980 274 99 768 268 506 676 223 138 906 89 252 721 916 350 768 212 709 1037 0 219 527 211 188 207 167 786 692 417 502 665 632 410 230 586 271 864 952 287 751 822 290 998
26 63 780 714 766 872 841 158 84 664 174 275 470 308 817 93 592 181 309 219 318 815 598 115 505 395 551 855 752 456 536 95 87 340 369 761 103 300 773 74 713 877 292 105 692 309 469 741 700 305 794 6 519 819 219 0 372 429 400 122 175 805 552 637 689 450 850 198 120 781 367 792 844 94 679 621 94 863
374 395 463 926 1099 1204 470 531 356 1028 538 644 314 583 528 360 870 539 105 587 557 1183 255 480 777 61 587 851 1124 296 211 407 456 622 159 627 441 554 564 298 1027 1028 407 394 669 600 719 560 512 249 615 376 649 747 527 372 0 689 712 492 369 1161 786 909 824 303 1082 386 297 925 458 1087 483 279 982 344 408 490
405 476 1149 289 905 541 1131 367 512 482 443 443 886 653 912 521 181 466 678 437 691 799 815 435 801 737 370 605 696 870 894 336 424 91 758 1188 484 137 781 469 351 476 298 335 1118 123 41 725 1118 465 761 422 916 1248 211 429 689 0 118 411 324 862 878 220 328 867 421 621 413 395 289 1005 1057 487 897 1008 501 1125
381 435 1160 369 789 492 1171 298 477 378 369 347 869 575 995 484 200 392 683 352 619 683 869 375 706 754 480 723 580 855 908 320 372 101 757 1158 431 173 876 455 317 573 357 326 1068 113 148 823 1100 513 862 393 847 1203 188 400 712 118 0 350 344 743 788 246 441 850 476 577 418 500 371 894 1117 475 787 1010 455 1173
129 107 882 700 653 789 959 54 155 558 58 153 551 248 934 157 550 73 422 98 280 693 720 25 426 511 614 913 631 539 646 151 36 320 473 816 84 306 880 195 645 883 364 172 717 288 453 843 772 415 895 120 504 854 207 122 492 411 350 0 255 685 488 596 710 532 823 231 233 794 434 694 966 213 580 718 115 983
150 239 825 585 903 836 826 256 250 686 312 389 571 480 704 261 504 328 354 343 494 905 534 264 674 414 375 679 826 555 571 103 236 253 435 885 275 187 631 172 658 727 116 83 843 232 357 591 803 185 642 170 691 962 167 175 369 324 344 255 0 919 725 544 531 553 734 364 95 627 192 949 785 184 835 685 270 831
814 769 1468 1054 164 752 1608 666 805 474 631 534 1103 610 1618 801 852 626 1074 587 658 140 1402 690 489 1166 1207 1467 233 1100 1273 822 718 815 1096 1235 721 861 1549 875 774 1268 1007 842 1046 798 888 1506 1262 1096 1553 804 772 1183 786 805 1161 862 743 685 919 0 560 882 1177 1088 1085 797 918 1218 1057 339 1643 891 323 1298 753 1644
575 489 968 1157 421 1088 1159 518 493 788 441 440 613 244 1309 484 978 419 682 441 240 663 1041 470 93 765 1098 1400 682 616 822 629 494 792 666 681 450 791 1303 587 1009 1354 841 646 486 761 918 1278 726 841 1333 556 218 623 692 552 786 878 788 488 725 560 0 1022 1193 603 1256 409 666 1271 915 329 1249 591 255 804 459 1213
615 677 1369 173 962 362 1345 545 717 428 616 584 1101 820 1091 725 46 638 898 596 865 789 1023 622 937 958 510 657 677 1086 1115 549 617 299 977 1398 676 357 941 684 175 385 511 551 1314 328 190 881 1333 680 907 630 1093 1449 417 637 909 220 246 596 544 882 1022 0 338 1082 233 821 632 347 489 1091 1260 702 991 1229 699 1336
663 748 1279 196 1230 687 1188 674 772 752 752 767 1089 958 841 782 346 774 853 754 988 1101 853 731 1121 883 264 319 992 1072 1033 594 713 404 939 1409 769 403 667 703 510 204 435 584 1374 433 293 605 1316 575 618 683 1205 1493 502 689 824 328 441 710 531 1177 1193 338 0 1072 331 887 625 101 369 1333 1059 715 1224 1168 777 1160
469 426 380 1139 987 1318 558 585 380 1086 551 650 19 479 802 375 1038 539 227 597 429 1145 513 509 628 249 861 1142 1113 13 229 533 498 783 146 338 450 730 863 398 1164 1273 637 531 368 754 904 863 251 515 917 457 413 445 665 450 303 867 850 532 553 1088 603 1082 1072 0 1285 314 458 1172 704 930 673 380 841 209 417 617
827 896 1545 158 1179 428 1488 773 933 613 846 817 1304 1051 1170 942 278 868 1086 828 1095 978 1156 848 1170 1136 583 615 865 1288 1292 758 840 510 1170 1610 900 555 998 889 313 240 674 756 1537 542 382 936 1536 838 950 843 1323 1669 632 850 1082 421 476 823 734 1085 1256 233 331 1285 0 1041 828 270 630 1315 1375 906 1219 1415 920 1467
224 145 686 909 719 1019 811 286 114 774 239 335 333 198 901 104 775 225 286 284 172 840 640 206 391 377 735 1038 802 324 475 294 205 531 299 584 147 497 895 197 877 1075 477 303 496 499 662 872 545 440 928 204 329 628 410 198 386 621 577 231 364 797 409 821 887 314 1041 0 282 980 554 701 865 194 596 516 121 851
105 178 742 680 885 908 765 255 175 733 290 384 476 424 701 185 590 300 266 330 428 919 496 233 624 335 453 756 848 460 489 111 204 335 344 789 223 275 653 85 735 822 197 96 750 310 448 620 709 184 674 119 611 867 230 120 297 413 418 233 95 918 666 632 625 458 828 282 0 722 273 913 746 91 800 596 207 778
755 839 1380 177 1283 667 1285 755 865 774 832 838 1189 1041 924 875 368 855 954 830 1074 1133 951 816 1196 985 360 345 1021 1172 1135 686 800 479 1040 1508 857 488 745 799 506 102 535 677 1469 510 356 683 1417 676 690 775 1293 1590 586 781 925 395 500 794 627 1218 1271 347 101 1172 270 980 722 0 470 1395 1151 811 1288 1269 867 1255
342 431 919 473 1062 830 862 421 441 749 489 548 721 670 624 452 459 507 484 511 686 1023 535 447 859 516 183 487 931 704 669 286 421 271 570 1042 465 205 508 357 639 572 76 268 1021 273 303 457 947 210 500 362 882 1133 271 367 458 289 371 434 192 1057 915 489 369 704 630 554 273 470 0 1123 772 365 1009 801 462 848
811 737 1297 1250 175 1044 1484 701 757 743 636 579 941 506 1596 749 1052 620 986 611 530 475 1342 686 311 1074 1297 1586 546 944 1145 846 714 934 982 994 690 958 1566 846 1023 1462 1057 866 790 909 1041 1533 1051 1097 1587 794 542 913 864 792 1087 1005 894 694 949 339 329 1091 1333 930 1315 701 913 1395 1123 0 1562 856 114 1133 711 1535
841 875 480 1219 1581 1598 215 998 838 1471 1016 1120 670 1063 282 842 1231 1019 578 1063 1032 1660 251 957 1251 488 795 928 1594 660 444 856 931 1017 583 873 922 944 461 771 1409 1245 762 839 1008 1005 1075 510 735 604 536 846 1082 1027 952 844 483 1057 1117 966 785 1643 1249 1260 1059 673 1375 865 746 1151 772 1562 0 754 1460 535 890 140
100 123 692 762 843 956 747 253 99 757 262 366 399 355 742 108 659 265 217 309 351 906 510 203 557 301 544 846 845 383 445 154 177 403 283 705 172 351 714 20 792 910 289 151 659 374 524 687 631 249 742 98 523 778 287 94 279 487 475 213 184 891 591 702 715 380 906 194 91 811 365 856 754 0 745 536 145 769
697 625 1214 1147 169 970 1390 587 647 665 522 466 853 399 1486 639 951 506 882 497 428 445 1236 572 213 972 1183 1473 494 854 1050 732 601 824 883 936 577 845 1453 735 934 1358 943 752 738 798 933 1420 980 984 1473 681 473 870 751 679 982 897 787 580 835 323 255 991 1224 841 1219 596 800 1288 1009 114 1460 745 0 1048 600 1438
635 610 171 1262 1196 1493 378 769 563 1277 745 847 195 688 726 560 1187 735 330 793 639 1353 449 697 835 284 930 1183 1318 197 144 690 683 932 253 343 641 871 829 557 1328 1372 744 684 476 906 1042 844 206 593 895 627 603 494 822 621 344 1008 1010 718 685 1298 804 1229 1168 209 1415 516 596 1269 801 1133 535 536 1048 0 606 449
119 30 772 790 699 904 864 169 52 671 139 245 436 216 887 49 653 134 325 188 224 778 650 92 416 417 645 949 726 425 542 183 84 411 366 704 35 381 856 134 757 961 386 197 616 378 543 826 657 387 880 99 427 749 290 94 408 501 455 115 270 753 459 699 777 417 920 121 207 867 462 711 890 145 600 606 0 894
863 884 361 1310 1569 1662 82 1021 842 1512 1028 1134 610 1047 419 845 1303 1028 570 1077 1010 1672 312 971 1225 478 895 1052 1615 603 391 890 947 1075 555 772 929 1003 593 788 1476 1352 827 874 925 1060 1147 638 636 661 669 866 1031 928 998 863 490 1125 1173 983 831 1644 1213 1336 1160 617 1467 851 778 1255 848 1535 140 769 1438 449 894 0
