0 667 624 1655 782 1685 347 1256 1062 687 227 289 1082 43 1421 1714
667 0 1143 2263 1223 1670 873 1866 615 154 465 422 1579 709 945 2356
624 1143 0 1133 1224 2277 854 746 1250 1223 825 885 460 590 2015 1270
1655 2263 1133 0 1877 3045 1711 399 2357 2324 1882 1943 796 1612 3073 297
782 1223 1224 1877 0 1168 434 1533 1772 1143 822 834 1603 777 1509 1807
1685 1670 2277 3045 1168 0 1427 2696 2277 1519 1564 1526 2707 1708 1170 2967
347 873 854 1711 434 1427 0 1328 1369 834 423 453 1280 344 1410 1711
1256 1866 746 399 1533 2696 1328 0 1988 1925 1483 1545 496 1213 2675 534
1062 615 1250 2357 1772 2277 1369 1988 0 760 951 939 1579 1091 1396 2518
687 154 1223 2324 1143 1519 834 1925 760 0 464 409 1671 731 817 2400
227 465 825 1882 822 1564 423 1483 951 464 0 61 1285 271 1198 1942
289 422 885 1943 834 1526 453 1545 939 409 61 0 1345 332 1136 2002
1082 1579 460 796 1603 2707 1280 496 1579 1671 1285 1345 0 1047 2472 1013
43 709 590 1612 777 1708 344 1213 1091 731 271 332 1047 0 1463 1670
1421 945 2015 3073 1509 1170 1410 2675 1396 817 1198 1136 2472 1463 0 3108
1714 2356 1270 297 1807 2967 1711 534 2518 2400 1942 2002 1013 1670 3108 0
