0 1073 77 157 1055 558 1695 156 1471 1611 1546 1455 1390 838 1600 126
1073 0 1084 1227 2128 1133 2691 983 803 772 2325 629 706 1879 2103 1134
77 1084 0 153 1048 636 1726 226 1520 1588 1478 1434 1360 861 1522 196
157 1227 153 0 900 629 1577 294 1619 1741 1439 1587 1512 710 1545 174
1055 2128 1048 900 0 1272 925 1160 2435 2604 1276 2456 2358 420 1709 1007
558 1133 636 629 1272 0 1599 429 1184 1842 2064 1684 1676 900 2158 460
1695 2691 1726 1577 925 1599 0 1730 2742 3305 2168 3148 3085 868 2633 1594
156 983 226 294 1160 429 1730 0 1324 1580 1702 1422 1376 897 1742 153
1471 803 1520 1619 2435 1184 2742 1324 0 1465 2954 1359 1479 2082 2830 1463
1611 772 1588 1741 2604 1842 3305 1580 1465 0 2416 159 265 2448 2013 1710
1546 2325 1478 1439 1276 2064 2168 1702 2954 2416 0 2317 2153 1585 607 1613
1455 629 1434 1587 2456 1684 3148 1422 1359 159 2317 0 181 2293 1943 1553
1390 706 1360 1512 2358 1676 3085 1376 1479 265 2153 181 0 2222 1766 1497
838 1879 861 710 420 900 868 897 2082 2448 1585 2293 2222 0 1922 750
1600 2103 1522 1545 1709 2158 2633 1742 2830 2013 607 1943 1766 1922 0 1701
126 1134 196 174 1007 460 1594 153 1463 1710 1613 1553 1497 750 1701 0
