0 1322 294 1577 891 795 1170 837 1179 425 813 387 1251 255 578 336 134
1322 0 1197 2898 873 1767 759 661 841 920 1716 1579 1181 1263 1839 1019 1441
294 1197 0 1733 618 654 1225 856 1253 291 1098 381 1395 498 851 413 328
1577 2898 1733 0 2300 1448 2647 2377 2629 1984 1630 1368 2555 1690 1153 1899 1457
891 873 618 2300 0 967 1284 937 1345 536 1627 937 1604 1015 1465 799 946
795 1767 654 1448 967 0 1880 1510 1907 932 1533 431 2030 1050 1069 1054 698
1170 759 1225 2647 1284 1880 0 376 82 959 1170 1541 423 976 1497 844 1304
837 661 856 2377 937 1510 376 0 420 584 1059 1189 671 687 1253 501 971
1179 841 1253 2629 1345 1907 82 420 0 996 1123 1556 341 973 1476 861 1311
425 920 291 1984 536 932 959 584 996 0 1092 664 1179 485 995 264 529
813 1716 1098 1630 1627 1533 1170 1059 1123 1092 0 1103 956 615 562 835 856
387 1579 381 1368 937 431 1541 1189 1556 664 1103 0 1639 636 676 696 273
1251 1181 1395 2555 1604 2030 423 671 341 1179 956 1639 0 1008 1411 982 1373
255 1263 498 1690 1015 1050 976 687 973 485 615 636 1008 0 577 255 366
578 1839 851 1153 1465 1069 1497 1253 1476 995 562 676 1411 577 0 822 526
336 1019 413 1899 799 1054 844 501 861 264 835 696 982 255 822 0 470
134 1441 328 1457 946 698 1304 971 1311 529 856 273 1373 366 526 470 0
