0 171 1203 296 186 472 210 310 885 508 277 387 421 339 757 1198 222
171 0 1297 467 112 376 304 468 714 636 364 552 380 503 661 1347 284
1203 1297 0 1086 1376 1156 1360 1232 1790 715 1410 1182 1624 1190 1173 583 1398
296 467 1086 0 460 708 314 147 1181 378 344 137 610 116 972 960 365
186 112 1376 460 0 486 225 426 749 692 276 519 271 470 770 1385 192
472 376 1156 708 486 0 665 772 638 665 730 831 739 788 287 1369 655
210 304 1360 314 225 665 0 226 971 645 67 325 295 278 953 1275 53
310 468 1232 147 426 772 226 0 1173 525 230 99 512 55 1050 1077 279
885 714 1790 1181 749 638 971 1173 0 1271 1010 1263 820 1213 676 1991 928
508 636 715 378 692 665 645 525 1271 0 694 492 919 490 849 722 686
277 364 1410 344 276 730 67 230 1010 694 0 327 282 285 1018 1301 84
387 552 1182 137 519 831 325 99 1263 492 327 0 609 49 1101 992 378
421 380 1624 610 271 739 295 512 820 919 282 609 0 566 1011 1570 244
339 503 1190 116 470 788 278 55 1213 490 285 49 566 0 1062 1023 331
757 661 1173 972 770 287 953 1050 676 849 1018 1101 1011 1062 0 1497 943
1198 1347 583 960 1385 1369 1275 1077 1991 722 1301 992 1570 1023 1497 0 1325
222 284 1398 365 192 655 53 279 928 686 84 378 244 331 943 1325 0
