0 147 742 55 813 499 659 66 668 474 590 786 569 461 859 546 281 358 252 207 205 511 160 709 559 659 789 267 523 794 468 563 569 314 345 754 437 461 468 200 631 187 825 87 835 557 811 406 787 275 524 348 95 445 240 52 139 419 793 288 240 86 251 694 456 155 723 189 813 162 386 763 437 80 252 317 511 401 757 501 262 215 753 562 23 262 135 121 56 844 429 585 771 284 578 524 817 728 80 91 321 850 506 813 217 598 555 137 71 401 214 549 801 201 35 438
147 0 710 150 684 358 807 130 813 484 590 907 569 469 908 539 184 504 395 258 248 658 233 630 621 581 693 361 563 698 568 416 658 241 487 836 342 599 589 153 750 334 690 90 696 704 669 553 934 131 550 287 229 316 377 121 214 390 661 178 152 97 341 546 370 283 631 327 930 63 534 889 514 175 109 224 462 534 708 506 221 125 784 430 169 212 173 48 96 955 543 482 630 312 594 445 734 617 100 97 469 970 493 671 311 722 587 20 197 546 163 684 742 247 132 586
742 710 0 792 593 869 1127 789 1041 1193 1300 1461 209 1178 1601 213 538 859 920 551 548 981 602 246 439 1242 353 1007 354 1313 1196 738 1303 939 812 602 422 1103 1165 562 772 809 1147 771 1125 1107 1065 979 1254 750 307 988 825 552 927 693 618 324 1146 556 853 777 992 845 1040 696 317 887 1498 646 917 1424 1178 821 666 908 251 767 85 270 492 585 1487 566 758 920 607 750 709 1542 1143 1108 710 1012 254 1115 1374 1197 776 780 918 911 241 1078 958 1279 319 728 811 1019 550 1195 1419 935 707 977
55 150 792 0 832 480 670 23 691 419 535 760 623 405 808 599 311 381 247 262 259 528 216 748 613 610 823 225 579 750 430 562 527 269 374 806 470 450 442 240 674 206 798 64 811 560 791 412 795 263 579 300 81 463 228 98 194 468 764 313 203 58 207 688 411 200 759 179 785 184 402 741 391 30 259 279 557 438 804 555 306 245 699 578 54 214 187 109 86 812 398 544 780 229 633 477 770 690 53 61 329 892 558 792 174 573 610 134 48 399 253 534 749 147 85 448
813 684 593 832 0 552 1427 814 1391 1086 1156 1592 675 1070 1528 644 536 1114 1064 747 734 1269 775 347 909 955 253 1044 807 953 1249 363 1331 793 1080 1129 406 1273 1274 632 1204 977 683 775 646 1352 579 1200 1561 613 755 835 906 369 1053 764 775 571 703 526 743 782 1023 375 814 881 276 1002 1615 651 1161 1573 1184 859 578 748 494 1084 516 677 600 599 1382 255 836 815 729 731 756 1638 1228 804 161 964 741 870 1034 824 785 782 1117 1395 617 596 994 1406 793 703 876 1208 620 1362 1131 919 782 1221
499 358 869 480 552 0 1151 457 1168 563 614 1160 802 547 996 766 389 857 721 592 580 1008 581 690 929 408 691 619 850 446 801 189 856 293 844 1158 449 908 861 450 1103 684 336 418 339 1036 312 891 1273 227 821 319 560 317 697 479 565 614 313 363 293 422 598 244 266 642 654 652 1172 384 882 1155 713 493 286 250 631 893 832 756 487 393 844 345 518 339 517 377 453 1180 805 258 425 493 848 317 514 328 428 419 809 1322 718 313 581 989 863 363 527 871 449 981 588 484 490 929
659 807 1127 670 1427 1151 0 694 138 851 947 495 919 850 950 922 899 314 433 681 693 158 652 1221 710 1186 1332 588 776 1347 546 1221 620 903 347 705 1022 307 431 800 433 472 1460 734 1476 140 1461 260 133 932 820 912 590 1079 461 693 655 894 1422 915 864 729 603 1353 1031 549 1263 501 544 810 273 441 636 658 909 929 996 363 1185 865 827 844 952 1196 638 844 703 777 712 610 480 1171 1415 737 876 1076 1338 1320 724 732 341 519 912 1460 602 413 814 796 623 296 812 311 1263 697 678 222
66 130 789 23 814 457 694 0 714 414 528 777 625 400 812 600 298 404 270 268 264 551 224 739 624 593 811 237 586 731 443 540 538 250 397 820 458 471 459 233 693 229 775 41 788 583 768 435 818 240 585 282 104 445 250 99 202 465 741 299 181 35 218 665 392 218 747 201 801 170 425 759 399 44 239 257 551 459 799 557 300 232 699 560 72 196 189 87 80 827 414 523 760 225 637 459 752 669 31 38 352 912 557 768 185 591 617 113 71 421 246 554 734 145 89 472
668 813 1041 691 1391 1168 138 714 0 931 1035 633 836 928 1072 844 878 310 478 647 660 170 628 1158 610 1248 1273 652 686 1406 648 1217 733 943 327 578 985 405 536 780 307 485 1489 751 1502 250 1480 312 224 943 735 959 616 1058 509 694 635 837 1454 897 893 747 665 1354 1079 536 1205 539 682 805 293 579 729 684 908 963 936 307 1105 788 796 829 1062 1172 650 884 685 790 717 747 577 1218 1394 796 787 1131 1404 1367 741 751 377 380 840 1481 656 539 723 806 646 368 790 431 1340 745 680 265
474 484 1193 419 1086 563 851 414 931 0 118 661 1038 16 442 1012 666 671 474 681 678 763 635 1107 1026 361 1155 289 997 526 331 735 333 293 691 1201 817 545 436 631 1023 535 743 424 777 711 792 619 938 487 998 251 426 750 443 513 613 870 695 655 359 419 284 806 307 596 1099 437 659 547 656 673 226 395 553 338 947 776 1193 971 701 610 303 840 467 284 603 442 491 650 379 413 980 190 1051 300 498 542 421 415 571 1226 968 784 307 530 1029 465 421 563 643 575 412 273 503 667
590 590 1300 535 1156 614 947 528 1035 118 0 704 1150 129 384 1123 768 784 588 797 793 869 751 1202 1144 327 1243 403 1114 482 409 797 380 376 806 1320 914 640 521 740 1139 653 743 536 781 807 806 726 1026 576 1114 329 544 835 557 627 730 979 694 754 454 531 400 851 348 714 1190 554 694 653 766 724 311 512 648 418 1052 892 1297 1084 809 715 229 917 584 382 717 550 604 674 468 420 1039 307 1166 314 437 526 533 527 682 1340 1079 795 424 598 1145 571 539 667 751 658 327 390 618 773
786 907 1461 760 1592 1160 495 777 633 661 704 0 1257 670 531 1248 1068 617 550 923 930 552 876 1483 1107 1020 1572 552 1142 1182 359 1295 328 867 664 1165 1222 357 318 982 900 658 1397 817 1427 409 1434 491 483 994 1173 849 690 1223 552 837 866 1165 1350 1072 878 810 574 1400 947 771 1504 600 48 944 560 54 453 733 1015 909 1268 734 1498 1191 1037 1001 597 1337 763 821 896 861 840 115 365 1069 1529 667 1234 957 1141 1203 806 810 543 1014 1222 1427 599 188 1182 889 718 442 996 267 1025 685 819 508
569 569 209 623 675 802 919 625 836 1038 1150 1257 0 1023 1426 36 425 650 723 366 366 772 417 355 251 1136 478 826 153 1229 1006 711 1115 809 603 455 367 899 967 415 578 611 1113 614 1099 898 1046 772 1046 639 101 856 643 506 733 526 436 189 1103 449 720 619 813 838 927 500 420 696 1295 506 708 1219 997 650 553 786 193 558 269 69 350 454 1322 563 582 780 436 602 546 1341 949 1015 754 850 66 1003 1280 1124 617 623 714 740 83 1057 779 1077 125 585 634 814 406 990 1306 769 537 768
461 469 1178 405 1070 547 850 400 928 16 129 670 1023 0 459 997 650 664 468 667 664 759 621 1090 1014 355 1139 282 984 520 335 719 342 276 684 1191 801 545 438 616 1016 526 732 409 765 711 779 616 939 470 985 235 415 733 437 499 600 855 684 638 342 404 276 791 293 584 1082 429 669 532 651 681 230 382 537 322 931 769 1178 956 686 594 319 823 454 268 589 427 476 662 380 402 964 177 1037 289 495 533 406 400 565 1220 953 771 298 536 1016 450 409 561 627 577 413 260 489 663
859 908 1601 808 1528 996 950 812 1072 442 384 531 1426 459 0 1405 1093 913 743 1059 1060 934 1009 1538 1363 689 1593 602 1358 821 456 1175 349 736 950 1495 1249 678 549 1043 1266 843 1115 834 1155 822 1185 811 982 928 1370 693 783 1191 721 907 990 1277 1066 1085 798 827 613 1234 731 938 1535 744 497 968 873 575 432 780 989 781 1363 1039 1611 1357 1112 1032 157 1282 845 723 994 862 892 446 530 801 1419 596 1428 698 754 892 828 824 807 1433 1365 1173 647 537 1394 888 792 744 1056 641 613 668 893 852
546 539 213 599 644 766 922 600 844 1012 1123 1248 36 997 1405 0 391 647 710 346 345 773 397 333 272 1104 455 806 171 1195 989 675 1098 779 600 484 331 890 954 386 595 598 1077 587 1063 896 1010 766 1050 606 117 826 623 470 718 501 415 155 1068 415 690 593 793 802 895 486 394 680 1285 476 704 1211 977 627 520 754 158 560 263 58 319 422 1299 527 560 751 412 574 521 1330 934 981 720 825 97 971 1246 1089 591 597 705 763 48 1021 758 1066 150 556 613 806 377 982 1274 745 513 765
281 184 538 311 536 389 899 298 878 666 768 1068 425 650 1093 391 0 585 529 236 223 742 250 445 541 713 512 536 461 804 742 356 836 401 555 772 159 738 749 98 748 441 719 266 713 816 670 664 1032 215 433 449 377 180 520 230 245 236 701 26 315 273 516 496 506 349 449 469 1094 129 628 1045 695 341 129 370 287 575 529 372 100 66 967 296 304 386 196 231 228 1124 709 590 517 497 464 582 855 702 274 275 581 962 343 677 484 880 475 205 350 672 88 828 886 430 249 687
358 504 859 381 1114 857 314 404 310 671 784 617 650 664 913 647 585 0 196 370 381 157 338 923 491 958 1028 382 526 1110 456 913 564 639 47 584 710 266 372 486 359 175 1180 440 1191 251 1169 125 447 633 561 659 308 765 227 386 340 594 1145 602 584 436 388 1047 777 235 959 243 659 500 58 574 505 375 601 656 698 127 906 589 514 531 862 881 339 580 389 479 408 712 383 915 1101 511 621 834 1117 1063 431 440 107 555 628 1171 372 450 566 496 337 182 498 350 1067 449 372 118
252 395 920 247 1064 721 433 270 478 474 588 550 723 468 743 710 529 196 0 374 381 307 326 932 622 771 1023 185 628 927 292 810 404 470 220 756 678 209 244 438 552 112 1026 311 1043 315 1029 173 552 510 650 482 165 697 31 299 316 616 988 538 431 305 192 935 602 224 956 69 583 415 187 521 319 229 503 495 718 308 952 655 488 465 677 815 229 411 348 357 309 623 228 741 1024 320 710 652 928 891 301 308 101 752 679 1028 179 363 667 380 199 151 451 299 873 267 281 216
207 258 551 262 747 592 681 268 647 681 797 923 366 667 1059 346 236 370 374 0 13 523 50 563 365 836 663 459 318 956 644 590 752 491 333 578 341 571 617 145 516 265 928 268 928 616 892 468 815 374 317 532 277 413 378 171 69 242 904 259 404 271 446 730 626 152 594 336 957 211 420 891 630 287 305 480 344 341 578 297 148 202 958 525 217 448 86 272 197 997 592 740 748 491 371 700 991 873 268 276 393 733 310 897 412 737 348 265 268 493 151 664 990 409 178 482
205 248 548 259 734 580 693 264 660 678 793 930 366 664 1060 345 223 381 381 13 0 535 54 555 372 828 653 460 323 947 648 577 755 483 345 588 329 579 623 132 529 273 916 262 916 626 879 478 827 363 320 525 278 400 383 166 70 235 892 245 396 266 448 717 617 161 584 341 964 200 431 899 632 285 293 472 337 354 573 297 135 189 957 512 216 442 79 265 192 1003 597 731 735 488 373 692 983 863 263 271 402 746 307 884 413 744 352 257 268 502 138 673 984 406 175 493
511 658 981 528 1269 1008 158 551 170 763 869 552 772 759 934 773 742 157 307 523 535 0 495 1066 579 1077 1175 482 634 1235 493 1070 588 775 189 613 864 256 387 644 350 324 1325 590 1339 143 1320 143 291 786 676 789 451 922 338 542 497 738 1289 759 727 585 494 1203 909 393 1106 370 599 657 126 502 567 519 757 796 841 213 1036 715 669 688 910 1039 491 715 546 631 563 659 420 1048 1259 626 734 960 1234 1197 580 589 207 498 760 1320 486 419 673 649 482 203 655 308 1171 575 527 95
160 233 602 216 775 581 652 224 628 635 751 876 417 621 1009 397 250 338 326 50 54 495 0 607 401 803 704 408 362 929 593 595 701 457 306 606 372 526 568 152 521 219 917 229 919 579 886 430 785 358 365 496 226 430 329 131 21 290 890 269 372 231 396 735 594 109 635 286 909 197 386 845 580 240 297 450 391 327 628 348 176 204 909 545 168 411 63 240 160 948 542 714 767 444 420 667 960 850 227 236 352 741 361 890 362 689 394 238 219 450 162 619 954 362 135 446
709 630 246 748 347 690 1221 739 1158 1107 1202 1483 355 1090 1538 333 445 923 932 563 555 1066 607 0 605 1088 122 974 504 1136 1177 533 1276 826 880 807 289 1134 1170 509 926 827 934 710 907 1174 844 1030 1353 627 450 875 802 381 931 656 616 328 939 453 749 716 956 622 901 716 71 884 1514 573 977 1453 1138 778 554 788 225 859 171 380 447 508 1409 356 729 822 587 677 662 1550 1137 944 468 942 421 973 1205 1013 717 719 957 1095 322 859 923 1295 481 650 780 1057 495 1227 1269 875 673 1039
559 621 439 613 909 929 710 624 610 1026 1144 1107 251 1014 1363 272 541 491 622 365 372 579 401 605 0 1201 728 769 103 1318 914 881 1026 856 444 233 551 757 851 484 332 519 1260 630 1253 717 1208 616 829 727 155 897 601 677 641 533 423 354 1242 568 769 633 763 1018 990 432 667 619 1150 568 547 1063 932 633 648 845 414 374 512 232 442 539 1282 760 561 812 451 637 561 1204 848 1102 969 837 189 1065 1355 1229 629 638 580 490 292 1216 731 941 125 630 605 672 483 842 1355 754 536 599
659 581 1242 610 955 408 1186 593 1248 361 327 1020 1136 355 689 1104 713 958 771 836 828 1077 803 1088 1201 0 1098 598 1144 164 690 594 691 346 966 1409 822 889 791 729 1282 794 426 576 468 1050 503 937 1284 497 1129 310 661 707 740 672 782 948 377 691 431 575 584 602 211 811 1058 715 1014 639 958 1034 586 602 583 357 993 1040 1217 1078 789 683 533 752 664 396 750 564 643 999 732 150 814 451 1170 136 159 202 580 570 872 1498 1056 490 591 891 1167 571 639 890 735 929 181 509 672 983
789 693 353 823 253 691 1332 811 1273 1155 1243 1572 478 1139 1593 455 512 1028 1023 663 653 1175 704 122 728 1098 0 1049 626 1128 1254 516 1349 867 988 929 353 1229 1256 590 1047 922 897 778 865 1278 800 1132 1464 668 573 914 884 408 1019 736 710 437 908 515 796 786 1029 580 925 813 68 971 1601 642 1081 1545 1207 853 605 825 337 971 271 501 535 579 1458 346 811 871 675 741 739 1633 1219 950 397 1002 543 992 1203 1001 787 787 1055 1218 442 816 997 1383 604 714 859 1154 576 1322 1279 941 754 1143
267 361 1007 225 1044 619 588 237 652 289 403 552 826 282 602 806 536 382 185 459 460 482 408 974 769 598 1049 0 757 759 206 743 302 336 403 925 695 301 242 465 736 255 894 272 917 454 912 339 692 441 768 333 182 677 154 319 390 685 852 535 329 265 22 853 450 338 984 154 572 407 369 540 171 195 466 372 779 489 1024 756 530 469 513 788 249 282 400 314 311 593 188 588 977 150 826 489 753 736 263 264 283 937 768 909 51 372 793 342 196 292 479 363 690 135 303 387
523 563 354 579 807 850 776 586 686 997 1114 1142 153 984 1358 171 461 526 628 318 323 634 362 504 103 1144 626 757 0 1254 919 790 1031 803 478 329 454 785 867 417 425 519 1177 586 1168 766 1120 651 900 659 53 847 580 584 643 490 384 256 1161 487 715 589 748 925 933 419 565 614 1182 505 584 1100 925 602 576 787 312 421 421 129 366 468 1267 662 530 765 402 586 515 1232 857 1037 869 807 101 1008 1296 1159 586 594 602 592 189 1129 715 968 40 575 579 700 413 874 1305 724 496 641
794 698 1313 750 953 446 1347 731 1406 526 482 1182 1229 520 821 1195 804 1110 927 956 947 1235 929 1136 1318 164 1128 759 1254 0 855 612 854 480 1115 1535 891 1052 956 837 1424 942 330 708 376 1212 428 1096 1448 595 1233 453 807 763 897 801 908 1039 286 779 557 709 744 581 338 949 1096 869 1175 750 1114 1197 751 745 679 479 1070 1186 1278 1176 890 786 669 784 803 536 871 689 771 1157 896 216 800 610 1268 276 88 129 714 704 1028 1642 1146 411 749 1056 1273 691 783 1051 840 1094 225 662 803 1142
468 568 1196 430 1249 801 546 443 648 331 409 359 1006 335 456 989 742 456 292 644 648 493 593 1177 914 690 1254 206 919 855 0 939 112 507 493 1038 901 242 114 667 812 400 1044 479 1072 406 1076 360 617 642 938 490 375 883 275 520 578 879 999 742 521 471 227 1041 592 505 1189 309 372 613 418 358 104 401 671 550 976 582 1219 937 730 675 416 993 448 462 595 520 515 388 74 720 1177 307 998 610 829 860 469 471 350 988 954 1071 257 202 958 548 396 293 681 248 734 332 503 404
563 416 738 562 363 189 1221 540 1217 735 797 1295 711 719 1175 675 356 913 810 590 577 1070 595 533 881 594 516 743 790 612 939 0 1008 449 890 1114 343 1011 984 445 1104 749 409 499 390 1121 335 969 1350 303 751 485 644 206 791 528 585 536 408 331 418 505 721 140 451 681 487 741 1312 413 948 1284 861 583 312 403 523 922 688 677 455 391 1025 176 586 482 534 453 509 1326 932 443 245 637 766 506 687 485 509 503 885 1318 630 346 699 1116 794 429 611 961 438 1092 773 609 543 1001
569 658 1303 527 1331 856 620 538 733 333 380 328 1115 342 349 1098 836 564 404 752 755 588 701 1276 1026 691 1349 302 1031 854 112 1008 0 563 603 1147 996 331 201 767 916 512 1073 570 1104 485 1115 461 675 718 1049 538 480 968 387 621 685 985 1026 835 592 563 320 1100 626 616 1285 419 326 707 523 344 146 497 756 608 1080 691 1325 1046 832 771 331 1076 550 526 700 609 613 324 181 744 1249 370 1109 631 816 875 562 562 459 1085 1063 1108 353 225 1069 637 498 394 781 310 706 413 604 502
314 241 939 269 793 293 903 250 943 293 376 867 809 276 736 779 401 639 470 491 483 775 457 826 856 346 867 336 803 480 507 449 563 0 639 1063 539 635 574 394 943 466 560 230 581 778 576 643 1017 199 791 48 331 459 442 325 435 627 520 384 89 229 315 537 142 468 813 405 878 303 650 864 419 266 276 46 688 707 928 747 460 357 593 546 322 59 404 218 296 886 516 276 694 200 836 211 504 424 234 224 568 1162 732 572 306 699 828 228 305 611 402 700 501 207 326 686
345 487 812 374 1080 844 347 397 327 691 806 664 603 684 950 600 555 47 220 333 345 189 306 880 444 966 988 403 478 1115 493 890 603 639 0 544 674 312 414 457 332 172 1171 430 1180 296 1156 172 481 618 513 662 307 736 249 367 310 552 1137 573 578 427 407 1027 779 209 919 256 706 478 105 622 536 373 580 653 655 89 861 542 480 504 894 851 328 581 360 467 391 759 421 915 1072 524 574 839 1125 1063 422 432 143 537 582 1158 387 497 519 481 334 227 467 397 1081 457 354 164
754 836 602 806 1129 1158 705 820 578 1201 1320 1165 455 1191 1495 484 772 584 756 578 588 613 606 807 233 1409 929 925 329 1535 1038 1114 1147 1063 544 0 783 842 955 709 272 669 1491 833 1485 757 1441 697 801 950 376 1100 777 910 781 737 627 585 1471 798 979 834 924 1251 1201 609 873 771 1212 788 630 1115 1075 821 874 1057 637 456 685 455 672 765 1433 991 752 1015 663 847 766 1272 966 1319 1197 1016 388 1273 1566 1451 830 839 688 319 514 1449 896 1021 336 843 788 762 709 913 1555 936 737 667
437 342 422 470 406 449 1022 458 985 817 914 1222 367 801 1249 331 159 710 678 341 329 864 372 289 551 822 353 695 454 891 901 343 996 539 674 783 0 886 905 240 813 583 747 425 732 952 678 801 1156 342 412 588 533 139 672 385 374 197 740 164 460 433 676 473 625 480 289 622 1250 288 758 1197 855 500 265 503 183 678 395 336 196 225 1120 209 459 533 332 390 386 1281 866 686 426 654 423 699 952 777 434 434 721 1016 286 689 644 1034 455 363 507 816 226 978 1001 589 403 819
461 599 1103 450 1273 908 307 471 405 545 640 357 899 545 678 890 738 266 209 571 579 256 526 1134 757 889 1229 301 785 1052 242 1011 331 635 312 842 886 0 131 646 594 307 1195 513 1216 166 1209 144 395 708 815 635 370 906 222 509 518 812 1153 747 614 506 320 1132 751 418 1161 272 397 623 213 321 329 428 708 668 916 391 1142 833 695 674 656 1024 437 578 554 559 517 447 173 889 1230 450 877 788 1038 1036 502 508 185 755 865 1206 329 184 826 584 402 85 660 93 957 428 490 177
468 589 1165 442 1274 861 431 459 536 436 521 318 967 438 549 954 749 372 244 617 623 387 568 1170 851 791 1256 242 867 956 114 984 201 574 414 955 905 131 0 666 717 356 1125 499 1151 292 1150 262 505 681 891 565 372 905 239 520 556 859 1081 754 571 492 264 1095 674 469 1189 285 345 625 326 300 211 414 697 612 959 499 1196 899 722 683 525 1019 445 522 583 544 521 380 59 808 1215 376 952 701 934 952 488 492 272 884 924 1145 285 132 906 571 399 195 680 138 844 377 501 302
200 153 562 240 632 450 800 233 780 631 740 982 415 616 1043 386 98 486 438 145 132 644 152 509 484 729 590 465 417 837 667 445 767 394 457 709 240 646 666 0 662 345 786 210 784 719 747 567 933 242 399 441 294 278 431 147 146 239 764 117 305 216 447 585 518 251 523 382 1011 91 530 957 631 270 165 373 319 479 567 352 69 57 926 395 221 365 97 189 154 1043 629 620 615 450 442 594 879 745 215 219 485 879 339 752 414 794 438 170 271 577 13 737 894 375 165 589
631 750 772 674 1204 1103 433 693 307 1023 1139 900 578 1016 1266 595 748 359 552 516 529 350 521 926 332 1282 1047 736 425 1424 812 1104 916 943 332 272 813 594 717 662 0 493 1439 718 1441 491 1407 455 531 878 478 973 622 916 582 633 537 633 1411 773 871 717 739 1245 1086 476 983 587 948 718 393 849 865 680 819 949 717 247 844 546 651 719 1221 1018 621 888 585 745 662 1009 737 1216 1239 852 521 1151 1442 1359 712 722 466 220 604 1412 718 767 455 750 643 522 667 657 1408 780 627 417
187 334 809 206 977 684 472 229 485 535 653 658 611 526 843 598 441 175 112 265 273 324 219 827 519 794 922 255 519 942 400 749 512 466 172 669 583 307 356 345 493 0 1005 266 1017 376 996 223 601 461 539 489 135 616 124 222 211 507 970 454 409 262 254 880 606 113 854 101 692 339 199 626 413 201 437 482 610 247 842 543 389 380 767 734 166 408 250 306 240 734 339 743 949 359 599 666 953 891 256 266 140 705 567 996 228 472 557 324 163 233 358 400 914 287 205 252
825 690 1147 798 683 336 1460 775 1489 743 743 1397 1113 732 1115 1077 719 1180 1026 928 916 1325 917 934 1260 426 897 894 1177 330 1044 409 1073 560 1171 1491 747 1195 1125 786 1439 1005 0 740 46 1337 107 1200 1577 560 1144 561 874 608 999 810 901 931 48 692 597 743 874 316 452 973 881 959 1399 720 1199 1402 944 806 622 531 930 1224 1095 1074 818 729 958 581 842 618 853 704 783 1394 1066 329 522 749 1165 442 417 224 749 739 1121 1658 1031 90 866 1244 1187 693 843 1171 784 1256 552 768 820 1240
87 90 771 64 775 418 734 41 751 424 536 817 614 409 834 587 266 440 311 268 262 590 229 710 630 576 778 272 586 708 479 499 570 230 430 833 425 513 499 210 718 266 740 0 751 625 730 476 859 199 581 267 145 406 292 97 207 447 707 264 152 7 252 623 370 242 715 242 840 137 464 799 429 85 198 230 529 488 777 548 279 201 716 520 101 182 184 46 70 864 453 498 719 240 631 441 734 641 10 9 393 938 543 730 221 631 615 72 112 463 222 596 724 166 96 512
835 696 1125 811 646 339 1476 788 1502 777 781 1427 1099 765 1155 1063 713 1191 1043 928 916 1339 919 907 1253 468 865 917 1168 376 1072 390 1104 581 1180 1485 732 1216 1151 784 1441 1017 46 751 0 1356 66 1216 1595 565 1133 586 888 593 1017 817 904 919 91 686 612 755 896 285 480 980 851 975 1431 722 1213 1431 974 820 623 549 913 1231 1070 1062 813 727 998 558 852 638 856 713 791 1427 1091 364 484 774 1152 476 464 268 760 750 1136 1660 1017 49 887 1271 1176 700 856 1189 782 1280 598 788 828 1256
557 704 1107 560 1352 1036 140 583 250 711 807 409 898 711 822 896 816 251 315 616 626 143 579 1174 717 1050 1278 454 766 1212 406 1121 485 778 296 757 952 166 292 719 491 376 1337 625 1356 0 1343 152 239 824 805 783 479 993 339 598 578 845 1298 830 745 619 471 1248 902 471 1209 384 456 715 196 358 496 544 810 806 949 345 1157 838 755 757 815 1111 535 719 622 669 613 518 339 1041 1326 604 864 943 1201 1189 614 622 236 620 879 1342 473 290 806 691 512 166 731 181 1123 570 581 134
811 669 1065 791 579 312 1461 768 1480 792 806 1434 1046 779 1185 1010 670 1169 1029 892 879 1320 886 844 1208 503 800 912 1120 428 1076 335 1115 576 1156 1441 678 1209 1150 747 1407 996 107 730 66 1343 0 1201 1582 538 1084 586 870 540 1004 790 872 869 142 644 598 734 891 222 489 953 788 960 1440 690 1194 1435 980 803 588 540 858 1203 1009 1012 771 689 1028 498 830 631 822 689 765 1439 1091 385 418 773 1101 495 516 311 739 730 1119 1625 965 17 879 1273 1127 675 838 1177 743 1276 645 781 802 1239
406 553 979 412 1200 891 260 435 312 619 726 491 772 616 811 766 664 125 173 468 478 143 430 1030 616 937 1132 339 651 1096 360 969 461 643 172 697 801 144 262 567 455 223 1200 476 1216 152 1201 0 382 675 684 654 331 840 202 445 427 703 1162 677 603 471 352 1099 774 320 1063 241 534 563 69 449 427 398 658 668 807 247 1024 708 605 604 775 958 383 584 470 520 461 587 285 913 1173 485 745 822 1092 1063 466 474 84 628 745 1200 347 327 691 541 364 67 579 225 1028 439 428 47
787 934 1254 795 1561 1273 133 818 224 938 1026 483 1046 939 982 1050 1032 447 552 815 827 291 785 1353 829 1284 1464 692 900 1448 617 1350 675 1017 481 801 1156 395 505 933 531 601 1577 859 1595 239 1582 382 0 1058 946 1023 714 1211 578 823 787 1027 1537 1048 984 853 709 1480 1141 682 1396 621 530 940 404 429 716 780 1038 1046 1129 494 1313 993 961 975 1004 1328 765 959 835 902 841 596 560 1280 1547 842 1001 1181 1433 1428 848 856 466 573 1042 1580 712 452 938 923 747 406 944 369 1349 810 807 349
275 131 750 263 613 227 932 240 943 487 576 994 639 470 928 606 215 633 510 374 363 786 358 627 727 497 668 441 659 595 642 303 718 199 618 950 342 708 681 242 878 461 560 199 565 824 538 675 1058 0 637 247 345 263 489 252 340 451 533 194 130 205 419 424 290 415 614 441 1012 163 661 981 571 281 86 161 499 665 734 583 295 190 790 360 295 204 295 155 226 1030 629 379 535 350 675 366 641 502 209 202 592 1098 558 540 395 813 678 137 312 662 245 788 670 310 263 710
524 550 307 579 755 821 820 585 735 998 1114 1173 101 985 1370 117 433 561 650 317 320 676 365 450 155 1129 573 768 53 1233 938 751 1049 791 513 376 412 815 891 399 478 539 1144 581 1133 805 1084 684 946 637 0 836 588 545 662 486 385 215 1130 459 702 585 758 885 917 433 511 630 1213 489 619 1133 938 604 553 773 261 462 370 79 342 447 1274 618 533 756 397 576 511 1261 878 1016 821 808 61 993 1278 1134 582 589 631 646 138 1093 724 996 43 563 584 730 394 906 1292 726 495 677
348 287 988 300 835 319 912 282 959 251 329 849 856 235 693 826 449 659 482 532 525 789 496 875 897 310 914 333 847 453 490 485 538 48 662 1100 588 635 565 441 973 489 561 267 586 783 586 654 1023 247 836 0 354 506 452 364 475 675 518 433 136 266 314 564 119 501 860 419 858 350 666 849 397 292 324 88 737 733 977 794 507 405 549 590 354 86 446 260 336 862 505 259 730 188 882 178 470 408 270 260 582 1190 779 581 310 687 873 273 330 618 449 695 458 215 363 699
95 229 825 81 906 560 590 104 616 426 544 690 643 415 783 623 377 308 165 277 278 451 226 802 601 661 884 182 580 807 375 644 480 331 307 777 533 370 372 294 622 135 874 145 888 479 870 331 714 345 588 354 0 537 148 147 208 505 838 382 277 140 170 769 471 169 818 98 717 255 324 668 354 68 338 348 600 379 844 574 355 311 686 654 73 273 220 191 149 749 334 608 860 239 645 532 820 755 135 143 249 837 585 870 136 502 615 214 33 317 308 456 787 160 129 368
445 316 552 463 369 317 1079 445 1058 750 835 1223 506 733 1191 470 180 765 697 413 400 922 430 381 677 707 408 677 584 763 883 206 968 459 736 910 139 906 905 278 916 616 608 406 593 993 540 840 1211 263 545 506 537 0 685 398 425 329 601 163 393 413 656 341 521 529 357 634 1246 282 807 1204 823 490 211 417 322 754 515 471 267 236 1052 118 468 467 376 363 388 1270 859 564 336 607 560 591 828 645 416 413 756 1126 424 551 627 1037 588 335 507 844 268 994 887 555 416 865
240 377 927 228 1053 697 461 250 509 443 557 552 733 437 721 718 520 227 31 378 383 338 329 931 641 740 1019 154 643 897 275 791 387 442 249 781 672 222 239 431 582 124 999 292 1017 339 1004 202 578 489 662 452 148 685 0 289 316 619 960 527 406 285 161 914 572 232 952 50 583 402 219 525 294 208 486 468 719 337 957 664 485 454 651 802 216 382 344 338 296 620 216 711 1008 289 723 622 897 861 281 288 132 783 686 1002 148 364 682 362 180 173 445 309 841 237 270 246
52 121 693 98 764 479 693 99 694 513 627 837 526 499 907 501 230 386 299 171 166 542 131 656 533 672 736 319 490 801 520 528 621 325 367 737 385 509 520 147 633 222 810 97 817 598 790 445 823 252 486 364 147 398 289 0 110 369 780 238 243 100 302 661 465 163 670 238 865 117 420 814 488 127 215 321 459 413 706 458 210 165 797 516 74 279 90 112 29 896 482 588 728 324 538 536 829 727 96 105 361 853 459 792 268 649 519 117 124 446 161 598 822 243 18 474
139 214 618 194 775 565 655 202 635 613 730 866 436 600 990 415 245 340 316 69 70 497 21 616 423 782 710 390 384 908 578 585 685 435 310 627 374 518 556 146 537 211 901 207 904 578 872 427 787 340 385 475 208 425 316 110 0 303 874 263 352 210 377 724 574 106 642 272 898 181 386 836 562 218 283 429 403 337 642 367 178 194 889 541 148 390 50 219 139 936 528 694 762 423 441 646 939 831 206 215 347 757 378 876 343 679 416 218 199 444 157 611 932 341 113 446
419 390 324 468 571 614 894 465 837 870 979 1165 189 855 1277 155 236 594 616 242 235 738 290 328 354 948 437 685 256 1039 879 536 985 627 552 585 197 812 859 239 633 507 931 447 919 845 869 703 1027 451 215 675 505 329 619 369 303 0 919 259 538 453 670 669 740 394 369 575 1199 326 649 1133 856 497 364 601 104 534 339 143 170 269 1163 406 436 602 285 428 385 1239 831 826 616 688 234 816 1091 934 452 456 632 827 107 879 636 979 258 408 489 732 228 905 1120 610 384 711
793 661 1146 764 703 313 1422 741 1454 695 694 1350 1103 684 1066 1068 701 1145 988 904 892 1289 890 939 1242 377 908 852 1161 286 999 408 1026 520 1137 1471 740 1153 1081 764 1411 970 48 707 91 1298 142 1162 1537 533 1130 518 838 601 960 780 874 919 0 674 561 710 832 330 407 943 888 921 1352 694 1163 1356 898 770 599 493 923 1193 1097 1062 799 707 909 584 809 578 827 672 753 1346 1022 282 543 706 1154 395 374 176 715 705 1084 1631 1021 125 826 1199 1172 663 808 1131 763 1213 507 727 789 1203
288 178 556 313 526 363 915 299 897 655 754 1072 449 638 1085 415 26 602 538 259 245 759 269 453 568 691 515 535 487 779 742 331 835 384 573 798 164 747 754 117 773 454 692 264 686 830 644 677 1048 194 459 433 382 163 527 238 263 259 674 0 300 271 516 472 484 366 453 477 1098 129 644 1051 692 342 109 351 305 596 544 397 127 73 956 281 311 372 213 226 232 1126 712 566 499 490 490 561 831 676 273 272 594 987 367 651 484 885 501 199 354 683 108 836 864 426 256 702
240 152 853 203 743 293 864 181 893 359 454 878 720 342 798 690 315 584 431 404 396 727 372 749 769 431 796 329 715 557 521 418 592 89 578 979 460 614 571 305 871 409 597 152 612 745 598 603 984 130 702 136 277 393 406 243 352 538 561 300 0 154 307 524 222 395 740 362 894 214 601 869 445 208 195 78 602 640 844 658 370 268 662 490 252 74 318 132 214 908 516 345 658 221 747 295 587 488 159 149 523 1091 643 596 288 701 739 140 246 579 313 687 590 193 246 643
86 97 777 58 782 422 729 35 747 419 531 810 619 404 827 593 273 436 305 271 266 585 231 716 633 575 786 265 589 709 471 505 563 229 427 834 433 506 492 216 717 262 743 7 755 619 734 471 853 205 585 266 140 413 285 100 210 453 710 271 154 0 245 629 370 241 722 236 833 144 460 792 422 78 205 231 535 486 783 552 285 208 710 527 99 180 188 52 73 857 446 499 726 234 635 440 733 642 5 5 387 936 549 734 214 624 618 79 107 457 228 589 722 159 97 507
251 341 992 207 1023 598 603 218 665 284 400 574 813 276 613 793 516 388 192 446 448 494 396 956 763 584 1029 22 748 744 227 721 320 315 407 924 676 320 264 447 739 254 874 252 896 471 891 352 709 419 758 314 170 656 161 302 377 670 832 516 307 245 0 831 431 331 965 153 593 387 379 562 185 177 444 351 762 492 1009 744 513 450 519 767 234 260 385 293 293 614 210 570 955 133 815 473 739 718 243 244 292 943 754 888 34 394 783 321 181 307 461 384 680 113 286 399
694 546 845 688 375 244 1353 665 1354 806 851 1400 838 791 1234 802 496 1047 935 730 717 1203 735 622 1018 602 580 853 925 581 1041 140 1100 537 1027 1251 473 1132 1095 585 1245 880 316 623 285 1248 222 1099 1480 424 885 564 769 341 914 661 724 669 330 472 524 629 831 0 503 817 566 866 1413 548 1080 1393 956 706 446 492 647 1061 787 809 595 530 1080 280 715 579 673 578 640 1423 1040 455 218 734 896 541 664 452 634 626 1014 1459 759 236 811 1225 928 557 736 1087 579 1209 771 718 676 1132
456 370 1040 411 814 266 1031 392 1079 307 348 947 927 293 731 895 506 777 602 626 617 909 594 901 990 211 925 450 933 338 592 451 626 142 779 1201 625 751 674 518 1086 606 452 370 480 902 489 774 1141 290 917 119 471 521 572 465 574 740 407 484 222 370 431 503 0 611 878 539 951 428 785 950 493 407 376 145 789 848 1020 868 578 473 577 586 464 198 540 354 435 950 614 139 692 301 959 76 365 288 375 365 701 1304 846 481 429 792 956 360 446 736 524 807 380 334 466 818
155 283 696 200 881 642 549 218 536 596 714 771 500 584 938 486 349 235 224 152 161 393 109 716 432 811 813 338 419 949 505 681 616 468 209 609 480 418 469 251 476 113 973 242 980 471 953 320 682 415 433 501 169 529 232 163 106 394 943 366 395 241 331 817 611 0 744 196 806 269 279 739 506 212 371 473 497 250 728 432 284 295 850 646 146 415 153 271 190 847 448 740 866 408 493 678 971 883 236 246 242 695 454 955 299 586 455 280 178 341 262 512 948 327 153 339
723 631 317 759 276 654 1263 747 1205 1099 1190 1504 420 1082 1535 394 449 959 956 594 584 1106 635 71 667 1058 68 984 565 1096 1189 487 1285 813 919 873 289 1161 1189 523 983 854 881 715 851 1209 788 1063 1396 614 511 860 818 357 952 670 642 369 888 453 740 722 965 566 878 744 0 904 1534 578 1012 1477 1145 788 546 772 270 903 240 438 467 514 1402 311 744 814 608 679 673 1567 1153 911 401 942 486 947 1168 971 723 724 987 1157 378 803 933 1316 544 652 794 1086 509 1253 1239 879 688 1074
189 327 887 179 1002 652 501 201 539 437 554 600 696 429 744 680 469 243 69 336 341 370 286 884 619 715 971 154 614 869 309 741 419 405 256 771 622 272 285 382 587 101 959 242 975 384 960 241 621 441 630 419 98 634 50 238 272 575 921 477 362 236 153 866 539 196 904 0 630 351 246 575 313 160 436 428 674 339 914 627 437 404 665 751 165 345 297 288 245 665 256 678 958 268 689 593 873 827 232 239 163 793 646 959 131 412 651 312 130 220 396 360 825 206 220 282
813 930 1498 785 1615 1172 544 801 682 659 694 48 1295 669 497 1285 1094 659 583 957 964 599 909 1514 1150 1014 1601 572 1182 1175 372 1312 326 878 706 1212 1250 397 345 1011 948 692 1399 840 1431 456 1440 534 530 1012 1213 858 717 1246 583 865 898 1199 1352 1098 894 833 593 1413 951 806 1534 630 0 969 602 103 460 757 1037 921 1301 778 1534 1229 1067 1028 573 1360 791 834 927 884 866 66 387 1071 1548 679 1274 958 1131 1202 830 833 581 1063 1258 1433 620 220 1222 911 744 482 1025 308 1012 703 847 553
162 63 646 184 651 384 810 170 805 547 653 944 506 532 968 476 129 500 415 211 200 657 197 573 568 639 642 407 505 750 613 413 707 303 478 788 288 623 625 91 718 339 720 137 722 715 690 563 940 163 489 350 255 282 402 117 181 326 694 129 214 144 387 548 428 269 578 351 969 0 536 923 566 213 103 283 399 515 646 444 157 64 845 400 185 275 133 105 105 997 583 534 611 372 533 504 790 663 145 146 478 938 429 694 355 756 528 81 225 563 99 711 803 302 135 591
386 534 917 402 1161 882 273 425 293 656 766 560 708 651 873 704 628 58 187 420 431 126 386 977 547 958 1081 369 584 1114 418 948 523 650 105 630 758 213 326 530 393 199 1199 464 1213 196 1194 69 404 661 619 666 324 807 219 420 386 649 1163 644 601 460 379 1080 785 279 1012 246 602 536 0 517 476 393 635 671 753 177 964 646 562 571 830 925 366 591 432 506 439 657 344 924 1143 508 679 839 1116 1073 454 463 86 576 685 1194 367 396 624 524 356 132 542 294 1059 452 404 61
763 889 1424 741 1573 1155 441 759 579 673 724 54 1219 681 575 1211 1045 574 521 891 899 502 845 1453 1063 1034 1545 540 1100 1197 358 1284 344 864 622 1115 1197 321 300 957 849 626 1402 799 1431 358 1435 449 429 981 1133 849 668 1204 525 814 836 1133 1356 1051 869 792 562 1393 950 739 1477 575 103 923 517 0 457 714 997 905 1236 689 1464 1154 1010 979 632 1319 740 815 869 844 818 169 352 1076 1515 664 1194 965 1160 1213 789 793 505 960 1186 1429 585 168 1140 871 697 404 971 228 1049 675 795 463
437 514 1178 391 1184 713 636 399 729 226 311 453 997 230 432 977 695 505 319 630 632 567 580 1138 932 586 1207 171 925 751 104 861 146 419 536 1075 855 329 211 631 865 413 944 429 974 496 980 427 716 571 938 397 354 823 294 488 562 856 898 692 445 422 185 956 493 506 1145 313 460 566 476 457 0 361 611 464 948 625 1194 928 697 630 358 929 420 379 571 466 477 466 157 618 1103 224 996 508 724 757 421 420 398 1053 939 974 220 306 962 494 367 364 645 349 633 268 472 473
80 175 821 30 859 493 658 44 684 395 512 733 650 382 780 627 341 375 229 287 285 519 240 778 633 602 853 195 602 745 401 583 497 266 373 821 500 428 414 270 680 201 806 85 820 544 803 398 780 281 604 292 68 490 208 127 218 497 770 342 208 78 177 706 407 212 788 160 757 213 393 714 361 0 283 280 586 441 834 582 336 274 672 605 72 209 215 131 116 784 370 542 804 204 659 471 761 689 74 80 316 897 586 802 144 547 634 157 38 380 283 510 735 122 113 436
252 109 666 259 578 286 909 239 908 553 648 1015 553 537 989 520 129 601 503 305 293 757 297 554 648 583 605 466 576 679 671 312 756 276 580 874 265 708 697 165 819 437 622 198 623 810 588 658 1038 86 553 324 338 211 486 215 283 364 599 109 195 205 444 446 376 371 546 436 1037 103 635 997 611 283 0 242 415 618 652 497 211 109 856 323 275 268 234 153 197 1059 650 463 521 398 589 452 727 582 209 204 574 1037 472 593 416 829 594 126 306 653 165 793 756 343 231 689
317 224 908 279 748 250 929 257 963 338 418 909 786 322 781 754 370 656 495 480 472 796 450 788 845 357 825 372 787 479 550 403 608 46 653 1057 503 668 612 373 949 482 531 230 549 806 540 668 1046 161 773 88 348 417 468 321 429 601 493 351 78 231 351 492 145 473 772 428 921 283 671 905 464 280 242 0 657 716 894 725 436 331 638 502 329 90 394 210 292 930 555 267 647 242 815 221 510 411 236 226 591 1168 707 538 338 739 811 214 319 640 380 736 520 240 324 710
511 462 251 557 494 631 996 551 936 947 1052 1268 193 931 1363 158 287 698 718 344 337 841 391 225 414 993 337 779 312 1070 976 523 1080 688 655 637 183 916 959 319 717 610 930 529 913 949 858 807 1129 499 261 737 600 322 719 459 403 104 923 305 602 535 762 647 789 497 270 674 1301 399 753 1236 948 586 415 657 0 635 248 182 250 336 1244 370 529 671 380 504 471 1340 930 861 562 769 255 865 1128 958 535 538 736 901 123 869 728 1081 301 481 582 836 306 1009 1169 695 475 815
401 534 767 438 1084 893 363 459 307 776 892 734 558 769 1039 560 575 127 308 341 354 213 327 859 374 1040 971 489 421 1186 582 922 691 707 89 456 678 391 499 479 247 247 1224 488 1231 345 1203 247 494 665 462 733 379 754 337 413 337 534 1193 596 640 486 492 1061 848 250 903 339 778 515 177 689 625 441 618 716 635 0 823 502 490 531 983 867 388 650 388 521 440 833 509 982 1089 605 521 911 1200 1128 481 491 231 458 548 1206 470 574 461 531 402 308 488 471 1162 534 404 226
757 708 85 804 516 832 1185 799 1105 1193 1297 1498 269 1178 1611 263 529 906 952 578 573 1036 628 171 512 1217 271 1024 421 1278 1219 688 1325 928 861 685 395 1142 1196 567 844 842 1095 777 1070 1157 1009 1024 1313 734 370 977 844 515 957 706 642 339 1097 544 844 783 1009 787 1020 728 240 914 1534 646 964 1464 1194 834 652 894 248 823 0 320 498 583 1492 513 775 915 624 752 719 1575 1170 1078 640 1017 323 1094 1343 1159 783 786 958 990 278 1023 974 1314 388 728 828 1060 554 1235 1396 943 722 1025
501 506 270 555 677 756 865 557 788 971 1084 1191 69 956 1357 58 372 589 655 297 297 715 348 380 232 1078 501 756 129 1176 937 677 1046 747 542 455 336 833 899 352 546 543 1074 548 1062 838 1012 708 993 583 79 794 574 471 664 458 367 143 1062 397 658 552 744 809 868 432 438 627 1229 444 646 1154 928 582 497 725 182 502 320 0 289 395 1254 540 513 716 368 538 479 1274 880 961 742 783 92 944 1224 1074 550 556 648 721 60 1021 710 1010 120 521 565 749 345 925 1246 701 469 707
262 221 492 306 600 487 827 300 796 701 809 1037 350 686 1112 319 100 514 488 148 135 669 176 447 442 789 535 530 366 890 730 455 832 460 480 672 196 695 722 69 651 389 818 279 813 755 771 605 961 295 342 507 355 267 485 210 178 170 799 127 370 285 513 595 578 284 467 437 1067 157 562 1010 697 336 211 436 250 490 498 289 0 105 995 377 282 433 140 258 221 1102 689 674 600 520 380 655 936 793 284 288 525 863 272 778 479 849 383 238 334 622 58 787 956 444 227 623
215 125 585 245 599 393 844 232 829 610 715 1001 454 594 1032 422 66 531 465 202 189 688 204 508 539 683 579 469 468 786 675 391 771 357 504 765 225 674 683 57 719 380 729 201 727 757 689 604 975 190 447 405 311 236 454 165 194 269 707 73 268 208 450 530 473 295 514 404 1028 64 571 979 630 274 109 331 336 531 583 395 105 0 909 354 238 334 144 170 161 1057 642 569 571 436 486 549 831 691 209 210 520 936 375 695 418 813 487 145 283 609 56 763 852 367 183 629
753 784 1487 699 1382 844 952 699 1062 303 229 597 1322 319 157 1299 967 862 677 958 957 910 909 1409 1282 533 1458 513 1267 669 416 1025 331 593 894 1433 1120 656 525 926 1221 767 958 716 998 815 1028 775 1004 790 1274 549 686 1052 651 797 889 1163 909 956 662 710 519 1080 577 850 1402 665 573 845 830 632 358 672 856 638 1244 983 1492 1254 995 909 0 1139 741 587 887 740 779 535 490 644 1268 475 1330 541 605 736 711 707 755 1404 1257 1016 552 551 1301 764 690 709 938 641 468 553 785 820
562 430 566 578 255 345 1196 560 1172 840 917 1337 563 823 1282 527 296 881 815 525 512 1039 545 356 760 752 346 788 662 784 993 176 1076 546 851 991 209 1024 1019 395 1018 734 581 520 558 1111 498 958 1328 360 618 590 654 118 802 516 541 406 584 281 490 527 767 280 586 646 311 751 1360 400 925 1319 929 605 323 502 370 867 513 540 377 354 1139 0 586 563 492 476 506 1382 973 604 223 710 623 650 857 659 530 527 875 1224 487 511 739 1152 660 448 623 962 384 1111 933 663 534 983
23 169 758 54 836 518 638 72 650 467 584 763 582 454 845 560 304 339 229 217 216 491 168 729 561 664 811 249 530 803 448 586 550 322 328 752 459 437 445 221 621 166 842 101 852 535 830 383 765 295 533 354 73 468 216 74 148 436 809 311 252 99 234 715 464 146 744 165 791 185 366 740 420 72 275 329 529 388 775 513 282 238 741 586 0 268 150 140 80 822 408 595 795 276 589 531 824 740 93 103 299 840 520 831 200 575 563 158 53 378 235 526 803 194 56 416
262 212 920 214 815 339 844 196 884 284 382 821 780 268 723 751 386 580 411 448 442 715 411 822 812 396 871 282 765 536 462 482 526 59 581 1015 533 578 522 365 888 408 618 182 638 719 631 584 959 204 756 86 273 467 382 279 390 602 578 372 74 180 260 579 198 415 814 345 834 275 591 815 379 209 268 90 671 650 915 716 433 334 587 563 268 0 363 179 251 845 465 335 724 155 803 263 555 483 184 175 508 1106 705 627 249 649 792 195 247 552 375 645 542 150 277 627
135 173 607 187 729 517 703 189 685 603 717 896 436 589 994 412 196 389 348 86 79 546 63 587 451 750 675 400 402 871 595 534 700 404 360 663 332 554 583 97 585 250 853 184 856 622 822 470 835 295 397 446 220 376 344 90 50 285 827 213 318 188 385 673 540 153 608 297 927 133 432 869 571 215 234 394 380 388 624 368 140 144 887 492 150 363 0 186 114 962 550 656 712 414 448 613 905 790 185 192 388 804 371 827 350 708 430 180 203 483 109 646 905 333 101 491
121 48 750 109 731 377 777 87 790 442 550 861 602 427 862 574 231 479 357 272 265 631 240 677 637 564 741 314 586 689 520 453 609 218 467 847 390 559 544 189 745 306 704 46 713 669 689 520 902 155 576 260 191 363 338 112 219 428 672 226 132 52 293 578 354 271 679 288 884 105 506 844 466 131 153 210 504 521 752 538 258 170 740 476 140 179 186 0 83 907 497 475 673 266 624 427 720 615 56 51 436 965 528 691 263 676 612 28 158 508 200 642 719 199 118 555
56 96 709 86 756 453 712 80 717 491 604 840 546 476 892 521 228 408 309 197 192 563 160 662 561 643 739 311 515 771 515 509 613 296 391 766 386 517 521 154 662 240 783 70 791 613 765 461 841 226 511 336 149 388 296 29 139 385 753 232 214 73 293 640 435 190 673 245 866 105 439 818 477 116 197 292 471 440 719 479 221 161 779 506 80 251 114 83 0 895 481 558 715 304 561 507 800 698 71 78 376 882 478 767 260 652 544 90 121 458 167 605 794 225 36 492
844 955 1542 812 1638 1180 610 827 747 650 674 115 1341 662 446 1330 1124 712 623 997 1003 659 948 1550 1204 999 1633 593 1232 1157 388 1326 324 886 759 1272 1281 447 380 1043 1009 734 1394 864 1427 518 1439 587 596 1030 1261 862 749 1270 620 896 936 1239 1346 1126 908 857 614 1423 950 847 1567 665 66 997 657 169 466 784 1059 930 1340 833 1575 1274 1102 1057 535 1382 822 845 962 907 895 0 414 1064 1565 689 1322 951 1109 1191 855 857 630 1128 1301 1431 643 264 1272 935 774 533 1057 362 985 720 878 609
429 543 1143 398 1228 805 480 414 577 379 468 365 949 380 530 934 709 383 228 592 597 420 542 1137 848 732 1219 188 857 896 74 932 181 516 421 966 866 173 59 629 737 339 1066 453 1091 339 1091 285 560 629 878 505 334 859 216 482 528 831 1022 712 516 446 210 1040 614 448 1153 256 387 583 344 352 157 370 650 555 930 509 1170 880 689 642 490 973 408 465 550 497 481 414 0 748 1165 317 938 641 875 892 443 446 277 914 901 1086 234 184 896 524 359 219 643 197 788 323 464 329
585 482 1108 544 804 258 1171 523 1218 413 420 1069 1015 402 801 981 590 915 741 740 731 1048 714 944 1102 150 950 588 1037 216 720 443 744 276 915 1319 686 889 808 620 1216 743 329 498 364 1041 385 913 1280 379 1016 259 608 564 711 588 694 826 282 566 345 499 570 455 139 740 911 678 1071 534 924 1076 618 542 463 267 861 982 1078 961 674 569 644 604 595 335 656 475 558 1064 748 0 664 438 1053 113 266 149 504 494 841 1435 933 375 568 922 1057 476 581 876 624 942 330 474 591 958
771 630 710 780 161 425 1415 760 1394 980 1039 1529 754 964 1419 720 517 1101 1024 748 735 1259 767 468 969 814 397 977 869 800 1177 245 1249 694 1072 1197 426 1230 1215 615 1239 949 522 719 484 1326 418 1173 1547 535 821 730 860 336 1008 728 762 616 543 499 658 726 955 218 692 866 401 958 1548 611 1143 1515 1103 804 521 647 562 1089 640 742 600 571 1268 223 795 724 712 673 715 1565 1165 664 0 879 818 740 883 670 729 724 1089 1441 685 435 930 1347 862 647 827 1173 605 1315 986 845 746 1200
284 312 1012 229 964 493 737 225 796 190 307 667 850 177 596 825 497 511 320 491 488 626 444 942 837 451 1002 150 807 610 307 637 370 200 524 1016 654 450 376 450 852 359 749 240 774 604 773 485 842 350 808 188 239 607 289 324 423 688 706 490 221 234 133 734 301 408 942 268 679 372 508 664 224 204 398 242 769 605 1017 783 520 436 475 710 276 155 414 266 304 689 317 438 879 0 862 339 608 586 235 231 421 1062 782 768 140 500 839 292 231 441 463 507 556 82 313 532
578 594 254 633 741 848 876 637 787 1051 1166 1234 66 1037 1428 97 464 621 710 371 373 734 420 421 189 1170 543 826 101 1268 998 766 1109 836 574 388 423 877 952 442 521 599 1165 631 1152 864 1101 745 1001 675 61 882 645 560 723 538 441 234 1154 490 747 635 815 896 959 493 486 689 1274 533 679 1194 996 659 589 815 255 521 323 92 380 486 1330 623 589 803 448 624 561 1322 938 1053 818 862 0 1035 1316 1167 633 640 692 676 136 1111 781 1057 65 609 639 791 435 967 1336 780 548 737
524 445 1115 477 870 317 1076 459 1131 300 314 957 1003 289 698 971 582 834 652 700 692 960 667 973 1065 136 992 489 1008 276 610 506 631 211 839 1273 699 788 701 594 1151 666 442 441 476 943 495 822 1181 366 993 178 532 591 622 536 646 816 395 561 295 440 473 541 76 678 947 593 958 504 839 965 508 471 452 221 865 911 1094 944 655 549 541 650 531 263 613 427 507 951 641 113 740 339 1035 0 293 250 445 435 753 1368 923 485 475 812 1032 435 509 780 600 837 303 386 537 868
817 734 1374 770 1034 514 1338 752 1404 498 437 1141 1280 495 754 1246 855 1117 928 991 983 1234 960 1205 1355 159 1203 753 1296 88 829 687 816 504 1125 1566 952 1038 934 879 1442 953 417 734 464 1201 516 1092 1433 641 1278 470 820 828 897 829 939 1091 374 831 587 733 739 664 365 971 1168 873 1131 790 1116 1160 724 761 727 510 1128 1200 1343 1224 936 831 605 857 824 555 905 720 800 1109 875 266 883 608 1316 293 0 213 738 728 1029 1658 1198 500 748 1026 1317 725 799 1044 884 1072 145 668 830 1139
728 617 1197 690 824 328 1320 669 1367 542 526 1203 1124 533 892 1089 702 1063 891 873 863 1197 850 1013 1229 202 1001 736 1159 129 860 485 875 424 1063 1451 777 1036 952 745 1359 891 224 641 268 1189 311 1063 1428 502 1134 408 755 645 861 727 831 934 176 676 488 642 718 452 288 883 971 827 1202 663 1073 1213 757 689 582 411 958 1128 1159 1074 793 691 736 659 740 483 790 615 698 1191 892 149 670 586 1167 250 213 0 647 637 990 1579 1041 296 717 1062 1176 613 728 1025 747 1088 334 623 732 1107
80 100 776 53 785 428 724 31 741 421 533 806 617 406 828 591 274 431 301 268 263 580 227 717 629 580 787 263 586 714 469 509 562 234 422 830 434 502 488 215 712 256 749 10 760 614 739 466 848 209 582 270 135 416 281 96 206 452 715 273 159 5 243 634 375 236 723 232 830 145 454 789 421 74 209 236 535 481 783 550 284 209 711 530 93 184 185 56 71 855 443 504 729 235 633 445 738 647 0 10 382 931 547 740 211 621 615 82 102 452 228 585 726 160 93 501
91 97 780 61 782 419 732 38 751 415 527 810 623 400 824 597 275 440 308 276 271 589 236 719 638 570 787 264 594 704 471 503 562 224 432 839 434 508 492 219 722 266 739 9 750 622 730 474 856 202 589 260 143 413 288 105 215 456 705 272 149 5 244 626 365 246 724 239 833 146 463 793 420 80 204 226 538 491 786 556 288 210 707 527 103 175 192 51 78 857 446 494 724 231 640 435 728 637 10 0 391 941 553 731 213 625 623 78 109 460 231 591 717 157 102 510
321 469 918 329 1117 809 341 352 377 571 682 543 714 565 807 705 581 107 101 393 402 207 352 957 580 872 1055 283 602 1028 350 885 459 568 143 688 721 185 272 485 466 140 1121 393 1136 236 1119 84 466 592 631 582 249 756 132 361 347 632 1084 594 523 387 292 1014 701 242 987 163 581 478 86 505 398 316 574 591 736 231 958 648 525 520 755 875 299 508 388 436 376 630 277 841 1089 421 692 753 1029 990 382 391 0 658 680 1119 280 365 642 457 281 101 497 277 973 367 344 119
850 970 911 892 1395 1322 519 912 380 1226 1340 1014 740 1220 1433 763 962 555 752 733 746 498 741 1095 490 1498 1218 937 592 1642 988 1318 1085 1162 537 319 1016 755 884 879 220 705 1658 938 1660 620 1625 628 573 1098 646 1190 837 1126 783 853 757 827 1631 987 1091 936 943 1459 1304 695 1157 793 1063 938 576 960 1053 897 1037 1168 901 458 990 721 863 936 1404 1224 840 1106 804 965 882 1128 914 1435 1441 1062 676 1368 1658 1579 931 941 658 0 781 1630 924 910 614 971 859 694 883 800 1619 992 847 584
506 493 241 558 617 718 912 557 840 968 1079 1222 83 953 1365 48 343 628 679 310 307 760 361 322 292 1056 442 768 189 1146 954 630 1063 732 582 514 286 865 924 339 604 567 1031 543 1017 879 965 745 1042 558 138 779 585 424 686 459 378 107 1021 367 643 549 754 759 846 454 378 646 1258 429 685 1186 939 586 472 707 123 548 278 60 272 375 1257 487 520 705 371 528 478 1301 901 933 685 782 136 923 1198 1041 547 553 680 781 0 975 720 1039 177 510 573 782 330 957 1226 703 472 746
813 671 1078 792 596 313 1460 768 1481 784 795 1427 1057 771 1173 1021 677 1171 1028 897 884 1320 890 859 1216 490 816 909 1129 411 1071 346 1108 572 1158 1449 689 1206 1145 752 1412 996 90 730 49 1342 17 1200 1580 540 1093 581 870 551 1002 792 876 879 125 651 596 734 888 236 481 955 803 959 1433 694 1194 1429 974 802 593 538 869 1206 1023 1021 778 695 1016 511 831 627 827 691 767 1431 1086 375 435 768 1111 485 500 296 740 731 1119 1630 975 0 876 1268 1136 677 838 1176 749 1272 630 778 804 1239
217 311 958 174 994 581 602 185 656 307 424 599 779 298 647 758 484 372 179 412 413 486 362 923 731 591 997 51 715 749 257 699 353 306 387 896 644 329 285 414 718 228 866 221 887 473 879 347 712 395 724 310 136 627 148 268 343 636 826 484 288 214 34 811 429 299 933 131 620 355 367 585 220 144 416 338 728 470 974 710 479 418 552 739 200 249 350 263 260 643 234 568 930 140 781 475 748 717 211 213 280 924 720 876 0 417 750 291 146 307 427 399 695 98 252 392
598 722 1279 573 1406 989 413 591 539 530 598 188 1077 536 537 1066 880 450 363 737 744 419 689 1295 941 891 1383 372 968 1056 202 1116 225 699 497 1021 1034 184 132 794 767 472 1244 631 1271 290 1273 327 452 813 996 687 502 1037 364 649 679 979 1199 885 701 624 394 1225 792 586 1316 412 220 756 396 168 306 547 829 739 1081 574 1314 1010 849 813 551 1152 575 649 708 676 652 264 184 922 1347 500 1057 812 1026 1062 621 625 365 910 1039 1268 417 0 1008 703 531 269 808 111 925 507 631 354
555 587 319 610 793 863 814 617 723 1029 1145 1182 125 1016 1394 150 475 566 667 348 352 673 394 481 125 1167 604 793 40 1273 958 794 1069 828 519 336 455 826 906 438 455 557 1187 615 1176 806 1127 691 938 678 43 873 615 588 682 519 416 258 1172 501 739 618 783 928 956 455 544 651 1222 528 624 1140 962 634 594 811 301 461 388 120 383 487 1301 660 563 792 430 612 544 1272 896 1057 862 839 65 1032 1317 1176 615 623 642 614 177 1136 750 1008 0 600 612 740 433 914 1330 757 527 681
137 20 728 134 703 363 796 113 806 465 571 889 585 450 888 556 205 496 380 265 257 649 238 650 630 571 714 342 575 691 548 429 637 228 481 843 363 584 571 170 750 324 693 72 700 691 675 541 923 137 563 273 214 335 362 117 218 408 663 199 140 79 321 557 360 280 652 312 911 81 524 871 494 157 126 214 481 531 728 521 238 145 764 448 158 195 180 28 90 935 524 476 647 292 609 435 725 613 82 78 457 971 510 677 291 703 600 0 181 532 179 668 730 227 127 575
71 197 811 48 876 527 623 71 646 421 539 718 634 409 792 613 350 337 199 268 268 482 219 780 605 639 859 196 579 783 396 611 498 305 334 788 507 402 399 271 643 163 843 112 856 512 838 364 747 312 584 330 33 507 180 124 199 489 808 354 246 107 181 736 446 178 794 130 744 225 356 697 367 38 306 319 582 402 828 565 334 283 690 623 53 247 203 158 121 774 359 581 827 231 639 509 799 728 102 109 281 859 573 838 146 531 612 181 0 350 285 488 770 149 106 401
401 546 1019 399 1208 871 296 421 368 563 667 442 814 561 744 806 672 182 151 493 502 203 450 1057 672 890 1154 292 700 1051 293 961 394 611 227 762 816 85 195 577 522 233 1171 463 1189 166 1177 67 406 662 730 618 317 844 173 446 444 732 1131 683 579 457 307 1087 736 341 1086 220 482 563 132 404 364 380 653 640 836 308 1060 749 622 609 709 962 378 552 483 508 458 533 219 876 1173 441 791 780 1044 1025 452 460 101 694 782 1176 307 269 740 532 350 0 591 176 974 404 428 110
214 163 550 253 620 449 812 246 790 643 751 996 406 627 1056 377 88 498 451 151 138 655 162 495 483 735 576 479 413 840 681 438 781 402 467 709 226 660 680 13 667 358 784 222 782 731 743 579 944 245 394 449 308 268 445 161 157 228 763 108 313 228 461 579 524 262 509 396 1025 99 542 971 645 283 165 380 306 488 554 345 58 56 938 384 235 375 109 200 167 1057 643 624 605 463 435 600 884 747 228 231 497 883 330 749 427 808 433 179 285 591 0 751 901 388 179 601
549 684 1195 534 1362 981 311 554 431 575 658 267 990 577 641 982 828 350 299 664 673 308 619 1227 842 929 1322 363 874 1094 248 1092 310 700 397 913 978 93 138 737 657 400 1256 596 1280 181 1276 225 369 788 906 695 456 994 309 598 611 905 1213 836 687 589 384 1209 807 512 1253 360 308 711 294 228 349 510 793 736 1009 471 1235 925 787 763 641 1111 526 645 646 642 605 362 197 942 1315 507 967 837 1072 1088 585 591 277 800 957 1272 399 111 914 668 488 176 751 0 982 496 580 247
801 742 1419 749 1131 588 1263 734 1340 412 327 1025 1306 413 613 1274 886 1067 873 990 984 1171 954 1269 1355 181 1279 690 1305 225 734 773 706 501 1081 1555 1001 957 844 894 1408 914 552 724 598 1123 645 1028 1349 670 1292 458 787 887 841 822 932 1120 507 864 590 722 680 771 380 948 1239 825 1012 803 1059 1049 633 735 756 520 1169 1162 1396 1246 956 852 468 933 803 542 905 719 794 985 788 330 986 556 1336 303 145 334 726 717 973 1619 1226 630 695 925 1330 730 770 974 901 982 0 628 819 1075
201 247 935 147 919 484 697 145 745 273 390 685 769 260 668 745 430 449 267 409 406 575 362 875 754 509 941 135 724 662 332 609 413 207 457 936 589 428 377 375 780 287 768 166 788 570 781 439 810 310 726 215 160 555 237 243 341 610 727 426 193 159 113 718 334 327 879 206 703 302 452 675 268 122 343 240 695 534 943 701 444 367 553 663 194 150 333 199 225 720 323 474 845 82 780 386 668 623 160 157 367 992 703 778 98 507 757 227 149 404 388 496 628 0 232 483
35 132 707 85 782 490 678 89 680 503 618 819 537 489 893 513 249 372 281 178 175 527 135 673 536 672 754 303 496 803 503 543 604 326 354 737 403 490 501 165 627 205 820 96 828 581 802 428 807 263 495 363 129 416 270 18 113 384 789 256 246 97 286 676 466 153 688 220 847 135 404 795 472 113 231 324 475 404 722 469 227 183 785 534 56 277 101 118 36 878 464 591 746 313 548 537 830 732 93 102 344 847 472 804 252 631 527 127 106 428 179 580 819 232 0 458
438 586 977 448 1221 929 222 472 265 667 773 508 768 663 852 765 687 118 216 482 493 95 446 1039 599 983 1143 387 641 1142 404 1001 502 686 164 667 819 177 302 589 417 252 1240 512 1256 134 1239 47 349 710 677 699 368 865 246 474 446 711 1203 702 643 507 399 1132 818 339 1074 282 553 591 61 463 473 436 689 710 815 226 1025 707 623 629 820 983 416 627 491 555 492 609 329 958 1200 532 737 868 1139 1107 501 510 119 584 746 1239 392 354 681 575 401 110 601 247 1075 483 458 0
