0 1644 1302 108 1694 1663 48 1227 47 1712 1312 1005 839 1138 841 347
1644 0 2278 1536 1661 2375 1692 1232 1601 3279 1655 2588 2313 1957 2271 1553
1302 2278 0 1325 1110 2949 1287 2436 1293 1431 2599 1841 1909 324 1954 1023
108 1536 1325 0 1641 1671 155 1158 66 1811 1274 1104 919 1137 914 323
1694 1661 1110 1641 0 3254 1712 2377 1657 2524 2692 2590 2516 867 2529 1352
1663 2375 2949 1671 3254 0 1670 1148 1683 2814 725 1494 1194 2801 1117 1994
48 1692 1287 155 1712 1670 0 1264 91 1666 1338 966 812 1133 818 360
1227 1232 2436 1158 2377 1148 1264 0 1212 2880 423 1790 1444 2190 1374 1419
47 1601 1293 66 1657 1683 91 1212 0 1745 1312 1052 882 1119 883 316
1712 3279 1431 1811 2524 2814 1666 2880 1745 0 2824 1322 1629 1661 1710 1725
1312 1655 2599 1274 2692 725 1338 423 1312 2824 0 1615 1261 2389 1181 1579
1005 2588 1841 1104 2590 1494 966 1790 1052 1322 1615 0 354 1841 433 1281
839 2313 1909 919 2516 1194 812 1444 882 1629 1261 354 0 1848 82 1165
1138 1957 324 1137 867 2801 1133 2190 1119 1661 2389 1841 1848 0 1882 816
841 2271 1954 914 2529 1117 818 1374 883 1710 1181 433 82 1882 0 1176
347 1553 1023 323 1352 1994 360 1419 316 1725 1579 1281 1165 816 1176 0
