0 812 862 1 231 453 75 605 801 833 4 445 411 532 186 674 201 569 727 140 686 76 118 825 490 148 734 466 271 38 575 36 28 378 99 597 47 242 800 102 371 448 377 221 163 553 643 130 316 199 179 216 633 54 215 120 657 822 186 730 741 349 724 777 584 31 845 139 283 71 745 34 123 522 269 450 781 633
812 0 1075 810 937 956 803 1388 1593 1608 813 1253 692 1312 808 731 849 302 1321 747 1378 887 922 872 441 911 1471 470 1007 778 1101 842 785 507 909 1371 837 1007 196 816 514 624 1189 646 658 1171 1395 708 932 867 984 623 1437 862 689 920 790 1514 970 606 1386 650 810 1588 870 780 682 777 1089 831 867 842 931 1302 662 495 794 1288
862 1075 0 863 689 436 787 1299 1431 1502 867 972 502 883 677 344 1063 1074 536 972 1483 894 932 230 1114 996 1482 665 1107 874 1437 850 868 1040 860 1314 907 1062 1215 963 697 1199 1018 719 900 537 1386 777 583 677 960 943 1047 852 686 942 291 1603 801 1420 1563 582 1506 1214 284 855 1538 725 1013 798 1544 852 860 1243 1050 647 297 1459
1 810 863 0 233 454 76 606 803 835 4 447 411 534 186 674 201 567 728 138 687 78 119 825 488 149 735 465 272 36 574 38 26 376 101 599 48 243 798 101 369 446 379 220 161 554 644 129 317 200 180 215 635 56 214 121 657 822 188 729 742 348 722 779 584 29 843 139 284 72 744 36 125 523 268 449 781 633
231 937 689 233 0 254 175 637 804 858 235 361 347 378 129 586 419 742 495 371 796 225 253 705 691 325 806 506 423 262 767 202 253 581 182 645 261 375 965 327 431 675 357 291 365 321 710 249 106 70 271 423 520 194 248 265 546 920 112 954 874 328 956 687 437 244 1070 166 326 163 976 204 176 570 497 483 681 770
453 956 436 454 254 0 380 869 1015 1080 458 555 265 500 273 405 654 835 365 581 1047 470 504 484 824 573 1048 486 677 473 1016 433 466 726 431 882 493 630 1033 556 453 856 586 384 536 223 952 404 148 255 526 590 666 431 337 515 346 1168 365 1116 1127 309 1155 839 212 453 1236 330 576 383 1184 436 428 809 686 460 478 1024
75 803 787 76 175 380 0 649 839 877 80 451 342 516 110 605 277 582 668 203 749 125 170 753 520 218 789 422 339 94 650 70 86 408 118 645 121 304 810 177 331 500 400 175 191 493 696 96 247 130 223 249 633 81 156 176 585 883 166 778 810 286 787 786 509 74 895 65 320 28 811 72 137 569 323 404 711 701
605 1388 1299 606 637 869 649 0 205 228 602 337 971 478 719 1221 543 1108 907 640 268 530 486 1342 989 479 195 1070 383 630 525 585 626 893 530 40 567 381 1333 574 975 851 283 822 736 794 114 733 734 681 427 765 384 569 805 485 1183 334 532 1101 378 929 969 374 1070 635 1182 706 328 621 952 584 514 86 737 1052 1318 331
801 1593 1431 803 804 1015 839 205 0 92 799 460 1147 561 899 1389 749 1314 987 845 375 725 683 1497 1195 682 243 1262 589 829 693 779 824 1099 720 229 766 585 1538 777 1169 1053 448 1014 938 904 244 927 892 856 622 969 418 761 993 683 1346 362 707 1297 473 1112 1154 317 1224 832 1373 893 519 811 1132 778 702 291 942 1243 1481 469
833 1608 1502 835 858 1080 877 228 92 0 830 529 1197 641 946 1444 759 1322 1071 862 321 759 715 1559 1198 704 184 1298 601 858 656 814 854 1107 759 238 794 605 1542 798 1204 1048 501 1051 960 980 221 962 951 906 655 987 505 798 1033 713 1404 283 757 1279 409 1157 1124 409 1286 863 1349 935 557 850 1098 813 743 311 950 1281 1539 423
4 813 867 4 235 458 80 602 799 830 0 445 415 533 190 679 197 568 730 137 682 74 115 830 489 144 730 469 267 37 570 37 28 377 100 594 43 238 800 97 374 445 376 224 163 556 639 133 320 204 176 216 633 55 219 117 662 818 187 728 737 353 720 776 589 33 842 143 281 75 741 35 123 519 267 454 786 628
445 1253 972 447 361 555 451 337 460 529 445 0 709 160 476 938 508 1013 573 549 573 375 351 1038 925 397 530 857 390 482 703 412 474 814 346 361 431 348 1245 476 773 840 115 620 608 457 440 547 438 424 298 657 189 393 587 358 890 666 289 1122 675 687 1052 335 765 476 1225 488 219 423 1053 413 323 305 678 835 1025 594
411 692 502 411 347 265 342 971 1147 1197 415 709 0 704 252 263 597 600 628 490 1091 467 512 418 619 559 1125 222 681 409 975 412 407 539 450 973 459 646 781 500 209 696 698 223 405 486 1030 297 285 291 559 444 859 422 201 518 251 1224 440 923 1152 79 1004 1030 223 393 1043 277 645 364 1042 414 461 896 552 197 370 1043
532 1312 883 534 378 500 516 478 561 641 533 160 704 0 507 903 636 1097 431 655 728 474 462 980 1023 521 673 883 537 571 861 497 561 911 435 507 531 491 1326 586 809 959 272 666 695 347 588 608 418 448 421 749 166 478 625 472 846 812 350 1244 832 701 1191 339 712 560 1352 535 364 491 1196 498 411 459 789 859 979 754
186 808 677 186 129 273 110 719 899 946 190 476 252 507 0 510 387 620 586 307 843 224 266 650 581 323 873 381 440 201 760 174 194 474 199 720 230 401 840 287 302 588 451 162 268 413 778 138 155 59 309 325 645 179 118 274 484 975 193 858 910 213 883 808 400 181 977 56 392 122 910 176 209 644 415 359 613 802
674 731 344 674 586 405 605 1221 1389 1444 679 938 263 903 510 0 857 746 703 747 1353 729 774 172 804 822 1383 341 944 671 1234 675 669 747 710 1226 722 909 872 762 399 916 943 476 654 612 1287 558 499 540 819 684 1067 685 462 781 72 1485 689 1107 1415 330 1220 1240 207 656 1223 539 900 626 1263 677 719 1150 792 330 109 1307
201 849 1063 201 419 654 277 543 749 759 197 508 597 636 387 857 0 564 905 119 547 195 183 1015 448 115 625 602 160 190 378 221 195 349 241 523 160 174 789 99 507 333 406 383 226 733 545 299 513 399 215 235 694 225 395 171 847 685 338 613 581 527 559 806 783 208 717 337 292 270 571 218 257 458 193 593 966 474
569 302 1074 567 742 835 582 1108 1314 1322 568 1013 600 1097 620 746 564 0 1191 476 1080 638 666 913 140 642 1178 409 724 531 799 603 540 215 668 1088 583 731 231 549 391 323 935 463 405 1025 1105 493 768 676 726 357 1202 622 512 661 784 1215 746 378 1084 533 547 1340 817 539 485 576 827 605 601 602 692 1022 372 426 839 988
727 1321 536 728 495 365 668 907 987 1071 730 573 628 431 586 703 905 1191 0 867 1145 710 725 706 1166 799 1101 850 867 758 1217 696 749 1061 663 934 753 816 1396 820 817 1169 662 730 853 174 1013 725 431 541 717 911 572 686 681 737 632 1239 567 1444 1244 673 1451 721 498 740 1562 641 714 658 1471 699 648 878 991 825 736 1156
140 747 972 138 371 581 203 640 845 862 137 549 490 655 307 747 119 476 867 0 664 181 197 908 376 165 737 483 262 110 487 173 118 267 223 624 125 259 706 73 388 309 461 270 107 693 654 195 451 334 252 124 739 187 290 190 742 803 320 594 701 417 584 867 688 129 707 252 352 209 607 171 245 554 134 474 856 593
686 1378 1483 687 796 1047 749 268 375 321 682 573 1091 728 843 1353 547 1080 1145 664 0 624 579 1492 947 538 136 1141 415 698 342 679 697 871 644 230 639 445 1286 617 1045 779 485 904 771 1013 156 813 901 821 535 781 651 668 901 572 1327 138 684 983 109 1034 812 634 1231 710 1042 814 470 727 783 677 637 268 718 1129 1457 106
76 887 894 78 225 470 125 530 725 759 74 375 467 474 224 729 195 638 710 181 624 0 45 874 551 102 665 539 216 109 546 56 102 440 47 524 56 179 869 115 445 488 302 292 233 538 572 203 325 217 103 281 565 44 280 51 707 758 145 774 686 411 747 704 623 107 885 190 206 103 762 55 65 448 315 523 835 578
118 922 932 119 253 504 170 486 683 715 115 351 512 462 266 774 183 666 725 197 579 45 0 917 573 73 619 584 175 146 513 101 140 463 72 479 85 135 898 125 489 496 269 337 265 556 527 247 357 254 62 308 541 89 326 11 750 713 158 782 643 457 741 674 663 148 890 235 167 148 754 100 79 404 328 567 879 535
825 872 230 825 705 484 753 1342 1497 1559 830 1038 418 980 650 172 1015 913 706 908 1492 874 917 0 976 971 1512 512 1091 826 1393 822 823 919 849 1350 873 1052 1027 918 570 1088 1059 639 820 657 1415 716 607 671 957 853 1147 829 620 925 168 1621 814 1278 1560 492 1392 1320 273 809 1393 687 1029 771 1435 824 855 1276 961 501 77 1452
490 441 1114 488 691 824 520 989 1195 1198 489 925 619 1023 581 804 448 140 1166 376 947 551 573 976 0 538 1048 463 607 452 660 526 462 112 588 967 495 620 344 450 416 183 837 440 330 994 979 444 735 631 629 274 1115 544 488 567 832 1080 675 305 947 543 433 1243 842 464 424 529 726 540 483 525 612 904 255 474 905 853
148 911 996 149 325 573 218 479 682 704 144 397 559 521 323 822 115 642 799 165 538 102 73 971 538 0 592 607 122 161 443 149 160 431 142 466 101 99 871 95 510 442 301 366 256 630 504 275 427 319 100 288 585 144 364 61 803 674 232 725 593 498 674 706 723 172 831 284 188 201 684 147 152 394 285 593 929 484
734 1471 1482 735 806 1048 789 195 243 184 730 530 1125 673 873 1383 625 1178 1101 737 136 665 619 1512 1048 592 0 1199 476 753 474 721 750 965 676 170 690 493 1391 681 1103 888 464 955 841 986 96 864 908 843 566 859 571 708 945 615 1350 141 697 1107 230 1075 944 526 1243 761 1171 852 483 765 916 720 664 238 808 1185 1483 239
466 470 665 465 506 486 422 1070 1262 1298 469 857 222 883 381 341 602 409 850 483 1141 539 584 512 463 607 1199 0 727 446 959 484 448 414 541 1064 508 705 566 523 96 587 821 247 377 703 1109 336 477 437 642 387 1026 500 271 586 375 1279 569 766 1183 187 884 1190 417 438 881 372 743 450 930 485 560 988 488 25 442 1075
271 1007 1107 272 423 677 339 383 589 601 267 390 681 537 440 944 160 724 867 262 415 216 175 1091 607 122 476 727 0 283 350 269 282 509 247 364 224 51 949 205 630 481 278 489 365 706 391 398 529 430 154 386 566 261 487 166 923 552 317 750 470 621 662 660 839 294 846 405 173 320 662 267 248 298 353 714 1050 362
38 778 874 36 262 473 94 630 829 858 37 482 409 571 201 671 190 531 758 110 698 109 146 826 452 161 753 446 283 0 568 74 9 340 137 621 63 259 762 91 350 413 411 206 126 583 663 115 341 224 208 178 671 92 208 146 658 835 223 695 749 342 694 812 593 19 810 148 313 99 717 72 161 547 235 432 779 640
575 1101 1437 574 767 1016 650 525 693 656 570 703 975 861 760 1234 378 799 1217 487 342 546 513 1393 660 443 474 959 350 568 0 587 572 609 585 486 529 401 984 476 868 478 589 757 586 1057 449 677 870 762 504 572 847 586 773 502 1225 452 666 646 302 903 470 890 1159 586 701 713 507 639 442 584 591 469 478 954 1343 236
36 842 850 38 202 433 70 585 779 814 37 412 412 497 174 675 221 603 696 173 679 56 101 822 526 149 721 484 269 74 587 0 64 414 66 580 60 234 834 125 390 482 348 237 199 522 628 148 292 178 158 252 600 19 224 107 654 814 150 766 740 355 755 745 574 64 880 135 259 52 775 2 89 504 304 467 781 631
28 785 868 26 253 466 86 626 824 854 28 474 407 561 194 669 195 540 749 118 697 102 140 823 462 160 750 448 282 9 572 64 0 349 128 617 60 257 771 95 352 422 404 206 135 574 660 116 333 215 202 188 662 83 207 141 655 834 214 704 750 341 703 805 588 13 820 142 307 90 725 63 152 542 244 434 777 641
378 507 1040 376 581 726 408 893 1099 1107 377 814 539 911 474 747 349 215 1061 267 871 440 463 919 112 431 965 414 509 340 609 414 349 0 476 873 384 518 441 341 349 173 729 342 218 888 891 336 630 523 520 161 1004 432 389 457 767 1007 563 390 881 460 472 1135 762 352 510 421 619 428 516 412 499 807 157 420 852 782
99 909 860 101 182 431 118 530 720 759 100 346 450 435 199 710 241 668 663 223 644 47 72 849 588 142 676 541 247 137 585 66 128 476 0 528 98 204 899 161 449 533 284 294 263 491 581 209 284 182 109 315 534 46 274 83 683 775 98 818 712 400 793 679 592 129 930 177 202 91 809 66 23 451 357 523 813 605
597 1371 1314 599 645 882 645 40 229 238 594 361 973 507 720 1226 523 1088 934 624 230 524 479 1350 967 466 170 1064 364 621 486 580 617 873 528 0 558 367 1311 560 969 824 296 817 722 816 80 727 744 685 422 749 421 564 802 477 1190 305 537 1070 339 928 934 414 1080 627 1149 705 328 619 916 579 513 76 716 1047 1325 290
47 837 907 48 261 493 121 567 766 794 43 431 459 531 230 722 160 583 753 125 639 56 85 873 495 101 690 508 224 63 529 60 60 384 98 558 0 197 815 66 412 434 353 265 180 580 600 174 353 238 146 226 620 67 262 83 705 775 195 719 694 396 699 757 630 71 832 186 251 110 717 57 120 483 259 494 829 585
242 1007 1062 243 375 630 304 381 585 605 238 348 646 491 401 909 174 731 816 259 445 179 135 1052 620 99 493 705 51 259 401 234 257 518 204 367 197 0 959 193 609 506 239 463 355 655 404 371 482 386 105 384 528 223 456 127 885 580 268 781 508 589 703 632 796 268 880 369 128 282 706 232 202 295 365 691 1014 401
800 196 1215 798 965 1033 810 1333 1538 1542 800 1245 781 1326 840 872 789 231 1396 706 1286 869 898 1027 344 871 1391 566 949 762 984 834 771 441 899 1311 815 959 0 779 579 509 1166 679 636 1235 1323 719 982 898 957 589 1434 853 727 893 924 1418 975 426 1280 724 641 1572 983 770 491 799 1058 834 698 833 923 1247 596 589 949 1190
102 816 963 101 327 556 177 574 777 798 97 476 500 586 287 762 99 549 820 73 617 115 125 918 450 95 681 523 205 91 476 125 95 341 161 560 66 193 779 0 427 374 388 292 162 646 594 204 417 301 179 194 666 134 299 117 750 755 260 659 663 432 633 794 683 109 770 237 278 172 650 123 181 488 203 511 871 554
371 514 697 369 431 453 331 975 1169 1204 374 773 209 809 302 399 507 391 817 388 1045 445 489 570 416 510 1103 96 630 350 868 390 352 349 449 969 412 609 579 427 0 517 731 155 283 660 1013 242 417 361 548 298 946 407 186 491 418 1183 484 722 1088 144 821 1107 429 342 840 285 649 359 864 391 468 893 402 86 505 979
448 624 1199 446 675 856 500 851 1053 1048 445 840 696 959 588 916 333 323 1169 309 779 488 496 1088 183 442 888 587 481 413 478 482 422 173 533 824 434 506 509 374 517 0 740 484 320 994 826 452 742 628 542 265 1027 496 525 487 933 908 629 285 771 617 307 1138 917 430 397 532 626 512 346 480 554 768 178 591 1023 681
377 1189 1018 379 357 586 400 283 448 501 376 115 698 272 451 943 406 935 662 461 485 302 269 1059 837 301 464 821 278 411 589 348 404 729 284 296 353 239 1166 388 731 740 0 576 533 528 369 493 451 407 209 577 289 329 550 273 903 592 259 1019 582 664 941 406 787 409 1119 449 113 372 940 348 263 227 586 801 1038 493
221 646 719 220 291 384 175 822 1014 1051 224 620 223 666 162 476 383 463 730 270 904 292 337 639 440 366 955 247 489 206 757 237 206 342 294 817 265 463 679 292 155 484 576 0 182 562 864 91 304 221 395 224 797 253 49 340 473 1041 331 733 954 147 791 955 435 194 853 133 495 204 825 238 313 741 330 230 586 846
163 658 900 161 365 536 191 736 938 960 163 608 405 695 268 654 226 405 853 107 771 233 265 820 330 256 841 377 365 126 586 199 135 218 263 722 180 355 636 162 283 320 533 182 0 678 756 132 423 311 326 58 797 217 213 262 655 910 346 591 808 328 620 937 615 135 709 212 431 209 651 197 287 650 151 369 764 700
553 1171 537 554 321 223 493 794 904 980 556 457 486 347 413 612 733 1025 174 693 1013 538 556 657 994 630 986 703 706 583 1057 522 574 888 491 816 580 655 1235 646 660 994 528 562 678 0 893 552 259 367 553 736 510 512 512 568 546 1118 397 1269 1108 520 1277 677 407 565 1387 467 562 484 1297 525 478 753 816 678 669 1014
643 1395 1386 644 710 952 696 114 244 221 639 440 1030 588 778 1287 545 1105 1013 654 156 572 527 1415 979 504 96 1109 391 663 449 628 660 891 581 80 600 404 1323 594 1013 826 369 864 756 893 0 773 811 746 472 777 499 614 852 523 1253 225 600 1059 265 981 910 479 1147 670 1132 758 386 671 887 627 569 142 733 1093 1387 232
130 708 777 129 249 404 96 733 927 962 133 547 297 608 138 558 299 493 725 195 813 203 247 716 444 275 864 336 398 115 677 148 116 336 209 727 174 371 719 204 242 452 493 91 132 552 773 0 294 187 306 188 729 166 95 250 548 950 262 719 865 227 752 882 493 103 838 85 408 124 782 149 230 651 283 320 666 756
316 932 583 317 106 148 247 734 892 951 320 438 285 418 155 499 513 768 431 451 901 325 357 607 735 427 908 477 529 341 870 292 333 630 284 744 353 482 982 417 417 742 451 304 423 259 811 294 0 117 378 481 575 288 255 368 453 1024 218 1014 980 290 1033 748 336 322 1132 211 431 245 1058 295 280 670 567 452 589 876
199 867 677 200 70 255 130 681 856 906 204 424 291 448 59 540 399 676 541 334 821 217 254 671 631 319 843 437 430 224 762 178 215 523 182 685 238 386 898 301 361 628 407 221 311 367 746 187 117 0 287 369 588 176 177 264 507 950 149 902 893 263 917 753 410 204 1020 102 360 128 941 180 185 609 451 415 640 787
179 984 960 180 271 526 223 427 622 655 176 298 559 421 309 819 215 726 717 252 535 103 62 957 629 100 566 642 154 208 504 158 202 520 109 422 146 105 957 179 548 542 209 395 326 553 472 306 378 287 0 368 488 142 380 64 791 666 163 826 606 509 772 615 697 210 931 285 104 198 780 157 101 345 380 625 922 500
216 623 943 215 423 590 249 765 969 987 216 657 444 749 325 684 235 357 911 124 781 281 308 853 274 288 859 387 386 178 572 252 188 161 315 749 226 384 589 194 298 265 577 224 58 736 777 188 481 369 368 0 846 271 261 304 690 920 401 533 810 365 568 983 659 190 651 270 471 267 602 251 339 679 108 383 794 704
633 1437 1047 635 520 666 633 384 418 505 633 189 859 166 645 1067 694 1202 572 739 651 565 541 1147 1115 585 571 1026 566 671 847 600 662 1004 534 421 620 528 1434 666 946 1027 289 797 797 510 499 729 575 588 488 846 0 580 760 548 1012 713 467 1308 760 848 1228 173 878 663 1409 664 402 606 1225 600 510 395 868 1003 1144 699
54 862 852 56 194 431 81 569 761 798 55 393 422 478 179 685 225 622 686 187 668 44 89 829 544 144 708 500 261 92 586 19 83 432 46 564 67 223 853 134 407 496 329 253 217 512 614 166 288 176 142 271 580 0 238 96 662 802 133 781 731 368 766 726 579 83 894 145 242 58 784 20 70 488 319 483 790 623
215 689 686 214 248 337 156 805 993 1033 219 587 201 625 118 462 395 512 681 290 901 280 326 620 488 364 945 271 487 208 773 224 207 389 274 802 262 456 727 299 186 525 550 49 213 512 852 95 255 177 380 261 760 238 0 331 452 1037 298 779 957 134 830 921 402 194 899 100 476 183 863 225 291 725 365 251 571 848
120 920 942 121 265 515 176 485 683 713 117 358 518 472 274 781 171 661 737 190 572 51 11 925 567 61 615 586 166 146 502 107 141 457 83 477 83 127 893 117 491 487 273 340 262 568 523 250 368 264 64 304 548 96 331 0 758 707 170 772 635 462 730 679 672 149 880 241 169 155 742 105 90 402 320 571 886 527
657 790 291 657 546 346 585 1183 1346 1404 662 890 251 846 484 72 847 784 632 742 1327 707 750 168 832 803 1350 375 923 658 1225 654 655 767 683 1190 705 885 924 750 418 933 903 473 655 546 1253 548 453 507 791 690 1012 662 452 758 0 1457 653 1138 1393 326 1239 1185 139 641 1255 519 867 603 1280 656 690 1115 799 360 135 1285
822 1514 1603 822 920 1168 883 334 362 283 818 666 1224 812 975 1485 685 1215 1239 803 138 758 713 1621 1080 674 141 1279 552 835 452 814 834 1007 775 305 775 580 1418 755 1183 908 592 1041 910 1118 225 950 1024 950 666 920 713 802 1037 707 1457 0 809 1099 154 1169 917 662 1357 846 1150 948 593 861 882 812 767 365 855 1267 1589 227
186 970 801 188 112 365 166 532 707 757 187 289 440 350 193 689 338 746 567 320 684 145 158 814 675 232 697 569 317 223 666 150 214 563 98 537 195 268 975 260 484 629 259 331 346 397 600 262 218 149 163 401 467 133 298 170 653 809 0 914 762 406 892 624 548 211 1027 199 215 141 908 152 81 462 453 548 787 658
730 606 1420 729 954 1116 778 1101 1297 1279 728 1122 923 1244 858 1107 613 378 1444 594 983 774 782 1278 305 725 1107 766 750 695 646 766 704 390 818 1070 719 781 426 659 722 285 1019 733 591 1269 1059 719 1014 902 826 533 1308 781 779 772 1138 1099 914 0 948 846 221 1411 1147 711 120 803 906 792 277 763 839 1023 461 778 1206 878
741 1386 1563 742 874 1127 810 378 473 409 737 675 1152 832 910 1415 581 1084 1244 701 109 686 643 1560 947 593 230 1183 470 749 302 740 750 881 712 339 694 508 1280 663 1088 771 582 954 808 1108 265 865 980 893 606 810 760 731 957 635 1393 154 762 948 0 1091 763 743 1304 763 997 875 554 790 727 738 707 373 735 1173 1521 108
349 650 582 348 328 309 286 929 1112 1157 353 687 79 701 213 330 527 533 673 417 1034 411 457 492 543 498 1075 187 621 342 903 355 341 460 400 928 396 589 724 432 144 617 664 147 328 520 981 227 290 263 509 365 848 368 134 462 326 1169 406 846 1091 0 924 1016 301 328 966 223 600 310 962 357 414 851 473 162 439 982
724 810 1506 722 956 1155 787 969 1154 1124 720 1052 1004 1191 883 1220 559 547 1451 584 812 747 741 1392 433 674 944 884 662 694 470 755 703 472 793 934 699 703 641 633 821 307 941 791 620 1277 910 752 1033 917 772 568 1228 766 830 730 1239 917 892 221 763 924 0 1308 1224 713 235 827 832 793 57 752 812 899 469 892 1325 706
777 1588 1214 779 687 839 786 374 317 409 776 335 1030 339 808 1240 806 1340 721 867 634 704 674 1320 1243 706 526 1190 660 812 890 745 805 1135 679 414 757 632 1572 794 1107 1138 406 955 937 677 479 882 748 753 615 983 173 726 921 679 1185 662 624 1411 743 1016 1308 0 1052 808 1505 823 517 758 1299 745 656 420 990 1168 1318 705
584 870 284 584 437 212 509 1070 1224 1286 589 765 223 712 400 207 783 817 498 688 1231 623 663 273 842 723 1243 417 839 593 1159 574 588 762 592 1080 630 796 983 683 429 917 787 435 615 407 1147 493 336 410 697 659 878 579 402 672 139 1357 548 1147 1304 301 1224 1052 0 574 1266 445 763 522 1261 577 596 1006 766 395 267 1197
31 780 855 29 244 453 74 635 832 863 33 476 393 560 181 656 208 539 740 129 710 107 148 809 464 172 761 438 294 19 586 64 13 352 129 627 71 268 770 109 342 430 409 194 135 565 670 103 322 204 210 190 663 83 194 149 641 846 211 711 763 328 713 808 574 0 827 129 314 81 736 63 153 552 252 423 764 654
845 682 1538 843 1070 1236 895 1182 1373 1349 842 1225 1043 1352 977 1223 717 485 1562 707 1042 885 890 1393 424 831 1171 881 846 810 701 880 820 510 930 1149 832 880 491 770 840 397 1119 853 709 1387 1132 838 1132 1020 931 651 1409 894 899 880 1255 1150 1027 120 997 966 235 1505 1266 827 0 921 1007 908 280 877 951 1107 575 895 1320 936
139 777 725 139 166 330 65 706 893 935 143 488 277 535 56 539 337 576 641 252 814 190 235 687 529 284 852 372 405 148 713 135 142 421 177 705 186 369 799 237 285 532 449 133 212 467 758 85 211 102 285 270 664 145 100 241 519 948 199 803 875 223 827 823 445 129 921 0 378 87 854 137 192 628 358 352 645 767
283 1089 1013 284 326 576 320 328 519 557 281 219 645 364 392 900 292 827 714 352 470 206 167 1029 726 188 483 743 173 313 507 259 307 619 202 328 251 128 1058 278 649 626 113 495 431 562 386 408 431 360 104 471 402 242 476 169 867 593 215 906 554 600 832 517 763 314 1007 378 0 293 834 259 186 251 473 725 1000 454
71 831 798 72 163 383 28 621 811 850 75 423 364 491 122 626 270 605 658 209 727 103 148 771 540 201 765 450 320 99 639 52 90 428 91 619 110 282 834 172 359 512 372 204 209 484 671 124 245 128 198 267 606 58 183 155 603 861 141 792 790 310 793 758 522 81 908 87 293 0 815 54 109 542 334 432 731 682
745 867 1544 744 976 1184 811 952 1132 1098 741 1053 1042 1196 910 1263 571 601 1471 607 783 762 754 1435 483 684 916 930 662 717 442 775 725 516 809 916 717 706 698 650 864 346 940 825 651 1297 887 782 1058 941 780 602 1225 784 863 742 1280 882 908 277 727 962 57 1299 1261 736 280 854 834 815 0 772 827 885 499 936 1369 677
34 842 852 36 204 436 72 584 778 813 35 413 414 498 176 677 218 602 699 171 677 55 100 824 525 147 720 485 267 72 584 2 63 412 66 579 57 232 833 123 391 480 348 238 197 525 627 149 295 180 157 251 600 20 225 105 656 812 152 763 738 357 752 745 577 63 877 137 259 54 772 0 90 503 302 468 783 629
123 931 860 125 176 428 137 514 702 743 123 323 461 411 209 719 257 692 648 245 637 65 79 855 612 152 664 560 248 161 591 89 152 499 23 513 120 202 923 181 468 554 263 313 287 478 569 230 280 185 101 339 510 70 291 90 690 767 81 839 707 414 812 656 596 153 951 192 186 109 827 90 0 437 379 541 822 601
522 1302 1243 523 570 809 569 86 291 311 519 305 896 459 644 1150 458 1022 878 554 268 448 404 1276 904 394 238 988 298 547 469 504 542 807 451 76 483 295 1247 488 893 768 227 741 650 753 142 651 670 609 345 679 395 488 725 402 1115 365 462 1023 373 851 899 420 1006 552 1107 628 251 542 885 503 437 0 651 971 1249 303
269 662 1050 268 497 686 323 737 942 950 267 678 552 789 415 792 193 372 991 134 718 315 328 961 255 285 808 488 353 235 478 304 244 157 357 716 259 365 596 203 402 178 586 330 151 816 733 283 567 451 380 108 868 319 365 320 799 855 453 461 735 473 469 990 766 252 575 358 473 334 499 302 379 651 0 486 901 633
450 495 647 449 483 460 404 1052 1243 1281 454 835 197 859 359 330 593 426 825 474 1129 523 567 501 474 593 1185 25 714 432 954 467 434 420 523 1047 494 691 589 511 86 591 801 230 369 678 1093 320 452 415 625 383 1003 483 251 571 360 1267 548 778 1173 162 892 1168 395 423 895 352 725 432 936 468 541 971 486 0 433 1065
781 794 297 781 681 478 711 1318 1481 1539 786 1025 370 979 613 109 966 839 736 856 1457 835 879 77 905 929 1483 442 1050 779 1343 781 777 852 813 1325 829 1014 949 871 505 1023 1038 586 764 669 1387 666 589 640 922 794 1144 790 571 886 135 1589 787 1206 1521 439 1325 1318 267 764 1320 645 1000 731 1369 783 822 1249 901 433 0 1413
633 1288 1459 633 770 1024 701 331 469 423 628 594 1043 754 802 1307 474 988 1156 593 106 578 535 1452 853 484 239 1075 362 640 236 631 641 782 605 290 585 401 1190 554 979 681 493 846 700 1014 232 756 876 787 500 704 699 623 848 527 1285 227 658 878 108 982 706 705 1197 654 936 767 454 682 677 629 601 303 633 1065 1413 0
