0 1460 1011 246 1220 1017 749 773 1183 1605 1564 324 636 1111 1040 1537
1460 0 2464 1705 433 2471 2104 910 313 2804 2804 1400 1271 2487 500 2102
1011 2464 0 764 2181 311 503 1670 2175 1348 938 1189 1494 392 2015 1981
246 1705 764 0 1449 784 548 974 1423 1480 1372 483 811 886 1274 1594
1220 433 2181 1449 0 2233 1774 532 195 2716 2422 1254 1229 2153 187 2189
1017 2471 311 784 2233 0 736 1752 2200 1037 1247 1111 1380 703 2056 1726
749 2104 503 548 1774 736 0 1245 1800 1715 824 1031 1359 383 1625 2089
773 910 1670 974 532 1752 1245 0 598 2361 1897 916 1027 1622 410 2053
1183 313 2175 1423 195 2200 1800 598 0 2613 2491 1168 1099 2182 188 2026
1605 2804 1348 1480 2716 1037 1715 2361 2613 0 2276 1466 1533 1740 2529 1160
1564 2804 938 1372 2422 1247 824 1897 2491 2276 0 1854 2183 562 2305 2866
324 1400 1189 483 1254 1111 1031 916 1168 1466 1854 0 328 1364 1067 1229
636 1271 1494 811 1229 1380 1359 1027 1099 1533 2183 328 0 1690 1049 1026
1111 2487 392 886 2153 703 383 1622 2182 1740 562 1364 1690 0 2006 2310
1040 500 2015 1274 187 2056 1625 410 188 2529 2305 1067 1049 2006 0 2024
1537 2102 1981 1594 2189 1726 2089 2053 2026 1160 2866 1229 1026 2310 2024 0
