0 1075 4 1035 599 341 81 865 1069 170 866 47 733 1430 9 1048 1521
1075 0 1074 984 1632 1381 995 1909 1917 1044 864 1119 1447 1982 1077 2115 1434
4 1074 0 1031 598 343 82 864 1073 166 869 46 737 1426 5 1048 1525
1035 984 1031 0 1263 1351 1004 1499 2104 876 1533 1046 1743 1067 1029 1749 2227
599 1632 598 1263 0 501 678 277 1132 588 1433 552 1039 1136 593 503 2029
341 1381 343 1351 501 0 407 700 768 477 978 314 550 1560 344 818 1534
81 995 82 1004 678 407 0 946 1108 182 807 128 744 1465 85 1130 1475
865 1909 864 1499 277 700 946 0 1174 865 1670 818 1190 1182 860 250 2228
1069 1917 1073 2104 1132 768 1108 1174 0 1229 1193 1059 476 2266 1075 1115 1396
170 1044 166 876 588 477 182 865 1229 0 978 170 904 1283 162 1076 1654
866 864 869 1533 1433 978 807 1670 1193 978 0 908 727 2247 875 1794 703
47 1119 46 1046 552 314 128 818 1059 170 908 0 741 1402 42 1002 1557
733 1447 737 1743 1039 550 744 1190 476 904 727 741 0 2104 741 1232 1073
1430 1982 1426 1067 1136 1560 1465 1182 2266 1283 2247 1402 2104 0 1421 1388 2936
9 1077 5 1029 593 344 85 860 1075 162 875 42 741 1421 0 1045 1530
1048 2115 1048 1749 503 818 1130 250 1115 1076 1794 1002 1232 1388 1045 0 2299
1521 1434 1525 2227 2029 1534 1475 2228 1396 1654 703 1557 1073 2936 1530 2299 0
