0 905 1129 1308 56 551 751 6 1455 1220 791 1559 337 215 356 955
905 0 810 1534 937 590 519 911 1846 2096 1158 1022 808 1108 583 1860
1129 810 0 858 1118 584 412 1136 2471 1985 737 455 814 1331 1033 1946
1308 1534 858 0 1264 1012 1015 1313 2760 1538 517 1165 1007 1419 1446 1718
56 937 1118 1264 0 548 751 57 1497 1175 746 1554 313 212 403 928
551 590 584 1012 548 0 204 558 1908 1580 576 1007 277 761 479 1439
751 519 412 1015 751 204 0 758 2058 1766 662 810 478 963 620 1642
6 911 1136 1313 57 558 758 0 1450 1216 795 1565 343 209 360 950
1455 1846 2471 2760 1497 1908 2058 1450 0 2043 2243 2823 1780 1350 1438 1543
1220 2096 1985 1538 1175 1580 1766 1216 2043 0 1267 2434 1310 1069 1577 499
791 1158 737 517 746 576 662 795 2243 1267 0 1174 499 908 952 1316
1559 1022 455 1165 1554 1007 810 1565 2823 2434 1174 0 1258 1767 1407 2402
337 808 814 1007 313 277 478 343 1780 1310 499 1258 0 521 458 1163
215 1108 1331 1419 212 761 963 209 1350 1069 908 1767 521 0 536 755
356 583 1033 1446 403 479 620 360 1438 1577 952 1407 458 536 0 1291
955 1860 1946 1718 928 1439 1642 950 1543 499 1316 2402 1163 755 1291 0
