0 1180 1050 1374 623 1122 367 815 975 498 613 95 179 1232 550 1427
1180 0 852 1093 1158 867 1404 1979 1592 794 1714 1091 1068 1341 915 2486
1050 852 0 1792 1444 71 1408 1806 1898 578 1660 1011 871 489 503 2470
1374 1093 1792 0 834 1836 1300 1870 968 1384 1541 1294 1410 2229 1554 2063
623 1158 1444 834 0 1509 466 1045 462 883 719 572 730 1756 1023 1371
1122 867 71 1836 1509 0 1479 1877 1964 647 1732 1082 943 487 574 2541
367 1404 1408 1300 466 1479 0 608 664 839 310 398 544 1596 914 1102
815 1979 1806 1870 1045 1877 608 0 1036 1302 328 895 971 1847 1310 718
975 1592 1898 968 462 1964 664 1036 0 1328 735 956 1122 2181 1454 1094
498 794 578 1384 883 647 839 1302 1328 0 1110 442 331 884 170 1924
613 1714 1660 1541 719 1732 310 328 735 1110 0 672 790 1785 1157 813
95 1091 1011 1294 572 1082 398 895 956 442 672 0 166 1229 521 1485
179 1068 871 1410 730 943 544 971 1122 331 790 166 0 1065 371 1602
1232 1341 489 2229 1756 487 1596 1847 2181 884 1785 1229 1065 0 733 2555
550 915 503 1554 1023 574 914 1310 1454 170 1157 521 371 733 0 1967
1427 2486 2470 2063 1371 2541 1102 718 1094 1924 813 1485 1602 2555 1967 0
