0 945 900 30 210 1584 5 663 818 355 986 959 224 64 1253 684
945 0 1750 964 1145 1975 941 537 1754 1258 1866 1829 827 900 1693 1091
900 1750 0 871 807 1118 905 1283 715 847 143 1060 931 912 859 1464
30 964 871 0 204 1557 35 665 805 354 958 958 218 67 1226 711
210 1145 807 204 0 1638 213 869 610 156 868 754 418 271 1310 669
1584 1975 1118 1557 1638 0 1588 1447 1813 1757 1222 2149 1442 1549 331 2269
5 941 905 35 213 1588 0 661 821 357 992 962 223 63 1257 680
663 537 1283 665 869 1447 661 0 1455 1018 1412 1623 456 599 1157 1142
818 1754 715 805 610 1813 821 1455 0 503 665 345 1000 873 1522 1026
355 1258 847 354 156 1757 357 1018 503 0 884 604 572 419 1431 621
986 1866 143 958 868 1222 992 1412 665 884 0 1009 1041 1006 981 1506
959 1829 1060 958 754 2149 962 1623 345 604 1009 0 1173 1023 1849 916
224 827 931 218 418 1442 223 456 1000 572 1041 1173 0 160 1114 856
64 900 912 67 271 1549 63 599 873 419 1006 1023 160 0 1218 724
1253 1693 859 1226 1310 331 1257 1157 1522 1431 981 1849 1114 1218 0 1937
684 1091 1464 711 669 2269 680 1142 1026 621 1506 916 856 724 1937 0
