0 1705 979 1100 24 325 1020 85 597 260 596 723 1596 734 435 111 345
1705 0 2629 2694 1713 1407 2688 1728 1956 1524 2059 1266 3276 1640 1420 1667 1844
979 2629 0 204 981 1228 754 928 747 1229 618 1431 653 1153 1214 1062 787
1100 2694 204 0 1107 1315 954 1039 755 1358 638 1460 660 1145 1273 1194 856
24 1713 981 1107 0 342 1006 106 617 251 612 745 1595 759 457 94 364
325 1407 1228 1315 342 0 1346 326 651 316 713 434 1870 586 179 343 461
1020 2688 754 954 1006 1346 0 1032 1217 1164 1101 1713 948 1580 1431 1030 1086
85 1728 928 1039 106 326 1032 0 511 335 513 687 1557 663 401 196 259
597 1956 747 755 617 651 1217 511 0 830 131 706 1393 407 554 708 252
260 1524 1229 1358 251 316 1164 335 830 0 846 746 1830 877 491 166 586
596 2059 618 638 612 713 1101 513 131 846 0 823 1266 538 643 707 264
723 1266 1431 1460 745 434 1713 687 706 746 823 0 2084 380 288 769 664
1596 3276 653 660 1595 1870 948 1557 1393 1830 1266 2084 0 1794 1866 1665 1439
734 1640 1153 1145 759 586 1580 663 407 877 538 380 1794 0 412 823 499
435 1420 1214 1273 457 179 1431 401 554 491 643 288 1866 412 0 487 426
111 1667 1062 1194 94 343 1030 196 708 166 707 769 1665 823 487 0 456
345 1844 787 856 364 461 1086 259 252 586 264 664 1439 499 426 456 0
