0 1581 1716 968 1526 1209 660 844 453 631 657 1672 890 585 898 473
1581 0 3133 2310 1579 1117 2242 1113 1294 1657 1952 1135 741 1030 2360 1162
1716 3133 0 1942 3167 2246 1257 2557 1847 1481 1956 3385 2393 2126 817 2180
968 2310 1942 0 1456 2174 751 1239 1418 1533 362 1896 1754 1483 1310 1183
1526 1579 3167 1456 0 2190 1926 775 1700 2082 1255 583 1540 1504 2376 1187
1209 1117 2246 2174 2190 0 1747 1438 756 840 1840 1984 651 752 1602 1121
660 2242 1257 751 1926 1747 0 1400 1039 955 699 2209 1543 1236 559 1109
844 1113 2557 1239 775 1438 1400 0 931 1329 901 828 805 729 1741 425
453 1294 1847 1418 1700 756 1039 931 0 420 1092 1690 553 283 1066 513
631 1657 1481 1533 2082 840 955 1329 420 0 1268 2108 925 697 767 903
657 1952 1956 362 1255 1840 699 901 1092 1268 0 1621 1394 1130 1223 820
1672 1135 3385 1896 583 1984 2209 828 1690 2108 1621 0 1350 1434 2569 1228
890 741 2393 1754 1540 651 1543 805 553 925 1394 1350 0 307 1619 580
585 1030 2126 1483 1504 752 1236 729 283 697 1130 1434 307 0 1335 369
898 2360 817 1310 2376 1602 559 1741 1066 767 1223 2569 1619 1335 0 1363
473 1162 2180 1183 1187 1121 1109 425 513 903 820 1228 580 369 1363 0
