0 31 764 1551 1689 781 552 551 154 1491 223 1590 119 514 717 708
31 0 754 1536 1713 813 572 519 166 1459 251 1619 146 482 748 717
764 754 0 806 1618 1232 1301 734 650 1391 760 1724 743 769 1146 1472
1551 1536 806 0 2100 2009 2099 1328 1451 1484 1566 2332 1544 1384 1923 2246
1689 1713 1618 2100 0 1130 1782 2126 1562 2980 1468 442 1569 2119 1123 2071
781 813 1232 2009 1130 0 663 1329 736 2269 587 888 681 1295 86 948
552 572 1301 2099 1782 663 0 1009 651 1895 565 1547 558 954 658 288
551 519 734 1328 2126 1329 1009 0 607 940 747 2094 648 61 1260 1035
154 166 650 1451 1562 736 651 607 0 1540 150 1492 92 583 661 841
1491 1459 1391 1484 2980 2269 1895 940 1540 0 1685 3003 1587 978 2199 1837
223 251 760 1566 1468 587 565 747 150 1685 0 1368 105 718 514 793
1590 1619 1724 2332 442 888 1547 2094 1492 3003 1368 0 1473 2074 914 1827
119 146 743 1544 1569 681 558 648 92 1587 105 1473 0 616 612 756
514 482 769 1384 2119 1295 954 61 583 978 718 2074 616 0 1228 974
717 748 1146 1923 1123 86 658 1260 661 2199 514 914 612 1228 0 947
708 717 1472 2246 2071 948 288 1035 841 1837 793 1827 756 974 947 0
