0 1428 431 486 1060 272 329 1063 771 291 622 1571 241 891 1445 228 1416
1428 0 1310 1796 1400 1434 1512 1065 1911 1254 1915 192 1481 1896 790 1585 985
431 1310 0 906 1388 683 237 665 609 612 1039 1410 262 638 1562 392 1591
486 1796 906 0 975 362 737 1550 1037 543 136 1960 664 1206 1613 560 1519
1060 1400 1388 975 0 808 1381 1787 1830 788 1004 1593 1294 1949 833 1281 657
272 1434 683 362 808 0 601 1267 1026 181 486 1598 513 1157 1304 476 1239
329 1512 237 737 1381 601 0 891 472 595 862 1625 88 567 1678 180 1679
1063 1065 665 1550 1787 1267 891 0 1075 1134 1685 1075 927 981 1637 1057 1748
771 1911 609 1037 1830 1026 472 1075 0 1056 1131 1999 549 189 2146 550 2151
291 1254 612 543 788 181 595 1134 1056 0 667 1417 510 1163 1169 520 1128
622 1915 1039 136 1004 486 862 1685 1131 667 0 2082 792 1306 1692 683 1583
1571 192 1410 1960 1593 1598 1625 1075 1999 1417 2082 0 1602 1967 960 1713 1162
241 1481 262 664 1294 513 88 927 549 510 792 1602 0 654 1611 130 1605
891 1896 638 1206 1949 1157 567 981 189 1163 1306 1967 654 0 2200 685 2222
1445 790 1562 1613 833 1304 1678 1637 2146 1169 1692 960 1611 2200 0 1665 216
228 1585 392 560 1281 476 180 1057 550 520 683 1713 130 685 1665 0 1642
1416 985 1591 1519 657 1239 1679 1748 2151 1128 1583 1162 1605 2222 216 1642 0
