0 20 1241 1010 1730 1325 354 1670 212 1507 891 1718 1519 1371 172 1492
20 0 1222 1020 1750 1305 334 1659 194 1501 910 1714 1499 1364 155 1490
1241 1222 0 2103 2957 93 916 1063 1112 1998 1987 1522 316 1856 1077 1457
1010 1020 2103 0 1395 2169 1217 2680 1030 1069 1292 2700 2316 1015 1167 2460
1730 1750 2957 1395 0 3044 2082 3067 1904 2464 1077 2807 3246 2409 1884 2556
1325 1305 93 2169 3044 0 994 1104 1189 2023 2079 1584 223 1883 1162 1530
354 334 916 1217 2082 994 0 1522 195 1441 1226 1690 1177 1295 238 1496
1670 1659 1063 2680 3067 1104 1522 0 1676 2906 1989 585 1249 2758 1513 683
212 194 1112 1030 1904 1189 195 1676 0 1363 1103 1794 1369 1221 207 1585
1507 1501 1998 1069 2464 2023 1441 2906 1363 0 2193 3130 2072 148 1570 2936
891 910 1987 1292 1077 2079 1226 1989 1103 2193 0 1754 2295 2083 991 1499
1718 1714 1522 2700 2807 1584 1690 585 1794 3130 1754 0 1763 2984 1597 255
1519 1499 316 2316 3246 223 1177 1249 1369 2072 2295 1763 0 1938 1361 1727
1371 1364 1856 1015 2409 1883 1295 2758 1221 148 2083 2984 1938 0 1429 2791
172 155 1077 1167 1884 1162 238 1513 207 1570 991 1597 1361 1429 0 1382
1492 1490 1457 2460 2556 1530 1496 683 1585 2936 1499 255 1727 2791 1382 0
