0 258 414 764 684 307 634 863 457 41 148 745 701 167 160 152 18 61 830 696 192 470 696 370 523 126 534 845 761 449 835 314 530 322 43 35 253 64 18 514 258 613 203 658 597 386 641 820 603 290 458 682 380 114 196 491 190 802 573 716 727 612 74 637 469 473 606 597 109 548 620 540 266 577 160 257 99 818
258 0 654 752 703 367 634 998 669 280 277 1003 654 94 418 404 267 217 641 828 292 671 778 515 732 174 785 1088 1016 641 635 72 281 530 239 274 504 260 253 762 113 858 93 419 825 575 500 578 361 508 713 923 638 176 437 735 363 950 582 511 985 870 316 895 700 533 679 342 202 301 473 601 32 669 266 229 224 991
414 654 0 764 982 429 652 982 512 381 517 407 1051 573 271 337 415 474 1241 463 556 547 558 598 167 540 155 668 513 183 1249 691 891 159 418 418 311 394 428 389 605 471 616 993 188 184 849 1151 947 158 143 541 197 528 360 85 487 512 599 995 386 351 343 320 66 769 514 995 453 905 1024 498 651 463 408 657 430 867
764 752 764 0 1429 457 130 1619 1172 733 904 1147 1403 766 796 859 782 797 1340 434 944 1195 274 1133 664 824 903 1430 1276 588 1317 711 737 629 723 799 927 700 781 1126 640 1220 813 718 782 581 393 801 718 658 907 1293 925 815 913 826 954 540 192 590 1126 1116 728 1077 743 1229 259 923 671 732 1216 266 721 311 604 951 670 1550
684 703 982 1429 0 983 1302 448 549 723 535 1096 175 666 738 661 669 639 614 1369 492 514 1381 384 1138 604 1018 926 983 1094 659 766 897 967 719 654 670 748 665 755 805 788 624 1035 1163 1039 1201 1159 980 928 926 805 819 614 625 1022 516 1460 1242 1176 1089 928 743 1005 1048 216 1290 796 761 918 433 1223 735 1261 836 481 766 556
307 367 429 457 983 0 327 1163 727 275 451 835 978 343 353 407 324 344 1009 462 492 747 415 675 432 382 584 1042 915 329 1000 363 512 270 267 341 486 242 324 717 266 816 395 587 549 274 422 737 549 276 548 890 527 371 461 513 496 587 265 568 814 752 272 740 446 778 317 659 223 521 837 243 345 302 148 519 217 1102
634 634 652 130 1302 327 0 1488 1043 603 775 1046 1281 641 668 729 652 667 1239 389 815 1067 243 1003 569 697 797 1314 1165 484 1219 598 650 510 593 668 799 570 651 1005 521 1100 690 653 691 468 346 758 644 536 793 1174 804 687 783 720 824 512 62 548 1025 1003 598 970 638 1101 182 833 542 648 1103 156 604 227 474 826 540 1421
863 998 982 1619 448 1163 1488 0 471 889 743 916 623 928 828 760 845 846 1062 1436 714 439 1496 495 1148 845 948 622 749 1144 1106 1070 1247 1038 906 828 707 924 849 623 1073 595 905 1391 1125 1108 1484 1534 1334 1000 871 570 785 850 707 985 674 1495 1426 1508 918 772 890 859 1042 484 1423 1188 968 1269 868 1372 1027 1381 1022 774 962 171
457 669 512 1172 549 727 1043 471 0 470 392 547 675 579 376 321 440 465 1013 964 388 37 1029 214 679 495 498 447 448 673 1041 739 948 570 499 425 245 508 449 206 708 251 580 1088 666 638 1098 1247 1030 533 412 291 317 494 268 523 305 1024 982 1167 539 379 460 458 574 379 960 956 566 969 780 916 690 917 600 499 554 378
41 280 381 733 723 275 603 889 470 0 188 724 742 194 141 153 54 101 867 655 232 485 657 400 484 164 506 842 750 408 872 330 543 282 41 69 251 37 60 510 263 610 235 666 561 345 628 829 613 251 433 680 363 152 203 459 221 760 541 715 706 598 37 617 433 511 568 621 102 561 659 504 284 538 133 298 85 837
148 277 517 904 535 451 775 743 392 188 0 789 557 192 246 187 134 107 731 842 44 393 845 248 647 106 612 821 769 584 744 349 556 455 183 120 266 212 130 506 333 596 187 696 706 523 741 855 638 419 525 657 428 108 193 583 86 943 714 784 774 639 212 681 579 326 754 575 233 577 508 688 301 726 302 145 234 719
745 1003 407 1147 1096 835 1046 916 547 724 789 0 1217 912 584 610 737 793 1509 772 813 582 908 738 484 853 252 375 191 562 1528 1054 1265 566 765 733 522 749 751 341 979 325 942 1380 376 585 1256 1541 1330 559 294 348 366 845 596 328 723 759 997 1396 21 167 689 108 408 917 889 1341 817 1282 1277 889 1008 836 792 933 795 757
701 654 1051 1403 175 978 1281 623 675 742 557 1217 0 640 789 716 689 647 442 1398 512 644 1389 481 1196 598 1109 1081 1121 1139 488 707 801 1010 728 676 748 760 682 877 765 924 591 930 1238 1079 1136 1040 880 973 1017 950 909 609 691 1102 565 1500 1225 1083 1207 1049 769 1120 1116 299 1294 674 757 820 285 1222 686 1271 836 459 767 730
167 94 573 766 666 343 641 928 579 194 192 912 640 0 328 310 174 123 690 790 214 583 758 437 664 85 700 994 922 579 690 160 374 461 154 181 410 181 161 668 146 764 53 510 750 513 557 670 453 435 625 830 547 85 343 653 275 907 584 592 894 777 231 804 624 479 660 429 137 394 499 585 110 643 214 185 156 911
160 418 271 796 738 353 668 828 376 141 246 584 789 328 0 77 155 213 972 635 285 399 672 371 407 277 376 710 610 356 982 471 685 229 182 153 133 171 168 377 403 478 361 807 460 302 748 969 754 190 297 550 221 267 123 340 225 722 606 849 566 457 110 477 333 522 594 757 240 702 753 544 424 555 242 386 220 753
152 404 337 859 661 407 729 760 321 153 187 610 716 310 77 0 139 187 919 713 221 340 746 294 480 243 424 692 612 433 932 464 680 307 188 129 101 190 151 361 411 460 334 810 526 379 782 972 755 267 337 529 245 236 53 398 151 799 667 867 593 468 139 502 401 445 666 734 255 699 694 612 415 628 279 332 239 694
18 267 415 782 669 324 652 845 440 54 134 737 689 174 155 139 0 59 827 708 178 452 711 352 529 124 531 831 750 457 834 326 542 329 61 16 240 82 13 500 273 599 206 671 599 394 658 833 616 296 452 667 372 113 180 490 172 812 590 732 720 603 81 630 471 458 621 603 127 560 615 556 277 592 178 249 118 800
61 217 474 797 639 344 667 846 465 101 107 793 647 123 213 187 59 0 769 752 148 473 745 350 584 65 589 872 799 510 775 281 496 383 81 60 286 113 46 545 242 641 149 630 658 446 643 791 573 351 510 708 427 54 220 549 173 859 607 701 776 655 135 685 530 433 652 548 126 516 559 584 231 626 196 197 127 813
830 641 1241 1340 614 1009 1239 1062 1013 867 731 1509 442 690 972 919 827 769 0 1470 700 991 1413 799 1351 703 1343 1454 1455 1269 51 651 614 1148 835 823 991 865 815 1192 744 1262 639 694 1427 1203 989 745 663 1118 1256 1304 1157 715 919 1313 788 1592 1196 864 1495 1349 904 1403 1299 652 1313 430 827 625 234 1235 663 1308 902 587 846 1155
696 828 463 434 1369 462 389 1436 964 655 842 772 1398 790 635 713 708 752 1470 0 886 997 160 1006 308 807 559 1105 931 291 1462 824 952 407 671 721 735 639 715 852 728 929 843 994 396 334 721 1120 970 446 598 996 659 795 757 491 852 131 377 918 753 786 629 726 413 1153 211 1114 655 956 1290 275 807 183 576 947 640 1329
192 292 556 944 492 492 815 714 388 232 44 813 512 214 285 221 178 148 700 886 0 385 889 224 689 131 645 826 784 627 715 364 565 498 226 165 291 255 174 519 359 605 199 707 745 566 770 863 649 462 556 663 457 137 219 620 93 987 755 803 799 659 256 706 618 285 798 569 273 586 473 731 318 770 344 120 275 699
470 671 547 1195 514 747 1067 439 37 485 393 582 644 583 399 340 452 473 991 997 385 0 1059 194 714 498 536 464 477 706 1020 742 949 600 512 436 271 523 460 241 715 280 580 1089 704 669 1111 1247 1031 562 450 314 354 497 286 560 307 1059 1005 1173 575 415 478 495 610 350 988 949 579 970 758 942 693 945 617 491 568 354
696 778 558 274 1381 415 243 1496 1029 657 845 908 1389 758 672 746 711 745 1413 160 889 1059 0 1039 426 791 677 1221 1055 374 1399 761 858 459 664 726 789 634 715 944 669 1029 811 881 532 393 587 995 864 496 700 1099 743 780 796 604 871 272 247 788 887 901 639 850 521 1168 99 1031 632 859 1251 178 753 119 553 930 622 1404
370 515 598 1133 384 675 1003 495 214 400 248 738 481 437 371 294 352 350 799 1006 224 194 1039 0 758 353 635 659 659 722 826 588 783 600 412 335 287 433 355 402 581 464 422 927 778 672 990 1080 869 560 542 506 435 356 250 637 180 1089 941 1027 728 571 407 639 665 181 956 765 473 805 565 898 542 920 530 311 468 476
523 732 167 664 1138 432 569 1148 679 484 647 484 1196 664 407 480 529 584 1351 308 689 714 426 758 0 649 253 799 629 102 1353 755 936 203 515 536 472 485 539 548 661 621 713 1019 124 161 824 1169 980 233 291 688 363 637 512 183 631 346 526 993 464 479 449 424 108 923 405 1063 531 947 1143 413 722 352 467 778 509 1031
126 174 540 824 604 382 697 845 495 164 106 853 598 85 277 243 124 65 703 807 131 498 791 353 649 0 654 916 851 572 709 244 455 447 137 123 339 169 111 593 228 687 91 593 724 507 639 752 535 416 573 751 487 12 268 614 190 917 638 678 836 711 200 745 595 407 696 491 159 475 495 625 195 673 238 140 169 826
534 785 155 903 1018 584 797 948 498 506 612 252 1109 700 376 424 531 589 1343 559 645 536 677 635 253 654 0 546 377 315 1356 829 1035 314 547 530 363 526 544 325 748 382 737 1142 182 333 1004 1301 1095 310 92 443 200 644 429 76 563 576 747 1149 231 227 469 173 160 815 647 1128 590 1050 1118 641 786 595 554 756 567 814
845 1088 668 1430 926 1042 1314 622 447 842 821 375 1081 994 710 692 831 872 1454 1105 826 464 1221 659 799 916 546 0 184 849 1484 1153 1368 803 880 820 591 877 843 332 1104 232 1006 1502 716 849 1455 1664 1446 780 524 164 515 912 652 617 736 1113 1258 1558 387 319 818 382 699 805 1182 1395 945 1388 1222 1164 1104 1130 952 942 927 450
761 1016 513 1276 983 915 1165 749 448 750 769 191 1121 922 610 612 750 799 1455 931 784 477 1055 659 629 851 377 184 0 689 1479 1076 1292 660 791 741 512 782 763 265 1014 196 942 1417 538 697 1336 1580 1364 643 373 184 394 845 582 451 691 932 1111 1456 202 163 721 205 535 827 1023 1342 851 1310 1221 1011 1027 970 844 904 831 583
449 641 183 588 1094 329 484 1144 673 408 584 562 1139 579 356 433 457 510 1269 291 627 706 374 722 102 572 315 849 689 0 1269 660 835 129 435 467 445 404 467 570 565 654 629 916 224 65 723 1066 878 166 326 725 372 560 473 238 579 366 436 890 541 531 376 489 155 878 333 967 443 846 1067 327 629 281 374 707 422 1040
835 635 1249 1317 659 1000 1219 1106 1041 872 744 1528 488 690 982 932 834 775 51 1462 715 1020 1399 826 1353 709 1356 1484 1479 1269 0 639 586 1150 838 830 1007 868 821 1216 734 1288 640 658 1433 1203 959 702 630 1122 1269 1332 1172 721 934 1322 805 1585 1178 828 1513 1369 909 1421 1305 686 1300 400 826 596 261 1221 654 1297 899 599 846 1195
314 72 691 711 766 363 598 1070 739 330 349 1054 707 160 471 464 326 281 651 824 364 742 761 588 755 244 829 1153 1076 660 639 0 216 557 288 335 566 305 313 825 97 922 166 349 855 596 435 510 293 540 762 989 693 245 501 775 434 950 550 439 1035 927 364 948 734 602 662 307 239 235 505 583 49 657 289 298 262 1064
530 281 891 737 897 512 650 1247 948 543 556 1265 801 374 685 680 542 496 614 952 565 949 858 783 936 455 1035 1368 1292 835 586 216 0 747 502 551 782 516 529 1041 287 1138 368 144 1044 775 374 298 86 735 971 1204 907 457 716 976 643 1082 619 282 1246 1142 576 1160 927 766 762 186 448 21 545 685 265 772 482 476 470 1258
322 530 159 629 967 270 510 1038 570 282 455 566 1010 461 229 307 329 383 1148 407 498 600 459 600 203 447 314 803 660 129 1150 557 747 0 312 339 331 282 339 497 466 590 509 842 298 72 690 998 798 39 287 663 295 435 350 242 451 493 454 838 545 497 248 475 181 751 395 865 328 760 942 363 522 349 269 579 306 944
43 239 418 723 719 267 593 906 499 41 183 765 728 154 182 188 61 81 835 671 226 512 664 412 515 137 547 880 791 435 838 288 502 312 0 78 288 31 57 548 224 648 198 626 597 370 599 789 573 283 474 717 404 125 235 498 232 780 532 678 747 639 77 659 470 510 571 581 67 520 632 504 242 545 119 276 56 861
35 274 418 799 654 341 668 828 425 69 120 733 676 181 153 129 16 60 823 721 165 436 726 335 536 123 530 820 741 467 830 335 551 339 78 0 230 98 24 490 286 588 209 682 604 405 674 844 626 304 450 656 367 113 168 492 155 824 607 745 716 596 92 625 476 442 637 608 143 570 608 572 286 607 195 242 134 784
253 504 311 927 670 486 799 707 245 251 266 522 748 410 133 101 240 286 991 735 291 271 789 287 472 339 363 591 512 445 1007 566 782 331 288 230 0 287 253 260 512 359 430 911 493 403 876 1074 857 293 271 429 167 333 73 354 203 808 737 967 507 373 231 415 377 459 716 831 354 801 761 671 516 674 370 410 337 623
64 260 394 700 748 242 570 924 508 37 212 749 760 181 171 190 82 113 865 639 255 523 634 433 485 169 526 877 782 404 868 305 516 282 31 98 287 0 82 545 232 645 227 636 569 339 591 798 584 254 457 716 391 157 241 475 254 748 508 680 731 628 61 644 443 538 542 602 69 533 663 476 260 514 97 308 49 874
18 253 428 781 665 324 651 849 449 60 130 751 682 161 168 151 13 46 815 715 174 460 715 355 539 111 544 843 763 467 821 313 529 339 57 24 253 82 0 513 262 611 193 658 612 403 650 821 603 307 466 679 386 100 191 503 174 820 589 721 733 616 91 643 484 455 624 590 120 547 603 558 264 596 177 239 113 807
514 762 389 1126 755 717 1005 623 206 510 506 341 877 668 377 361 500 545 1192 852 519 241 944 402 548 593 325 332 265 570 1216 825 1041 497 548 490 260 545 513 0 772 100 684 1172 506 554 1124 1334 1117 468 257 173 202 588 325 371 426 890 946 1225 333 173 485 253 440 579 890 1081 613 1060 958 861 776 841 620 639 594 488
258 113 605 640 805 266 521 1073 708 263 333 979 765 146 403 411 273 242 744 728 359 715 669 581 661 228 748 1104 1014 565 734 97 287 466 224 286 512 232 262 772 0 871 181 403 764 501 411 565 351 451 685 940 624 224 454 690 412 853 469 459 960 860 293 875 644 624 570 402 163 302 585 492 84 563 197 324 185 1052
613 858 471 1220 788 816 1100 595 251 610 596 325 924 764 478 460 599 641 1262 929 605 280 1029 464 621 687 382 232 196 654 1288 922 1138 590 648 588 359 645 611 100 871 0 778 1270 564 643 1225 1432 1215 563 331 73 295 683 421 439 513 957 1042 1325 324 177 586 264 515 630 980 1172 713 1157 1028 954 873 930 721 724 694 444
203 93 616 813 624 395 690 905 580 235 187 942 591 53 361 334 206 149 639 843 199 580 811 422 713 91 737 1006 942 629 640 166 368 509 198 209 430 227 193 684 181 778 0 509 796 564 587 667 451 482 659 841 576 97 360 694 274 960 634 605 925 802 272 834 668 445 713 400 189 389 446 638 122 696 267 143 207 898
658 419 993 718 1035 587 653 1391 1088 666 696 1380 930 510 807 810 671 630 694 994 707 1089 881 927 1019 593 1142 1502 1417 916 658 349 144 842 626 682 911 636 658 1172 403 1270 509 0 1133 860 328 162 58 835 1085 1338 1027 594 849 1079 782 1126 634 169 1360 1264 697 1276 1023 910 792 271 566 122 663 720 399 810 588 620 588 1402
597 825 188 782 1163 549 691 1125 666 561 706 376 1238 750 460 526 599 658 1427 396 745 704 532 778 124 724 182 716 538 224 1433 855 1044 298 597 604 493 569 612 506 764 564 796 1133 0 274 947 1286 1092 317 254 624 351 712 547 144 675 397 649 1114 357 403 524 334 128 953 522 1162 623 1056 1212 535 819 470 567 844 600 995
386 575 184 581 1039 274 468 1108 638 345 523 585 1079 513 302 379 394 446 1203 334 566 669 393 672 161 507 333 849 697 65 1203 596 775 72 370 405 403 339 403 554 501 643 564 860 274 0 681 1011 820 112 326 715 352 495 422 256 523 422 415 841 564 535 313 503 179 823 336 903 377 786 1003 315 564 287 309 643 357 1011
641 500 849 393 1201 422 346 1484 1098 628 741 1256 1136 557 748 782 658 643 989 721 770 1111 587 990 824 639 1004 1455 1336 723 959 435 374 690 599 674 876 591 650 1124 411 1225 587 328 947 681 0 412 336 698 970 1298 944 634 832 931 816 850 344 202 1235 1173 645 1163 860 1032 511 559 531 363 904 450 468 542 505 729 544 1456
820 578 1151 801 1159 737 758 1534 1247 829 855 1541 1040 670 969 972 833 791 745 1120 863 1247 995 1080 1169 752 1301 1664 1580 1066 702 510 298 998 789 844 1074 798 821 1334 565 1432 667 162 1286 1011 412 0 217 993 1246 1499 1190 755 1011 1237 941 1251 749 211 1521 1426 859 1437 1179 1051 913 366 729 277 761 845 560 937 748 770 750 1553
603 361 947 718 980 549 644 1334 1030 613 638 1330 880 453 754 755 616 573 663 970 649 1031 864 869 980 535 1095 1446 1364 878 630 293 86 798 573 626 857 584 603 1117 351 1215 451 58 1092 820 336 217 0 790 1035 1282 975 537 793 1033 725 1102 619 207 1311 1211 645 1226 980 852 773 233 514 64 617 698 342 788 540 562 536 1343
290 508 158 658 928 276 536 1000 533 251 419 559 973 435 190 267 296 351 1118 446 462 562 496 560 233 416 310 780 643 166 1122 540 735 39 283 304 293 254 307 468 451 563 482 835 317 112 698 993 790 0 272 637 267 404 310 243 413 532 478 839 538 479 216 464 193 712 429 846 306 749 910 393 502 384 253 546 283 908
458 713 143 907 926 548 793 871 412 433 525 294 1017 625 297 337 452 510 1256 598 556 450 700 542 291 573 92 524 373 326 1269 762 971 287 474 450 271 457 466 257 685 331 659 1085 254 326 970 1246 1035 272 0 399 107 564 339 114 472 633 738 1104 275 210 398 193 184 722 658 1054 524 988 1029 641 717 607 498 670 501 744
682 923 541 1293 805 890 1174 570 291 680 657 348 950 830 550 529 667 708 1304 996 663 314 1099 506 688 751 443 164 184 725 1332 989 1204 663 717 656 429 716 679 173 940 73 841 1338 624 715 1298 1499 1282 637 399 0 369 747 488 505 573 1019 1115 1396 351 224 657 308 583 663 1052 1232 783 1224 1071 1027 939 1002 793 780 765 409
380 638 197 925 819 527 804 785 317 363 428 366 909 547 221 245 372 427 1157 659 457 354 743 435 363 487 200 515 394 372 1172 693 907 295 404 367 167 391 386 202 624 295 576 1027 351 352 944 1190 975 267 107 369 0 479 238 207 370 709 746 1061 349 236 330 257 257 615 688 975 461 924 928 659 646 639 449 573 439 670
114 176 528 815 614 371 687 850 494 152 108 845 609 85 267 236 113 54 715 795 137 497 780 356 637 12 644 912 845 560 721 245 457 435 125 113 333 157 100 588 224 683 97 594 712 495 634 755 537 404 564 747 479 0 263 604 190 905 628 677 828 704 188 737 584 416 685 498 148 477 507 614 196 662 226 152 157 828
196 437 360 913 625 461 783 707 268 203 193 596 691 343 123 53 180 220 919 757 219 286 796 250 512 268 429 652 582 473 934 501 716 350 235 168 73 241 191 325 454 421 360 849 547 422 832 1011 793 310 339 488 238 263 0 413 133 839 721 912 581 446 192 488 426 410 717 759 303 736 690 665 451 678 332 336 288 640
491 735 85 826 1022 513 720 985 523 459 583 328 1102 653 340 398 490 549 1313 491 620 560 604 637 183 614 76 617 451 238 1322 775 976 242 498 492 354 475 503 371 690 439 694 1079 144 256 931 1237 1033 243 114 505 207 604 413 0 544 519 670 1080 307 297 422 250 83 813 571 1077 536 990 1091 564 734 519 494 726 513 859
190 363 487 954 516 496 824 674 305 221 86 723 565 275 225 151 172 173 788 852 93 307 871 180 631 190 563 736 691 579 805 434 643 451 232 155 203 254 174 426 412 513 274 782 675 523 816 941 725 413 472 573 370 190 133 544 0 945 762 867 708 567 232 616 552 300 785 659 293 663 558 724 386 752 350 213 288 640
802 950 512 540 1460 587 512 1495 1024 760 943 759 1500 907 722 799 812 859 1592 131 987 1059 272 1089 346 917 576 1113 932 366 1585 950 1082 493 780 824 808 748 820 890 853 957 960 1126 397 422 850 1251 1102 532 633 1019 709 905 839 519 945 0 505 1048 741 800 731 730 453 1244 339 1243 771 1087 1406 406 931 315 692 1056 754 1376
573 582 599 192 1242 265 62 1426 982 541 714 997 1225 584 606 667 590 607 1196 377 755 1005 247 941 526 638 747 1258 1111 436 1178 550 619 454 532 607 737 508 589 946 469 1042 634 634 649 415 344 749 619 478 738 1115 746 628 721 670 762 505 0 543 976 949 536 918 589 1040 166 797 482 618 1053 115 553 201 412 768 480 1360
716 511 995 590 1176 568 548 1508 1167 715 784 1396 1083 592 849 867 732 701 864 918 803 1173 788 1027 993 678 1149 1558 1456 890 828 439 282 838 678 745 967 680 721 1225 459 1325 605 169 1114 841 202 211 207 839 1104 1396 1061 677 912 1080 867 1048 543 0 1376 1297 740 1298 1015 1034 709 438 612 262 824 644 484 736 611 733 630 1503
727 985 386 1126 1089 814 1025 918 539 706 774 21 1207 894 566 593 720 776 1495 753 799 575 887 728 464 836 231 387 202 541 1513 1035 1246 545 747 716 507 731 733 333 960 324 925 1360 357 564 1235 1521 1311 538 275 351 349 828 581 307 708 741 976 1376 0 160 671 92 387 907 868 1324 798 1263 1264 868 990 815 773 918 776 760
612 870 351 1116 928 752 1003 772 379 598 639 167 1049 777 457 468 603 655 1349 786 659 415 901 571 479 711 227 319 163 531 1369 927 1142 497 639 596 373 628 616 173 860 177 802 1264 403 535 1173 1426 1211 479 210 224 236 704 446 297 567 800 949 1297 160 0 566 87 380 749 864 1203 697 1159 1116 850 879 813 685 779 676 621
74 316 343 728 743 272 598 890 460 37 212 689 769 231 110 139 81 135 904 629 256 478 639 407 449 200 469 818 721 376 909 364 576 248 77 92 231 61 91 485 293 586 272 697 524 313 645 859 645 216 398 657 330 188 192 422 232 731 536 740 671 566 0 583 396 529 552 658 130 593 694 491 319 520 140 330 110 831
637 895 320 1077 1005 740 970 859 458 617 681 108 1120 804 477 502 630 685 1403 726 706 495 850 639 424 745 173 382 205 489 1421 948 1160 475 659 625 415 644 643 253 875 264 834 1276 334 503 1163 1437 1226 464 193 308 257 737 488 250 616 730 918 1298 92 87 583 0 333 820 821 1233 712 1176 1172 814 901 769 690 825 690 709
469 700 66 743 1048 446 638 1042 574 433 579 408 1116 624 333 401 471 530 1299 413 618 610 521 665 108 595 160 699 535 155 1305 734 927 181 470 476 377 443 484 440 644 515 668 1023 128 179 860 1179 980 193 184 583 257 584 426 83 552 453 589 1015 387 380 396 333 0 835 487 1039 498 941 1084 482 695 435 446 717 475 923
473 533 769 1229 216 778 1101 484 379 511 326 917 299 479 522 445 458 433 652 1153 285 350 1168 181 923 407 815 805 827 878 686 602 766 751 510 442 459 538 455 579 624 630 445 910 953 823 1032 1051 852 712 722 663 615 416 410 813 300 1244 1040 1034 907 749 529 820 835 0 1079 705 558 788 427 1014 564 1049 629 304 561 526
606 679 514 259 1290 317 182 1423 960 568 754 889 1294 660 594 666 621 652 1313 211 798 988 99 956 405 696 647 1182 1023 333 1300 662 762 395 571 637 716 542 624 890 570 980 713 792 522 336 511 913 773 429 658 1052 688 685 717 571 785 339 166 709 868 864 552 821 487 1079 0 934 537 764 1152 79 653 52 458 835 528 1337
597 342 995 923 796 659 833 1188 956 621 575 1341 674 429 757 734 603 548 430 1114 569 949 1031 765 1063 491 1128 1395 1342 967 400 307 186 865 581 608 831 602 590 1081 402 1172 400 271 1162 903 559 366 233 846 1054 1232 975 498 759 1077 659 1243 797 438 1324 1203 658 1233 1039 705 934 0 541 195 397 855 344 938 596 457 564 1223
109 202 453 671 761 223 542 968 566 102 233 817 757 137 240 255 127 126 827 655 273 579 632 473 531 159 590 945 851 443 826 239 448 328 67 143 354 69 120 613 163 713 189 566 623 377 531 729 514 306 524 783 461 148 303 536 293 771 482 612 798 697 130 712 498 558 537 541 0 464 635 465 197 515 80 297 23 927
548 301 905 732 918 521 648 1269 969 561 577 1282 820 394 702 699 560 516 625 956 586 970 859 805 947 475 1050 1388 1310 846 596 235 21 760 520 570 801 533 547 1060 302 1157 389 122 1056 786 363 277 64 749 988 1224 924 477 736 990 663 1087 618 262 1263 1159 593 1176 941 788 764 195 464 0 562 688 284 775 496 498 486 1279
620 473 1024 1216 433 837 1103 868 780 659 508 1277 285 499 753 694 615 559 234 1290 473 758 1251 565 1143 495 1118 1222 1221 1067 261 505 545 942 632 608 761 663 603 958 585 1028 446 663 1212 1003 904 761 617 910 1029 1071 928 507 690 1091 558 1406 1053 824 1264 1116 694 1172 1084 427 1152 397 635 562 0 1074 501 1139 714 367 652 944
540 601 498 266 1223 243 156 1372 916 504 688 889 1222 585 544 612 556 584 1235 275 731 942 178 898 413 625 641 1164 1011 327 1221 583 685 363 504 572 671 476 558 861 492 954 638 720 535 315 450 845 698 393 641 1027 659 614 665 564 724 406 115 644 868 850 491 814 482 1014 79 855 465 688 1074 0 575 92 388 762 458 1294
266 32 651 721 735 345 604 1027 690 284 301 1008 686 110 424 415 277 231 663 807 318 693 753 542 722 195 786 1104 1027 629 654 49 265 522 242 286 516 260 264 776 84 873 122 399 819 564 468 560 342 502 717 939 646 196 451 734 386 931 553 484 990 879 319 901 695 564 653 344 197 284 501 575 0 645 255 260 220 1018
577 669 463 311 1261 302 227 1381 917 538 726 836 1271 643 555 628 592 626 1308 183 770 945 119 920 352 673 595 1130 970 281 1297 657 772 349 545 607 674 514 596 841 563 930 696 810 470 287 542 937 788 384 607 1002 639 662 678 519 752 315 201 736 815 813 520 769 435 1049 52 938 515 775 1139 92 645 0 435 813 504 1293
160 266 408 604 836 148 474 1022 600 133 302 792 836 214 242 279 178 196 902 576 344 617 553 530 467 238 554 952 844 374 899 289 482 269 119 195 370 97 177 620 197 721 267 588 567 309 505 748 540 253 498 793 449 226 332 494 350 692 412 611 773 685 140 690 446 629 458 596 80 496 714 388 255 435 0 377 69 970
257 229 657 951 481 519 826 774 499 298 145 933 459 185 386 332 249 197 587 947 120 491 930 311 778 140 756 942 904 707 599 298 476 579 276 242 410 308 239 639 324 724 143 620 844 643 729 770 562 546 670 780 573 152 336 726 213 1056 768 733 918 779 330 825 717 304 835 457 297 498 367 762 260 813 377 0 309 782
99 224 430 670 766 217 540 962 554 85 234 795 767 156 220 239 118 127 846 640 275 568 622 468 509 169 567 927 831 422 846 262 470 306 56 134 337 49 113 594 185 694 207 588 600 357 544 750 536 283 501 765 439 157 288 513 288 754 480 630 776 676 110 690 475 561 528 564 23 486 652 458 220 504 69 309 0 917
818 991 867 1550 556 1102 1421 171 378 837 719 757 730 911 753 694 800 813 1155 1329 699 354 1404 476 1031 826 814 450 583 1040 1195 1064 1258 944 861 784 623 874 807 488 1052 444 898 1402 995 1011 1456 1553 1343 908 744 409 670 828 640 859 640 1376 1360 1503 760 621 831 709 923 526 1337 1223 927 1279 944 1294 1018 1293 970 782 917 0
