0 20 1087 899 902 1284 617 1683 1602 570 1072 1671 408 155 944 1644
20 0 1107 903 917 1304 607 1665 1621 551 1085 1654 388 147 959 1629
1087 1107 0 1128 610 405 1423 2668 729 1614 1092 2705 1465 1146 834 2482
899 903 1128 0 532 1512 599 1757 1851 1012 1783 2391 958 786 1566 1442
902 917 610 532 0 1008 962 2208 1339 1275 1459 2564 1162 874 1212 1949
1284 1304 405 1512 1008 0 1730 2944 344 1848 895 2777 1689 1381 674 2809
617 607 1423 599 962 1730 0 1254 2070 430 1685 1813 430 461 1533 1082
1683 1665 2668 1757 2208 2944 1254 0 3274 1116 2674 1556 1278 1566 2604 533
1602 1621 729 1851 1339 344 2070 3274 0 2170 1007 3016 2009 1708 850 3151
570 551 1614 1012 1275 1848 430 1116 2170 0 1581 1384 162 470 1492 1140
1072 1085 1092 1783 1459 895 1685 2674 1007 1581 0 2079 1426 1226 259 2706
1671 1654 2705 2391 2564 2777 1813 1556 3016 1384 2079 0 1437 1691 2170 1988
408 388 1465 958 1162 1689 430 1278 2009 162 1426 1437 0 319 1331 1284
155 147 1146 786 874 1381 461 1566 1708 470 1226 1691 319 0 1088 1500
944 959 834 1566 1212 674 1533 2604 850 1492 259 2170 1331 1088 0 2587
1644 1629 2482 1442 1949 2809 1082 533 3151 1140 2706 1988 1284 1500 2587 0
