0 1447 1162 1457 959 1646 262 158 569 1200 143 1115 643 927 34 271
1447 0 2268 2051 1715 2505 1217 1290 883 654 1304 2412 1937 520 1425 1716
1162 2268 0 2531 613 567 1389 1233 1571 2265 1244 1740 546 1812 1196 1012
1457 2051 2531 0 2416 3066 1360 1485 1502 1410 1459 1136 1985 1731 1432 1524
959 1715 613 2416 0 807 1096 948 1157 1827 971 1892 660 1311 984 962
1646 2505 567 3066 807 0 1839 1683 1952 2631 1700 2308 1088 2118 1677 1542
262 1217 1389 1360 1096 1839 0 156 334 938 144 1244 893 703 231 528
158 1290 1233 1485 948 1683 156 0 417 1072 28 1252 745 770 142 426
569 883 1571 1502 1157 1952 334 417 0 693 426 1564 1134 368 544 841
1200 654 2265 1410 1827 2631 938 1072 693 0 1071 1937 1814 564 1168 1462
143 1304 1244 1459 971 1700 144 28 426 1071 0 1226 750 784 122 414
1115 2412 1740 1136 1892 2308 1244 1252 1564 1937 1226 0 1269 1924 1117 959
643 1937 546 1985 660 1088 893 745 1134 1814 750 1269 0 1436 678 466
927 520 1812 1731 1311 2118 703 770 368 564 784 1924 1436 0 905 1196
34 1425 1196 1432 984 1677 231 142 544 1168 122 1117 678 905 0 299
271 1716 1012 1524 962 1542 528 426 841 1462 414 959 466 1196 299 0
