0 1648 1155 96 863 423 473 501 990 1729 376 583 674 1199 1449 1064
1648 0 1838 1671 1134 1578 1566 1153 1964 747 1426 1445 2072 2545 609 1687
1155 1838 0 1252 737 737 1588 1237 293 1413 1419 1644 1804 925 2022 2159
96 1671 1252 0 942 519 393 518 1084 1790 329 516 583 1265 1436 980
863 1134 737 942 0 558 1129 643 830 921 932 1122 1516 1426 1286 1616
423 1578 737 519 558 0 855 600 609 1478 698 924 1090 1002 1541 1436
473 1566 1588 393 1129 855 0 519 1453 1849 197 155 505 1656 1202 590
501 1153 1237 518 643 600 519 0 1187 1337 327 483 983 1586 970 973
990 1964 293 1084 830 609 1453 1187 0 1629 1305 1532 1599 657 2064 2040
1729 747 1413 1790 921 1478 1849 1337 1629 0 1664 1778 2318 2279 1290 2164
376 1426 1419 329 932 698 197 327 1305 1664 0 226 662 1574 1125 740
583 1445 1644 516 1122 924 155 483 1532 1778 226 0 638 1780 1055 515
674 2072 1804 583 1516 1090 505 983 1599 2318 662 638 0 1595 1689 778
1199 2545 925 1265 1426 1002 1656 1586 657 2279 1574 1780 1595 0 2543 2231
1449 609 2022 1436 1286 1541 1202 970 2064 1290 1125 1055 1689 2543 0 1152
1064 1687 2159 980 1616 1436 590 973 2040 2164 740 515 778 2231 1152 0
