0 313 1389 586 333 892 700 1345 193 1236 36 1455 265 174 281 1437
313 0 1285 899 612 591 852 1138 454 1344 327 1310 225 310 332 1688
1389 1285 0 1768 1359 1087 1006 2213 1306 2611 1363 201 1143 1216 1592 1720
586 899 1768 0 414 1476 813 1782 519 1177 579 1882 810 675 718 1119
333 612 1359 414 0 1134 464 1677 158 1405 303 1468 452 318 593 1104
892 591 1087 1476 1134 0 1183 1132 983 1819 897 1019 682 818 891 2094
700 852 1006 813 464 1183 0 1990 518 1869 664 1155 628 567 981 913
1345 1138 2213 1782 1677 1132 1990 0 1536 1294 1377 2152 1364 1431 1095 2782
193 454 1306 519 158 983 518 1536 0 1371 159 1396 301 164 472 1250
1236 1344 2611 1177 1405 1819 1869 1294 1371 0 1267 2652 1468 1410 1021 2282
36 327 1363 579 303 897 664 1377 159 1267 0 1433 251 146 317 1406
1455 1310 201 1882 1468 1019 1155 2152 1396 2652 1433 0 1197 1288 1631 1909
265 225 1143 810 452 682 628 1364 301 1468 251 1197 0 137 454 1482
174 310 1216 675 318 818 567 1431 164 1410 146 1288 137 0 430 1377
281 332 1592 718 593 891 981 1095 472 1021 317 1631 454 430 0 1692
1437 1688 1720 1119 1104 2094 913 2782 1250 2282 1406 1909 1482 1377 1692 0
