0 615 139 1424 45 374 960 843 1180 1564 1525 970 1012 263 749 26 451
615 0 486 1582 595 894 1379 291 727 1583 1723 655 1095 528 161 591 366
139 486 0 1485 110 437 995 733 1043 1596 1596 912 951 272 613 123 391
1424 1582 1485 0 1466 1726 2286 1506 2305 356 163 1115 2433 1217 1728 1414 1237
45 595 110 1466 0 357 937 834 1142 1601 1568 982 969 289 723 52 460
374 894 437 1726 357 0 590 1162 1278 1903 1806 1340 805 637 991 398 817
960 1379 995 2286 937 590 0 1667 1515 2484 2352 1907 678 1223 1430 982 1386
843 291 733 1506 834 1162 1667 0 843 1445 1660 445 1373 679 317 817 456
1180 727 1043 2305 1142 1278 1515 843 0 2281 2449 1289 928 1208 577 1166 1089
1564 1583 1596 356 1601 1903 2484 1445 2281 0 475 1010 2543 1324 1711 1549 1281
1525 1723 1596 163 1568 1806 2352 1660 2449 475 0 1276 2537 1333 1872 1517 1372
970 655 912 1115 982 1340 1907 445 1289 1010 1276 0 1736 722 745 944 523
1012 1095 951 2433 969 805 678 1373 928 2543 2537 1736 0 1223 1068 1020 1280
263 528 272 1217 289 637 1223 679 1208 1324 1333 722 1223 0 686 241 230
749 161 613 1728 723 991 1430 317 577 1711 1872 745 1068 686 0 727 525
26 591 123 1414 52 398 982 817 1166 1549 1517 944 1020 241 727 0 425
451 366 391 1237 460 817 1386 456 1089 1281 1372 523 1280 230 525 425 0
