0 1348 722 1579 1206 808 1299 1087 1254 985 326 1174 893 1034 1667 85 1517
1348 0 1250 1804 2431 652 1580 1080 2571 2331 1109 1894 2061 656 2785 1411 945
722 1250 0 2194 1266 1052 588 434 1816 1474 863 1878 892 646 2354 696 1836
1579 1804 2194 0 2622 1303 2774 2395 1951 1990 1336 647 2403 2085 1601 1652 1001
1206 2431 1266 2622 0 1997 1455 1664 1117 794 1532 2049 376 1901 1901 1122 2723
808 652 1052 1303 1997 0 1571 1130 1954 1750 507 1265 1654 783 2133 887 787
1299 1580 588 2774 1455 1571 0 500 2264 1901 1449 2465 1141 926 2880 1262 2328
1087 1080 434 2395 1664 1130 500 0 2245 1907 1131 2176 1299 426 2751 1082 1855
1254 2571 1816 1951 1117 1954 2264 2245 0 368 1462 1304 1201 2280 795 1217 2450
985 2331 1474 1990 794 1750 1901 1907 368 0 1243 1364 835 1978 1113 932 2336
326 1109 863 1336 1532 507 1449 1131 1462 1243 0 1045 1216 950 1736 411 1191
1174 1894 1878 647 2049 1265 2465 2176 1304 1364 1045 0 1880 1962 1028 1228 1360
893 2061 892 2403 376 1654 1141 1299 1201 835 1216 1880 0 1525 1928 808 2403
1034 656 646 2085 1901 783 926 426 2280 1978 950 1962 1525 0 2673 1062 1451
1667 2785 2354 1601 1901 2133 2880 2751 795 1113 1736 1028 1928 2673 0 1668 2382
85 1411 696 1652 1122 887 1262 1082 1217 932 411 1228 808 1062 1668 0 1602
1517 945 1836 1001 2723 787 2328 1855 2450 2336 1191 1360 2403 1451 2382 1602 0
