0 684 955 917 742 1438 560 1028 249 1682 823 1033 266 981 1166 1230
684 0 1438 979 1092 907 830 1385 847 1940 1505 757 714 1241 1350 793
955 1438 0 761 1588 2322 625 1811 706 850 805 1207 1198 1840 2043 2148
917 979 761 0 1656 1874 375 1945 778 971 1345 464 1169 1888 2062 1772
742 1092 1588 1656 0 1382 1302 302 939 2387 1060 1704 488 251 455 1116
1438 907 2322 1874 1382 0 1732 1567 1665 2843 2215 1563 1309 1360 1331 266
560 830 625 375 1302 1732 0 1583 403 1164 1010 666 823 1541 1724 1584
1028 1385 1811 1945 302 1567 1583 0 1204 2634 1184 2006 784 209 344 1302
249 847 706 778 939 1665 403 1204 0 1453 695 1004 499 1188 1382 1467
1682 1940 850 971 2387 2843 1164 2634 1453 0 1645 1372 1946 2638 2835 2726
823 1505 805 1345 1060 2215 1010 1184 695 1645 0 1670 905 1285 1488 1979
1033 757 1207 464 1704 1563 666 2006 1004 1372 1670 0 1229 1903 2047 1517
266 714 1198 1169 488 1309 823 784 499 1946 905 1229 0 719 901 1075
981 1241 1840 1888 251 1360 1541 209 1188 2638 1285 1903 719 0 206 1096
1166 1350 2043 2062 455 1331 1724 344 1382 2835 1488 2047 901 206 0 1075
1230 793 2148 1772 1116 266 1584 1302 1467 2726 1979 1517 1075 1096 1075 0
