0 1093 399 870 1354 528 443 531 145 723 214 1510 205 871 1339 19
1093 0 1364 1945 1165 1514 1206 1601 1155 478 1283 1674 1241 411 1758 1113
399 1364 0 828 1753 713 233 298 259 916 223 1883 486 1047 1029 387
870 1945 828 0 1826 481 1057 547 868 1593 737 1686 703 1739 1765 852
1354 1165 1753 1826 0 1360 1750 1817 1497 1363 1550 582 1322 1422 2586 1366
528 1514 713 481 1360 0 885 576 601 1222 515 1299 323 1369 1742 516
443 1206 233 1057 1750 885 0 532 307 737 370 1950 604 856 896 440
531 1601 298 547 1817 576 532 0 446 1179 322 1852 494 1318 1234 513
145 1155 259 868 1497 601 307 446 0 742 135 1654 299 885 1202 138
723 478 916 1593 1363 1222 737 1179 742 0 877 1762 910 147 1314 741
214 1283 223 737 1550 515 370 322 135 877 0 1660 262 1021 1239 196
1510 1674 1883 1686 582 1299 1950 1852 1654 1762 1660 0 1400 1853 2839 1516
205 1241 486 703 1322 323 604 494 299 910 262 1400 0 1058 1493 194
871 411 1047 1739 1422 1369 856 1318 885 147 1021 1853 1058 0 1347 888
1339 1758 1029 1765 2586 1742 896 1234 1202 1314 1239 2839 1493 1347 0 1337
19 1113 387 852 1366 516 440 513 138 741 196 1516 194 888 1337 0
