0 492 967 1226 1615 1057 1035 835 130 1136 437 1025 727 1184 1504 397
492 0 605 1715 1873 1068 552 745 622 813 667 1517 295 698 1241 863
967 605 0 2145 2478 1654 412 491 1076 213 1261 1931 319 742 653 1216
1226 1715 2145 0 1424 1686 2261 1838 1098 2273 1237 217 1947 2392 2549 932
1615 1873 2478 1424 0 993 2342 2449 1575 2679 1224 1459 2168 2270 3089 1689
1057 1068 1654 1686 993 0 1427 1780 1101 1867 640 1585 1335 1301 2303 1350
1035 552 412 2261 2342 1427 0 867 1163 581 1190 2059 336 330 996 1375
835 745 491 1838 2449 1780 867 0 895 496 1243 1621 605 1183 713 921
130 622 1076 1098 1575 1101 1163 895 0 1235 462 895 850 1315 1584 283
1136 813 213 2273 2679 1867 581 496 1235 0 1458 2057 531 905 440 1341
437 667 1261 1237 1224 640 1190 1243 462 1458 0 1081 962 1222 1864 711
1025 1517 1931 217 1459 1585 2059 1621 895 2057 1081 0 1740 2201 2332 716
727 295 319 1947 2168 1335 336 605 850 531 962 1740 0 601 969 1045
1184 698 742 2392 2270 1301 330 1183 1315 905 1222 2201 601 0 1304 1561
1504 1241 653 2549 3089 2303 996 713 1584 440 1864 2332 969 1304 0 1635
397 863 1216 932 1689 1350 1375 921 283 1341 711 716 1045 1561 1635 0
