0 653 1285 649 1328 414 637 906 1345 693 349 1637 459 1449 513 1286
653 0 734 1093 1209 1048 1151 1559 1979 1175 356 1789 1070 2063 935 1090
1285 734 0 1447 1826 1699 1864 2152 2627 1544 936 1682 1591 2735 1659 762
649 1093 1447 0 1978 756 1112 885 1420 97 746 1060 371 1586 1093 1071
1328 1209 1826 1978 0 1412 1164 1885 2014 2019 1359 2910 1731 1982 998 2299
414 1048 1699 756 1412 0 359 539 933 745 763 1817 397 1036 416 1639
637 1151 1864 1112 1164 359 0 724 916 1104 953 2171 756 950 236 1922
906 1559 2152 885 1885 539 724 0 535 816 1238 1853 579 706 900 1938
1345 1979 2627 1420 2014 933 916 535 0 1351 1693 2366 1100 196 1148 2466
693 1175 1544 97 2019 745 1104 816 1351 0 824 1084 349 1521 1106 1159
349 356 936 746 1359 763 953 1238 1693 824 0 1553 720 1798 780 1022
1637 1789 1682 1060 2910 1817 2171 1853 2366 1084 1553 0 1428 2552 2130 931
459 1070 1591 371 1731 397 756 579 1100 349 720 1428 0 1251 776 1366
1449 2063 2735 1586 1982 1036 950 706 196 1521 1798 2552 1251 0 1187 2617
513 935 1659 1093 998 416 236 900 1148 1106 780 2130 776 1187 0 1785
1286 1090 762 1071 2299 1639 1922 1938 2466 1159 1022 931 1366 2617 1785 0
