0 317 1292 637 1296 634 504 106 1235 9 126 7 937 114 896 1194
317 0 1443 338 1325 397 518 409 1200 309 269 311 621 350 1203 1387
1292 1443 0 1520 2547 1840 1795 1320 2521 1299 1417 1298 1899 1393 1006 228
637 338 1520 0 1562 487 802 738 1393 630 607 633 382 687 1480 1514
1296 1325 2547 1562 0 1092 815 1240 272 1292 1190 1291 1527 1183 1795 2405
634 397 1840 487 1092 0 437 685 908 625 523 627 474 597 1519 1782
504 518 1795 802 815 437 0 479 731 499 385 499 906 401 1242 1684
106 409 1320 738 1240 685 479 0 1200 112 163 109 1023 90 834 1205
1235 1200 2521 1393 272 908 731 1200 0 1230 1117 1230 1308 1129 1859 2400
9 309 1299 630 1292 625 499 112 1230 0 119 2 928 112 905 1201
126 269 1417 607 1190 523 385 163 1117 119 0 120 867 83 997 1320
7 311 1298 633 1291 627 499 109 1230 2 120 0 931 111 903 1200
937 621 1899 382 1527 474 906 1023 1308 928 867 931 0 951 1821 1897
114 350 1393 687 1183 597 401 90 1129 112 83 111 951 0 922 1285
896 1203 1006 1480 1795 1519 1242 834 1859 905 997 903 1821 922 0 789
1194 1387 228 1514 2405 1782 1684 1205 2400 1201 1320 1200 1897 1285 789 0
