0 738 1618 1489 1000 529 412 1540 710 827 1339 1592 1339 1371 1411 180
738 0 1972 2050 813 534 613 1699 48 1083 910 1435 638 1663 1980 917
1618 1972 0 2712 2584 2106 2017 511 1984 2426 1657 3202 2567 322 659 1601
1489 2050 2712 0 1607 1533 1437 2846 2005 1055 2820 1694 2431 2588 2182 1356
1000 813 2584 1607 0 479 589 2411 770 562 1719 639 873 2307 2410 1096
529 534 2106 1533 479 0 142 1953 486 552 1409 1101 946 1833 1940 649
412 613 2017 1437 589 142 0 1894 568 520 1444 1185 1079 1755 1820 514
1540 1699 511 2846 2411 1953 1894 0 1722 2366 1207 3049 2237 313 1073 1581
710 48 1984 2005 770 486 568 1722 0 1035 956 1395 648 1678 1977 888
827 1083 2426 1055 562 552 520 2366 1035 0 1957 893 1379 2194 2119 826
1339 910 1657 2820 1719 1409 1444 1207 956 1957 0 2323 1189 1344 1968 1496
1592 1435 3202 1694 639 1101 1185 3049 1395 893 2323 0 1300 2934 2975 1653
1339 638 2567 2431 873 946 1079 2237 648 1379 1189 1300 0 2249 2616 1509
1371 1663 322 2588 2307 1833 1755 313 1678 2194 1344 2934 2249 0 765 1381
1411 1980 659 2182 2410 1940 1820 1073 1977 2119 1968 2975 2616 765 0 1323
180 917 1601 1356 1096 649 514 1581 888 826 1496 1653 1509 1381 1323 0
