0 1007 526 451 776 444 1677 420 40 155 179 1536 1249 1055 1412 1394 1070
1007 0 1532 1037 903 1167 2579 1296 1004 1135 894 1725 1112 1831 833 1076 2019
526 1532 0 713 1168 592 1236 404 536 402 671 1638 1625 919 1840 1807 613
451 1037 713 0 1159 145 1547 330 490 400 578 1084 1616 1474 1141 1725 1022
776 903 1168 1159 0 1201 2400 1195 739 923 602 2199 473 1023 1666 639 1778
444 1167 592 145 1201 0 1412 193 484 345 601 1119 1668 1406 1281 1792 877
1677 2579 1236 1547 2400 1412 0 1295 1703 1522 1852 1706 2862 1955 2551 3039 623
420 1296 404 330 1195 193 1295 0 455 274 598 1260 1668 1260 1471 1813 722
40 1004 536 490 739 484 1703 455 0 186 148 1575 1213 1025 1432 1361 1093
155 1135 402 400 923 345 1522 274 186 0 334 1463 1396 1074 1464 1547 917
179 894 671 578 602 601 1852 598 148 334 0 1655 1074 1034 1399 1215 1241
1536 1725 1638 1084 2199 1119 1706 1260 1575 1463 1655 0 2623 2519 1182 2685 1541
1249 1112 1625 1616 473 1668 2862 1668 1213 1396 1074 2623 0 1286 1940 229 2239
1055 1831 919 1474 1023 1406 1955 1260 1025 1074 1034 2519 1286 0 2433 1514 1399
1412 833 1840 1141 1666 1281 2551 1471 1432 1464 1399 1182 1940 2433 0 1908 2124
1394 1076 1807 1725 639 1792 3039 1813 1361 1547 1215 2685 229 1514 1908 0 2417
1070 2019 613 1022 1778 877 623 722 1093 917 1241 1541 2239 1399 2124 2417 0
