0 94 237 1057 1611 410 299 918 394 1207 247 186 370 6 1627 875
94 0 226 1107 1670 381 349 876 458 1236 250 103 303 99 1690 812
237 226 0 918 1491 175 206 1092 623 1444 471 308 505 237 1519 1005
1057 1107 918 0 577 887 760 1976 1255 2078 1291 1208 1410 1052 616 1917
1611 1670 1491 577 0 1465 1320 2524 1749 2516 1833 1772 1973 1605 87 2482
410 381 175 887 1465 0 314 1206 799 1614 631 439 617 410 1502 1090
299 349 206 760 1320 314 0 1217 592 1444 542 451 652 294 1342 1161
918 876 1092 1976 2524 1206 1217 0 852 872 691 784 589 924 2535 242
394 458 623 1255 1749 799 592 852 0 853 291 484 538 393 1746 916
1207 1236 1444 2078 2516 1614 1444 872 853 0 989 1207 1119 1208 2498 1100
247 250 471 1291 1833 631 542 691 291 989 0 223 248 251 1844 689
186 103 308 1208 1772 439 451 784 484 1207 223 0 202 192 1793 710
370 303 505 1410 1973 617 652 589 538 1119 248 202 0 376 1993 508
6 99 237 1052 1605 410 294 924 393 1208 251 192 376 0 1622 881
1627 1690 1519 616 87 1502 1342 2535 1746 2498 1844 1793 1993 1622 0 2502
875 812 1005 1917 2482 1090 1161 242 916 1100 689 710 508 881 2502 0
