0 1296 925 92 1054 174 1415 969 1239 1511 42 1308 850 727 1517 1515
1296 0 967 1275 1957 1206 850 1981 74 2184 1334 2364 1012 1279 2559 2737
925 967 0 843 1056 752 545 1129 963 2358 936 2232 88 1438 1671 1974
92 1275 843 0 982 92 1344 907 1222 1603 93 1392 766 807 1467 1499
1054 1957 1056 982 0 969 1548 181 1931 2456 1022 2021 982 1780 614 1003
174 1206 752 92 969 0 1252 910 1156 1673 184 1481 677 846 1481 1548
1415 850 545 1344 1548 1252 0 1646 888 2733 1434 2704 633 1785 2154 2504
969 1981 1129 907 181 910 1646 0 1950 2314 933 1855 1049 1684 583 866
1239 74 963 1222 1931 1156 888 1950 0 2110 1278 2292 1002 1205 2529 2694
1511 2184 2358 1603 2456 1673 2733 2314 2110 0 1522 721 2302 949 2715 2393
42 1334 936 93 1022 184 1434 933 1278 1522 0 1298 860 758 1478 1472
1308 2364 2232 1392 2021 1481 2704 1855 2292 721 1298 0 2158 1111 2151 1745
850 1012 88 766 982 677 633 1049 1002 2302 860 2158 0 1392 1597 1889
727 1279 1438 807 1780 846 1785 1684 1205 949 758 1111 1392 0 2205 2088
1517 2559 1671 1467 614 1481 2154 583 2529 2715 1478 2151 1597 2205 0 602
1515 2737 1974 1499 1003 1548 2504 866 2694 2393 1472 1745 1889 2088 602 0
