0 697 350 101 668 573 558 200 1184 1674 821 664 966 1510 1038 758 411
697 0 555 644 1244 517 290 846 773 1878 292 1178 1641 2031 1549 1285 1053
350 555 0 392 694 716 581 549 848 1441 555 623 1273 1478 1388 1107 755
101 644 392 0 768 473 474 204 1195 1763 801 765 998 1611 1008 727 418
668 1244 694 768 0 1241 1197 715 1387 1195 1232 134 939 842 1358 1130 760
573 517 716 473 1241 0 227 595 1274 2158 796 1230 1311 2083 1081 843 737
558 290 581 474 1197 227 0 652 1048 2008 569 1161 1428 2026 1274 1019 837
200 846 549 204 715 595 652 0 1383 1812 1004 748 795 1547 840 561 215
1184 773 848 1195 1387 1274 1048 1383 0 1435 481 1266 2118 1944 2201 1921 1595
1674 1878 1441 1763 1195 2158 2008 1812 1435 0 1672 1100 2111 951 2549 2308 1922
821 292 555 801 1232 796 569 1004 481 1672 0 1139 1787 1950 1777 1502 1219
664 1178 623 765 134 1230 1161 748 1266 1100 1139 0 1062 864 1449 1209 827
966 1641 1273 998 939 1311 1428 795 2118 2111 1787 1062 0 1467 621 584 591
1510 2031 1478 1611 842 2083 2026 1547 1944 951 1950 864 1467 0 2037 1866 1548
1038 1549 1388 1008 1358 1081 1274 840 2201 2549 1777 1449 621 2037 0 280 656
758 1285 1107 727 1130 843 1019 561 1921 2308 1502 1209 584 1866 280 0 390
411 1053 755 418 760 737 837 215 1595 1922 1219 827 591 1548 656 390 0
