0 1647 398 530 584 1471 1081 1287 886 1687 577 1313 167 1244 1069 1158
1647 0 1527 1361 1069 1281 2392 1016 1511 1924 1179 965 1503 1089 2492 2801
398 1527 0 785 602 1672 915 952 488 1291 729 1447 445 897 979 1406
530 1361 785 0 403 941 1606 1368 1207 2003 195 807 376 1357 1599 1519
584 1069 602 403 0 1099 1514 967 903 1662 225 849 434 962 1558 1731
1471 1281 1672 941 1099 0 2541 1889 1998 2718 943 335 1313 1918 2541 2336
1081 2392 915 1606 1514 2541 0 1576 934 1303 1608 2347 1230 1495 203 1220
1287 1016 952 1368 967 1889 1576 0 644 914 1191 1564 1232 84 1727 2355
886 1511 488 1207 903 1998 934 644 0 808 1097 1722 916 565 1082 1789
1687 1924 1291 2003 1662 2718 1303 914 808 0 1874 2412 1724 852 1504 2435
577 1179 729 195 225 943 1608 1191 1097 1874 0 743 409 1187 1626 1658
1313 965 1447 807 849 335 2347 1564 1722 2412 743 0 1147 1597 2370 2302
167 1503 445 376 434 1313 1230 1232 916 1724 409 1147 0 1200 1230 1297
1244 1089 897 1357 962 1918 1495 84 565 852 1187 1597 1200 0 1648 2295
1069 2492 979 1599 1558 2541 203 1727 1082 1504 1626 2370 1230 1648 0 1033
1158 2801 1406 1519 1731 2336 1220 2355 1789 2435 1658 2302 1297 2295 1033 0
