0 806 384 564 1286 567 947 516 418 1444 693 1296 1473 1498 79 624
806 0 565 362 1245 1186 1255 361 811 674 1422 2069 1251 1740 845 1222
384 565 0 515 969 935 1233 455 251 1119 867 1523 1115 1781 375 988
564 362 515 0 1420 836 902 60 751 1031 1248 1860 1494 1410 626 868
1286 1245 969 1420 0 1851 2200 1367 872 1312 1285 1832 313 2750 1235 1909
567 1186 935 836 1851 0 514 826 979 1860 959 1346 2039 1013 616 59
947 1255 1233 902 2200 514 0 927 1358 1892 1467 1848 2337 551 1018 471
516 361 455 60 1367 826 927 0 691 1034 1194 1812 1449 1444 575 861
418 811 251 751 872 979 1358 691 0 1316 657 1315 1081 1910 362 1037
1444 674 1119 1031 1312 1860 1892 1034 1316 0 1972 2631 1154 2331 1467 1896
693 1422 867 1248 1285 959 1467 1194 657 1972 0 658 1570 1969 623 1012
1296 2069 1523 1860 1832 1346 1848 1812 1315 2631 658 0 2138 2259 1238 1380
1473 1251 1115 1494 313 2039 2337 1449 1081 1154 1570 2138 0 2878 1433 2095
1498 1740 1781 1410 2750 1013 551 1444 1910 2331 1969 2259 2878 0 1567 958
79 845 375 626 1235 616 1018 575 362 1467 623 1238 1433 1567 0 674
624 1222 988 868 1909 59 471 861 1037 1896 1012 1380 2095 958 674 0
