0 181 533 398 1597 487 213 814 1508 799 1602 1638 1313 1684 836 1367
181 0 568 578 1429 530 393 764 1389 924 1719 1742 1209 1728 904 1528
533 568 0 604 1508 1019 541 392 1198 493 1213 1212 1770 1161 1353 1677
398 578 604 0 1953 657 185 986 1768 571 1339 1405 1628 1592 878 1078
1597 1429 1508 1953 0 1853 1787 1196 679 1994 2571 2509 1741 2114 2207 2957
487 530 1019 657 1853 0 545 1285 1906 1204 1993 2051 1004 2158 377 1181
213 393 541 185 1787 545 0 892 1644 661 1457 1509 1474 1628 831 1201
814 764 392 986 1196 1285 892 0 810 821 1390 1347 1855 1100 1648 2064
1508 1389 1198 1768 679 1906 1644 810 0 1617 2040 1954 2130 1485 2283 2843
799 924 493 571 1994 1204 661 821 1617 0 802 847 2113 1045 1450 1456
1602 1719 1213 1339 2571 1993 1457 1390 2040 802 0 153 2915 765 2198 1931
1638 1742 1212 1405 2509 2051 1509 1347 1954 847 153 0 2948 621 2276 2059
1313 1209 1770 1628 1741 1004 1474 1855 2130 2113 2915 2948 0 2915 1072 2047
1684 1728 1161 1592 2114 2158 1628 1100 1485 1045 765 621 2915 0 2457 2467
836 904 1353 878 2207 377 831 1648 2283 1450 2198 2276 1072 2457 0 975
1367 1528 1677 1078 2957 1181 1201 2064 2843 1456 1931 2059 2047 2467 975 0
