0 1360 792 313 939 20 1407 1056 1346 498 841 1162 355 602 1224 1689
1360 0 664 1053 1417 1361 811 619 244 1108 1416 2447 1038 1580 2574 630
792 664 0 541 1257 799 673 749 763 772 780 1949 571 1206 1953 1190
313 1053 541 0 847 310 1202 760 1033 328 877 1421 78 678 1537 1382
939 1417 1257 847 0 920 1913 811 1246 521 1719 1336 774 481 1850 1352
20 1361 799 310 920 0 1418 1047 1343 483 861 1152 348 582 1228 1682
1407 811 673 1202 1913 1418 0 1269 1041 1444 963 2566 1240 1876 2436 1440
1056 619 749 760 811 1047 1269 0 435 634 1481 1975 702 1061 2259 645
1346 244 763 1033 1246 1343 1041 435 0 1014 1542 2368 1000 1471 2570 433
498 1108 772 328 521 483 1444 634 1014 0 1205 1354 253 473 1639 1279
841 1416 780 877 1719 861 963 1481 1542 1205 0 1837 955 1443 1528 1970
1162 2447 1949 1421 1336 1152 2566 1975 2368 1354 1837 0 1418 920 793 2606
355 1038 571 78 774 348 1240 702 1000 253 955 1418 0 635 1574 1333
602 1580 1206 678 481 582 1876 1061 1471 473 1443 920 635 0 1369 1686
1224 2574 1953 1537 1850 1228 2436 2259 2570 1639 1528 793 1574 1369 0 2902
1689 630 1190 1382 1352 1682 1440 645 433 1279 1970 2606 1333 1686 2902 0
