0 683 1662 659 1059 1229 259 295 1624 1211 1111 1366 1686 1233 1673 1607
683 0 2137 1342 1495 1905 642 448 1232 1759 1714 688 2362 550 2233 1343
1662 2137 0 1407 641 1598 1533 1934 2148 2213 1996 2637 1782 2604 371 1888
659 1342 1407 0 991 586 794 925 2159 859 669 2025 1037 1891 1278 2070
1059 1495 641 991 0 1392 901 1314 1645 1850 1654 2010 1722 1968 799 1434
1229 1905 1598 586 1392 0 1381 1468 2737 723 513 2593 457 2448 1340 2630
259 642 1533 794 901 1381 0 422 1395 1451 1334 1277 1830 1176 1598 1358
295 448 1934 925 1314 1468 422 0 1565 1321 1267 1134 1924 979 1963 1605
1624 1232 2148 2159 1645 2737 1395 1565 0 2835 2729 1031 3165 1171 2419 312
1211 1759 2213 859 1850 723 1451 1321 2835 0 221 2420 987 2241 2010 2808
1111 1714 1996 669 1654 513 1334 1267 2729 221 0 2392 833 2222 1788 2680
1366 688 2637 2025 2010 2593 1277 1134 1031 2420 2392 0 3050 203 2796 1281
1686 2362 1782 1037 1722 457 1830 1924 3165 987 833 3050 0 2904 1460 3041
1233 550 2604 1891 1968 2448 1176 979 1171 2241 2222 203 2904 0 2737 1395
1673 2233 371 1278 799 1340 1598 1963 2419 2010 1788 2796 1460 2737 0 2180
1607 1343 1888 2070 1434 2630 1358 1605 312 2808 2680 1281 3041 1395 2180 0
