0 1424 1730 589 1453 1285 1027 1493 310 575 70 1298 1394 1568 695 1512
1424 0 1298 935 71 2635 2339 212 1248 1188 1472 2599 2802 2833 1264 290
1730 1298 0 1197 1239 2969 2122 1111 1797 1162 1800 2303 2712 3287 1074 1038
589 935 1197 0 945 1874 1404 954 599 282 655 1664 1888 2150 408 958
1453 71 1239 945 0 2677 2350 142 1288 1189 1503 2608 2823 2882 1258 220
1285 2635 2969 1874 2677 0 1215 2741 1388 1814 1220 1321 911 387 1894 2770
1027 2339 2122 1404 2350 1215 0 2350 1329 1177 1021 270 597 1602 1159 2344
1493 212 1111 954 142 2741 2350 0 1355 1177 1548 2603 2843 2960 1230 78
310 1248 1797 599 1288 1388 1329 1355 0 719 307 1599 1651 1611 863 1387
575 1188 1162 282 1189 1814 1177 1177 719 0 645 1426 1702 2125 147 1167
70 1472 1800 655 1503 1220 1021 1548 307 645 0 1291 1362 1499 763 1568
1298 2599 2303 1664 2608 1321 270 2603 1599 1426 1291 0 523 1702 1394 2594
1394 2802 2712 1888 2823 911 597 2843 1651 1702 1362 523 0 1265 1711 2847
1568 2833 3287 2150 2882 387 1602 2960 1611 2125 1499 1702 1265 0 2218 2997
695 1264 1074 408 1258 1894 1159 1230 863 147 763 1394 1711 2218 0 1211
1512 290 1038 958 220 2770 2344 78 1387 1167 1568 2594 2847 2997 1211 0
