0 1689 1337 586 1425 274 1623 1024 1638 361 382 1481 723 1619 936 641
1689 0 1529 1656 2793 1942 3187 1822 1404 1371 1977 1985 979 2485 1855 1598
1337 1529 0 798 2758 1571 2085 2220 387 1056 1711 2619 1045 2896 2166 720
586 1656 798 0 1974 785 1541 1581 1147 456 934 2025 744 2203 1503 84
1425 2793 2758 1974 0 1189 2052 1043 3063 1754 1046 1230 2007 808 969 2044
274 1942 1571 785 1189 0 1488 989 1891 636 158 1450 990 1492 883 855
1623 3187 2085 1541 2052 1488 0 2425 2470 1844 1581 2863 2225 2723 2309 1611
1024 1822 2220 1581 1043 989 2425 0 2429 1176 860 461 1241 707 117 1616
1638 1404 387 1147 3063 1891 2470 2429 0 1317 2020 2795 1196 3126 2391 1064
361 1371 1056 456 1754 636 1844 1176 1317 0 733 1601 392 1841 1114 464
382 1977 1711 934 1046 158 1581 860 2020 733 0 1315 1054 1335 748 1001
1481 1985 2619 2025 1230 1450 2863 461 2795 1601 1315 0 1598 558 567 2054
723 979 1045 744 2007 990 2225 1241 1196 392 1054 1598 0 1945 1214 710
1619 2485 2896 2203 808 1492 2723 707 3126 1841 1335 558 1945 0 734 2251
936 1855 2166 1503 969 883 2309 117 2391 1114 748 567 1214 734 0 1543
641 1598 720 84 2044 855 1611 1616 1064 464 1001 2054 710 2251 1543 0
