0 1108 723 564 707 881 86 980 593 295 22 50 523 1516 1556 1306
1108 0 1691 1407 463 1080 1189 868 1672 954 1114 1084 1626 447 1508 775
723 1691 0 305 1230 1584 647 1167 301 741 703 772 607 2133 2248 1573
564 1407 305 0 943 1444 512 867 466 480 542 614 693 1852 2120 1271
707 463 1230 943 0 1027 779 552 1232 502 708 697 1229 910 1613 695
881 1080 1584 1444 1027 0 944 1555 1378 1047 903 830 1142 1266 676 1708
86 1189 647 512 779 944 0 1014 506 332 75 128 449 1601 1616 1355
980 868 1167 867 552 1555 1014 0 1300 685 968 998 1423 1277 2163 406
593 1672 301 466 1232 1378 506 1300 0 730 579 633 311 2096 2023 1692
295 954 741 480 502 1047 332 685 730 0 283 318 767 1392 1717 1024
22 1114 703 542 708 903 75 968 579 283 0 72 520 1526 1578 1298
50 1084 772 614 697 830 128 998 633 318 72 0 542 1487 1505 1313
523 1626 607 693 1229 1142 449 1423 311 767 520 542 0 2022 1758 1788
1516 447 2133 1852 910 1266 1601 1277 2096 1392 1526 1487 2022 0 1501 1083
1556 1508 2248 2120 1613 676 1616 2163 2023 1717 1578 1505 1758 1501 0 2243
1306 775 1573 1271 695 1708 1355 406 1692 1024 1298 1313 1788 1083 2243 0
