0 1430 371 1370 426 377 1633 360 5 1385 482 46 240 1285 23 242 1491
1430 0 1078 2641 1683 1222 1228 1072 1436 594 1229 1395 1389 1037 1407 1189 2704
371 1078 0 1613 628 219 1498 69 375 1127 509 347 446 1148 347 166 1825
1370 2641 1613 0 985 1429 2997 1649 1365 2733 1837 1416 1571 2653 1387 1577 1908
426 1683 628 985 0 461 2050 663 422 1748 908 469 662 1699 435 597 1653
377 1222 219 1429 461 0 1718 281 379 1332 689 380 552 1367 360 307 1867
1633 1228 1498 2997 2050 1718 0 1438 1638 634 1160 1587 1426 352 1619 1462 2188
360 1072 69 1649 663 281 1438 0 365 1085 441 329 398 1086 336 127 1784
5 1436 375 1365 422 379 1638 365 0 1390 486 51 243 1290 28 248 1488
1385 594 1127 2733 1748 1332 634 1085 1390 0 1008 1340 1247 478 1364 1159 2373
482 1229 509 1837 908 689 1160 441 486 1008 0 438 266 819 472 382 1479
46 1395 347 1416 469 380 1587 329 51 1340 438 0 205 1239 34 206 1496
240 1389 446 1571 662 552 1426 398 243 1247 266 205 0 1085 239 279 1387
1285 1037 1148 2653 1699 1367 352 1086 1290 478 819 1239 1085 0 1271 1110 1985
23 1407 347 1387 435 360 1619 336 28 1364 472 34 239 1271 0 219 1510
242 1189 166 1577 597 307 1462 127 248 1159 382 206 279 1110 219 0 1660
1491 2704 1825 1908 1653 1867 2188 1784 1488 2373 1479 1496 1387 1985 1510 1660 0
