0 11 1199 530 534 1680 182 180 1485 668 923 1199 1398 625 1686 422
11 0 1190 521 544 1676 171 191 1493 665 912 1193 1400 637 1674 434
1199 1190 0 1233 1442 893 1044 1327 1980 794 532 303 2433 1761 983 1545
530 521 1233 0 1062 1940 439 688 2014 1037 765 1357 1204 1053 1372 894
534 544 1442 1062 0 1629 677 380 968 677 1336 1326 1695 422 2128 295
1680 1676 893 1940 1629 0 1598 1725 1679 1022 1388 625 3066 2043 1825 1860
182 171 1044 439 677 1598 0 358 1595 623 741 1076 1469 808 1504 603
180 191 1327 688 380 1725 358 0 1347 702 1091 1293 1407 455 1862 244
1485 1493 1980 2014 968 1679 1595 1347 0 1241 2099 1738 2577 1220 2869 1224
668 665 794 1037 677 1022 623 702 1241 0 865 649 2066 1056 1627 855
923 912 532 765 1336 1388 741 1091 2099 865 0 762 1963 1546 793 1335
1199 1193 303 1357 1326 625 1076 1293 1738 649 762 0 2529 1691 1286 1482
1398 1400 2433 1204 1695 3066 1469 1407 2577 2066 1963 2529 0 1357 2436 1400
625 637 1761 1053 422 2043 808 455 1220 1056 1546 1691 1357 0 2312 216
1686 1674 983 1372 2128 1825 1504 1862 2869 1627 793 1286 2436 2312 0 2107
422 434 1545 894 295 1860 603 244 1224 855 1335 1482 1400 216 2107 0
