0 869 1318 959 452 21 454 1209 1084 262 164 1513 240 79 1017 1001
869 0 1705 1483 417 890 1321 922 318 1130 910 654 1083 946 1473 482
1318 1705 0 2207 1485 1312 1273 1093 1656 1328 1154 2088 1419 1323 2289 2100
959 1483 2207 0 1167 954 963 2129 1790 879 1107 2095 793 921 116 1255
452 417 1485 1167 0 474 906 995 662 712 512 1067 667 529 1183 629
21 890 1312 954 474 0 432 1222 1105 241 160 1534 223 58 1014 1021
454 1321 1273 963 906 432 0 1518 1521 205 441 1961 294 379 1060 1429
1209 922 1093 2129 995 1222 1518 0 710 1414 1111 1053 1439 1273 2161 1404
1084 318 1656 1790 662 1105 1521 710 0 1345 1085 466 1317 1164 1786 762
262 1130 1328 879 712 241 205 1414 1345 0 303 1775 105 183 962 1224
164 910 1154 1107 512 160 441 1111 1085 303 0 1533 336 185 1171 1111
1513 654 2088 2095 1067 1534 1961 1053 466 1775 1533 0 1734 1592 2069 890
240 1083 1419 793 667 223 294 1439 1317 105 336 1734 0 167 871 1143
79 946 1323 921 529 58 379 1273 1164 183 185 1592 167 0 986 1062
1017 1473 2289 116 1183 1014 1060 2161 1786 962 1171 2069 871 986 0 1210
1001 482 2100 1255 629 1021 1429 1404 762 1224 1111 890 1143 1062 1210 0
