0 510 535 1694 907 1103 748 640 903 1274 303 741 579 1151 759 924
510 0 42 1685 396 1369 560 1009 1410 1603 427 430 504 1036 331 479
535 42 0 1723 374 1411 597 1048 1430 1597 427 390 545 1072 288 488
1694 1685 1723 0 1795 925 1129 1289 2154 2915 1926 2113 1198 670 1979 1468
907 396 374 1795 0 1665 706 1366 1804 1906 778 499 751 1125 316 338
1103 1369 1411 925 1665 0 1002 492 1272 2136 1400 1762 914 889 1700 1441
748 560 597 1129 706 1002 0 837 1553 2016 878 985 184 475 851 439
640 1009 1048 1289 1366 492 837 0 873 1659 943 1353 679 976 1325 1227
903 1410 1430 2154 1804 1272 1553 873 0 975 1066 1532 1369 1820 1610 1817
1274 1603 1597 2915 1906 2136 2016 1659 975 0 1179 1446 1853 2422 1608 2083
303 427 427 1926 778 1400 878 943 1066 1179 0 475 745 1332 546 906
741 430 390 2113 499 1762 985 1353 1532 1446 475 0 932 1458 184 782
579 504 545 1198 751 914 184 679 1369 1853 745 932 0 587 826 552
1151 1036 1072 670 1125 889 475 976 1820 2422 1332 1458 587 0 1315 801
759 331 288 1979 316 1700 851 1325 1610 1608 546 184 826 1315 0 604
924 479 488 1468 338 1441 439 1227 1817 2083 906 782 552 801 604 0
