0 206 164 1423 1484 389 948 1609 873 1025 104 134 1254 917 639 462
206 0 356 1221 1417 432 1040 1715 992 975 306 289 1079 809 806 661
164 356 0 1549 1466 340 993 1469 894 1004 65 90 1418 1072 610 382
1423 1221 1549 0 1387 1388 2080 2448 2096 1268 1514 1462 931 1301 2000 1882
1484 1417 1466 1387 0 1126 2432 1325 2353 462 1492 1396 2057 2101 2075 1827
389 432 340 1388 1126 0 1324 1289 1233 663 372 277 1472 1241 950 708
948 1040 993 2080 2432 1324 0 2345 161 1974 952 1047 1451 905 490 739
1609 1715 1469 2448 1325 1289 2345 0 2203 1192 1533 1475 2751 2519 1859 1607
873 992 894 2096 2353 1233 161 2203 0 1892 861 957 1530 989 343 603
1025 975 1004 1268 462 663 1974 1192 1892 0 1030 934 1750 1708 1613 1366
104 306 65 1514 1492 372 952 1533 861 1030 0 96 1357 1006 595 387
134 289 90 1462 1396 277 1047 1475 957 934 96 0 1365 1049 688 469
1254 1079 1418 931 2057 1472 1451 2751 1530 1750 1357 1365 0 546 1585 1595
917 809 1072 1301 2101 1241 905 2519 989 1708 1006 1049 546 0 1083 1146
639 806 610 2000 2075 950 490 1859 343 1613 595 688 1585 1083 0 268
462 661 382 1882 1827 708 739 1607 603 1366 387 469 1595 1146 268 0
