0 939 564 633 270 6 20 1423 242 1154 548 656 1002 161 518 289
939 0 1254 352 937 933 953 1745 1158 1345 1307 1587 1517 858 909 818
564 1254 0 1055 830 566 574 901 644 1713 99 593 1506 722 372 849
633 352 1055 0 588 627 643 1709 830 1069 1087 1289 1182 525 771 469
270 937 830 588 0 270 257 1692 296 884 805 793 757 142 767 119
6 933 566 627 270 0 25 1423 248 1154 551 662 1004 158 515 286
20 953 574 643 257 25 0 1438 223 1141 555 647 984 157 537 284
1423 1745 901 1709 1692 1423 1438 0 1543 2572 971 1406 2404 1563 964 1680
242 1158 644 830 296 248 223 1543 0 1105 591 497 862 305 716 392
1154 1345 1713 1069 884 1154 1141 2572 1105 0 1681 1533 463 1008 1623 893
548 1307 99 1087 805 551 555 971 591 1681 0 494 1451 710 453 838
656 1587 593 1289 793 662 647 1406 497 1533 494 0 1191 782 888 885
1002 1517 1506 1182 757 1004 984 2404 862 463 1451 1191 0 900 1518 827
161 858 722 525 142 158 157 1563 305 1008 710 782 900 0 627 127
518 909 372 771 767 515 537 964 716 1623 453 888 1518 627 0 731
289 818 849 469 119 286 284 1680 392 893 838 885 827 127 731 0
