0 501 1434 1142 1502 653 1066 1365 981 744 727 1190 868 193 1204 1668
501 0 1273 1333 1971 1109 1353 1271 1178 570 1089 1460 581 674 800 1167
1434 1273 0 2547 2158 2031 1163 183 2385 720 1273 1155 703 1604 1872 1663
1142 1333 2547 0 2077 835 2102 2498 162 1830 1733 2231 1898 1021 1393 2154
1502 1971 2158 2077 0 1265 998 1987 1978 1853 967 1036 2039 1401 2705 3117
653 1109 2031 835 1265 0 1326 1934 719 1382 966 1453 1519 460 1625 2233
1066 1353 1163 2102 998 1326 0 990 1953 1005 368 129 1182 1106 2153 2356
1365 1271 183 2498 1987 1934 990 0 2335 701 1126 976 732 1525 1927 1785
981 1178 2385 162 1978 719 1953 2335 0 1668 1585 2083 1739 864 1294 2041
744 570 720 1830 1853 1382 1005 701 1668 0 887 1078 185 930 1281 1353
727 1089 1273 1733 967 966 368 1126 1585 887 0 498 1072 744 1879 2182
1190 1460 1155 2231 1036 1453 129 976 2083 1078 498 0 1249 1235 2259 2432
868 581 703 1898 2039 1519 1182 732 1739 185 1072 1249 0 1060 1197 1187
193 674 1604 1021 1401 460 1106 1525 864 930 744 1235 1060 0 1313 1831
1204 800 1872 1393 2705 1625 2153 1927 1294 1281 1879 2259 1197 1313 0 780
1668 1167 1663 2154 3117 2233 2356 1785 2041 1353 2182 2432 1187 1831 780 0
