0 1473 987 269 81 430 1051 854 997 1294 424 1035 1147 407 869 28
1473 0 583 1276 1492 1904 2265 1716 2446 2179 1448 2381 1970 1566 640 1460
987 583 0 749 985 1408 1928 1133 1908 1972 878 1985 1772 1001 434 981
269 1276 749 0 242 663 1314 719 1170 1517 273 1304 1353 341 725 276
81 1492 985 242 0 423 1107 774 961 1368 351 1073 1224 326 903 108
430 1904 1408 663 423 0 858 957 601 1255 668 734 1169 569 1293 444
1051 2265 1928 1314 1107 858 0 1805 1172 525 1447 290 576 1380 1631 1039
854 1716 1133 719 774 957 1805 0 1102 2132 450 1689 1997 449 1336 880
997 2446 1908 1170 961 601 1172 1102 0 1671 1051 920 1642 925 1864 1017
1294 2179 1972 1517 1368 1255 525 2132 1671 0 1718 814 208 1684 1595 1273
424 1448 878 273 351 668 1447 450 1051 1718 0 1384 1570 126 960 446
1035 2381 1985 1304 1073 734 290 1689 920 814 1384 0 857 1297 1740 1031
1147 1970 1772 1353 1224 1169 576 1997 1642 208 1570 857 0 1547 1389 1124
407 1566 1001 341 326 569 1380 449 925 1684 126 1297 1547 0 1058 433
869 640 434 725 903 1293 1631 1336 1864 1595 960 1740 1389 1058 0 851
28 1460 981 276 108 444 1039 880 1017 1273 446 1031 1124 433 851 0
