0 700 648 501 108 429 175 192 821 234 384 630 428 166 293 815 343 576 605 680 859 575 240 4 151 451 788 803 739 139 416 180 514 337 124 344 216 435 523 820 622 104 765 372 86 317 593 459 737 828 727 304 817 61 138 711 38 357 660 6 171 168 143 532 118 507 500 516 683 353 352 598 793 582 485 307 365 599
700 0 123 198 628 770 531 704 324 571 1051 1264 1050 579 532 1353 382 896 182 258 1341 1201 727 702 549 646 519 1435 43 800 754 527 360 721 775 589 657 290 1191 1093 1093 661 1373 704 614 955 1291 260 1397 1275 143 753 588 733 567 1192 683 1056 911 693 564 690 764 1186 815 210 525 496 1383 596 988 131 1149 1240 1175 851 827 343
648 123 0 170 563 789 473 685 242 559 1017 1177 965 550 531 1358 309 927 257 357 1357 1182 716 649 503 677 404 1417 161 732 647 468 243 727 706 601 572 214 1159 1139 1105 594 1279 717 565 876 1228 264 1315 1163 260 658 686 672 524 1084 625 1005 791 641 495 668 732 1158 766 141 571 547 1325 610 907 55 1183 1158 1132 840 829 417
501 198 170 0 430 620 332 518 403 390 858 1074 859 387 361 1187 193 760 174 288 1187 1016 547 503 351 513 512 1251 238 602 593 328 254 557 577 432 469 114 999 979 935 464 1187 548 415 761 1092 99 1203 1117 259 573 588 534 369 1026 484 858 780 494 368 502 571 996 617 63 417 397 1185 441 795 115 1018 1045 979 671 659 301
108 628 563 430 0 503 101 273 722 264 490 655 442 188 312 922 254 656 557 645 963 684 323 107 118 498 680 910 669 172 333 103 410 409 146 383 125 348 628 902 723 35 780 438 88 338 665 407 777 793 673 236 825 110 125 682 72 447 579 104 68 247 246 638 219 425 518 528 762 393 372 517 885 619 582 408 455 579
429 770 789 620 503 0 479 237 1021 269 457 979 810 330 267 588 588 156 600 601 570 504 190 434 420 141 1082 719 793 550 836 484 784 93 544 188 628 634 558 402 323 520 1124 75 415 706 818 525 1044 1248 714 731 543 486 398 1128 461 565 1082 428 526 261 312 530 432 666 278 313 863 178 737 734 407 910 604 207 119 483
175 531 473 332 101 479 0 274 649 215 554 756 543 148 248 955 169 635 456 545 983 736 321 176 59 446 637 968 571 271 385 6 350 388 246 329 189 259 695 880 736 136 879 407 98 439 760 305 878 875 572 308 739 201 82 767 152 531 625 168 60 249 282 700 293 332 444 449 854 340 473 424 878 720 660 427 455 484
192 704 685 518 273 237 274 0 894 135 356 775 590 139 187 687 420 384 567 613 709 498 49 197 217 277 909 733 736 316 603 280 616 145 309 191 397 492 492 629 461 286 916 184 191 482 667 444 859 1015 692 495 677 250 192 896 225 407 849 192 309 26 94 483 212 546 359 384 736 196 515 630 611 714 494 157 183 510
821 324 242 403 722 1021 649 894 0 777 1204 1265 1064 755 758 1578 481 1164 493 582 1585 1382 930 821 692 916 246 1616 339 877 696 643 316 954 852 833 692 402 1344 1380 1333 746 1347 948 747 992 1367 501 1412 1165 463 746 912 831 716 1108 792 1168 766 815 653 874 927 1350 939 355 813 789 1471 843 1018 292 1421 1262 1304 1052 1051 656
234 571 559 390 264 269 215 135 777 0 490 862 662 76 61 800 321 425 432 482 809 630 157 239 159 235 816 864 602 374 592 220 519 184 358 118 386 378 627 669 557 291 998 195 178 552 786 310 960 1053 558 500 583 295 142 938 250 529 836 230 269 127 213 618 307 424 265 282 861 129 587 504 675 809 626 281 274 384
384 1051 1017 858 490 457 554 356 1204 490 0 590 489 472 543 489 723 519 923 969 570 208 351 384 515 574 1168 422 1086 379 722 560 899 419 397 530 566 809 141 702 404 474 732 462 456 422 368 794 616 954 1048 602 992 388 493 834 417 152 938 390 555 364 287 148 271 875 691 720 406 531 436 965 619 509 147 254 337 862
630 1264 1177 1074 655 979 756 775 1265 862 590 0 214 796 922 1030 882 1083 1212 1300 1135 744 806 626 765 1052 1117 845 1307 495 575 758 961 906 516 961 607 974 612 1288 994 619 144 950 707 318 308 1061 153 432 1326 523 1444 575 761 337 626 440 642 636 709 762 681 656 563 1054 1125 1144 397 968 282 1141 1210 84 504 780 870 1227
428 1050 965 859 442 810 543 590 1064 662 489 214 0 593 721 970 668 931 998 1088 1059 679 626 423 555 866 932 834 1093 289 390 544 754 729 308 768 393 760 558 1153 881 407 338 772 500 110 358 848 350 466 1111 318 1246 369 552 345 419 340 519 433 494 573 500 596 380 840 927 945 469 775 75 927 1090 198 455 624 711 1019
166 579 550 387 188 330 148 139 755 76 472 796 593 0 129 826 282 487 459 523 846 631 180 170 89 310 773 866 614 304 517 154 478 239 286 194 310 353 612 732 595 215 931 259 102 483 741 322 900 977 584 424 653 224 68 863 176 489 762 160 197 118 185 609 255 410 338 352 822 205 518 497 730 747 599 297 312 435
293 532 531 361 312 267 248 187 758 61 543 922 721 129 0 826 324 419 383 426 826 672 198 298 198 200 816 905 561 432 632 252 519 195 415 86 430 367 677 656 574 342 1058 192 230 611 846 274 1021 1105 508 546 524 353 186 992 306 588 874 288 306 183 271 666 368 402 208 223 920 97 646 476 674 869 682 321 297 325
815 1353 1358 1187 922 588 955 687 1578 800 489 1030 970 826 826 0 1108 503 1187 1188 126 291 648 817 901 726 1592 265 1378 853 1200 961 1302 632 866 764 1024 1177 419 489 267 918 1160 650 860 910 739 1099 1006 1429 1303 1079 1067 841 876 1311 852 630 1424 819 977 709 677 376 726 1225 863 897 702 758 923 1303 361 946 527 529 528 1069
343 382 309 193 254 588 169 420 481 321 723 882 668 282 324 1108 0 743 352 459 1127 901 462 344 211 519 494 1134 424 423 410 163 197 506 397 411 276 95 864 981 875 284 994 513 266 573 919 213 1014 932 451 381 717 363 235 837 318 698 618 337 186 398 445 868 462 173 470 463 1016 422 606 264 996 857 829 578 591 434
576 896 927 760 656 156 635 384 1164 425 519 1083 931 487 419 503 743 0 719 700 457 502 335 580 576 250 1235 684 914 687 988 641 938 248 685 335 781 784 588 246 240 671 1228 230 569 831 887 663 1131 1381 823 879 567 630 554 1260 609 651 1234 576 682 410 447 551 561 811 377 409 915 324 860 873 257 1009 657 307 220 582
605 182 257 174 557 600 456 567 493 432 923 1212 998 459 383 1187 352 719 0 114 1168 1055 582 608 455 470 654 1287 195 725 761 454 424 560 701 426 619 286 1059 910 924 593 1332 538 519 895 1197 150 1333 1285 125 730 432 649 467 1189 597 949 954 598 504 558 640 1049 712 232 344 314 1281 431 929 220 969 1176 1056 703 668 163
680 258 357 288 645 601 545 613 582 482 969 1300 1088 523 426 1188 459 700 114 0 1157 1083 619 684 536 462 760 1310 253 808 870 544 539 579 785 447 719 400 1100 869 921 681 1425 549 597 982 1265 248 1416 1392 134 833 330 729 543 1294 677 1010 1068 674 598 609 695 1086 779 346 326 292 1343 450 1017 328 941 1260 1108 734 686 119
859 1341 1357 1187 963 570 983 709 1585 809 570 1135 1059 846 826 126 1127 457 1168 1157 0 391 665 861 927 699 1618 391 1362 914 1259 989 1324 631 925 756 1073 1188 522 389 252 963 1268 639 893 991 852 1094 1120 1523 1278 1139 1004 892 902 1403 897 719 1491 862 1012 734 717 478 783 1229 832 865 821 747 1007 1302 263 1051 631 557 535 1038
575 1201 1182 1016 684 504 736 498 1382 630 208 744 679 631 672 291 901 502 1055 1083 391 0 474 576 690 642 1364 235 1232 585 930 742 1086 504 602 635 770 982 132 617 303 672 878 539 638 623 466 941 734 1137 1178 810 1045 588 666 1020 611 339 1145 581 746 514 455 87 471 1042 775 808 453 632 634 1128 509 660 239 351 399 968
240 727 716 547 323 190 321 49 930 157 351 806 626 180 198 648 462 335 582 619 665 474 0 245 263 247 953 708 758 359 653 327 658 103 354 180 447 529 480 580 415 336 948 145 240 520 680 467 883 1058 707 544 658 296 238 939 274 420 899 240 358 76 126 467 246 579 345 373 743 182 552 661 561 742 494 124 134 511
4 702 649 503 107 434 176 197 821 239 384 626 423 170 298 817 344 580 608 684 861 576 245 0 154 456 787 804 741 134 412 181 514 342 119 349 212 436 524 824 626 101 760 377 89 313 591 462 733 823 730 299 822 56 141 706 35 355 656 10 170 173 146 532 117 508 505 521 681 358 348 600 797 578 484 311 369 603
151 549 503 351 118 420 59 217 692 159 515 765 555 89 198 901 211 576 455 536 927 690 263 154 0 393 692 923 588 271 434 64 401 329 249 276 231 294 656 822 678 152 893 349 64 447 745 308 880 911 577 348 706 194 25 800 141 506 677 144 109 192 234 658 265 361 401 410 834 287 482 452 819 723 629 372 397 464
451 646 677 513 498 141 446 277 916 235 574 1052 866 310 200 726 519 250 470 462 699 642 247 456 393 0 1001 860 665 586 827 451 707 156 575 117 621 547 686 468 459 523 1193 112 410 757 923 414 1131 1280 579 734 418 513 377 1163 475 664 1071 449 503 293 370 662 489 566 137 172 978 106 791 624 506 989 721 319 245 343
788 519 404 512 680 1082 637 909 246 816 1168 1117 932 773 816 1592 494 1235 654 760 1618 1364 953 787 692 1001 0 1590 547 805 543 631 297 1001 782 900 609 453 1303 1469 1368 694 1179 1006 732 880 1266 607 1269 956 662 625 1086 779 717 914 752 1102 551 783 618 885 916 1317 896 450 924 907 1375 911 901 433 1489 1128 1245 1064 1085 807
803 1435 1417 1251 910 719 968 733 1616 864 422 845 834 866 905 265 1134 684 1287 1310 391 235 708 804 923 860 1590 0 1466 797 1132 974 1317 731 816 864 988 1216 293 733 450 896 961 762 870 801 538 1175 793 1268 1410 1015 1246 810 900 1157 837 518 1332 809 974 749 689 273 693 1277 996 1029 475 860 805 1363 608 763 381 584 624 1194
739 43 161 238 669 793 571 736 339 602 1086 1307 1093 614 561 1378 424 914 195 253 1362 1232 758 741 588 665 547 1466 0 841 797 567 401 747 816 614 700 333 1225 1105 1116 703 1416 728 652 998 1331 292 1439 1318 125 796 579 773 605 1235 722 1094 952 732 606 724 799 1219 853 253 540 509 1422 620 1030 173 1165 1282 1212 882 854 349
139 800 732 602 172 550 271 316 877 374 379 495 289 304 432 853 423 687 725 808 914 585 359 134 271 586 805 797 841 0 347 274 561 461 26 482 195 518 505 925 695 139 627 500 212 179 496 575 608 699 843 226 956 80 266 579 131 297 577 143 237 296 239 525 134 596 639 655 595 491 214 688 884 452 440 393 468 732
416 754 647 593 333 836 385 603 696 592 722 575 390 517 632 1200 410 988 761 870 1259 930 653 412 434 827 543 1132 797 347 0 381 409 743 334 710 208 479 839 1233 1033 316 651 771 422 353 736 623 726 524 851 120 1112 370 450 437 380 616 246 414 326 578 556 864 476 551 828 831 846 721 367 624 1209 584 759 721 781 838
180 527 468 328 103 484 6 280 643 220 560 758 544 154 252 961 163 641 454 544 989 742 327 181 64 451 631 974 567 274 381 0 344 393 249 334 187 254 701 886 742 139 880 412 104 441 764 303 880 874 570 307 741 205 88 766 157 536 621 173 58 255 288 706 299 328 447 452 858 345 475 420 883 723 666 433 461 484
514 360 243 254 410 784 350 616 316 519 899 961 754 478 519 1302 197 938 424 539 1324 1086 658 514 401 707 297 1317 401 561 409 344 0 703 535 603 375 165 1038 1173 1073 432 1053 709 448 677 1050 335 1105 920 479 438 843 518 426 843 482 854 550 508 343 593 632 1046 629 193 640 627 1154 614 705 232 1192 952 992 773 789 554
337 721 727 557 409 93 388 145 954 184 419 906 729 239 195 632 506 248 560 579 631 504 103 342 329 156 1001 731 747 461 743 393 703 0 454 134 535 559 536 494 379 427 1049 45 322 623 767 466 979 1161 680 638 574 396 306 1041 368 508 989 336 434 168 228 515 349 598 275 306 821 129 655 672 491 841 566 165 108 463
124 775 706 577 146 544 246 309 852 358 397 516 308 286 415 866 397 685 701 785 925 602 354 119 249 575 782 816 816 26 334 249 535 454 0 469 173 492 525 925 702 113 646 492 192 199 522 551 632 706 819 214 939 63 244 588 111 321 569 128 211 287 237 544 141 570 623 638 621 477 234 662 887 475 463 396 467 711
344 589 601 432 383 188 329 191 833 118 530 961 768 194 86 764 411 335 426 447 756 635 180 349 276 117 900 864 614 482 710 334 603 134 469 0 505 449 656 570 506 409 1100 116 296 658 858 338 1050 1169 546 619 486 406 260 1054 364 597 953 341 385 200 286 640 398 478 167 193 923 11 692 546 592 903 675 287 242 335
216 657 572 469 125 628 189 397 692 386 566 607 393 310 430 1024 276 781 619 719 1073 770 447 212 231 621 609 988 700 195 208 187 375 535 173 505 0 367 697 1027 838 112 717 563 214 305 675 471 742 686 726 119 928 183 244 580 178 493 454 213 128 371 359 715 299 447 631 638 780 515 335 534 1006 586 636 523 577 668
435 290 214 114 348 634 259 492 402 378 809 974 760 353 367 1177 95 784 286 400 1188 982 529 436 294 547 453 1216 333 518 479 254 165 559 492 449 367 0 951 1015 936 379 1083 559 354 667 1014 173 1108 1004 371 465 685 457 317 913 411 791 667 428 281 472 527 953 553 79 475 461 1111 459 699 169 1041 951 920 650 653 397
523 1191 1159 999 628 558 695 492 1344 627 141 612 558 612 677 419 864 588 1059 1100 522 132 480 524 656 686 1303 293 1225 505 839 701 1038 536 525 656 697 951 0 732 418 610 746 576 597 514 336 933 603 1011 1184 721 1101 524 634 895 555 227 1042 530 694 502 427 45 408 1017 811 842 334 656 520 1106 631 528 108 371 441 991
820 1093 1139 979 902 402 880 629 1380 669 702 1288 1153 732 656 489 981 246 910 869 389 617 580 824 822 468 1469 733 1105 925 1233 886 1173 494 925 570 1027 1015 732 0 315 916 1432 474 815 1059 1059 879 1317 1611 1000 1124 650 872 800 1489 854 848 1479 820 928 655 687 689 795 1034 569 597 1066 559 1085 1087 127 1210 822 534 457 757
622 1093 1105 935 723 323 736 461 1333 557 404 994 881 595 574 267 875 240 924 921 252 303 415 626 678 459 1368 450 1116 695 1033 742 1073 379 702 506 838 936 418 315 0 727 1136 389 649 798 749 844 1011 1347 1037 915 807 662 653 1225 660 555 1271 625 768 486 479 375 561 977 595 629 751 498 820 1051 216 913 511 315 284 802
104 661 594 464 35 520 136 286 746 291 474 619 407 215 342 918 284 671 593 681 963 672 336 101 152 523 694 896 703 139 316 139 432 427 113 409 112 379 610 916 727 0 744 457 113 302 634 442 741 763 709 212 858 86 156 650 66 422 563 101 98 261 247 623 202 457 549 560 732 419 336 548 894 584 559 411 465 615
765 1373 1279 1187 780 1124 879 916 1347 998 732 144 338 931 1058 1160 994 1228 1332 1425 1268 878 948 760 893 1193 1179 961 1416 627 651 880 1053 1049 646 1100 717 1083 746 1432 1136 744 0 1093 838 447 424 1182 182 368 1443 621 1582 707 891 309 757 584 665 770 828 902 823 791 704 1162 1262 1281 494 1107 412 1246 1352 222 638 924 1015 1357
372 704 717 548 438 75 407 184 948 195 462 950 772 259 192 650 513 230 538 549 639 539 145 377 349 112 1006 762 728 500 771 412 709 45 492 116 563 559 576 474 389 457 1093 0 349 664 811 454 1024 1199 655 669 530 432 328 1080 401 553 1017 371 456 205 271 553 392 593 237 269 865 108 697 662 483 885 609 207 139 432
86 614 565 415 88 415 98 191 747 178 456 707 500 102 230 860 266 569 519 597 893 638 240 89 64 410 732 870 652 212 422 104 448 322 192 296 214 354 597 815 649 113 838 349 0 391 680 372 819 875 641 323 750 133 53 761 81 442 668 80 119 165 184 602 201 423 438 451 770 306 426 515 802 663 566 336 374 519
317 955 876 761 338 706 439 482 992 552 422 318 110 483 611 910 573 831 895 982 991 623 520 313 447 757 880 801 998 179 353 441 677 623 199 658 305 667 514 1059 798 302 447 664 391 0 386 744 441 552 1010 255 1135 259 443 430 309 286 530 322 394 464 394 546 274 746 817 834 495 665 35 836 1002 284 421 526 610 910
593 1291 1228 1092 665 818 760 667 1367 786 368 308 358 741 846 739 919 887 1197 1265 852 466 680 591 745 923 1266 538 1331 496 736 764 1050 767 522 858 675 1014 336 1059 749 634 424 811 680 386 0 1052 268 738 1320 641 1339 558 731 634 608 260 877 600 732 664 576 381 485 1090 1025 1051 111 861 368 1182 964 229 237 611 699 1171
459 260 264 99 407 525 305 444 501 310 794 1061 848 322 274 1099 213 663 150 248 1094 941 467 462 308 414 607 1175 292 575 623 303 335 466 551 338 471 173 933 879 844 442 1182 454 372 744 1052 0 1183 1144 268 584 513 500 321 1045 448 808 830 452 354 431 507 927 569 158 318 299 1139 346 779 210 920 1026 922 591 571 225
737 1397 1315 1203 777 1044 878 859 1412 960 616 153 350 900 1021 1006 1014 1131 1333 1416 1120 734 883 733 880 1131 1269 793 1439 608 726 880 1105 979 632 1050 742 1108 603 1317 1011 741 182 1024 819 441 268 1183 0 543 1450 667 1536 686 872 467 738 480 792 743 835 850 764 648 653 1187 1216 1239 319 1055 408 1276 1227 157 500 837 929 1336
828 1275 1163 1117 793 1248 875 1015 1165 1053 954 432 466 977 1105 1429 932 1381 1285 1392 1523 1137 1058 823 911 1280 956 1268 1318 699 524 874 920 1161 706 1169 686 1004 1011 1611 1347 763 368 1199 875 552 738 1144 543 0 1375 567 1615 768 919 122 805 803 404 831 815 994 936 1052 820 1075 1312 1322 829 1179 527 1144 1554 508 904 1077 1160 1352
727 143 260 259 673 714 572 692 463 558 1048 1326 1111 584 508 1303 451 823 125 134 1278 1178 707 730 577 579 662 1410 125 843 851 570 479 680 819 546 726 371 1184 1000 1037 709 1443 655 641 1010 1320 268 1450 1375 0 832 453 769 589 1285 717 1074 1026 721 617 684 766 1174 836 300 446 414 1406 551 1044 249 1069 1293 1182 827 788 243
304 753 658 573 236 731 308 495 746 500 602 523 318 424 546 1079 381 879 730 833 1139 810 544 299 348 734 625 1015 796 226 120 307 438 638 214 619 119 465 721 1124 915 212 621 669 323 255 641 584 667 567 832 0 1048 254 360 462 270 501 357 303 248 470 441 745 356 543 750 757 750 629 276 625 1094 516 645 604 668 786
817 588 686 588 825 543 739 677 912 583 992 1444 1246 653 524 1067 717 567 432 330 1004 1045 658 822 706 418 1086 1246 579 956 1112 741 843 574 939 486 928 685 1101 650 807 858 1582 530 750 1135 1339 513 1536 1615 453 1048 0 877 701 1506 829 1079 1335 813 799 686 772 1074 884 652 320 301 1396 481 1170 652 752 1389 1140 738 659 288
61 733 672 534 110 486 201 250 831 295 388 575 369 224 353 841 363 630 649 729 892 588 296 56 194 513 779 810 773 80 370 205 518 396 63 406 183 457 524 872 662 86 707 432 133 259 558 500 686 768 769 254 877 0 186 650 52 337 612 64 178 227 187 537 117 533 560 576 653 414 294 625 840 530 473 350 415 652
138 567 524 369 125 398 82 192 716 142 493 761 552 68 186 876 235 554 467 543 902 666 238 141 25 377 717 900 605 266 450 88 426 306 244 260 244 317 634 800 653 156 891 328 53 443 731 321 872 919 589 360 701 186 0 807 134 489 694 131 128 167 210 636 249 382 393 403 819 271 479 472 795 717 609 347 373 466
711 1192 1084 1026 682 1128 767 896 1108 938 834 337 345 863 992 1311 837 1260 1189 1294 1403 1020 939 706 800 1163 914 1157 1235 579 437 766 843 1041 588 1054 580 913 895 1489 1225 650 309 1080 761 430 634 1045 467 122 1285 462 1506 650 807 0 689 684 372 714 708 875 816 935 699 988 1199 1210 732 1063 405 1061 1432 406 789 956 1039 1248
38 683 625 484 72 461 152 225 792 250 417 626 419 176 306 852 318 609 597 677 897 611 274 35 141 475 752 837 722 131 380 157 482 368 111 364 178 411 555 854 660 66 757 401 81 309 608 448 738 805 717 270 829 52 134 689 0 380 625 35 139 200 180 565 147 485 514 529 701 374 345 577 829 583 512 345 400 601
357 1056 1005 858 447 565 531 407 1168 529 152 440 340 489 588 630 698 651 949 1010 719 339 420 355 506 664 1102 518 1094 297 616 536 854 508 321 597 493 791 227 848 555 422 584 553 442 286 260 808 480 803 1074 501 1079 337 489 684 380 0 815 364 516 405 317 260 240 864 764 791 332 601 295 956 770 361 144 358 449 913
660 911 791 780 579 1082 625 849 766 836 938 642 519 762 874 1424 618 1234 954 1068 1491 1145 899 656 677 1071 551 1332 952 577 246 621 550 989 569 953 454 667 1042 1479 1271 563 665 1017 668 530 877 830 792 404 1026 357 1335 612 694 372 625 815 0 659 568 824 799 1072 710 728 1064 1064 987 965 530 782 1452 681 951 962 1025 1053
6 693 641 494 104 428 168 192 815 230 390 636 433 160 288 819 337 576 598 674 862 581 240 10 144 449 783 809 732 143 414 173 508 336 128 341 213 428 530 820 625 101 770 371 80 322 600 452 743 831 721 303 813 64 131 714 35 364 659 0 165 167 145 538 125 500 495 512 690 350 357 591 794 588 492 309 366 593
171 564 495 368 68 526 60 309 653 269 555 709 494 197 306 977 186 682 504 598 1012 746 358 170 109 503 618 974 606 237 326 58 343 434 211 385 128 281 694 928 768 98 828 456 119 394 732 354 835 815 617 248 799 178 128 708 139 516 568 165 0 283 299 703 286 359 504 510 830 396 427 450 919 677 650 455 493 541
168 690 668 502 247 261 249 26 874 127 364 762 573 118 183 709 398 410 558 609 734 514 76 173 192 293 885 749 724 296 578 255 593 168 287 200 371 472 502 655 486 261 902 205 165 464 664 431 850 994 684 470 686 227 167 875 200 405 824 167 283 0 88 495 199 528 366 390 736 206 498 613 637 703 499 180 209 508
143 764 732 571 246 312 282 94 927 213 287 681 500 185 271 677 445 447 640 695 717 455 126 146 234 370 916 689 799 239 556 288 632 228 237 286 359 527 427 687 479 247 823 271 184 394 576 507 764 936 766 441 772 187 210 816 180 317 799 145 299 88 0 426 120 590 453 478 648 291 426 679 653 619 416 164 229 596
532 1186 1158 996 638 530 700 483 1350 618 148 656 596 609 666 376 868 551 1049 1086 478 87 467 532 658 662 1317 273 1219 525 864 706 1046 515 544 640 715 953 45 689 375 623 791 553 602 546 381 927 648 1052 1174 745 1074 537 636 935 565 260 1072 538 703 495 426 0 420 1017 790 822 376 638 555 1105 587 572 152 352 417 975
118 815 766 617 219 432 293 212 939 307 271 563 380 255 368 726 462 561 712 779 783 471 246 117 265 489 896 693 853 134 476 299 629 349 141 398 299 553 408 795 561 202 704 392 201 274 485 569 653 820 836 356 884 117 249 699 147 240 710 125 286 199 120 420 0 625 564 586 570 404 305 716 750 504 367 261 340 689
507 210 141 63 425 666 332 546 355 424 875 1054 840 410 402 1225 173 811 232 346 1229 1042 579 508 361 566 450 1277 253 596 551 328 193 598 570 478 447 79 1017 1034 977 457 1162 593 423 746 1090 158 1187 1075 300 543 652 533 382 988 485 864 728 500 359 528 590 1017 625 0 476 457 1186 488 779 92 1068 1030 990 702 697 365
500 525 571 417 518 278 444 359 813 265 691 1125 927 338 208 863 470 377 344 326 832 775 345 505 401 137 924 996 540 639 828 447 640 275 623 167 631 475 811 569 595 549 1262 237 438 817 1025 318 1216 1312 446 750 320 560 393 1199 514 764 1064 495 504 366 453 790 564 476 0 34 1088 163 852 521 625 1069 837 440 375 207
516 496 547 397 528 313 449 384 789 282 720 1144 945 352 223 897 463 409 314 292 865 808 373 521 410 172 907 1029 509 655 831 452 627 306 638 193 638 461 842 597 629 560 1281 269 451 834 1051 299 1239 1322 414 757 301 576 403 1210 529 791 1064 512 510 390 478 822 586 457 34 0 1116 190 869 497 656 1090 866 471 408 173
683 1383 1325 1185 762 863 854 736 1471 861 406 397 469 822 920 702 1016 915 1281 1343 821 453 743 681 834 978 1375 475 1422 595 846 858 1154 821 621 923 780 1111 334 1066 751 732 494 865 770 495 111 1139 319 829 1406 750 1396 653 819 732 701 332 987 690 830 736 648 376 570 1186 1088 1116 0 925 479 1278 962 325 259 659 744 1245
353 596 610 441 393 178 340 196 843 129 531 968 775 205 97 758 422 324 431 450 747 632 182 358 287 106 911 860 620 491 721 345 614 129 477 11 515 459 656 559 498 419 1107 108 306 665 861 346 1055 1179 551 629 481 414 271 1063 374 601 965 350 396 206 291 638 404 488 163 190 925 0 700 555 581 909 676 286 237 336
352 988 907 795 372 737 473 515 1018 587 436 282 75 518 646 923 606 860 929 1017 1007 634 552 348 482 791 901 805 1030 214 367 475 705 655 234 692 335 699 520 1085 820 336 412 697 426 35 368 779 408 527 1044 276 1170 294 479 405 345 295 530 357 427 498 426 555 305 779 852 869 479 700 0 868 1026 251 423 553 639 945
598 131 55 115 517 734 424 630 292 504 965 1141 927 497 476 1303 264 873 220 328 1302 1128 661 600 452 624 433 1363 173 688 624 420 232 672 662 546 534 169 1106 1087 1051 548 1246 662 515 836 1182 210 1276 1144 249 625 652 625 472 1061 577 956 782 591 450 613 679 1105 716 92 521 497 1278 555 868 0 1130 1119 1081 785 774 376
793 1149 1183 1018 885 407 878 611 1421 675 619 1210 1090 730 674 361 996 257 969 941 263 509 561 797 819 506 1489 608 1165 884 1209 883 1192 491 887 592 1006 1041 631 127 216 894 1352 483 802 1002 964 920 1227 1554 1069 1094 752 840 795 1432 829 770 1452 794 919 637 653 587 750 1068 625 656 962 581 1026 1130 0 1129 727 491 429 825
582 1240 1158 1045 619 910 720 714 1262 809 509 84 198 747 869 946 857 1009 1176 1260 1051 660 742 578 723 989 1128 763 1282 452 584 723 952 841 475 903 586 951 528 1210 913 584 222 885 663 284 229 1026 157 508 1293 516 1389 530 717 406 583 361 681 588 677 703 619 572 504 1030 1069 1090 325 909 251 1119 1129 0 420 708 799 1181
485 1175 1132 979 582 604 660 494 1304 626 147 504 455 599 682 527 829 657 1056 1108 631 239 494 484 629 721 1245 381 1212 440 759 666 992 566 463 675 636 920 108 822 511 559 638 609 566 421 237 922 500 904 1182 645 1140 473 609 789 512 144 951 492 650 499 416 152 367 990 837 866 259 676 423 1081 727 420 0 402 484 1004
307 851 840 671 408 207 427 157 1052 281 254 780 624 297 321 529 578 307 703 734 557 351 124 311 372 319 1064 584 882 393 721 433 773 165 396 287 523 650 371 534 315 411 924 207 336 526 611 591 837 1077 827 604 738 350 347 956 345 358 962 309 455 180 164 352 261 702 440 471 659 286 553 785 491 708 402 0 91 622
365 827 829 659 455 119 455 183 1051 274 337 870 711 312 297 528 591 220 668 686 535 399 134 369 397 245 1085 624 854 468 781 461 789 108 467 242 577 653 441 457 284 465 1015 139 374 610 699 571 929 1160 788 668 659 415 373 1039 400 449 1025 366 493 209 229 417 340 697 375 408 744 237 639 774 429 799 484 91 0 570
599 343 417 301 579 483 484 510 656 384 862 1227 1019 435 325 1069 434 582 163 119 1038 968 511 603 464 343 807 1194 349 732 838 484 554 463 711 335 668 397 991 757 802 615 1357 432 519 910 1171 225 1336 1352 243 786 288 652 466 1248 601 913 1053 593 541 508 596 975 689 365 207 173 1245 336 945 376 825 1181 1004 622 570 0
