0 1012 494 468 942 1032 1560 1607 1682 1122 0 1249 1714 26 539 1263 1215
1012 0 707 1479 1573 571 2033 2010 1234 1960 1012 1860 2589 1027 493 1484 231
494 707 0 888 1383 544 1973 2000 1192 1253 494 1180 2208 492 443 1572 851
468 1479 888 0 964 1430 1575 1657 2002 830 468 1127 1410 451 1006 1456 1676
942 1573 1383 964 0 1853 625 695 2562 1788 942 2078 1087 959 1136 594 1804
1032 571 544 1430 1853 0 2401 2405 728 1660 1032 1442 2743 1032 738 1919 548
1560 2033 1973 1575 625 2401 0 136 3125 2383 1559 2698 1126 1578 1664 606 2255
1607 2010 2000 1657 695 2405 136 0 3132 2474 1607 2773 1262 1627 1667 545 2229
1682 1234 1192 2002 2562 728 3125 3132 0 1962 1682 1585 3385 1676 1465 2647 1105
1122 1960 1253 830 1788 1660 2383 2474 1962 0 1123 487 1959 1096 1591 2284 2096
0 1012 494 468 942 1032 1559 1607 1682 1123 0 1249 1714 27 539 1263 1215
1249 1860 1180 1127 2078 1442 2698 2773 1585 487 1249 0 2406 1223 1595 2501 1948
1714 2589 2208 1410 1087 2743 1126 1262 3385 1959 1714 2406 0 1716 2110 1573 2819
26 1027 492 451 959 1032 1578 1627 1676 1096 27 1223 1716 0 558 1288 1227
539 493 443 1006 1136 738 1664 1667 1465 1591 539 1595 2110 558 0 1190 714
1263 1484 1572 1456 594 1919 606 545 2647 2284 1263 2501 1573 1288 1190 0 1696
1215 231 851 1676 1804 548 2255 2229 1105 2096 1215 1948 2819 1227 714 1696 0
