0 93 806 190 837 1712 963 1560 439 421 355 1616 755 235 176 691
93 0 828 280 835 1798 1051 1503 426 513 440 1595 685 240 220 784
806 828 0 854 1641 1405 897 1200 444 889 969 950 1467 589 968 1032
190 280 854 0 810 1580 821 1723 564 237 169 1728 871 363 173 506
837 835 1641 810 0 2244 1506 2247 1262 915 771 2424 633 1067 672 1056
1712 1798 1405 1580 2244 0 760 2574 1682 1376 1521 2131 2452 1660 1752 1188
963 1051 897 821 1506 760 0 2088 1018 616 762 1813 1693 947 992 463
1560 1503 1200 1723 2247 2574 2088 0 1177 1886 1890 664 1740 1362 1723 2113
439 426 444 564 1262 1682 1018 1177 0 709 722 1177 1024 206 615 942
421 513 889 237 915 1376 616 1886 709 0 147 1817 1088 535 389 270
355 440 969 169 771 1521 762 1890 722 147 0 1871 955 527 270 377
1616 1595 950 1728 2424 2131 1813 664 1177 1817 1871 0 2049 1382 1793 1981
755 685 1467 871 633 2452 1693 1740 1024 1088 955 2049 0 899 701 1329
235 240 589 363 1067 1660 947 1362 206 535 527 1382 899 0 411 788
176 220 968 173 672 1752 992 1723 615 389 270 1793 701 411 0 645
691 784 1032 506 1056 1188 463 2113 942 270 377 1981 1329 788 645 0
