0 1323 385 196 388 389 1266 1486 719 1259 615 1668 1557 1029 1045 482
1323 0 1665 1185 1267 1538 1909 2807 2042 2169 1387 2949 2880 311 398 1613
385 1665 0 579 721 568 1085 1152 422 1360 579 1292 1243 1385 1345 628
196 1185 579 0 242 385 1416 1647 879 1212 746 1850 1707 881 950 477
388 1267 721 242 0 287 1648 1671 924 998 983 1922 1709 956 1097 349
389 1538 568 385 287 0 1610 1393 664 870 991 1664 1424 1227 1331 95
1266 1909 1085 1416 1648 1610 0 1773 1370 2444 676 1625 1922 1764 1510 1688
1486 2807 1152 1647 1671 1393 1773 0 769 1606 1628 426 159 2516 2497 1366
719 2042 422 879 924 664 1370 769 0 1199 982 1000 839 1748 1746 665
1259 2169 1360 1212 998 870 2444 1606 1199 0 1857 2003 1547 1870 2075 779
615 1387 579 746 983 991 676 1628 982 1857 0 1651 1745 1179 1003 1079
1668 2949 1292 1850 1922 1664 1625 426 1000 2003 1651 0 557 2677 2605 1657
1557 2880 1243 1707 1709 1424 1922 159 839 1547 1745 557 0 2583 2584 1387
1029 311 1385 881 956 1227 1764 2516 1748 1870 1179 2677 2583 0 341 1302
1045 398 1345 950 1097 1331 1510 2497 1746 2075 1003 2605 2584 341 0 1419
482 1613 628 477 349 95 1688 1366 665 779 1079 1657 1387 1302 1419 0
