0 301 867 1012 277 1621 1453 841 1177 1489 291 1508 91 25 1002 559
301 0 864 957 431 1390 1719 561 1168 1189 556 1577 370 283 1293 853
867 864 0 197 607 2144 1414 878 311 1646 1109 2375 818 881 1246 984
1012 957 197 0 769 2153 1592 849 250 1584 1271 2508 974 1023 1442 1177
277 431 607 769 0 1820 1305 833 912 1567 502 1778 213 297 926 520
1621 1390 2144 2153 1820 0 3070 1314 2401 853 1711 1601 1711 1595 2590 2155
1453 1719 1414 1592 1305 3070 0 2109 1494 2868 1386 2468 1365 1478 529 921
841 561 878 849 833 1314 2109 0 1099 780 1115 2016 886 829 1760 1343
1177 1168 311 250 912 2401 1494 1099 0 1830 1410 2685 1125 1192 1430 1236
1489 1189 1646 1584 1567 853 2868 780 1830 0 1707 2173 1560 1469 2478 2041
291 556 1109 1271 502 1711 1386 1115 1410 1707 0 1305 298 294 882 468
1508 1577 2375 2508 1778 1601 2468 2016 2685 2173 1305 0 1565 1493 1946 1685
91 370 818 974 213 1711 1365 886 1125 1560 298 1565 0 116 923 482
25 283 881 1023 297 1595 1478 829 1192 1469 294 1493 116 0 1026 582
1002 1293 1246 1442 926 2590 529 1760 1430 2478 882 1946 923 1026 0 443
559 853 984 1177 520 2155 921 1343 1236 2041 468 1685 482 582 443 0
