0 74 487 344 210 936 666 890 961 1667 303 1700 298 1456 1474 114
74 0 436 410 284 918 717 835 918 1678 282 1771 261 1383 1504 73
487 436 0 825 648 1234 815 404 488 1441 244 2001 199 1205 1928 373
344 410 825 0 204 926 679 1230 1283 1820 612 1471 629 1746 1225 457
210 284 648 204 0 1031 535 1050 1089 1636 420 1493 449 1666 1424 304
936 918 1234 926 1031 0 1566 1530 1694 2597 1187 2331 1139 1378 947 985
666 717 815 679 535 1566 0 1124 1055 1173 601 1201 675 2007 1867 682
890 835 404 1230 1050 1530 1124 0 216 1405 635 2325 602 1078 2302 776
961 918 488 1283 1089 1694 1055 216 0 1195 671 2244 662 1286 2416 850
1667 1678 1441 1820 1636 2597 1173 1405 1195 0 1414 1864 1470 2481 3035 1611
303 282 244 612 420 1187 601 635 671 1414 0 1767 75 1405 1778 210
1700 1771 2001 1471 1493 2331 1201 2325 2244 1864 1767 0 1833 3149 2105 1770
298 261 199 629 449 1139 675 602 662 1470 75 1833 0 1332 1765 190
1456 1383 1205 1746 1666 1378 2007 1078 1286 2481 1405 3149 1332 0 2326 1379
1474 1504 1928 1225 1424 947 1867 2302 2416 3035 1778 2105 1765 2326 0 1575
114 73 373 457 304 985 682 776 850 1611 210 1770 190 1379 1575 0
