0 1510 1229 707 767 1592 601 89 1163 1124 723 1394 1562 1673 641 1022
1510 0 946 2170 2272 3072 1910 1588 2674 938 790 1880 1278 3118 2076 488
1229 946 0 1663 1837 2509 1320 1264 2263 1468 756 2265 1951 2878 1869 772
707 2170 1663 0 223 902 361 618 617 1821 1383 1891 2229 1322 667 1688
767 2272 1837 223 0 837 571 684 427 1831 1481 1789 2204 1102 521 1784
1592 3072 2509 902 837 0 1197 1505 589 2668 2284 2529 3025 1108 1274 2590
601 1910 1320 361 571 1197 0 522 978 1706 1146 1958 2160 1674 878 1445
89 1588 1264 618 684 1505 522 0 1087 1213 798 1453 1647 1622 608 1100
1163 2674 2263 617 427 589 978 1087 0 2155 1886 1944 2476 746 711 2186
1124 938 1468 1821 1831 2668 1706 1213 2155 0 765 942 504 2419 1459 710
723 790 756 1383 1481 2284 1146 798 1886 765 0 1509 1268 2368 1320 305
1394 1880 2265 1891 1789 2529 1958 1453 1944 942 1509 0 817 1902 1275 1587
1562 1278 1951 2229 2204 3025 2160 1647 2476 504 1268 817 0 2610 1764 1180
1673 3118 2878 1322 1102 1108 1674 1622 746 2419 2368 1902 2610 0 1047 2643
641 2076 1869 667 521 1274 878 608 711 1459 1320 1275 1764 1047 0 1597
1022 488 772 1688 1784 2590 1445 1100 2186 710 305 1587 1180 2643 1597 0
