0 1267 1251 1476 1421 542 1404 749 1378 219 1043 870 238 1360 1058 23
1267 0 1452 2343 2599 1255 702 1308 2574 1059 2305 406 1490 385 2324 1251
1251 1452 0 1100 2506 1731 2042 1922 1743 1135 1961 1329 1262 1796 1941 1262
1476 2343 1100 0 2094 2008 2763 2213 892 1531 1496 2072 1305 2607 1448 1499
1421 2599 2506 2094 0 1374 2452 1415 1321 1635 599 2195 1288 2559 645 1426
542 1255 1731 2008 1374 0 1103 207 1778 596 1225 868 709 1185 1263 522
1404 702 2042 2763 2452 1103 0 1038 2782 1264 2321 719 1641 328 2355 1382
749 1308 1922 2213 1415 207 1038 0 1951 791 1350 950 910 1176 1393 729
1378 2574 1743 892 1321 1778 2782 1951 0 1545 782 2210 1141 2727 723 1400
219 1059 1135 1531 1635 596 1264 791 1545 0 1260 671 431 1182 1273 210
1043 2305 1961 1496 599 1225 2321 1350 782 1260 0 1903 845 2352 58 1057
870 406 1329 2072 2195 868 719 950 2210 671 1903 0 1100 536 1923 853
238 1490 1262 1305 1288 709 1641 910 1141 431 845 1100 0 1597 852 259
1360 385 1796 2607 2559 1185 328 1176 2727 1182 2352 536 1597 0 2379 1339
1058 2324 1941 1448 645 1263 2355 1393 723 1273 58 1923 852 2379 0 1073
23 1251 1262 1499 1426 522 1382 729 1400 210 1057 853 259 1339 1073 0
