0 1693 1139 358 582 1209 19 451 451 284 1059 1699 314 140 1456 924
1693 0 2065 1411 2263 2885 1693 1490 1398 1977 2570 3392 1413 1660 2834 2405
1139 2065 0 991 1383 1445 1158 1540 904 1169 850 2051 1055 1275 2443 729
358 1411 991 0 926 1478 369 579 111 615 1190 2011 71 424 1801 1031
582 2263 1383 926 0 733 577 850 999 312 885 1136 892 604 1061 833
1209 2885 1445 1478 733 0 1213 1567 1510 934 615 607 1472 1282 1435 716
19 1693 1158 369 577 1213 0 435 464 284 1072 1699 323 122 1440 938
451 1490 1540 579 850 1567 435 0 688 652 1502 1976 508 320 1383 1373
451 1398 904 111 999 1510 464 688 0 687 1178 2060 182 530 1903 1015
284 1977 1169 615 312 934 284 652 687 0 875 1415 585 349 1297 769
1059 2570 850 1190 885 615 1072 1502 1178 875 0 1209 1213 1182 1873 166
1699 3392 2051 2011 1136 607 1699 1976 2060 1415 1209 0 1993 1739 1352 1322
314 1413 1055 71 892 1472 323 508 182 585 1213 1993 0 363 1741 1057
140 1660 1275 424 604 1282 122 320 530 349 1182 1739 363 0 1378 1053
1456 2834 2443 1801 1061 1435 1440 1383 1903 1297 1873 1352 1741 1378 0 1863
924 2405 729 1031 833 716 938 1373 1015 769 166 1322 1057 1053 1863 0
