0 1442 1104 438 44 34 390 286 574 329 840 1383 160 1512 236 1704
1442 0 830 1013 1460 1410 1433 1600 1345 1744 719 1847 1512 2665 1257 2850
1104 830 0 848 1096 1085 1321 1366 1360 1295 936 1017 1243 1932 867 2106
438 1013 848 0 463 404 485 597 514 759 419 1458 500 1862 317 2055
44 1460 1096 463 0 72 433 315 618 297 871 1346 193 1470 231 1662
34 1410 1085 404 72 0 374 293 552 363 806 1391 166 1542 218 1733
390 1433 1321 485 433 374 0 241 209 640 729 1760 268 1862 538 2050
286 1600 1366 597 315 293 241 0 448 426 925 1654 127 1642 509 1828
574 1345 1360 514 618 552 209 448 0 847 625 1904 472 2067 672 2256
329 1744 1295 759 297 363 640 426 847 0 1169 1319 375 1221 488 1409
840 719 936 419 871 806 729 925 625 1169 0 1765 862 2277 734 2470
1383 1847 1017 1458 1346 1391 1760 1654 1904 1319 1765 0 1540 1166 1232 1292
160 1512 1243 500 193 166 268 127 472 375 862 1540 0 1595 382 1784
1512 2665 1932 1862 1470 1542 1862 1642 2067 1221 2277 1166 1595 0 1545 193
236 1257 867 317 231 218 538 509 672 488 734 1232 382 1545 0 1738
1704 2850 2106 2055 1662 1733 2050 1828 2256 1409 2470 1292 1784 193 1738 0
