0 41 1366 234 165 710 298 1687 700 330 925 192 430 1087 1528 920
41 0 1331 203 149 751 257 1666 689 291 896 226 409 1059 1546 927
1366 1331 0 1136 1227 2010 1109 2128 983 1149 516 1557 1401 1526 1976 2058
234 203 1136 0 101 903 174 1730 524 264 692 427 506 1091 1492 1101
165 149 1227 101 0 802 251 1772 540 326 768 352 525 1145 1440 1075
710 751 2010 903 802 0 1008 2157 1127 1035 1517 576 1020 1664 1367 1096
298 257 1109 174 251 1008 0 1563 662 95 725 467 375 919 1666 1017
1687 1666 2128 1730 1772 2157 1563 0 2211 1468 2078 1674 1257 660 3210 1139
700 689 983 524 540 1127 662 2211 0 757 469 867 1027 1555 1117 1616
330 291 1149 264 326 1035 95 1468 757 0 796 472 289 827 1756 943
925 896 516 692 768 1517 725 2078 469 796 0 1117 1082 1423 1525 1739
192 226 1557 427 352 576 467 1674 867 472 1117 0 456 1119 1584 791
430 409 1401 506 525 1020 375 1257 1027 289 1082 456 0 666 1955 663
1087 1059 1526 1091 1145 1664 919 660 1555 827 1423 1119 666 0 2583 880
1528 1546 1976 1492 1440 1367 1666 3210 1117 1756 1525 1584 1955 2583 0 2353
920 927 2058 1101 1075 1096 1017 1139 1616 943 1739 791 663 880 2353 0
