0 337 992 857 273 742 766 629 524 961 984 59 742 993 1527 33
337 0 797 1012 606 680 649 928 835 970 1107 358 871 1180 1190 304
992 797 0 952 1233 388 282 1613 1230 1755 1903 1045 824 1961 1183 967
857 1012 952 0 885 576 695 1197 590 1812 1779 907 150 1718 2014 865
273 606 1233 885 0 936 984 382 379 970 895 249 808 841 1787 306
742 680 388 576 936 0 118 1318 864 1638 1718 801 440 1735 1461 726
766 649 282 695 984 118 0 1366 950 1619 1724 822 557 1756 1347 746
629 928 1613 1197 382 1318 1366 0 615 891 683 585 1147 546 2056 658
524 835 1230 590 379 864 950 615 0 1349 1245 542 567 1152 2014 552
961 970 1755 1812 970 1638 1619 891 1349 0 351 907 1703 577 1612 959
984 1107 1903 1779 895 1718 1724 683 1245 351 0 925 1693 234 1927 995
59 358 1045 907 249 801 822 585 542 907 925 0 796 934 1539 77
742 871 824 150 808 440 557 1147 567 1703 1693 796 0 1649 1865 746
993 1180 1961 1718 841 1735 1756 546 1152 577 234 934 1649 0 2104 1010
1527 1190 1183 2014 1787 1461 1347 2056 2014 1612 1927 1539 1865 2104 0 1494
33 304 967 865 306 726 746 658 552 959 995 77 746 1010 1494 0
