0 1563 1083 1089 1119 514 275 1257 309 576 758 1156 377 278 1373 1143
1563 0 2100 1875 1723 1747 1761 2762 1506 1593 1000 2076 1480 1714 1948 1087
1083 2100 0 292 488 1562 853 1056 1392 583 1707 2199 793 817 2453 1105
1089 1875 292 0 195 1598 914 1328 1387 519 1607 2243 738 862 2455 837
1119 1723 488 195 0 1633 985 1508 1400 546 1549 2274 746 926 2458 660
514 1747 1562 1598 1633 0 709 1447 284 1089 763 644 890 746 905 1597
275 1761 853 914 985 709 0 1012 569 452 1026 1347 348 67 1605 1169
1257 2762 1056 1328 1508 1447 1012 0 1475 1231 2011 1917 1287 1052 2286 1997
309 1506 1392 1387 1400 284 569 1475 0 868 568 884 654 584 1068 1316
576 1593 583 519 546 1089 452 1231 868 0 1124 1732 220 387 1936 779
758 1000 1707 1607 1549 763 1026 2011 568 1124 0 1104 916 1009 1074 1206
1156 2076 2199 2243 2274 644 1347 1917 884 1732 1104 0 1529 1388 404 2177
377 1480 793 738 746 890 348 1287 654 220 916 1529 0 282 1719 822
278 1714 817 862 926 746 67 1052 584 387 1009 1388 282 0 1635 1102
1373 1948 2453 2455 2458 905 1605 2286 1068 1936 1074 404 1719 1635 0 2253
1143 1087 1105 837 660 1597 1169 1997 1316 779 1206 2177 822 1102 2253 0
