0 1338 1563 1295 915 1695 1675 388 235 1691 1150 805 1154 1089 661 1055
1338 0 434 682 2200 3033 546 1310 1274 1762 462 776 1389 1392 1562 1693
1563 434 0 1116 2338 3236 880 1428 1557 1513 893 1164 1257 1807 1612 2087
1295 682 1116 0 2209 2881 513 1459 1123 2301 264 489 1840 821 1772 1180
915 2200 2338 2209 0 970 2583 909 1097 1842 2063 1719 1437 1863 791 1675
1695 3033 3236 2881 970 0 3330 1826 1786 2794 2800 2412 2407 2302 1758 1988
1675 546 880 513 2583 3330 0 1746 1545 2308 530 921 1929 1332 2031 1694
388 1310 1428 1459 909 1826 1746 0 599 1307 1259 1003 775 1430 321 1435
235 1274 1557 1123 1097 1786 1545 599 0 1876 1014 636 1335 854 892 837
1691 1762 1513 2301 1842 2794 2308 1307 1876 0 2039 2014 541 2614 1140 2703
1150 462 893 264 2063 2800 530 1259 1014 2039 0 398 1584 939 1561 1262
805 776 1164 489 1719 2412 921 1003 636 2014 398 0 1506 665 1323 923
1154 1389 1257 1840 1437 2407 1929 775 1335 541 1584 1506 0 2083 664 2163
1089 1392 1807 821 1863 2302 1332 1430 854 2614 939 665 2083 0 1738 376
661 1562 1612 1772 791 1758 2031 321 892 1140 1561 1323 664 1738 0 1714
1055 1693 2087 1180 1675 1988 1694 1435 837 2703 1262 923 2163 376 1714 0
