0 925 841 370 1379 608 1715 3 1022 274 634 804 323 414 1169 581 9
925 0 1038 1295 1669 462 2111 922 899 651 1544 1434 610 1285 2083 631 922
841 1038 0 1024 2196 604 2553 838 329 779 1310 1645 861 1200 1747 1202 849
370 1295 1024 0 1418 956 1672 373 1276 644 294 743 689 236 808 887 373
1379 1669 2196 1418 0 1738 453 1381 2295 1429 1338 693 1360 1183 1607 1083 1370
608 462 604 956 1738 0 2143 604 570 366 1238 1319 398 1019 1764 667 609
1715 2111 2553 1672 453 2143 0 1718 2685 1811 1519 933 1752 1438 1644 1507 1707
3 922 838 373 1381 604 1718 0 1018 271 638 807 320 418 1172 580 10
1022 899 329 1276 2295 570 2685 1018 0 873 1570 1814 936 1420 2039 1237 1028
274 651 779 644 1429 366 1811 271 873 0 905 957 92 664 1441 440 272
634 1544 1310 294 1338 1238 1519 638 1570 905 0 646 934 278 539 1059 635
804 1434 1645 743 693 1319 933 807 1814 957 646 0 922 507 988 810 797
323 610 861 689 1360 398 1752 320 936 92 934 922 0 679 1473 349 318
414 1285 1200 236 1183 1019 1438 418 1420 664 278 507 679 0 807 781 411
1169 2083 1747 808 1607 1764 1644 1172 2039 1441 539 988 1473 807 0 1582 1170
581 631 1202 887 1083 667 1507 580 1237 440 1059 810 349 781 1582 0 573
9 922 849 373 1370 609 1707 10 1028 272 635 797 318 411 1170 573 0
