0 1545 1614 1236 413 1255 1293 1684 1382 696 178 289 864 543 1307 1466
1545 0 2909 1174 1948 2729 770 3195 1355 1849 1456 1661 2099 1270 398 2719
1614 2909 0 1958 1456 607 2303 1716 1919 2063 1789 1765 2047 2156 2549 199
1236 1174 1958 0 1597 1984 411 2813 206 1884 1295 1507 2087 1424 777 1759
413 1948 1456 1597 0 980 1696 1271 1719 611 499 350 655 809 1721 1349
1255 2729 607 1984 980 0 2251 1145 2009 1551 1411 1324 1495 1764 2416 619
1293 770 2303 411 1696 2251 0 2959 585 1850 1296 1523 2079 1315 382 2106
1684 3195 1716 2813 1271 1145 2959 0 2900 1448 1742 1534 1232 1960 2990 1763
1382 1355 1919 206 1719 2009 585 2900 0 2049 1458 1662 2243 1612 964 1721
696 1849 2063 1884 611 1551 1850 1448 2049 0 591 408 250 582 1743 1960
178 1456 1789 1295 499 1411 1296 1742 1458 591 0 227 795 366 1257 1643
289 1661 1765 1507 350 1324 1523 1534 1662 408 227 0 580 462 1480 1639
864 2099 2047 2087 655 1495 2079 1232 2243 250 795 580 0 831 1987 1966
543 1270 2156 1424 809 1764 1315 1960 1612 582 366 462 831 0 1169 2009
1307 398 2549 777 1721 2416 382 2990 964 1743 1257 1480 1987 1169 0 2356
1466 2719 199 1759 1349 619 2106 1763 1721 1960 1643 1639 1966 2009 2356 0
