0 1723 1730 753 593 771 1022 390 1180 489 11 1645 1605 699 1203 583
1723 0 812 2179 1270 2487 2207 1604 1865 2143 1721 2919 2247 1987 2714 2096
1730 812 0 2387 1142 2475 1799 1795 2328 2008 1734 2448 2767 2237 2395 1877
753 2179 2387 0 1305 681 1661 597 777 946 744 2143 1056 209 1595 1159
593 1270 1142 1305 0 1334 998 761 1497 899 598 1717 1957 1195 1447 826
771 2487 2475 681 1334 0 1226 950 1447 538 771 1547 1732 836 974 760
1022 2207 1799 1661 998 1226 0 1409 2202 729 1033 720 2620 1679 622 503
390 1604 1795 597 761 950 1409 0 800 847 380 2034 1242 445 1574 972
1180 1865 2328 777 1497 1447 2202 800 0 1574 1168 2793 461 613 2287 1740
489 2143 2008 946 899 538 729 847 1574 0 496 1221 1955 997 727 231
11 1721 1734 744 598 771 1033 380 1168 496 0 1656 1594 689 1213 594
1645 2919 2448 2143 1717 1547 720 2034 2793 1221 1656 0 3174 2216 576 1062
1605 2247 2767 1056 1957 1732 2620 1242 461 1955 1594 3174 0 958 2643 2141
699 1987 2237 209 1195 836 1679 445 613 997 689 2216 958 0 1689 1189
1203 2714 2395 1595 1447 974 622 1574 2287 727 1213 576 2643 1689 0 647
583 2096 1877 1159 826 760 503 972 1740 231 594 1062 2141 1189 647 0
