0 1622 1173 1476 1296 270 1501 1662 1420 579 1042 707 1592 1680 112 940
1622 0 1469 2603 1995 1500 2534 1356 2363 2191 2002 2319 3192 2329 1612 2537
1173 1469 0 1218 2364 1328 2663 570 933 1444 2167 1724 2217 862 1070 1651
1476 2603 1218 0 2732 1746 2774 1702 319 1216 2441 1498 1357 699 1381 1112
1296 1995 2364 2732 0 1061 590 2729 2711 1572 317 1391 2343 2974 1406 1858
270 1500 1328 1746 1061 0 1341 1762 1678 793 839 836 1793 1916 365 1156
1501 2534 2663 2774 590 1341 0 3101 2822 1559 544 1294 2093 3142 1611 1751
1662 1356 570 1702 2729 1762 3101 0 1390 2001 2577 2269 2785 1167 1570 2220
1420 2363 933 319 2711 1678 2822 1390 0 1289 2438 1592 1620 415 1315 1273
579 2191 1444 1216 1572 793 1559 2001 1289 0 1263 308 1012 1652 578 364
1042 2002 2167 2441 317 839 544 2577 2438 1263 0 1074 2029 2721 1155 1542
707 2319 1724 1498 1391 836 1294 2269 1592 308 1074 0 1002 1959 752 471
1592 3192 2217 1357 2343 1793 2093 2785 1620 1012 2029 1002 0 2035 1583 656
1680 2329 862 699 2974 1916 3142 1167 415 1652 2721 1959 2035 0 1569 1675
112 1612 1070 1381 1406 365 1611 1570 1315 578 1155 752 1583 1569 0 927
940 2537 1651 1112 1858 1156 1751 2220 1273 364 1542 471 656 1675 927 0
