0 1465 1193 1033 1359 520 1409 1185 793 314 1382 250 1150 1047 539 185
1465 0 603 445 1388 1963 2859 2650 905 1481 2716 1602 631 2478 1597 1421
1193 603 0 572 787 1713 2480 2332 1000 1088 2563 1243 951 2240 1134 1081
1033 445 572 0 1295 1522 2439 2215 493 1089 2272 1192 382 2033 1239 1010
1359 1388 787 1295 0 1793 2258 2228 1590 1091 2683 1254 1671 2269 970 1179
520 1963 1713 1522 1793 0 1004 712 1185 705 891 539 1567 527 844 650
1409 2859 2480 2439 2258 1004 0 366 2170 1397 1113 1259 2545 750 1362 1439
1185 2650 2332 2215 2228 712 366 0 1898 1248 777 1089 2279 384 1274 1256
793 905 1000 493 1590 1185 2170 1898 0 986 1837 1021 382 1658 1197 861
314 1481 1088 1089 1091 705 1397 1248 986 0 1596 169 1296 1204 230 141
1382 2716 2563 2272 2683 891 1113 777 1837 1596 0 1430 2203 467 1723 1534
250 1602 1243 1192 1254 539 1259 1089 1021 169 1430 0 1359 1035 329 182
1150 631 951 382 1671 1567 2545 2279 382 1296 2203 1359 0 2040 1484 1186
1047 2478 2240 2033 2269 527 750 384 1658 1204 467 1035 2040 0 1299 1168
539 1597 1134 1239 970 844 1362 1274 1197 230 1723 329 1484 1299 0 372
185 1421 1081 1010 1179 650 1439 1256 861 141 1534 182 1186 1168 372 0
