0 1115 315 920 856 1572 1642 696 301 1341 550 1498 183 158 761 1577
1115 0 1311 266 1846 2508 837 1441 1023 1980 669 1701 1166 1156 729 2647
315 1311 0 1078 959 1659 1696 411 297 1040 835 1794 464 444 780 1337
920 266 1078 0 1711 2399 814 1179 783 1713 580 1758 1002 988 464 2409
856 1846 959 1711 0 716 2483 1337 1139 1867 1179 1282 718 737 1617 1413
1572 2508 1659 2399 716 0 3187 2011 1855 2471 1840 1477 1427 1447 2332 1675
1642 837 1696 814 2483 3187 0 1611 1413 1916 1394 2535 1764 1746 915 2927
696 1441 411 1179 1337 2011 1611 0 496 649 1128 2193 866 843 758 1315
301 1023 297 783 1139 1855 1413 496 0 1137 631 1751 481 456 501 1626
1341 1980 1040 1713 1867 2471 1916 649 1137 0 1765 2834 1505 1483 1251 1285
550 669 835 580 1179 1840 1394 1128 631 1765 0 1250 533 530 743 2126
1498 1701 1794 1758 1282 1477 2535 2193 1751 2834 1250 0 1329 1351 1992 2687
183 1166 464 1002 718 1427 1764 866 481 1505 533 1329 0 24 912 1619
158 1156 444 988 737 1447 1746 843 456 1483 530 1351 24 0 890 1614
761 729 780 464 1617 2332 915 758 501 1251 743 1992 912 890 0 2049
1577 2647 1337 2409 1413 1675 2927 1315 1626 1285 2126 2687 1619 1614 2049 0
