0 1707 64 432 466 1292 1289 1459 1254 1022 1217 917 1257 1674 217 652 1448
1707 0 1659 1569 2046 2465 2709 2950 528 2726 2669 2563 2892 729 1660 1839 435
64 1659 0 374 530 1349 1288 1467 1215 1076 1219 980 1320 1649 251 612 1411
432 1569 374 0 890 1723 1170 1394 1216 1303 1118 1286 1618 1724 612 329 1416
466 2046 530 890 0 875 1443 1543 1545 748 1361 518 847 1861 394 1045 1721
1292 2465 1349 1723 875 0 2250 2296 1938 1248 2166 898 965 2022 1123 1916 2055
1289 2709 1288 1170 1443 2250 0 262 2386 1132 84 1408 1584 2887 1492 871 2586
1459 2950 1467 1394 1543 2296 262 0 2608 1102 281 1418 1539 3096 1649 1112 2809
1254 528 1215 1216 1545 1938 2386 2608 0 2252 2335 2063 2386 552 1172 1527 200
1022 2726 1076 1303 748 1248 1132 1102 2252 0 1052 352 452 2604 1081 1260 2438
1217 2669 1219 1118 1361 2166 84 281 2335 1052 0 1324 1504 2830 1418 830 2535
917 2563 980 1286 518 898 1408 1418 2063 352 1324 0 340 2361 905 1332 2238
1257 2892 1320 1618 847 965 1584 1539 2386 452 1504 340 0 2656 1240 1641 2555
1674 729 1649 1724 1861 2022 2887 3096 552 2604 2830 2361 2656 0 1540 2045 398
217 1660 251 612 394 1123 1492 1649 1172 1081 1418 905 1240 1540 0 864 1356
652 1839 612 329 1045 1916 871 1112 1527 1260 830 1332 1641 2045 864 0 1725
1448 435 1411 1416 1721 2055 2586 2809 200 2438 2535 2238 2555 398 1356 1725 0
