0 627 45 430 850 802 85 504 13 737 777 526 790 48 32 521 387 27 225 112 94 604 315 201 714 552 67 89 320 169 186 605 377 620 754 91 418 447 711 49 178 275 349 245 427 197 526 287 359 743 263 851 791 86 89 840 814 593 336 615 589 409 319 404 781 142 276 113 44 467 11 589 130 170 155 597 802 371 220 155 406 349 212 564 396 480 453 694 250 100 645 584 395 176 348 200 134 121 268 619 550 13 760 699 850 215 271 800 268 765 55 814 596 785 528 188
627 0 668 418 985 1296 567 965 626 138 292 1151 1377 583 617 1021 1005 640 510 525 648 244 896 601 1334 819 685 558 361 631 678 1161 523 1245 159 708 620 863 1162 626 686 737 965 825 1046 433 1154 463 305 1357 890 1130 589 647 540 1442 1139 1028 927 728 1209 966 667 920 604 684 797 548 586 600 619 1065 735 474 501 742 1427 404 815 689 951 561 838 214 913 243 503 846 376 691 1222 630 995 782 363 591 693 625 893 1143 596 625 1235 1176 405 821 848 654 381 1114 682 385 968 549 440 461
45 668 0 475 878 759 109 508 54 780 807 490 744 93 73 518 343 55 238 145 74 633 270 196 670 532 22 135 366 200 163 560 383 578 791 45 454 416 711 50 197 292 304 200 396 241 486 332 392 712 225 869 835 111 127 795 828 556 318 607 545 365 304 363 824 158 281 158 81 505 57 589 120 202 201 630 760 416 206 171 398 388 177 610 356 511 462 680 291 62 624 584 349 159 374 237 100 111 235 610 590 43 757 658 896 195 260 842 301 733 31 840 609 799 572 218
430 418 475 0 593 1229 429 572 420 453 691 869 1212 385 402 638 797 424 489 395 506 569 745 547 1108 889 497 341 156 325 585 1036 610 1005 577 520 204 842 757 462 374 380 763 675 756 286 897 143 396 1038 644 715 366 391 384 1254 721 1002 611 879 989 839 664 828 359 394 456 316 412 182 418 670 472 387 278 332 1184 64 522 392 598 164 592 229 821 471 648 987 301 529 869 806 820 509 454 272 555 509 633 762 199 437 832 1122 448 539 533 387 373 1151 470 771 555 866 99 390
850 985 878 593 0 1589 901 520 836 971 1273 997 1457 826 818 589 1067 827 1013 886 944 1162 1100 1037 1280 1397 896 789 731 680 1037 1359 1160 1173 1139 908 451 1295 529 898 684 598 1051 1050 903 817 1065 650 978 1043 910 242 494 767 861 1461 312 1428 768 1428 1194 1197 1161 1224 465 723 648 766 861 428 841 548 793 908 761 269 1313 639 768 712 671 533 878 772 1217 1063 1213 1524 860 940 827 1369 1126 794 1028 655 979 968 881 662 395 862 599 1507 790 796 732 420 934 1611 854 1358 376 1458 545 918
802 1296 759 1229 1589 0 803 1106 813 1431 1285 692 316 845 833 1065 530 814 796 841 723 1136 498 710 509 537 738 890 1099 949 651 237 782 552 1359 718 1206 434 1240 767 925 997 540 560 735 958 611 1088 994 852 680 1510 1594 862 847 407 1445 274 835 705 490 399 629 401 1584 888 941 915 817 1260 814 1136 809 868 951 1369 588 1168 821 897 945 1146 712 1320 408 1062 828 641 977 701 963 787 463 798 932 993 674 724 709 1076 1348 794 1240 120 1618 794 858 1602 936 324 772 1259 1248 1078 1328 873
85 567 109 429 901 803 0 585 94 684 698 599 824 78 102 605 438 112 140 42 85 523 340 135 767 495 122 112 296 230 155 624 294 679 685 144 457 416 793 60 253 349 398 267 505 157 592 293 283 821 334 919 795 162 45 881 886 573 421 542 642 424 259 402 788 221 359 135 47 498 85 673 216 94 155 640 861 366 306 233 491 380 287 530 394 402 369 628 193 125 730 505 432 260 265 246 134 80 344 705 575 75 844 693 824 299 357 812 193 731 134 731 669 699 529 110
504 965 508 572 520 1106 585 0 493 1023 1198 477 943 509 482 78 575 476 725 595 583 1040 647 703 760 1032 516 496 607 373 667 869 880 654 1121 516 378 888 210 550 334 247 569 617 388 596 547 502 798 543 437 404 774 422 564 943 342 989 271 1116 678 736 812 782 749 364 227 486 538 428 501 99 390 643 515 405 794 565 322 351 160 410 423 801 777 916 954 1186 661 558 336 1089 646 365 816 393 598 619 405 194 499 517 273 1039 988 346 269 733 718 1187 477 1257 146 1272 613 659
13 626 54 420 836 813 94 493 0 734 781 525 797 43 19 511 392 17 234 117 107 608 324 214 718 565 77 81 313 156 200 615 387 623 755 99 405 460 700 62 166 263 354 255 426 194 528 277 362 741 264 838 781 73 91 847 802 605 330 627 594 419 332 415 770 130 265 104 49 454 8 579 124 175 147 584 806 362 214 143 397 336 212 559 408 484 463 707 250 112 639 595 403 170 354 187 147 134 268 610 538 26 750 711 843 210 263 788 271 778 56 819 583 793 517 192
737 138 780 453 971 1431 684 1023 734 0 365 1252 1503 691 723 1085 1121 746 641 642 768 368 1019 731 1450 957 799 661 442 717 806 1290 661 1357 197 822 657 999 1210 741 772 810 1082 948 1145 539 1262 534 438 1450 997 1141 528 745 653 1565 1159 1165 1017 863 1325 1094 802 1051 548 775 877 647 699 626 728 1122 835 595 598 750 1540 459 909 780 1029 612 944 224 1044 381 641 982 491 809 1302 765 1116 881 498 671 815 748 997 1209 601 736 1286 1312 294 919 937 601 506 1252 791 463 1007 658 445 583
777 292 807 691 1273 1285 698 1198 781 365 0 1296 1431 743 778 1244 1112 798 589 664 763 175 977 674 1432 758 819 733 596 835 758 1200 519 1357 169 839 883 861 1404 758 886 956 1072 915 1204 612 1282 702 418 1520 1031 1406 878 824 689 1508 1408 1011 1108 617 1310 1023 688 959 894 872 1003 732 733 873 772 1297 903 607 692 1023 1533 663 991 881 1155 815 985 505 954 297 459 726 546 809 1415 518 1081 950 435 806 796 729 1043 1360 880 770 1471 1165 659 990 1035 945 509 1043 830 98 1223 316 728 589
526 1151 490 869 997 692 599 477 525 1252 1296 0 474 568 533 414 233 511 711 635 533 1121 385 637 282 828 477 592 814 547 559 462 827 177 1280 456 739 645 561 538 495 502 263 415 113 717 81 739 882 235 265 863 1173 507 615 465 788 670 263 971 213 421 684 499 1153 482 423 605 569 800 533 473 417 692 654 844 327 828 348 480 331 720 313 1058 498 1001 907 996 776 487 271 988 309 372 861 599 506 569 257 392 890 530 551 660 1317 335 337 1151 791 868 471 1322 623 1249 947 709
790 1377 744 1212 1457 316 824 943 797 1503 1431 474 0 838 814 885 417 791 869 866 738 1264 484 777 219 746 722 878 1110 895 699 233 911 301 1471 698 1136 584 1035 771 856 903 449 556 555 979 398 1069 1074 574 579 1337 1558 821 861 95 1263 484 691 920 265 412 742 471 1543 827 832 900 819 1196 801 948 745 909 945 1274 278 1157 721 832 787 1093 627 1352 477 1168 976 886 1016 701 726 982 394 717 1025 947 690 755 599 865 1288 786 1019 367 1641 697 740 1551 997 616 744 1424 1090 1277 1305 920
48 583 93 385 826 845 78 509 43 691 743 568 838 0 35 533 435 56 215 86 126 571 361 212 761 570 115 44 272 152 215 652 371 666 713 139 386 478 718 79 176 271 397 291 466 151 571 242 324 781 307 841 748 88 57 888 808 629 365 620 637 454 335 445 738 146 285 70 35 432 37 599 159 141 108 568 849 325 248 158 425 313 255 516 438 446 444 705 208 144 674 582 443 207 321 171 172 142 310 637 513 52 772 740 802 247 295 759 233 796 100 784 591 767 483 158
32 617 73 402 818 833 102 482 19 723 778 533 814 35 0 503 407 23 242 119 126 606 343 228 731 582 95 64 298 138 218 634 397 635 748 117 386 479 691 80 152 249 370 274 432 184 538 258 359 746 274 823 762 60 90 862 788 625 330 640 608 438 348 435 751 118 256 86 55 435 22 570 124 175 131 565 818 344 213 131 392 317 221 544 428 481 472 722 242 132 639 606 420 172 355 168 166 150 276 605 518 44 743 730 827 212 261 769 268 797 70 818 569 798 499 192
521 1021 518 638 589 1065 605 78 511 1085 1244 414 885 533 503 0 536 493 745 620 592 1082 624 715 695 1029 522 525 660 410 670 827 898 591 1175 519 449 875 196 563 364 288 535 602 334 635 487 557 837 465 412 451 852 445 589 880 381 965 241 1123 621 707 816 760 827 387 248 520 558 501 519 75 398 671 553 483 724 626 318 376 130 474 408 864 756 957 975 1187 701 562 257 1103 611 365 848 437 600 630 380 123 575 533 239 1004 1061 339 263 812 752 1165 487 1299 212 1300 684 688
387 1005 343 797 1067 530 438 575 392 1121 1112 233 417 435 407 536 0 383 523 480 358 938 154 438 328 595 323 472 705 478 356 294 617 244 1119 299 719 411 719 380 438 489 40 200 220 583 182 655 715 464 163 980 1140 406 468 457 915 449 305 740 203 191 463 266 1125 409 424 492 423 779 397 609 327 531 539 864 423 745 307 414 415 675 209 951 265 825 696 762 631 314 482 763 80 299 680 529 318 387 187 562 870 386 729 468 1233 282 335 1134 628 650 336 1128 718 1034 889 546
27 640 55 424 827 814 112 476 17 746 798 511 791 56 23 493 383 0 252 135 118 625 322 228 707 577 76 88 322 146 210 612 404 611 770 96 399 468 683 75 152 248 346 254 410 207 515 280 379 725 250 825 782 60 108 839 787 611 313 642 584 418 345 418 770 115 249 109 67 450 26 562 106 192 155 576 794 366 196 128 379 333 198 568 411 501 481 720 264 116 621 612 397 153 371 182 153 147 253 592 535 40 733 713 851 192 245 788 288 786 47 836 568 811 520 210
225 510 238 489 1013 796 140 725 234 641 589 711 869 215 242 745 523 252 0 133 178 415 394 91 846 400 243 237 336 362 172 650 156 768 603 259 562 372 933 188 391 485 482 327 626 205 692 373 205 940 449 1049 848 302 163 938 1020 539 556 415 722 457 180 410 845 360 499 254 187 595 226 813 354 105 252 746 945 424 443 373 631 481 408 528 403 303 229 512 193 224 863 368 497 396 158 368 207 141 465 844 661 213 985 678 826 433 495 876 140 667 267 611 804 561 585 99
112 525 145 395 886 841 42 595 117 642 664 635 866 86 119 620 480 135 133 0 127 491 382 155 809 513 160 103 258 229 191 665 289 719 646 183 438 446 804 100 260 353 440 309 539 117 631 263 247 855 371 916 761 175 30 924 887 606 448 547 684 465 279 440 755 232 372 122 68 476 108 685 241 57 128 622 901 331 331 244 511 359 322 488 433 367 359 638 151 166 757 502 474 288 236 236 176 117 379 724 549 106 859 730 783 327 380 781 156 759 166 701 671 680 495 75
94 648 74 506 944 723 85 583 107 768 763 533 738 126 126 592 358 118 178 127 0 588 254 123 686 460 70 170 380 263 92 539 314 601 761 81 511 354 786 47 269 365 317 181 447 242 519 366 357 761 270 942 871 178 126 796 902 503 385 533 561 339 230 322 862 231 356 196 94 558 103 664 194 174 228 690 781 444 277 243 470 439 230 615 314 470 394 605 278 45 688 511 347 230 328 293 49 39 286 681 639 81 831 616 909 263 332 884 270 671 106 789 683 734 605 187
604 244 633 569 1162 1136 523 1040 608 368 175 1121 1264 571 606 1082 938 625 415 491 588 0 804 501 1259 622 644 564 452 671 584 1036 357 1183 228 664 747 705 1248 583 720 795 897 741 1029 446 1106 554 247 1345 856 1274 816 654 516 1340 1269 861 937 505 1136 855 523 793 827 704 838 565 560 746 599 1138 731 433 528 901 1359 531 820 714 988 673 811 425 787 125 308 622 380 634 1245 404 908 778 260 646 621 554 868 1195 767 596 1313 1015 649 818 865 874 337 916 656 217 1076 312 624 415
315 896 270 745 1100 498 340 647 324 1019 977 385 484 361 343 624 154 322 394 382 254 804 0 304 455 445 247 405 630 451 221 290 470 387 998 225 707 266 817 290 427 502 122 72 348 496 337 602 595 618 211 1045 1104 365 378 546 989 342 382 586 334 99 311 136 1092 390 454 429 339 763 327 699 311 425 470 872 557 686 335 399 494 649 226 869 132 697 547 612 532 219 617 608 104 305 552 497 205 271 243 673 851 309 839 407 1161 308 381 1108 515 541 278 986 778 883 842 436
201 601 196 547 1037 710 135 703 214 731 674 637 777 212 228 715 438 228 91 155 123 501 304 0 758 360 193 247 400 363 83 559 193 683 695 202 591 297 907 153 380 477 398 240 560 261 612 419 296 870 381 1051 911 287 177 846 1015 461 507 413 635 365 124 319 906 344 475 270 177 631 207 786 316 162 284 775 858 482 400 357 593 513 347 610 312 393 275 494 267 161 808 388 408 353 249 382 132 84 401 805 705 188 953 594 908 386 455 933 226 604 227 690 797 617 645 164
714 1334 670 1108 1280 509 767 760 718 1450 1432 282 219 761 731 695 328 707 846 809 686 1259 455 758 0 827 651 796 1028 783 675 333 923 108 1446 627 1002 646 829 708 736 763 369 518 383 911 221 970 1042 354 464 1141 1434 723 796 186 1064 598 532 994 125 425 759 504 1415 714 687 814 751 1063 724 751 637 860 862 1120 105 1060 590 716 612 972 517 1275 507 1149 998 985 959 643 513 1038 350 599 1004 836 644 713 474 660 1154 714 808 523 1551 570 595 1418 956 768 661 1441 906 1325 1194 874
552 819 532 889 1397 537 495 1032 565 957 758 828 746 570 582 1029 595 577 400 513 460 622 445 360 827 0 520 608 735 720 369 517 302 795 851 517 951 186 1225 502 729 825 566 436 792 605 772 772 546 1058 634 1402 1245 638 537 837 1360 270 796 173 729 417 236 334 1243 691 810 631 535 990 560 1103 644 504 642 1135 932 825 711 703 900 873 623 901 334 575 317 167 590 476 1060 250 523 667 477 742 436 431 663 1099 1060 539 1260 421 1191 690 767 1276 524 295 562 724 1141 542 985 500
67 685 22 497 896 738 122 516 77 799 819 477 722 115 95 522 323 76 243 160 70 644 247 193 651 520 0 157 387 219 151 538 384 559 807 24 474 399 717 61 213 306 284 178 385 260 470 354 406 701 212 882 857 129 145 774 839 537 315 601 526 342 296 342 846 173 290 181 100 526 79 594 125 216 223 649 742 439 206 186 400 409 166 631 335 523 464 671 309 45 619 582 328 159 385 257 85 109 224 611 611 64 761 637 918 193 262 864 315 715 41 849 620 803 594 232
89 558 135 341 789 890 112 496 81 661 733 592 878 44 64 525 472 88 237 103 170 564 405 247 796 608 157 0 233 125 258 695 393 699 694 180 345 521 706 123 162 251 434 334 488 126 601 198 316 800 336 812 703 90 74 927 783 673 376 649 672 498 371 490 694 140 278 25 76 389 78 588 176 147 67 528 881 281 260 150 424 271 283 480 482 439 462 738 189 188 682 606 484 224 322 134 217 183 336 634 469 96 763 785 762 263 301 714 228 838 135 779 567 776 439 163
320 361 366 156 731 1099 296 607 313 442 596 814 1110 272 298 660 705 322 336 258 380 452 630 400 1028 735 387 233 0 275 448 918 454 930 514 411 296 697 809 340 330 375 668 558 705 141 829 105 247 1008 566 823 512 308 253 1160 817 861 575 723 905 719 514 698 509 334 437 214 291 303 309 707 398 239 166 462 1112 95 468 337 591 221 513 247 691 339 493 831 145 410 863 651 715 442 301 231 430 375 562 781 346 323 879 988 531 479 495 540 217 1002 369 665 626 731 249 239
169 631 200 325 680 949 230 373 156 717 835 547 895 152 138 410 478 146 362 229 263 671 451 363 783 720 219 125 275 0 356 737 518 679 778 234 257 615 584 218 55 127 447 389 436 225 572 191 426 733 320 689 662 89 199 932 657 756 300 772 665 550 485 559 648 69 168 113 186 311 160 469 150 272 143 430 859 281 199 67 322 199 269 513 552 547 588 857 291 262 591 731 510 184 442 52 300 289 308 524 400 182 644 852 771 215 220 660 344 933 179 888 442 898 412 287
186 678 163 585 1037 651 155 667 200 806 758 559 699 215 218 670 356 210 172 191 92 584 221 83 675 369 151 258 448 356 0 485 267 600 776 150 602 263 865 138 360 456 315 157 487 307 531 448 375 793 310 1032 951 271 201 765 991 417 450 454 552 287 146 252 943 322 441 283 181 648 196 743 276 218 309 783 775 521 351 334 544 529 281 672 244 476 348 519 328 108 742 445 325 304 331 385 69 75 333 752 727 174 906 539 969 333 407 967 299 580 192 772 772 691 684 226
605 1161 560 1036 1359 237 624 869 615 1290 1200 462 233 652 634 827 294 612 650 665 539 1036 290 559 333 517 538 695 918 737 485 0 680 342 1246 516 990 350 1003 578 707 772 307 361 498 781 382 892 855 643 449 1274 1394 653 665 320 1208 267 599 689 274 199 513 243 1382 672 712 719 628 1047 617 898 591 702 760 1147 432 977 592 680 709 936 485 1153 249 943 744 664 811 508 733 749 233 574 803 784 489 549 477 840 1137 599 1005 201 1448 565 626 1396 784 436 568 1191 1012 1044 1133 711
377 523 383 610 1160 782 294 880 387 661 519 827 911 371 397 898 617 404 156 289 314 357 470 193 923 302 384 393 454 518 267 680 0 858 576 395 708 349 1087 335 547 642 578 417 753 342 796 511 243 1060 575 1204 954 457 319 989 1176 509 699 270 804 506 168 440 955 515 653 409 341 736 379 967 502 253 402 891 1027 548 589 528 780 626 541 599 434 282 81 377 309 354 1001 213 574 542 174 522 326 274 595 993 795 365 1138 661 888 577 643 990 236 594 414 518 960 424 701 241
620 1245 578 1005 1173 552 679 654 623 1357 1357 177 301 666 635 591 244 611 768 719 601 1183 387 683 108 795 559 699 930 679 600 342 858 0 1363 536 894 609 734 619 631 655 285 443 274 817 112 868 958 301 364 1040 1327 623 705 288 965 590 423 954 69 380 698 462 1308 610 579 716 659 956 629 650 535 773 764 1012 182 958 485 612 504 866 417 1177 463 1069 935 958 869 556 426 989 286 496 925 732 562 631 371 564 1046 621 718 543 1449 465 487 1310 870 775 566 1371 801 1269 1090 788
754 159 791 577 1139 1359 685 1121 755 197 169 1280 1471 713 748 1175 1119 770 603 646 761 228 998 695 1446 851 807 694 514 778 776 1246 576 1363 0 829 779 926 1320 746 832 888 1078 930 1180 567 1277 618 404 1494 1017 1289 719 784 665 1541 1299 1085 1068 732 1322 1058 737 1003 737 826 946 687 711 759 747 1221 870 590 642 900 1543 562 954 833 1100 720 967 367 997 302 535 847 506 806 1369 631 1100 918 446 741 802 733 1023 1295 753 750 1392 1238 489 957 991 789 492 1145 809 267 1128 476 597 575
91 708 45 520 908 718 144 516 99 822 839 456 698 139 117 519 299 96 259 183 81 664 225 202 627 517 24 180 411 234 150 516 395 536 829 0 491 388 714 83 224 314 259 157 367 284 448 376 427 682 192 888 879 145 169 750 843 522 305 604 502 321 297 324 867 184 292 203 124 544 102 592 126 238 247 664 718 462 201 196 394 428 149 655 317 544 475 670 332 42 606 589 304 154 404 276 81 120 206 604 630 88 756 618 942 184 257 884 337 703 55 868 625 816 616 254
418 620 454 204 451 1206 457 378 405 657 883 739 1136 386 386 449 719 399 562 438 511 747 707 591 1002 951 474 345 296 257 602 990 708 894 779 491 0 865 553 463 283 239 692 646 627 366 782 203 538 879 556 527 433 345 414 1164 524 1010 475 977 891 806 716 816 414 318 316 321 421 61 407 472 399 457 310 184 1065 220 415 310 433 82 510 433 809 636 763 1074 412 516 694 918 760 420 581 217 552 529 537 571 152 429 630 1109 612 439 406 416 485 1182 436 957 350 1026 235 467
447 863 416 842 1295 434 416 888 460 999 861 645 584 478 479 875 411 468 372 446 354 705 266 297 646 186 399 521 697 615 263 350 349 609 926 388 865 0 1071 401 612 703 385 272 615 557 587 709 563 873 468 1273 1207 527 461 671 1224 167 636 348 544 230 197 148 1201 572 674 547 445 911 457 951 511 459 571 1044 751 777 565 584 745 792 467 901 148 628 402 351 563 354 884 399 338 525 500 647 315 338 499 935 990 435 1099 313 1199 541 618 1227 512 317 441 845 1008 693 941 461
711 1162 711 757 529 1240 793 210 700 1210 1404 561 1035 718 691 196 719 683 933 804 786 1248 817 907 829 1225 717 706 809 584 865 1003 1087 734 1320 714 553 1071 0 755 544 457 722 798 505 806 641 704 1008 535 605 328 897 631 774 1015 245 1156 435 1318 774 897 1012 953 870 572 434 697 746 592 708 122 591 853 725 521 838 759 515 560 326 601 604 986 949 1125 1163 1383 871 757 325 1295 796 560 1026 602 796 823 573 169 647 723 80 1187 1143 535 459 844 928 1357 680 1465 212 1482 781 870
49 626 50 462 898 767 60 550 62 741 758 538 771 79 80 563 380 75 188 100 47 583 290 153 708 502 61 123 340 218 138 578 335 619 746 83 463 401 755 0 228 324 340 217 446 207 531 321 344 762 273 901 826 135 89 826 863 550 368 567 583 379 269 366 817 191 322 149 50 511 57 633 167 155 184 644 801 401 255 204 445 392 227 580 359 462 413 644 251 70 675 539 378 208 324 246 93 72 284 658 592 36 803 661 871 245 308 838 254 718 79 789 644 749 561 171
178 686 197 374 684 925 253 334 166 772 886 495 856 176 152 364 438 152 391 260 269 720 427 380 736 729 213 162 330 55 360 707 547 631 832 224 283 612 544 228 0 96 409 370 382 274 523 245 473 678 277 673 702 92 229 890 635 744 245 793 620 526 497 543 686 39 117 155 206 341 173 426 116 309 193 445 809 333 147 28 269 237 229 567 536 595 620 873 340 258 536 758 477 139 484 104 298 300 262 475 432 192 601 833 822 166 165 695 388 927 171 936 417 938 458 325
275 737 292 380 598 997 349 247 263 810 956 502 903 271 249 288 489 248 485 353 365 795 502 477 763 825 306 251 375 127 456 772 642 655 888 314 239 703 457 324 96 0 466 451 389 350 543 276 552 658 326 576 672 189 323 927 538 830 238 890 654 601 594 625 653 134 78 240 302 300 270 343 194 398 268 375 826 354 182 121 219 221 286 595 619 670 713 969 415 351 492 853 539 198 569 149 392 396 303 407 391 289 518 910 825 208 167 655 471 1017 264 1012 320 1025 449 414
349 965 304 763 1051 540 398 569 354 1082 1072 263 449 397 370 535 40 346 482 440 317 897 122 398 369 566 284 434 668 447 315 307 578 285 1078 259 692 385 722 340 409 466 0 160 233 544 219 621 674 497 141 973 1109 372 428 492 911 437 297 707 244 177 426 245 1095 379 404 455 384 751 359 609 296 491 502 842 464 710 285 384 410 645 181 913 242 784 657 734 591 274 501 727 77 272 639 497 277 346 169 569 842 347 737 470 1197 259 318 1105 587 639 299 1088 708 996 856 505
245 825 200 675 1050 560 267 617 255 948 915 415 556 291 274 602 200 254 327 309 181 741 72 240 518 436 178 334 558 389 157 361 417 443 930 157 646 272 798 217 370 451 160 0 360 423 379 532 526 651 197 1009 1036 301 305 617 957 379 364 561 395 164 268 173 1025 331 411 359 267 700 256 678 257 353 399 815 618 616 296 341 472 585 194 796 167 631 496 601 459 147 626 572 170 260 486 432 133 200 228 664 787 238 827 463 1089 271 347 1042 444 571 211 928 742 836 773 365
427 1046 396 756 903 735 505 388 426 1145 1204 113 555 466 432 334 220 410 626 539 447 1029 348 560 383 792 385 488 705 436 487 498 753 274 1180 367 627 615 505 446 382 389 233 360 0 614 162 627 787 316 178 786 1061 400 517 559 716 669 151 921 290 409 622 478 1041 371 311 498 471 688 434 402 311 597 547 737 438 716 237 369 232 607 218 948 475 907 834 958 674 403 269 928 300 264 770 487 427 485 161 344 778 433 511 684 1204 226 223 1040 695 870 373 1235 535 1177 834 614
197 433 241 286 817 958 157 596 194 539 612 717 979 151 184 635 583 207 205 117 242 446 496 261 911 605 260 126 141 225 307 781 342 817 567 284 366 557 806 207 274 350 544 423 614 0 722 169 201 927 458 875 650 216 117 1033 856 720 501 612 786 582 378 558 645 261 391 120 160 393 188 693 303 101 81 548 1000 221 386 269 543 284 406 373 550 321 397 714 65 277 805 552 585 350 225 205 292 234 460 749 456 197 868 846 666 390 425 674 125 865 251 663 648 682 384 105
526 1154 486 897 1065 611 592 547 528 1262 1282 81 398 571 538 487 182 515 692 631 519 1106 337 612 221 772 470 601 829 572 531 382 796 112 1277 448 782 587 641 531 523 543 219 379 162 722 0 762 874 286 264 939 1215 521 613 397 865 599 311 921 133 358 645 439 1196 504 467 616 567 844 535 550 432 686 665 899 286 852 375 505 394 755 317 1076 439 989 876 939 777 473 352 946 249 390 847 625 485 552 267 473 934 528 633 581 1344 357 375 1198 785 795 471 1302 694 1216 981 702
287 463 332 143 650 1088 293 502 277 534 702 739 1069 242 258 557 655 280 373 263 366 554 602 419 970 772 354 198 105 191 448 892 511 868 618 376 203 709 704 321 245 276 621 532 627 169 762 0 335 922 505 726 505 248 248 1112 716 866 489 782 849 696 541 687 496 258 343 173 271 224 275 602 332 268 138 381 1048 90 391 259 494 122 452 323 680 438 562 884 209 387 768 719 676 372 378 141 414 373 496 679 288 294 774 982 581 405 410 519 283 1023 326 769 522 824 240 275
359 305 392 396 978 994 283 798 362 438 418 882 1074 324 359 837 715 379 205 247 357 247 595 296 1042 546 406 316 247 426 375 855 243 958 404 427 538 563 1008 344 473 552 674 526 787 201 874 335 0 1103 617 1061 719 406 270 1141 1048 730 689 497 917 661 365 614 722 457 591 318 315 550 354 895 484 190 283 709 1138 340 572 466 740 458 569 355 607 122 259 612 137 402 997 415 696 532 69 406 397 328 627 949 592 353 1070 875 646 571 617 761 91 834 413 463 845 489 477 173
743 1357 712 1038 1043 852 821 543 741 1450 1520 235 574 781 746 465 464 725 940 855 761 1345 618 870 354 1058 701 800 1008 733 793 643 1060 301 1494 682 879 873 535 762 678 658 497 651 316 927 286 922 1103 0 491 863 1304 710 832 526 781 880 432 1204 368 644 919 725 1281 674 582 809 787 938 749 495 624 913 856 946 323 1007 542 670 446 879 534 1245 725 1223 1141 1225 988 716 215 1223 535 576 1086 781 737 799 477 381 1022 749 493 844 1483 536 512 1271 1011 1072 689 1550 671 1484 1105 930
263 890 225 644 910 680 334 437 264 997 1031 265 579 307 274 412 163 250 449 371 270 856 211 381 464 634 212 336 566 320 310 449 575 364 1017 192 556 468 605 273 277 326 141 197 178 458 264 505 617 491 0 838 980 258 351 612 780 553 171 752 344 299 449 348 964 251 263 352 305 616 271 487 172 428 401 701 546 595 144 254 283 515 53 813 343 736 656 798 514 225 434 753 216 138 597 373 249 308 32 467 708 266 631 604 1086 118 178 972 527 752 208 1059 572 999 733 444
851 1130 869 715 242 1510 919 404 838 1141 1406 863 1337 841 823 451 980 825 1049 916 942 1274 1045 1051 1141 1402 882 812 823 689 1032 1274 1204 1040 1289 888 527 1273 328 901 673 576 973 1009 786 875 939 726 1061 863 838 0 712 765 887 1327 83 1386 675 1462 1072 1137 1170 1178 683 711 599 794 874 532 845 389 762 951 804 390 1158 744 712 698 565 604 819 925 1173 1163 1268 1545 929 926 650 1417 1050 749 1099 681 967 973 807 487 539 865 384 1442 997 738 664 643 1000 1580 840 1483 266 1550 696 964
791 589 835 366 494 1594 795 774 781 528 878 1173 1558 748 762 852 1140 782 848 761 871 816 1104 911 1434 1245 857 703 512 662 951 1394 954 1327 719 879 433 1207 897 826 702 672 1109 1036 1061 650 1215 505 719 1304 980 712 0 741 750 1592 758 1368 909 1216 1321 1200 1026 1193 29 731 749 678 777 372 780 853 813 750 643 377 1498 430 844 726 861 464 931 391 1186 754 978 1329 655 892 1108 1133 1172 842 785 612 920 875 963 966 283 799 977 1488 298 866 839 77 721 1514 826 973 687 1128 266 751
86 647 111 391 767 862 162 422 73 745 824 507 821 88 60 445 406 60 302 175 178 654 365 287 723 638 129 90 308 89 271 653 457 623 784 145 345 527 631 135 92 189 372 301 400 216 521 248 406 710 258 765 741 0 145 863 728 666 285 700 601 464 405 470 728 58 197 98 115 398 80 511 89 228 146 519 804 338 169 71 337 283 205 555 463 528 531 780 280 173 591 667 431 135 407 131 212 207 254 549 486 99 684 764 828 174 211 743 316 844 90 868 509 855 484 245
89 540 127 384 861 847 45 564 91 653 689 615 861 57 90 589 468 108 163 30 126 516 378 177 796 537 145 74 253 199 201 665 319 705 665 169 414 461 774 89 229 323 428 305 517 117 613 248 270 832 351 887 750 145 0 916 857 619 421 575 671 465 301 446 742 202 341 95 46 455 83 655 214 84 109 598 887 321 304 214 482 336 301 491 438 392 390 664 163 159 729 532 467 261 264 208 176 125 358 694 530 85 828 738 783 301 351 766 179 776 144 728 641 710 483 102
840 1442 795 1254 1461 407 881 943 847 1565 1508 465 95 888 862 880 457 839 938 924 796 1340 546 846 186 837 774 927 1160 932 765 320 989 288 1541 750 1164 671 1015 826 890 927 492 617 559 1033 397 1112 1141 526 612 1327 1592 863 916 0 1250 578 704 1010 273 485 821 550 1575 863 854 948 873 1225 851 937 782 970 994 1292 209 1202 749 867 791 1127 663 1405 555 1239 1057 979 1075 757 697 1070 449 750 1095 985 750 817 628 846 1316 838 992 462 1690 726 761 1581 1061 711 792 1505 1089 1364 1345 982
814 1139 828 721 312 1445 886 342 802 1159 1408 788 1263 808 788 381 915 787 1020 887 902 1269 989 1015 1064 1360 839 783 817 657 991 1208 1176 965 1299 843 524 1224 245 863 635 538 911 957 716 856 865 716 1048 781 780 83 758 728 857 1250 0 1331 613 1428 999 1079 1132 1124 729 672 551 766 840 539 808 315 717 925 781 412 1079 744 660 659 500 596 764 940 1118 1154 1243 1508 913 883 569 1389 987 699 1081 656 924 935 748 407 560 827 301 1381 1035 685 609 692 981 1527 798 1481 218 1536 714 940
593 1028 556 1002 1428 274 573 989 605 1165 1011 670 484 629 625 965 449 611 539 606 503 861 342 461 598 270 537 673 861 756 417 267 509 590 1085 522 1010 167 1156 550 744 830 437 379 669 720 599 866 730 880 553 1386 1368 666 619 578 1331 0 724 443 521 260 364 207 1361 705 790 699 597 1060 604 1040 635 623 727 1186 699 938 673 716 836 942 567 1068 213 791 553 401 729 494 931 518 369 639 666 793 459 493 585 1007 1142 582 1174 154 1366 647 722 1385 680 201 577 986 1119 812 1101 626
336 927 318 611 768 835 421 271 330 1017 1108 263 691 365 330 241 305 313 556 448 385 937 382 507 532 796 315 376 575 300 450 599 699 423 1068 305 475 636 435 368 245 238 297 364 151 501 311 489 689 432 171 675 909 285 421 704 613 724 0 903 431 467 595 519 889 243 160 381 379 537 339 316 206 505 427 588 589 576 117 238 112 458 172 812 514 812 779 958 565 347 308 893 374 160 684 348 381 424 138 303 626 345 463 768 1059 122 79 888 599 923 289 1149 413 1117 686 523
615 728 607 879 1428 705 542 1116 627 863 617 971 920 620 640 1123 740 642 415 547 533 505 586 413 994 173 601 649 723 772 454 689 270 954 732 604 977 348 1318 567 793 890 707 561 921 612 921 782 497 1204 752 1462 1216 700 575 1010 1428 443 903 0 890 574 307 492 1218 758 889 669 587 1006 620 1196 727 519 668 1160 1099 818 805 770 998 895 732 846 490 490 238 118 579 561 1186 101 674 759 431 783 523 496 779 1206 1066 602 1360 591 1121 787 861 1256 506 429 639 571 1210 373 968 509
589 1209 545 989 1194 490 642 678 594 1325 1310 213 265 637 608 621 203 584 722 684 561 1136 334 635 125 729 526 672 905 665 552 274 804 69 1322 502 891 544 774 583 620 654 244 395 290 786 133 849 917 368 344 1072 1321 601 671 273 999 521 431 890 0 316 642 398 1303 595 580 691 626 952 599 684 517 735 739 1019 223 939 476 598 523 857 397 1152 400 1025 880 891 834 518 477 928 230 481 881 717 520 589 357 605 1044 589 764 476 1430 454 487 1308 831 706 537 1320 825 1211 1077 749
409 966 365 839 1197 399 424 736 419 1094 1023 421 412 454 438 707 191 418 457 465 339 855 99 365 425 417 342 498 719 550 287 199 506 380 1058 321 806 230 897 379 526 601 177 164 409 582 358 696 661 644 299 1137 1200 464 465 485 1079 260 467 574 316 0 338 82 1189 489 550 523 429 862 421 782 410 503 562 971 530 779 430 498 580 747 321 953 83 755 577 582 612 310 674 613 112 403 612 595 289 350 330 747 950 402 914 309 1248 403 473 1206 587 462 375 1024 871 900 937 512
319 667 304 664 1161 629 259 812 332 802 688 684 742 335 348 816 463 345 180 279 230 523 311 124 759 236 296 371 514 485 146 513 168 698 737 297 716 197 1012 269 497 594 426 268 622 378 645 541 365 919 449 1170 1026 405 301 821 1132 364 595 307 642 338 0 271 1022 460 585 395 300 755 326 889 421 276 408 900 863 600 498 473 691 638 425 706 265 436 239 375 373 254 883 305 412 451 303 506 216 197 474 898 828 305 1053 509 1003 479 554 1052 318 488 335 685 913 571 762 275
404 920 363 828 1224 401 402 782 415 1051 959 499 471 445 435 760 266 418 410 440 322 793 136 319 504 334 342 490 698 559 252 243 440 462 1003 324 816 148 953 366 543 625 245 173 478 558 439 687 614 725 348 1178 1193 470 446 550 1124 207 519 492 398 82 271 0 1184 504 583 515 416 868 415 836 431 470 550 987 610 766 466 514 631 751 359 924 7 700 507 500 580 303 746 533 190 433 560 600 273 323 380 808 953 395 975 295 1221 440 514 1204 546 404 379 955 912 823 927 478
781 604 824 359 465 1584 788 749 770 548 894 1153 1543 738 751 827 1125 770 845 755 862 827 1092 906 1415 1243 846 694 509 648 943 1382 955 1308 737 867 414 1201 870 817 686 653 1095 1025 1041 645 1196 496 722 1281 964 683 29 728 742 1575 729 1361 889 1218 1303 1189 1022 1184 0 716 730 668 768 352 769 827 798 746 635 350 1479 424 826 710 839 449 915 401 1176 762 981 1331 653 882 1083 1136 1158 826 787 598 910 868 947 940 263 789 950 1478 325 849 820 52 720 1510 814 988 660 1139 260 747
142 684 158 394 723 888 221 364 130 775 872 482 827 146 118 387 409 115 360 232 231 704 390 344 714 691 173 140 334 69 322 672 515 610 826 184 318 572 572 191 39 134 379 331 371 261 504 258 457 674 251 711 731 58 202 863 672 705 243 758 595 489 460 504 716 0 139 140 174 375 138 453 82 284 184 483 790 348 134 12 283 266 200 576 497 579 590 836 326 218 544 725 443 114 462 121 259 263 239 494 465 155 626 795 839 147 165 726 369 888 131 920 453 913 481 301
276 797 281 456 648 941 359 227 265 877 1003 423 832 285 256 248 424 249 499 372 356 838 454 475 687 810 290 278 437 168 441 712 653 579 946 292 316 674 434 322 117 78 404 411 311 391 467 343 591 582 263 599 749 197 341 854 551 790 160 889 580 550 585 583 730 139 0 273 312 377 274 314 165 423 310 441 749 426 120 127 154 299 230 665 577 712 728 961 457 333 425 861 479 150 600 206 373 392 237 357 467 289 487 860 902 147 92 731 505 982 250 1054 333 1052 527 440
113 548 158 316 766 915 135 486 104 647 732 605 900 70 86 520 492 109 254 122 196 565 429 270 814 631 181 25 214 113 283 719 409 716 687 203 321 547 697 149 155 240 455 359 498 120 616 173 318 809 352 794 678 98 95 948 766 699 381 669 691 523 395 515 668 140 273 0 102 364 102 580 187 159 48 504 898 258 267 149 423 245 299 461 508 439 477 759 186 213 684 623 506 234 329 113 242 209 350 631 444 121 756 810 741 273 304 688 232 863 156 781 552 785 414 175
44 586 81 412 861 817 47 538 49 699 733 569 819 35 55 558 423 67 187 68 94 560 339 177 751 535 100 76 291 186 181 628 341 659 711 124 421 445 746 50 206 302 384 267 471 160 567 271 315 787 305 874 777 115 46 873 840 597 379 587 626 429 300 416 768 174 312 102 0 466 40 626 173 126 134 603 841 351 263 186 446 347 255 532 408 436 416 671 210 119 688 552 425 219 305 207 142 107 312 659 546 38 798 710 822 258 313 789 224 762 98 770 623 744 511 144
467 600 505 182 428 1260 498 428 454 626 873 800 1196 432 435 501 779 450 595 476 558 746 763 631 1063 990 526 389 303 311 648 1047 736 956 759 544 61 911 592 511 341 300 751 700 688 393 844 224 550 938 616 532 372 398 455 1225 539 1060 537 1006 952 862 755 868 352 375 377 364 466 0 456 519 457 489 347 159 1126 215 476 368 492 118 570 403 861 640 786 1107 432 566 750 943 818 479 599 268 601 573 597 622 91 477 671 1163 560 500 468 355 506 1228 489 951 384 1033 189 497
11 619 57 418 841 814 85 501 8 728 772 533 801 37 22 519 397 26 226 108 103 599 327 207 724 560 79 78 309 160 196 617 379 629 747 102 407 457 708 57 173 270 359 256 434 188 535 275 354 749 271 845 780 80 83 851 808 604 339 620 599 421 326 415 769 138 274 102 40 456 0 587 132 166 144 587 812 359 223 150 406 338 220 554 408 475 455 700 242 112 648 587 406 179 345 190 145 128 276 619 539 21 759 710 839 218 272 788 262 775 63 810 590 784 516 183
589 1065 589 670 548 1136 673 99 579 1122 1297 473 948 599 570 75 609 562 813 685 664 1138 699 786 751 1103 594 588 707 469 743 898 967 650 1221 592 472 951 122 633 426 343 609 678 402 693 550 602 895 495 487 389 853 511 655 937 315 1040 316 1196 684 782 889 836 827 453 314 580 626 519 587 0 469 735 611 477 773 665 392 441 205 509 483 899 831 1014 1042 1261 758 635 279 1173 684 438 910 491 674 701 455 117 585 602 175 1078 1078 413 337 808 813 1240 558 1355 179 1365 706 752
130 735 120 472 793 809 216 390 124 835 903 417 745 159 124 398 327 106 354 241 194 731 311 316 637 644 125 176 398 150 276 591 502 535 870 126 399 511 591 167 116 194 296 257 311 303 432 332 484 624 172 762 813 89 214 782 717 635 206 727 517 410 421 431 798 82 165 187 173 457 132 469 0 298 236 560 716 423 90 89 278 349 119 644 424 606 581 796 364 167 515 705 361 47 478 202 208 232 165 491 547 140 637 718 914 87 141 809 393 823 89 942 498 914 562 316
170 474 202 387 908 868 94 643 175 595 607 692 909 141 175 671 531 192 105 57 174 433 425 162 860 504 216 147 239 272 218 702 253 773 590 238 457 459 853 155 309 398 491 353 597 101 686 268 190 913 428 951 750 228 84 970 925 623 505 519 735 503 276 470 746 284 423 159 126 489 166 735 298 0 148 641 954 323 388 295 565 376 379 453 463 310 317 617 109 217 814 466 521 345 179 270 219 153 437 777 556 163 910 754 751 385 436 775 99 764 223 644 712 629 485 17
155 501 201 278 761 951 155 515 147 598 692 654 945 108 131 553 539 155 252 128 228 528 470 284 862 642 223 67 166 143 309 760 402 764 642 247 310 571 725 184 193 268 502 399 547 81 665 138 283 856 401 804 643 146 109 994 781 727 427 668 739 562 408 550 635 184 310 48 134 347 144 611 236 148 0 495 947 217 314 191 463 230 347 413 542 403 464 763 147 251 727 615 551 282 303 126 276 234 399 668 421 160 787 844 695 321 349 657 203 885 202 745 571 760 377 161
597 742 630 332 269 1369 640 405 584 750 1023 844 1274 568 565 483 864 576 746 622 690 901 872 775 1120 1135 649 528 462 430 783 1147 891 1012 900 664 184 1044 521 644 445 375 842 815 737 548 899 381 709 946 701 390 377 519 598 1292 412 1186 588 1160 1019 971 900 987 350 483 441 504 603 159 587 477 560 641 495 0 1171 373 557 473 516 265 661 535 980 798 943 1258 590 692 741 1100 914 572 758 397 730 711 677 592 149 609 601 1278 630 583 533 330 664 1362 609 1103 309 1192 305 650
802 1427 760 1184 1313 588 861 794 806 1540 1533 327 278 849 818 724 423 794 945 901 781 1359 557 858 105 932 742 881 1112 859 775 432 1027 182 1543 718 1065 751 838 801 809 826 464 618 438 1000 286 1048 1138 323 546 1158 1498 804 887 209 1079 699 589 1099 223 530 863 610 1479 790 749 898 841 1126 812 773 716 954 947 1171 0 1138 662 791 656 1041 599 1360 613 1248 1102 1089 1051 737 513 1143 452 676 1103 911 741 810 552 671 1216 803 806 616 1630 644 659 1478 1051 863 749 1543 937 1430 1267 969
371 404 416 64 639 1168 366 565 362 459 663 828 1157 325 344 626 745 366 424 331 444 531 686 482 1060 825 439 281 95 281 521 977 548 958 562 462 220 777 759 401 333 354 710 616 716 221 852 90 340 1007 595 744 430 338 321 1202 744 938 576 818 939 779 600 766 424 348 426 258 351 215 359 665 423 323 217 373 1138 0 480 348 574 157 542 240 759 425 588 925 238 469 847 746 764 462 395 229 493 446 586 749 252 377 832 1059 491 495 497 452 311 1086 413 738 565 819 163 325
220 815 206 522 768 821 306 322 214 909 991 348 721 248 213 318 307 196 443 331 277 820 335 400 590 711 206 260 468 199 351 592 589 485 954 201 415 565 515 255 147 182 285 296 237 386 375 391 572 542 144 712 844 169 304 749 660 673 117 805 476 430 498 466 826 134 120 267 263 476 223 392 90 388 314 557 662 480 0 132 193 381 109 711 460 695 668 868 449 244 425 789 359 47 568 251 281 316 121 404 567 230 555 740 970 27 56 832 482 868 175 1032 445 1004 605 406
155 689 171 392 712 897 233 351 143 780 881 480 832 158 131 376 414 128 373 244 243 714 399 357 716 703 186 150 337 67 334 680 528 612 833 196 310 584 560 204 28 121 384 341 369 269 505 259 466 670 254 698 726 71 214 867 659 716 238 770 598 498 473 514 710 12 127 149 186 368 150 441 89 295 191 473 791 348 132 0 274 261 204 579 508 588 602 848 335 231 536 738 450 116 473 120 271 276 241 483 458 168 614 804 839 147 158 720 379 899 144 929 440 924 479 312
406 951 398 598 671 945 491 160 397 1029 1155 331 787 425 392 130 415 379 631 511 470 988 494 593 612 900 400 424 591 322 544 709 780 504 1100 394 433 745 326 445 269 219 410 472 232 543 394 494 740 446 283 565 861 337 482 791 500 836 112 998 523 580 691 631 839 283 154 423 446 492 406 205 278 565 463 516 656 574 193 274 0 436 278 814 626 862 859 1059 609 437 273 982 486 240 745 360 475 509 251 213 577 417 362 880 1039 211 137 832 653 1036 367 1204 305 1190 660 583
349 561 388 164 533 1146 380 410 336 612 815 720 1093 313 317 474 675 333 481 359 439 673 649 513 972 873 409 271 221 199 529 936 626 866 720 428 82 792 601 392 237 221 645 585 607 284 755 122 458 879 515 604 464 283 336 1127 596 942 458 895 857 747 638 751 449 266 299 245 347 118 338 509 349 376 230 265 1041 157 381 261 436 0 466 390 744 559 681 993 330 449 706 836 710 377 500 152 483 454 499 598 202 359 675 1046 604 402 383 460 403 1109 373 886 409 947 228 385
212 838 177 592 878 712 287 423 212 944 985 313 627 255 221 408 209 198 408 322 230 811 226 347 517 623 166 283 513 269 281 485 541 417 967 149 510 467 604 227 229 286 181 194 218 406 317 452 569 534 53 819 931 205 301 663 764 567 172 732 397 321 425 359 915 200 230 299 255 570 220 483 119 379 347 661 599 542 109 204 278 466 0 760 354 689 622 785 462 186 461 727 252 90 552 321 216 269 57 476 661 217 636 630 1033 82 155 924 478 763 157 1016 552 963 681 396
564 214 610 229 772 1320 530 801 559 224 505 1058 1352 516 544 864 951 568 528 488 615 425 869 610 1275 901 631 480 247 513 672 1153 599 1177 367 655 433 901 986 580 567 595 913 796 948 373 1076 323 355 1245 813 925 391 555 491 1405 940 1068 812 846 1152 953 706 924 401 576 665 461 532 403 554 899 644 453 413 535 1360 240 711 579 814 390 760 0 917 367 608 963 344 650 1087 756 958 687 424 464 665 604 809 988 387 567 1062 1205 298 723 733 449 388 1186 615 596 783 738 230 446
396 913 356 821 1217 408 394 777 408 1044 954 498 477 438 428 756 265 411 403 433 314 787 132 312 507 334 335 482 691 552 244 249 434 463 997 317 809 148 949 359 536 619 242 167 475 550 439 680 607 725 343 1173 1186 463 438 555 1118 213 514 490 400 83 265 7 1176 497 577 508 408 861 408 831 424 463 542 980 613 759 460 508 626 744 354 917 0 694 502 500 573 295 743 530 190 427 553 592 266 315 375 805 946 387 971 302 1214 434 509 1197 539 409 372 950 906 819 920 470
480 243 511 471 1063 1062 402 916 484 381 297 1001 1168 446 481 957 825 501 303 367 470 125 697 393 1149 575 523 439 339 547 476 943 282 1069 302 544 636 628 1125 462 595 670 784 631 907 321 989 438 122 1223 736 1163 754 528 392 1239 1154 791 812 490 1025 755 436 700 762 579 712 439 436 640 475 1014 606 310 403 798 1248 425 695 588 862 559 689 367 694 0 260 608 255 516 1120 395 801 653 145 523 507 438 746 1070 670 473 1189 942 631 693 739 806 213 870 534 341 956 395 537 292
453 503 462 648 1213 828 369 954 463 641 459 907 976 444 472 975 696 481 229 359 394 308 547 275 998 317 464 462 493 588 348 744 81 935 535 475 763 402 1163 413 620 713 657 496 834 397 876 562 259 1141 656 1268 978 531 390 1057 1243 553 779 238 880 577 239 507 981 590 728 477 416 786 455 1042 581 317 464 943 1102 588 668 602 859 681 622 608 502 260 0 354 354 435 1082 158 650 621 194 587 407 355 676 1072 839 442 1214 707 887 657 722 1020 279 613 492 448 1029 342 733 303
694 846 680 987 1524 641 628 1186 707 982 726 996 886 705 722 1187 762 720 512 638 605 622 612 494 985 167 671 738 831 857 519 664 377 958 847 670 1074 351 1383 644 873 969 734 601 958 714 939 884 612 1225 798 1545 1329 780 664 979 1508 401 958 118 891 582 375 500 1331 836 961 759 671 1107 700 1261 796 617 763 1258 1089 925 868 848 1059 993 785 963 500 608 354 0 686 628 1227 217 690 823 544 873 588 573 827 1261 1170 680 1420 536 1240 848 924 1368 614 339 710 673 1289 458 1078 609
250 376 291 301 860 977 193 661 250 491 546 776 1016 208 242 701 631 264 193 151 278 380 532 267 959 590 309 189 145 291 328 811 309 869 506 332 412 563 871 251 340 415 591 459 674 65 777 209 137 988 514 929 655 280 163 1075 913 729 565 579 834 612 373 580 653 326 457 186 210 432 242 758 364 109 147 590 1051 238 449 335 609 330 462 344 573 255 354 686 0 318 870 511 626 412 169 268 326 262 518 815 486 248 933 862 641 452 490 686 74 861 305 597 708 622 395 103
100 691 62 529 940 701 125 558 112 809 809 487 701 144 132 562 314 116 224 166 45 634 219 161 643 476 45 188 410 262 108 508 354 556 806 42 516 354 757 70 258 351 274 147 403 277 473 387 402 716 225 926 892 173 159 757 883 494 347 561 518 310 254 303 882 218 333 213 119 566 112 635 167 217 251 692 737 469 244 231 437 449 186 650 295 516 435 628 318 0 647 546 308 197 374 298 40 82 242 647 651 92 799 598 941 227 299 901 314 671 87 835 665 776 627 231
645 1222 624 869 827 963 730 336 639 1302 1415 271 726 674 639 257 482 621 863 757 688 1245 617 808 513 1060 619 682 863 591 742 733 1001 426 1369 606 694 884 325 675 536 492 501 626 269 805 352 768 997 215 434 650 1108 591 729 697 569 931 308 1186 477 674 883 746 1083 544 425 684 688 750 648 279 515 814 727 741 513 847 425 536 273 706 461 1087 743 1120 1082 1227 870 647 0 1187 563 469 993 632 677 727 409 165 828 654 295 930 1305 430 380 1069 907 1132 596 1458 457 1422 926 831
584 630 584 806 1369 787 505 1089 595 765 518 988 982 582 606 1103 763 612 368 502 511 404 608 388 1038 250 582 606 651 731 445 749 213 989 631 589 918 399 1295 539 758 853 727 572 928 552 946 719 415 1223 753 1417 1133 667 532 1070 1389 518 893 101 928 613 305 533 1136 725 861 623 552 943 587 1173 705 466 615 1100 1143 746 789 738 982 836 727 756 530 395 158 217 511 546 1187 0 704 741 352 736 512 473 778 1193 997 572 1342 671 1026 774 844 1176 437 525 616 477 1173 295 891 454
395 995 349 820 1126 463 432 646 403 1116 1081 309 394 443 420 611 80 397 497 474 347 908 104 408 350 523 328 484 715 510 325 233 574 286 1100 304 760 338 796 378 477 539 77 170 300 585 249 676 696 535 216 1050 1172 431 467 449 987 369 374 674 230 112 412 190 1158 443 479 506 425 818 406 684 361 521 551 914 452 764 359 450 486 710 252 958 190 801 650 690 626 308 563 704 0 342 656 559 301 369 245 641 909 392 808 393 1246 332 394 1170 614 570 350 1090 785 983 914 534
176 782 159 509 794 798 260 365 170 881 950 372 717 207 172 365 299 153 396 288 230 778 305 353 599 667 159 224 442 184 304 574 542 496 918 154 420 525 560 208 139 198 272 260 264 350 390 372 532 576 138 749 842 135 261 750 699 639 160 759 481 403 451 433 826 114 150 234 219 479 179 438 47 345 282 572 676 462 47 116 240 377 90 687 427 653 621 823 412 197 469 741 342 0 524 236 235 269 124 451 571 185 602 713 953 39 102 834 440 831 129 989 483 957 595 363
348 363 374 454 1028 932 265 816 354 498 435 861 1025 321 355 848 680 371 158 236 328 260 552 249 1004 477 385 322 301 442 331 803 174 925 446 404 581 500 1026 324 484 569 639 486 770 225 847 378 69 1086 597 1099 785 407 264 1095 1081 666 684 431 881 612 303 560 787 462 600 329 305 599 345 910 478 179 303 758 1103 395 568 473 745 500 552 424 553 145 194 544 169 374 993 352 656 524 0 429 363 295 609 956 647 340 1085 813 714 563 616 825 99 766 399 465 873 457 539 162
200 591 237 272 655 993 246 393 187 671 806 599 947 171 168 437 529 182 368 236 293 646 497 382 836 742 257 134 231 52 385 784 522 732 741 276 217 647 602 246 104 149 497 432 487 205 625 141 406 781 373 681 612 131 208 985 656 793 348 783 717 595 506 600 598 121 206 113 207 268 190 491 202 270 126 397 911 229 251 120 360 152 321 464 592 523 587 873 268 298 632 736 559 236 429 0 334 314 361 555 354 212 666 894 719 267 268 612 329 965 220 864 444 887 360 284
134 693 100 555 979 674 134 598 147 815 796 506 690 172 166 600 318 153 207 176 49 621 205 132 644 436 85 217 430 300 69 489 326 562 802 81 552 315 796 93 298 392 277 133 427 292 485 414 397 737 249 967 920 212 176 750 924 459 381 523 520 289 216 273 910 259 373 242 142 601 145 674 208 219 276 730 741 493 281 271 475 483 216 665 266 507 407 588 326 40 677 512 301 235 363 334 0 68 269 683 684 123 837 568 958 264 337 931 312 632 127 817 705 749 654 232
121 625 111 509 968 724 80 619 134 748 729 569 755 142 150 630 387 147 141 117 39 554 271 84 713 431 109 183 375 289 75 549 274 631 733 120 529 338 823 72 300 396 346 200 485 234 552 373 328 799 308 973 875 207 125 817 935 493 424 496 589 350 197 323 868 263 392 209 107 573 128 701 232 153 234 711 810 446 316 276 509 454 269 604 315 438 355 573 262 82 727 473 369 269 295 314 68 0 325 721 652 108 869 613 900 303 371 892 244 654 143 753 716 695 609 164
268 893 235 633 881 709 344 405 268 997 1043 257 599 310 276 380 187 253 465 379 286 868 243 401 474 663 224 336 562 308 333 477 595 371 1023 206 537 499 573 284 262 303 169 228 161 460 267 496 627 477 32 807 963 254 358 628 748 585 138 779 357 330 474 380 947 239 237 350 312 597 276 455 165 437 399 677 552 586 121 241 251 499 57 809 375 746 676 827 518 242 409 778 245 124 609 361 269 325 0 436 689 273 599 635 1078 97 149 953 535 785 214 1074 541 1019 720 454
619 1143 610 762 662 1076 705 194 610 1209 1360 392 865 637 605 123 562 592 844 724 681 1195 673 805 660 1099 611 634 781 524 752 840 993 564 1295 604 571 935 169 658 475 407 569 664 344 749 473 679 949 381 467 487 966 549 694 846 407 1007 303 1206 605 747 898 808 940 494 357 631 659 622 619 117 491 777 668 592 671 749 404 483 213 598 476 988 805 1070 1072 1261 815 647 165 1193 641 451 956 555 683 721 436 0 693 630 167 1028 1182 419 349 922 863 1209 579 1412 296 1403 807 795
550 596 590 199 395 1348 575 499 538 601 880 890 1288 513 518 575 870 535 661 549 639 767 851 705 1154 1060 611 469 346 400 727 1137 795 1046 753 630 152 990 647 592 432 391 842 787 778 456 934 288 592 1022 708 539 283 486 530 1316 560 1142 626 1066 1044 950 828 953 263 465 467 444 546 91 539 585 547 556 421 149 1216 252 567 458 577 202 661 387 946 670 839 1170 486 651 828 997 909 571 647 354 684 652 689 693 0 560 726 1249 496 591 559 264 560 1306 575 963 434 1065 156 562
13 625 43 437 862 794 75 517 26 736 770 530 786 52 44 533 386 40 213 106 81 596 309 188 714 539 64 96 323 182 174 599 365 621 750 88 429 435 723 36 192 289 347 238 433 197 528 294 353 749 266 865 799 99 85 838 827 582 345 602 589 402 305 395 789 155 289 121 38 477 21 602 140 163 160 609 803 377 230 168 417 359 217 567 387 473 442 680 248 92 654 572 392 185 340 212 123 108 273 630 560 0 772 690 854 223 282 809 262 753 60 806 609 774 535 181
760 1235 757 832 599 1240 844 273 750 1286 1471 551 1019 772 743 239 729 733 985 859 831 1313 839 953 808 1260 761 763 879 644 906 1005 1138 718 1392 756 630 1099 80 803 601 518 737 827 511 868 633 774 1070 493 631 384 977 684 828 992 301 1174 463 1360 764 914 1053 975 950 626 487 756 798 671 759 175 637 910 787 601 806 832 555 614 362 675 636 1062 971 1189 1214 1420 933 799 295 1342 808 602 1085 666 837 869 599 167 726 772 0 1195 1223 573 499 923 988 1376 726 1530 292 1539 860 927
699 1176 658 1122 1507 120 693 1039 711 1312 1165 660 367 740 730 1004 468 713 678 730 616 1015 407 594 523 421 637 785 988 852 539 201 661 543 1238 618 1109 313 1187 661 833 910 470 463 684 846 581 982 875 844 604 1442 1488 764 738 462 1381 154 768 591 476 309 509 295 1478 795 860 810 710 1163 710 1078 718 754 844 1278 616 1059 740 804 880 1046 630 1205 302 942 707 536 862 598 930 671 393 713 813 894 568 613 635 1028 1249 690 1195 0 1503 712 781 1499 819 249 673 1140 1177 963 1221 759
850 405 896 448 790 1618 824 988 843 294 659 1317 1641 802 827 1061 1233 851 826 783 909 649 1161 908 1551 1191 918 762 531 771 969 1448 888 1449 489 942 612 1199 1143 871 822 825 1197 1089 1204 666 1344 581 646 1483 1086 997 298 828 783 1690 1035 1366 1059 1121 1430 1248 1003 1221 325 839 902 741 822 560 839 1078 914 751 695 630 1630 491 970 839 1039 604 1033 298 1214 631 887 1240 641 941 1305 1026 1246 953 714 719 958 900 1078 1182 496 854 1223 1503 0 986 981 375 686 1480 898 757 930 949 378 744
215 821 195 539 796 794 299 346 210 919 990 335 697 247 212 339 282 192 433 327 263 818 308 386 570 690 193 263 479 215 333 565 577 465 957 184 439 541 535 245 166 208 259 271 226 390 357 405 571 536 118 738 866 174 301 726 685 647 122 787 454 403 479 440 849 147 147 273 258 500 218 413 87 385 321 583 644 495 27 147 211 402 82 723 434 693 657 848 452 227 430 774 332 39 563 267 264 303 97 419 591 223 573 712 986 0 77 855 480 842 166 1029 471 994 624 402
271 848 260 533 732 858 357 269 263 937 1035 337 740 295 261 263 335 245 495 380 332 865 381 455 595 767 262 301 495 220 407 626 643 487 991 257 406 618 459 308 165 167 318 347 223 425 375 410 617 512 178 664 839 211 351 761 609 722 79 861 487 473 554 514 820 165 92 304 313 468 272 337 141 436 349 533 659 497 56 158 137 383 155 733 509 739 722 924 490 299 380 844 394 102 616 268 337 371 149 349 559 282 499 781 981 77 0 822 527 918 229 1078 397 1056 610 453
800 654 842 387 420 1602 812 733 788 601 945 1151 1551 759 769 812 1134 788 876 781 884 874 1108 933 1418 1276 864 714 540 660 967 1396 990 1310 789 884 416 1227 844 838 695 655 1105 1042 1040 674 1198 519 761 1271 972 643 77 743 766 1581 692 1385 888 1256 1308 1206 1052 1204 52 726 731 688 789 355 788 808 809 775 657 330 1478 452 832 720 832 460 924 449 1197 806 1020 1368 686 901 1069 1176 1170 834 825 612 931 892 953 922 264 809 923 1499 375 855 822 0 755 1538 830 1039 637 1186 291 777
268 381 301 373 934 936 193 718 271 506 509 791 997 233 268 752 628 288 140 156 270 337 515 226 956 524 315 228 217 344 299 784 236 870 492 337 485 512 928 254 388 471 587 444 695 125 785 283 91 1011 527 1000 721 316 179 1061 981 680 599 506 831 587 318 546 720 369 505 232 224 506 262 813 393 99 203 664 1051 311 482 379 653 403 478 388 539 213 279 614 74 314 907 437 614 440 99 329 312 244 535 863 560 262 988 819 686 480 527 755 0 802 322 551 773 557 464 83
765 1114 733 1151 1611 324 731 1187 778 1252 1043 868 616 796 797 1165 650 786 667 759 671 916 541 604 768 295 715 838 1002 933 580 436 594 775 1145 703 1182 317 1357 718 927 1017 639 571 870 865 795 1023 834 1072 752 1580 1514 844 776 711 1527 201 923 429 706 462 488 404 1510 888 982 863 762 1228 775 1240 823 764 885 1362 863 1086 868 899 1036 1109 763 1186 409 870 613 339 861 671 1132 525 570 831 766 965 632 654 785 1209 1306 753 1376 249 1480 842 918 1538 802 0 757 1001 1314 796 1249 763
55 682 31 470 854 772 134 477 56 791 830 471 744 100 70 487 336 47 267 166 106 656 278 227 661 562 41 135 369 179 192 568 414 566 809 55 436 441 680 79 171 264 299 211 373 251 471 326 413 689 208 840 826 90 144 792 798 577 289 639 537 375 335 379 814 131 250 156 98 489 63 558 89 223 202 609 749 413 175 144 367 373 157 615 372 534 492 710 305 87 596 616 350 129 399 220 127 143 214 579 575 60 726 673 898 166 229 830 322 757 0 865 579 828 565 241
814 385 840 771 1358 1259 731 1257 819 463 98 1322 1424 784 818 1299 1128 836 611 701 789 217 986 690 1441 724 849 779 665 888 772 1191 518 1371 267 868 957 845 1465 789 936 1012 1088 928 1235 663 1302 769 463 1550 1059 1483 973 868 728 1505 1481 986 1149 571 1320 1024 685 955 988 920 1054 781 770 951 810 1355 942 644 745 1103 1543 738 1032 929 1204 886 1016 596 950 341 448 673 597 835 1458 477 1090 989 465 864 817 753 1074 1412 963 806 1530 1140 757 1029 1078 1039 551 1001 865 0 1290 235 814 626
596 968 609 555 376 1248 669 146 583 1007 1223 623 1090 591 569 212 718 568 804 671 683 1076 778 797 906 1141 620 567 626 442 772 1012 960 801 1128 625 350 1008 212 644 417 320 708 742 535 648 694 522 845 671 572 266 687 509 641 1089 218 1119 413 1210 825 871 913 912 660 453 333 552 623 384 590 179 498 712 571 309 937 565 445 440 305 409 552 783 906 956 1029 1289 708 665 457 1173 785 483 873 444 705 716 541 296 434 609 292 1177 930 471 397 637 773 1314 579 1290 0 1330 572 727
785 549 799 866 1458 1078 699 1272 793 658 316 1249 1277 767 798 1300 1034 811 561 680 734 312 883 617 1325 542 803 776 731 898 691 1044 424 1269 476 816 1026 693 1482 749 938 1025 996 836 1177 682 1216 824 489 1484 999 1550 1128 855 710 1364 1536 812 1117 373 1211 900 571 823 1139 913 1052 785 744 1033 784 1365 914 629 760 1192 1430 819 1004 924 1190 947 963 738 819 395 342 458 622 776 1422 295 983 957 457 887 749 695 1019 1403 1065 774 1539 963 949 994 1056 1186 557 796 828 235 1330 0 929 612
528 440 572 99 545 1328 529 613 517 445 728 947 1305 483 499 684 889 520 585 495 605 624 842 645 1194 985 594 439 249 412 684 1133 701 1090 597 616 235 941 781 561 458 449 856 773 834 384 981 240 477 1105 733 696 266 484 483 1345 714 1101 686 968 1077 937 762 927 260 481 527 414 511 189 516 706 562 485 377 305 1267 163 605 479 660 228 681 230 920 537 733 1078 395 627 926 891 914 595 539 360 654 609 720 807 156 535 860 1221 378 624 610 291 464 1249 565 814 572 929 0 487
188 461 218 390 918 873 110 659 192 583 589 709 920 158 192 688 546 210 99 75 187 415 436 164 874 500 232 163 239 287 226 711 241 788 575 254 467 461 870 171 325 414 505 365 614 105 702 275 173 930 444 964 751 245 102 982 940 626 523 509 749 512 275 478 747 301 440 175 144 497 183 752 316 17 161 650 969 325 406 312 583 385 396 446 470 292 303 609 103 231 831 454 534 363 162 284 232 164 454 795 562 181 927 759 744 402 453 777 83 763 241 626 727 612 487 0
