0 721 1293 1210 1656 150 663 895 989 654 90 738 1706 396 324 73
721 0 647 1372 1779 868 1053 1611 1676 1013 799 325 1845 1103 1035 788
1293 647 0 1984 1708 1442 1701 2127 2280 1661 1380 569 2431 1689 1568 1365
1210 1372 1984 0 2863 1193 579 1656 1277 571 1169 1640 499 1166 1359 1184
1656 1779 1708 2863 0 1703 2317 1783 2266 2309 1709 1462 3361 1839 1603 1692
150 868 1442 1193 1703 0 621 759 841 622 70 885 1678 247 210 79
663 1053 1701 579 2317 621 0 1118 849 48 607 1242 1057 590 780 624
895 1611 2127 1656 1783 759 1118 0 535 1149 829 1557 2059 578 575 836
989 1676 2280 1277 2266 841 849 535 0 893 900 1727 1610 594 772 916
654 1013 1661 571 2309 622 48 1149 893 0 603 1209 1056 610 790 619
90 799 1380 1169 1709 70 607 829 900 603 0 827 1660 309 274 19
738 325 569 1640 1462 885 1242 1557 1727 1209 827 0 2126 1132 999 811
1706 1845 2431 499 3361 1678 1057 2059 1610 1056 1660 2126 0 1623 1832 1675
396 1103 1689 1166 1839 247 590 578 594 610 309 1132 1623 0 236 323
324 1035 1568 1359 1603 210 780 575 772 790 274 999 1832 236 0 275
73 788 1365 1184 1692 79 624 836 916 619 19 811 1675 323 275 0
