0 292 373 1352 877 208 742 944 465 1165 1487 734 317 897 555 975
292 0 666 1210 624 410 1006 736 719 874 1780 813 320 957 593 1186
373 666 0 1581 1231 375 474 1251 267 1535 1115 777 580 974 722 804
1352 1210 1581 0 1486 1554 2048 531 1405 1065 2536 915 1039 2167 1804 2325
877 624 1231 1486 0 878 1436 956 1335 614 2303 1398 924 986 743 1473
208 410 375 1554 878 0 601 1124 569 1266 1427 929 524 700 379 785
742 1006 474 2048 1436 601 0 1682 713 1867 904 1246 1022 797 735 370
944 736 1251 531 956 1124 1682 0 1150 619 2317 821 671 1674 1317 1909
465 719 267 1405 1335 569 713 1150 0 1534 1167 539 510 1227 945 1062
1165 874 1535 1065 614 1266 1867 619 1534 0 2650 1365 1028 1574 1278 1988
1487 1780 1115 2536 2303 1427 904 2317 1167 2650 0 1622 1662 1675 1637 1101
734 813 777 915 1398 929 1246 821 539 1365 1622 0 493 1628 1289 1580
317 320 580 1039 924 524 1022 671 510 1028 1662 493 0 1194 837 1285
897 957 974 2167 986 700 797 1674 1227 1574 1675 1628 1194 0 364 610
555 593 722 1804 743 379 735 1317 945 1278 1637 1289 837 364 0 729
975 1186 804 2325 1473 785 370 1909 1062 1988 1101 1580 1285 610 729 0
