0 475 833 465 819 801 301 824 605 287 131 151 246 437 722 419 705 575 446 604 482 528 723 348 439 228 129 285 205 731 241 40 523 551 858 705 352 773 807 272 842 855 663 9 183 447 779 436 483 460 372 87 624 766 530 670 310 628 177 814 287 409 346 760 608 339 77 127 21 634 751 42 450 422 427 246 855 581
475 0 382 928 812 1183 685 1300 1073 307 516 623 510 647 640 658 252 211 710 382 405 118 622 584 88 365 526 560 408 355 346 454 961 1027 1266 1019 234 1230 688 433 528 524 1079 466 292 876 795 911 462 927 757 540 1097 947 537 937 451 1092 552 1098 551 883 779 1152 174 240 539 535 494 316 1016 514 896 447 893 381 843 742
833 382 0 1297 1111 1430 1066 1649 1439 688 839 971 892 1021 927 881 327 277 1088 657 540 414 617 964 394 662 902 828 707 497 728 819 1338 1377 1530 1397 504 1541 947 814 670 304 1358 824 656 1177 832 1266 601 1259 1139 882 1457 1301 658 1310 829 1417 931 1470 817 1227 1089 1408 225 516 904 910 849 548 1387 875 1271 628 1260 666 1136 897
465 928 1297 0 932 736 296 411 148 665 503 350 476 522 926 700 1133 1041 456 937 914 957 1123 487 902 675 404 616 638 1117 613 477 123 189 724 481 815 513 1016 566 1178 1312 566 475 640 427 1113 128 896 278 264 436 184 702 920 532 579 367 390 600 625 210 400 685 1072 803 392 395 452 1007 583 423 80 834 43 684 963 863
819 812 1111 932 0 1577 667 1323 1052 602 950 910 579 424 184 1231 789 1024 477 454 1151 720 1401 495 876 955 715 1095 966 638 616 780 857 1117 1605 601 948 1435 198 550 533 1331 1417 818 778 1210 1531 1019 1188 1140 671 898 1101 338 1258 485 511 1281 679 582 1095 1061 1122 1530 971 944 796 724 835 563 510 813 853 1144 932 982 36 1382
801 1183 1430 736 1577 0 918 637 717 1086 695 674 1006 1154 1510 548 1435 1159 1118 1403 892 1275 940 1081 1109 818 872 623 776 1505 1043 841 857 573 121 1217 960 340 1598 1063 1636 1281 169 806 940 366 790 610 835 462 937 713 675 1415 794 1257 1097 399 901 1336 632 541 460 50 1237 951 795 862 780 1420 1315 789 809 802 710 801 1612 573
301 685 1066 296 667 918 0 708 441 393 408 294 188 242 637 684 864 835 199 642 782 693 1024 192 680 528 180 561 506 830 345 287 284 465 939 405 632 772 728 280 882 1136 754 307 425 557 1071 357 785 473 74 332 481 511 830 384 287 617 139 518 566 394 480 870 847 620 230 177 301 718 461 265 235 723 281 546 701 854
824 1300 1649 411 1323 637 708 0 273 1063 811 679 884 929 1333 897 1522 1378 857 1346 1194 1345 1355 898 1259 992 796 868 948 1520 1010 847 465 272 559 789 1147 299 1422 972 1588 1612 511 833 1007 539 1282 389 1160 403 672 766 227 1054 1159 876 989 286 791 886 879 422 591 596 1425 1135 763 786 805 1411 901 786 480 1102 430 993 1352 1023
605 1073 1439 148 1052 717 441 273 0 814 626 477 623 656 1060 789 1281 1178 584 1083 1034 1105 1230 628 1044 804 552 722 764 1265 761 620 195 147 681 543 950 440 1149 714 1323 1441 554 614 784 469 1198 193 1011 305 400 566 52 794 1027 618 726 320 539 652 733 268 474 668 1213 938 535 542 590 1155 653 563 208 949 179 811 1081 942
287 307 688 665 602 1086 393 1063 814 0 395 430 208 344 469 649 471 492 403 317 554 299 808 277 328 356 266 517 372 459 52 248 677 796 1145 712 354 1051 546 126 556 810 950 281 178 734 928 678 587 734 461 373 845 662 656 633 146 900 274 794 514 672 633 1046 479 348 315 277 308 354 714 307 620 541 637 382 638 788
131 516 839 503 950 695 408 811 626 395 0 152 377 567 848 288 762 567 571 710 411 592 631 479 459 181 254 156 138 814 357 169 585 543 764 812 336 714 931 401 941 814 571 132 246 361 663 439 397 419 472 76 635 893 430 788 439 580 300 926 160 389 263 657 618 324 180 250 119 725 867 149 508 334 460 184 986 453
151 623 971 350 910 674 294 679 477 430 152 0 333 498 835 394 856 704 482 746 563 680 780 417 580 326 197 282 287 882 381 184 434 406 721 687 474 622 924 389 987 963 526 160 332 310 795 295 548 308 347 89 490 802 577 678 422 476 231 805 290 259 214 630 746 461 121 188 131 782 753 123 357 485 308 334 946 565
246 510 892 476 579 1006 188 884 623 208 377 333 0 195 505 665 676 678 223 462 676 507 929 106 517 433 136 530 427 643 164 210 473 628 1046 520 499 913 594 91 705 990 853 247 286 640 1011 512 693 598 253 319 660 529 750 459 105 757 107 615 532 526 547 961 678 489 216 145 259 531 541 234 422 636 454 457 616 826
437 647 1021 522 424 1154 242 929 656 344 567 498 195 0 404 856 761 837 82 473 865 612 1120 89 673 627 315 722 622 683 320 404 471 702 1180 378 679 1014 493 226 694 1154 993 439 471 789 1206 599 885 715 257 503 702 334 944 290 198 859 271 450 724 636 704 1107 821 670 395 321 448 571 369 419 449 829 516 651 459 1019
722 640 927 926 184 1510 637 1333 1060 469 848 835 505 404 0 1116 605 851 478 272 1000 542 1244 447 710 825 638 983 842 455 494 681 874 1103 1551 686 797 1407 90 450 367 1153 1358 719 648 1145 1387 994 1042 1098 662 807 1106 462 1114 568 414 1251 611 696 981 1022 1050 1466 794 793 716 648 740 379 615 725 853 1002 917 851 209 1258
419 658 881 700 1231 548 684 897 789 649 288 394 665 856 1116 0 908 611 857 944 346 763 458 767 577 309 542 135 280 1002 622 454 807 665 650 1082 425 704 1195 680 1155 752 490 418 474 359 412 598 292 503 742 356 779 1180 269 1068 719 618 588 1199 135 520 317 528 692 418 465 537 407 933 1145 437 731 253 657 286 1267 170
705 252 327 1133 789 1435 864 1522 1281 471 762 856 676 761 605 908 0 363 837 339 628 177 806 722 331 617 729 812 660 173 521 677 1148 1251 1518 1138 482 1472 620 586 354 593 1329 696 524 1123 1001 1133 689 1164 929 777 1310 1006 763 1039 589 1331 744 1196 803 1114 1025 1404 273 490 759 739 725 226 1111 739 1091 685 1103 634 813 982
575 211 277 1041 1024 1159 835 1378 1178 492 567 704 678 837 851 611 363 0 893 588 283 314 442 766 163 387 661 551 432 517 520 567 1093 1108 1256 1198 231 1264 895 613 700 318 1082 566 410 900 638 1000 347 985 909 615 1194 1149 414 1125 638 1141 696 1285 540 956 813 1136 93 243 649 667 589 509 1206 618 1023 362 1002 390 1055 647
446 710 1088 456 477 1118 199 857 584 403 571 482 223 82 478 857 837 893 0 555 898 684 1151 127 729 653 317 727 642 764 372 418 395 640 1136 308 722 958 565 279 776 1208 953 450 509 756 1224 543 913 668 193 501 631 322 968 236 259 804 270 393 731 588 677 1069 883 712 392 321 453 652 318 421 380 855 454 675 509 1024
604 382 657 937 454 1403 642 1346 1083 317 710 746 462 473 272 944 339 588 555 0 768 275 1001 463 460 636 566 819 664 216 364 565 919 1089 1463 835 571 1361 307 375 244 883 1268 598 473 1051 1161 972 817 1043 693 691 1121 673 893 727 357 1208 559 878 814 977 951 1363 525 570 627 577 625 114 793 623 877 787 916 661 481 1065
482 405 540 914 1151 892 782 1194 1034 554 411 563 676 865 1000 346 628 283 898 768 0 523 255 779 317 253 603 327 280 758 555 495 993 937 996 1181 203 1037 1062 644 933 419 834 475 394 676 393 843 63 791 854 481 1038 1199 134 1133 679 932 648 1285 315 782 605 874 374 207 558 604 486 719 1215 522 917 95 871 236 1186 364
528 118 414 957 720 1275 693 1345 1105 299 592 680 507 612 542 763 177 314 684 275 523 0 739 563 206 460 553 656 500 240 348 500 976 1074 1353 990 346 1299 582 420 409 610 1163 520 350 954 914 956 580 989 760 603 1133 888 655 899 428 1156 569 1059 649 937 855 1242 251 350 582 563 549 199 975 562 917 563 926 480 749 856
723 622 617 1123 1401 940 1024 1355 1230 808 631 780 929 1120 1244 458 806 442 1151 1001 255 739 0 1034 540 499 848 508 517 958 811 740 1215 1116 1057 1427 454 1154 1302 899 1140 369 927 716 650 817 216 1036 239 958 1094 706 1226 1454 203 1384 935 1076 895 1534 498 966 769 935 532 460 796 849 724 938 1466 760 1137 301 1080 478 1435 368
348 584 964 487 495 1081 192 898 628 277 479 417 106 89 447 767 722 766 127 463 779 563 1034 0 602 539 228 633 533 663 245 315 456 657 1113 434 598 959 538 152 698 1081 923 350 387 715 1117 547 798 653 231 416 671 423 856 361 135 804 187 520 635 576 627 1035 757 588 309 235 360 550 443 332 420 742 474 563 531 930
439 88 394 902 876 1109 680 1259 1044 328 459 580 517 673 710 577 331 163 729 460 317 206 540 602 0 295 510 485 340 443 357 424 946 987 1196 1035 151 1172 763 450 616 481 1012 430 262 814 708 874 373 877 753 493 1064 987 449 962 474 1040 541 1122 476 839 720 1080 169 159 509 517 456 402 1042 480 877 360 865 308 909 655
228 365 662 675 955 818 528 992 804 356 181 326 433 627 825 309 617 387 653 636 253 460 499 539 295 0 350 196 45 697 340 242 746 724 902 929 157 882 899 417 846 637 716 221 177 520 582 619 260 597 600 239 815 962 317 885 455 755 396 1035 188 570 429 787 444 145 305 351 234 624 967 269 671 202 633 26 991 433
129 526 902 404 715 872 180 796 552 266 254 197 136 315 638 542 729 661 317 566 603 553 848 228 510 350 0 410 332 725 214 108 436 529 915 579 452 794 727 196 810 957 721 134 250 506 908 411 609 477 254 188 581 638 658 541 227 641 47 686 413 410 412 827 679 440 81 11 136 618 622 105 369 548 373 369 751 707
285 560 828 616 1095 623 561 868 722 517 156 282 530 722 983 135 812 551 727 819 327 656 508 633 485 196 410 0 157 892 488 320 712 615 711 964 338 717 1063 545 1037 746 531 283 346 353 513 529 292 465 623 229 721 1049 304 943 584 606 457 1079 11 461 278 594 621 328 336 406 274 816 1022 306 635 234 572 178 1132 297
205 408 707 638 966 776 506 948 764 372 138 287 427 622 842 280 660 432 642 664 280 500 517 533 340 45 332 157 0 734 350 225 713 681 858 910 203 836 918 421 879 676 672 199 195 474 584 578 278 552 577 202 774 956 326 872 460 709 379 1018 151 527 383 744 490 191 279 332 207 658 953 242 637 216 595 46 1002 416
731 355 497 1117 638 1505 830 1520 1265 459 814 882 643 683 455 1002 173 517 764 216 758 240 958 663 443 697 725 892 734 0 511 697 1113 1255 1578 1050 587 1505 457 552 184 765 1385 724 567 1172 1144 1137 816 1189 888 813 1300 886 892 943 543 1356 729 1094 885 1130 1072 1470 432 591 772 736 753 113 1009 759 1065 802 1092 718 658 1097
241 346 728 613 616 1043 345 1010 761 52 357 381 164 320 494 622 521 520 372 364 555 348 811 245 357 340 214 488 350 511 0 202 627 744 1099 678 362 1000 575 94 605 836 904 236 165 687 920 625 583 683 414 329 793 647 649 606 124 849 222 765 486 620 588 1002 515 354 264 224 262 406 687 259 569 534 584 366 652 767
40 454 819 477 780 841 287 847 620 248 169 184 210 404 681 454 677 567 418 565 495 500 740 315 424 242 108 320 225 697 202 0 526 575 897 687 350 807 766 232 805 855 702 38 163 485 806 458 501 492 360 127 642 735 552 646 270 659 154 793 321 437 385 799 594 338 85 109 60 598 728 62 455 441 441 262 816 615
523 961 1338 123 857 857 284 465 195 677 585 434 473 471 874 807 1148 1093 395 919 993 976 1215 456 946 746 436 712 713 1113 627 526 0 295 840 364 875 618 961 564 1154 1379 688 532 684 549 1218 251 982 402 226 512 246 601 1012 427 569 479 409 480 721 332 517 807 1115 863 446 428 514 1000 469 481 77 919 159 758 887 972
551 1027 1377 189 1117 573 465 272 147 796 543 406 628 702 1103 665 1251 1108 640 1089 937 1074 1116 657 987 724 529 615 681 1255 744 575 295 0 546 659 877 324 1193 713 1332 1352 408 560 734 329 1069 118 908 166 447 494 118 890 915 719 733 184 529 774 626 155 348 524 1153 865 491 519 532 1148 765 513 269 848 186 726 1149 811
858 1266 1530 724 1605 121 939 559 681 1145 764 721 1046 1180 1551 650 1518 1256 1136 1463 996 1353 1057 1113 1196 902 915 711 858 1578 1099 897 840 546 0 1204 1050 262 1641 1110 1700 1393 195 864 1011 412 910 606 941 467 948 772 634 1419 904 1255 1142 363 939 1321 721 548 511 123 1331 1040 842 904 837 1488 1307 841 801 904 705 887 1639 689
705 1019 1397 481 601 1217 405 789 543 712 812 687 520 378 686 1082 1138 1198 308 835 1181 990 1427 434 1035 929 579 964 910 1050 678 687 364 659 1204 0 1016 979 758 586 1032 1511 1047 711 804 889 1475 606 1188 756 340 736 595 279 1235 118 567 843 532 121 969 680 836 1167 1191 1006 635 578 706 940 112 670 408 1127 507 948 621 1252
352 234 504 815 948 960 632 1147 950 354 336 474 499 679 797 425 482 231 722 571 203 346 454 598 151 157 452 338 203 587 362 350 875 877 1050 1016 0 1039 860 454 752 505 868 343 212 676 592 770 247 754 706 385 964 1009 322 958 487 913 492 1114 328 725 586 932 287 12 428 456 364 532 1040 395 802 219 775 165 983 510
773 1230 1541 513 1435 340 772 299 440 1051 714 622 913 1014 1407 704 1472 1264 958 1361 1037 1299 1154 959 1172 882 794 717 836 1505 1000 807 618 324 262 979 1039 0 1497 990 1604 1453 239 781 948 364 1047 415 991 317 764 695 389 1215 974 1043 1016 155 807 1091 728 386 453 302 1326 1027 735 783 752 1404 1087 745 593 942 505 875 1468 798
807 688 947 1016 198 1598 728 1422 1149 546 931 924 594 493 90 1195 620 895 565 307 1062 582 1302 538 763 899 727 1063 918 457 575 766 961 1193 1641 758 860 1497 0 536 336 1188 1448 804 723 1234 1452 1085 1107 1188 751 892 1195 518 1181 640 501 1342 701 759 1060 1113 1138 1554 831 858 803 737 826 401 680 812 943 1071 1008 925 209 1333
272 433 814 566 550 1063 280 972 714 126 401 389 91 226 450 680 586 613 279 375 644 420 899 152 450 417 196 545 421 552 94 232 564 713 1110 586 454 990 536 0 619 929 916 270 249 700 1000 596 669 673 342 356 749 555 732 512 39 835 184 671 545 604 603 1019 605 445 268 207 290 440 593 275 513 616 542 443 587 833
842 528 670 1178 533 1636 882 1588 1323 556 941 987 705 694 367 1155 354 700 776 244 933 409 1140 698 616 846 810 1037 879 184 605 805 1154 1332 1700 1032 752 1604 336 619 0 947 1506 836 697 1289 1322 1216 989 1287 929 928 1363 828 1065 917 600 1452 803 1056 1031 1221 1189 1598 617 754 869 821 864 221 973 864 1116 970 1158 869 545 1261
855 524 304 1312 1331 1281 1136 1612 1441 810 814 963 990 1154 1153 752 593 318 1208 883 419 610 369 1081 481 637 957 746 676 765 836 855 1379 1352 1393 1511 505 1453 1188 929 947 0 1243 846 711 1095 581 1253 462 1209 1210 876 1449 1467 488 1442 955 1352 996 1601 734 1196 1024 1269 359 517 932 962 865 789 1523 898 1305 513 1271 629 1360 713
663 1079 1358 566 1417 169 754 511 554 950 571 526 853 993 1358 490 1329 1082 953 1268 834 1163 927 923 1012 716 721 531 672 1385 904 702 688 408 195 1047 868 239 1448 916 1506 1243 0 669 818 216 810 441 783 293 770 577 515 1246 756 1088 948 244 747 1166 542 372 316 119 1153 858 648 711 642 1294 1145 646 639 739 540 704 1452 565
9 466 824 475 818 806 307 833 614 281 132 160 247 439 719 418 696 566 450 598 475 520 716 350 430 221 134 283 199 724 236 38 532 560 864 711 343 781 804 270 836 846 669 0 174 453 775 445 477 468 379 92 634 769 524 675 308 636 181 820 285 418 353 765 599 330 85 133 29 627 756 51 459 416 436 239 854 579
183 292 656 640 778 940 425 1007 784 178 246 332 286 471 648 474 524 410 509 473 394 350 650 387 262 177 250 346 195 567 165 163 684 734 1011 804 212 948 723 249 697 711 818 174 0 606 755 619 419 639 500 253 805 804 484 745 285 806 285 901 341 592 506 904 432 202 248 256 202 479 828 222 615 369 604 203 814 609
447 876 1177 427 1210 366 557 539 469 734 361 310 640 789 1145 359 1123 900 756 1051 676 954 817 715 814 520 506 353 474 1172 687 485 549 329 412 889 676 364 1234 700 1289 1095 216 453 606 0 747 301 634 164 583 361 447 1062 625 913 733 260 535 1010 364 217 100 320 963 665 431 496 425 1079 978 429 486 581 391 511 1246 488
779 795 832 1113 1531 790 1071 1282 1198 928 663 795 1011 1206 1387 412 1001 638 1224 1161 393 914 216 1117 708 582 908 513 584 1144 920 806 1218 1069 910 1475 592 1047 1452 1000 1322 581 810 775 755 747 0 1009 345 904 1135 739 1186 1540 272 1449 1038 995 956 1589 506 930 724 794 731 594 842 906 774 1111 1529 808 1142 386 1069 557 1566 259
436 911 1266 128 1019 610 357 389 193 678 439 295 512 599 994 598 1133 1000 543 972 843 956 1036 547 874 619 411 529 578 1137 625 458 251 118 606 606 770 415 1085 596 1216 1253 441 445 619 301 1009 0 818 150 349 384 196 813 833 649 617 261 412 726 539 84 286 560 1041 757 374 400 418 1030 704 397 198 757 99 624 1052 754
483 462 601 896 1188 835 785 1160 1011 587 397 548 693 885 1042 292 689 347 913 817 63 580 239 798 373 260 609 292 278 816 583 501 982 908 941 1188 247 991 1107 669 989 462 783 477 419 634 345 818 0 757 855 471 1012 1220 75 1146 705 892 655 1295 281 753 569 818 437 249 557 609 485 773 1228 521 905 63 853 239 1223 300
460 927 1259 278 1140 462 473 403 305 734 419 308 598 715 1098 503 1164 985 668 1043 791 989 958 653 877 597 477 465 552 1189 683 492 402 166 467 756 754 317 1188 673 1287 1209 293 468 639 164 904 150 757 0 481 387 284 955 759 795 700 167 492 876 476 80 189 412 1038 742 418 466 439 1088 852 430 347 699 249 595 1174 645
372 757 1139 264 671 937 74 672 400 461 472 347 253 257 662 742 929 909 193 693 854 760 1094 231 753 600 254 623 577 888 414 360 226 447 948 340 706 764 751 342 929 1210 770 379 500 583 1135 349 855 481 0 396 444 479 898 335 345 611 214 457 629 400 515 888 920 694 298 250 370 775 407 334 192 793 260 618 703 912
87 540 882 436 898 713 332 766 566 373 76 89 319 503 807 356 777 615 501 691 481 603 706 416 493 239 188 229 202 813 329 127 512 494 772 736 385 695 892 356 928 876 577 92 253 361 739 384 471 387 396 0 579 824 506 714 393 554 233 850 234 345 260 673 658 372 109 182 66 718 793 84 436 407 394 248 934 524
624 1097 1457 184 1101 675 481 227 52 845 635 490 660 702 1106 779 1310 1194 631 1121 1038 1133 1226 671 1064 815 581 721 774 1300 793 642 246 118 634 595 964 389 1195 749 1363 1449 515 634 805 447 1186 196 1012 284 444 579 0 846 1024 670 764 276 571 704 732 260 462 626 1232 952 557 571 608 1190 706 584 252 951 208 820 1131 928
766 947 1301 702 338 1415 511 1054 794 662 893 802 529 334 462 1180 1006 1149 322 673 1199 888 1454 423 987 962 638 1049 956 886 647 735 601 890 1419 279 1009 1215 518 555 828 1467 1246 769 804 1062 1540 813 1220 955 479 824 846 0 1279 177 522 1069 592 244 1052 875 990 1365 1121 1001 714 643 774 787 175 743 622 1164 715 986 352 1346
530 537 658 920 1258 794 830 1159 1027 656 430 577 750 944 1114 269 763 414 968 893 134 655 203 856 449 317 658 304 326 892 649 552 1012 915 904 1235 322 974 1181 732 1065 488 756 524 484 625 272 833 75 759 898 506 1024 1279 0 1198 769 885 705 1344 294 764 570 781 506 323 600 657 529 849 1280 564 934 115 876 293 1294 239
670 937 1310 532 485 1257 384 876 618 633 788 678 459 290 568 1068 1039 1125 236 727 1133 899 1384 361 962 885 541 943 872 943 606 646 427 719 1255 118 958 1043 640 512 917 1442 1088 675 745 913 1449 649 1146 795 335 714 670 177 1198 0 487 900 493 160 948 716 849 1207 1111 948 608 542 675 836 82 640 454 1087 550 907 506 1238
310 451 829 579 511 1097 287 989 726 146 439 422 105 198 414 719 589 638 259 357 679 428 935 135 474 455 227 584 460 543 124 270 569 733 1142 567 487 1016 501 39 600 955 948 308 285 733 1038 617 705 700 345 393 764 522 769 487 0 861 208 648 584 629 637 1053 624 479 302 237 328 430 568 311 522 654 558 481 548 872
628 1092 1417 367 1281 399 617 286 320 900 580 476 757 859 1251 618 1331 1141 804 1208 932 1156 1076 804 1040 755 641 606 709 1356 849 659 479 184 363 843 913 155 1342 835 1452 1352 244 636 806 260 995 261 892 167 611 554 276 1069 885 900 861 0 652 959 617 231 330 351 1198 901 585 630 607 1254 948 597 446 838 354 751 1314 737
177 552 931 390 679 901 139 791 539 274 300 231 107 271 611 588 744 696 270 559 648 569 895 187 541 396 47 457 379 729 222 154 409 529 939 532 492 807 701 184 803 996 747 181 285 535 956 412 655 492 214 233 571 592 705 493 208 652 0 639 460 421 443 856 709 481 123 50 183 620 574 151 347 595 363 416 715 754
814 1098 1470 600 582 1336 518 886 652 794 926 805 615 450 696 1199 1196 1285 393 878 1285 1059 1534 520 1122 1035 686 1079 1018 1094 765 793 480 774 1321 121 1114 1091 759 671 1056 1601 1166 820 901 1010 1589 726 1295 876 457 850 704 244 1344 160 648 959 639 0 1084 801 957 1286 1272 1104 747 686 817 989 85 781 528 1235 627 1055 596 1369
287 551 817 625 1095 632 566 879 733 514 160 290 532 724 981 135 803 540 731 814 315 649 498 635 476 188 413 11 151 885 486 321 721 626 721 969 328 728 1060 545 1031 734 542 285 341 364 506 539 281 476 629 234 732 1052 294 948 584 617 460 1084 0 472 289 603 611 319 340 409 277 809 1027 309 644 223 582 169 1131 294
409 883 1227 210 1061 541 394 422 268 672 389 259 526 636 1022 520 1114 956 588 977 782 937 966 576 839 570 410 461 527 1130 620 437 332 155 548 680 725 386 1113 604 1221 1196 372 418 592 217 930 84 753 80 400 345 260 875 764 716 629 231 421 801 472 0 205 491 1003 712 359 399 390 1027 775 375 273 693 175 572 1095 674
346 779 1089 400 1122 460 480 591 474 633 263 214 547 704 1050 317 1025 813 677 951 605 855 769 627 720 429 412 278 383 1072 588 385 517 348 511 836 586 453 1138 603 1189 1024 316 353 506 100 724 286 569 189 515 260 462 990 570 849 637 330 443 957 289 205 0 416 873 575 335 402 325 978 918 330 446 512 359 423 1158 468
760 1152 1408 685 1530 50 870 596 668 1046 657 630 961 1107 1466 528 1404 1136 1069 1363 874 1242 935 1035 1080 787 827 594 744 1470 1002 799 807 524 123 1167 932 302 1554 1019 1598 1269 119 765 904 320 794 560 818 412 888 673 626 1365 781 1207 1053 351 856 1286 603 491 416 0 1212 922 751 817 739 1383 1265 746 759 782 660 771 1565 567
608 174 225 1072 971 1237 847 1425 1213 479 618 746 678 821 794 692 273 93 883 525 374 251 532 757 169 444 679 621 490 432 515 594 1115 1153 1331 1191 287 1326 831 605 617 359 1153 599 432 963 731 1041 437 1038 920 658 1232 1121 506 1111 624 1198 709 1272 611 1003 873 1212 0 298 679 686 624 436 1191 650 1047 447 1035 452 1000 737
339 240 516 803 944 951 620 1135 938 348 324 461 489 670 793 418 490 243 712 570 207 350 460 588 159 145 440 328 191 591 354 338 863 865 1040 1006 12 1027 858 445 754 517 858 330 202 665 594 757 249 742 694 372 952 1001 323 948 479 901 481 1104 319 712 575 922 298 0 416 445 351 534 1030 382 790 217 762 154 978 506
77 539 904 392 796 795 230 763 535 315 180 121 216 395 716 465 759 649 392 627 558 582 796 309 509 305 81 336 279 772 264 85 446 491 842 635 428 735 803 268 869 932 648 85 248 431 842 374 557 418 298 109 557 714 600 608 302 585 123 747 340 359 335 751 679 416 0 74 71 669 687 36 374 494 355 321 833 632
127 535 910 395 724 862 177 786 542 277 250 188 145 321 648 537 739 667 321 577 604 563 849 235 517 351 11 406 332 736 224 109 428 519 904 578 456 783 737 207 821 962 711 133 256 496 906 400 609 466 250 182 571 643 657 542 237 630 50 686 409 399 402 817 686 445 74 0 132 629 623 100 361 548 363 370 760 703
21 494 849 452 835 780 301 805 590 308 119 131 259 448 740 407 725 589 453 625 486 549 724 360 456 234 136 274 207 753 262 60 514 532 837 706 364 752 826 290 864 865 642 29 202 425 774 418 485 439 370 66 608 774 529 675 328 607 183 817 277 390 325 739 624 351 71 132 0 655 755 35 439 423 412 249 871 571
634 316 548 1007 563 1420 718 1411 1155 354 725 782 531 571 379 933 226 509 652 114 719 199 938 550 402 624 618 816 658 113 406 598 1000 1148 1488 940 532 1404 401 440 221 789 1294 627 479 1079 1111 1030 773 1088 775 718 1190 787 849 836 430 1254 620 989 809 1027 978 1383 436 534 669 629 655 0 904 659 953 751 982 647 588 1040
751 1016 1387 583 510 1315 461 901 653 714 867 753 541 369 615 1145 1111 1206 318 793 1215 975 1466 443 1042 967 622 1022 953 1009 687 728 469 765 1307 112 1040 1087 680 593 973 1523 1145 756 828 978 1529 704 1228 852 407 793 706 175 1280 82 568 948 574 85 1027 775 918 1265 1191 1030 687 623 755 904 0 720 506 1168 605 989 526 1315
42 514 875 423 813 789 265 786 563 307 149 123 234 419 725 437 739 618 421 623 522 562 760 332 480 269 105 306 242 759 259 62 481 513 841 670 395 745 812 275 864 898 646 51 222 429 808 397 521 430 334 84 584 743 564 640 311 597 151 781 309 375 330 746 650 382 36 100 35 659 720 0 407 459 385 285 850 603
450 896 1271 80 853 809 235 480 208 620 508 357 422 449 853 731 1091 1023 380 877 917 917 1137 420 877 671 369 635 637 1065 569 455 77 269 801 408 802 593 943 513 1116 1305 639 459 615 486 1142 198 905 347 192 436 252 622 934 454 522 446 347 528 644 273 446 759 1047 790 374 361 439 953 506 407 0 842 98 682 885 898
422 447 628 834 1144 802 723 1102 949 541 334 485 636 829 1002 253 685 362 855 787 95 563 301 742 360 202 548 234 216 802 534 441 919 848 904 1127 219 942 1071 616 970 513 739 416 369 581 386 757 63 699 793 407 951 1164 115 1087 654 838 595 1235 223 693 512 782 447 217 494 548 423 751 1168 459 842 0 790 179 1180 296
427 893 1260 43 932 710 281 430 179 637 460 308 454 516 917 657 1103 1002 454 916 871 926 1080 474 865 633 373 572 595 1092 584 441 159 186 705 507 775 505 1008 542 1158 1271 540 436 604 391 1069 99 853 249 260 394 208 715 876 550 558 354 363 627 582 175 359 660 1035 762 355 363 412 982 605 385 98 790 0 642 964 820
246 381 666 684 982 801 546 993 811 382 184 334 457 651 851 286 634 390 675 661 236 480 478 563 308 26 369 178 46 718 366 262 758 726 887 948 165 875 925 443 869 629 704 239 203 511 557 624 239 595 618 248 820 986 293 907 481 751 416 1055 169 572 423 771 452 154 321 370 249 647 989 285 682 179 642 0 1018 407
855 843 1136 963 36 1612 701 1352 1081 638 986 946 616 459 209 1267 813 1055 509 481 1186 749 1435 531 909 991 751 1132 1002 658 652 816 887 1149 1639 621 983 1468 209 587 545 1360 1452 854 814 1246 1566 1052 1223 1174 703 934 1131 352 1294 506 548 1314 715 596 1131 1095 1158 1565 1000 978 833 760 871 588 526 850 885 1180 964 1018 0 1418
581 742 897 863 1382 573 854 1023 942 788 453 565 826 1019 1258 170 982 647 1024 1065 364 856 368 930 655 433 707 297 416 1097 767 615 972 811 689 1252 510 798 1333 833 1261 713 565 579 609 488 259 754 300 645 912 524 928 1346 239 1238 872 737 754 1369 294 674 468 567 737 506 632 703 571 1040 1315 603 898 296 820 407 1418 0
