0 1470 383 1233 986 223 954 369 1160 26 1309 389 371 359 97 1037 467
1470 0 1760 1429 1635 1623 2090 1839 2564 1492 296 1495 1180 1701 1561 2022 1175
383 1760 0 1168 819 161 1133 273 809 357 1557 316 750 572 295 722 609
1233 1429 1168 0 420 1164 2187 1423 1706 1229 1132 888 1330 1590 1244 853 807
986 1635 819 420 0 858 1916 1090 1286 975 1352 600 1191 1320 969 446 677
223 1623 161 1164 858 0 1059 270 960 197 1433 276 589 469 143 838 506
954 2090 1133 2187 1916 1059 0 868 1482 958 2039 1320 985 599 950 1848 1405
369 1839 273 1423 1090 270 868 0 833 346 1670 540 713 354 278 980 770
1160 2564 809 1706 1286 960 1482 833 0 1134 2347 1076 1528 1161 1063 897 1395
26 1492 357 1229 975 197 958 346 1134 0 1328 376 397 360 72 1016 474
1309 296 1557 1132 1352 1433 2039 1670 2347 1328 0 1271 1074 1584 1392 1752 952
389 1495 316 888 600 276 1320 540 1076 376 1271 0 658 721 370 685 320
371 1180 750 1330 1191 589 985 713 1528 397 1074 658 0 520 467 1343 529
359 1701 572 1590 1320 469 599 354 1161 360 1584 721 520 0 351 1293 823
97 1561 295 1244 969 143 950 278 1063 72 1392 370 467 351 0 979 515
1037 2022 722 853 446 838 1848 980 897 1016 1752 685 1343 1293 979 0 922
467 1175 609 807 677 506 1405 770 1395 474 952 320 529 823 515 922 0
