0 1584 1472 932 110 294 1368 264 351 529 861 226 379 684 1383 1149 1334
1584 0 2389 2471 1532 1782 1252 1345 1922 1902 1954 1604 1804 1261 1779 1169 2723
1472 2389 0 1872 1578 1673 2758 1642 1544 978 2283 1693 1116 2105 729 2535 853
932 2471 1872 0 952 690 1878 1132 582 1013 836 867 959 1310 2100 1709 1261
110 1532 1578 952 0 273 1260 188 390 639 782 143 489 576 1461 1041 1440
294 1782 1673 690 273 0 1343 443 196 695 610 178 559 687 1661 1140 1386
1368 1252 2758 1878 1260 1343 0 1137 1539 1891 1086 1208 1742 684 2417 224 2698
264 1345 1642 1132 188 443 1137 0 577 757 849 275 612 464 1438 913 1587
351 1922 1544 582 390 196 1539 577 0 572 750 351 459 879 1608 1335 1198
529 1902 978 1013 639 695 1891 757 572 0 1304 733 150 1209 1087 1669 847
861 1954 2283 836 782 610 1086 849 750 1304 0 640 1170 693 2242 956 1918
226 1604 1693 867 143 178 1208 275 351 733 640 0 584 533 1603 997 1493
379 1804 1116 959 489 559 1742 612 459 150 1170 584 0 1059 1156 1521 980
684 1261 2105 1310 576 687 684 464 879 1209 693 533 1059 0 1852 466 2014
1383 1779 729 2100 1461 1661 2417 1438 1608 1087 2242 1603 1156 1852 0 2205 1448
1149 1169 2535 1709 1041 1140 224 913 1335 1669 956 997 1521 466 2205 0 2481
1334 2723 853 1261 1440 1386 2698 1587 1198 847 1918 1493 980 2014 1448 2481 0
