0 786 462 430 82 507 590 721 863 641 286 764 835 730 67 233 274 575 382 509 94 651 191 293 233 409 135 540 684 797 647 308 454 357 261 545 396 565 211 850 114 809 852 489 304 40 530 52 551 238 630 192 669 860 549 652 551 82 838 92 502 447 690 848 629 297 185 247 554 0 458 346 188 237 61 524 597 318
786 0 776 403 759 975 1348 1352 1202 1313 705 1537 390 502 787 989 898 660 1038 678 842 148 845 729 849 1176 712 1150 1264 1321 1424 1033 1203 1062 539 1003 390 1288 619 1619 893 1304 1574 303 607 807 1257 838 720 862 629 605 1446 892 1125 1412 957 705 1483 695 1217 1064 1316 1635 314 637 864 712 1311 786 1151 603 602 558 743 262 446 729
462 776 0 398 527 963 964 598 466 1078 183 913 1018 989 398 459 278 184 840 119 553 632 311 170 272 791 550 409 497 544 974 435 581 426 383 1002 498 978 554 977 544 528 865 517 237 436 943 472 934 699 963 496 844 403 371 775 181 431 728 454 927 348 1140 1092 479 668 334 220 682 462 898 696 407 390 409 572 849 145
430 403 398 0 433 788 1020 951 856 1042 302 1146 622 615 411 602 495 344 764 328 508 254 448 326 447 840 407 748 867 934 1077 637 807 662 170 824 131 985 342 1226 545 922 1171 118 204 440 951 477 644 585 631 297 1058 645 726 1018 577 350 1082 350 918 662 1071 1265 200 426 469 309 916 430 863 425 246 194 375 173 482 328
82 759 527 433 0 435 594 801 942 612 346 816 774 660 146 305 355 624 340 562 82 632 272 357 313 418 60 621 766 879 665 384 522 435 264 474 374 552 152 905 140 891 921 473 344 122 517 119 470 175 552 154 721 918 631 711 628 101 916 88 484 529 650 882 634 220 267 307 616 82 430 271 189 240 118 500 530 382
507 975 963 788 435 0 559 1146 1367 394 781 987 796 622 574 651 769 1047 232 990 426 895 692 793 736 485 418 1000 1141 1265 680 737 808 792 648 38 678 446 450 1074 464 1286 1173 770 765 540 432 514 305 270 442 504 896 1349 1022 932 1057 532 1240 512 387 917 360 940 974 365 679 743 864 507 319 382 586 628 554 769 567 817
590 1348 964 1020 594 559 0 818 1204 248 832 482 1289 1133 623 505 687 1122 353 1050 514 1225 659 827 693 182 636 763 868 998 124 549 486 583 850 570 968 122 729 558 476 1035 719 1067 882 587 127 548 836 497 968 747 412 1360 808 486 959 670 864 671 172 723 348 382 1219 731 634 796 469 590 242 778 775 826 649 1093 1038 849
721 1352 598 951 801 1146 818 0 482 1039 649 476 1520 1440 670 505 479 771 932 716 757 1203 555 625 532 727 856 202 117 203 750 420 350 366 853 1178 1007 903 923 496 700 250 304 1062 748 681 879 683 1269 899 1352 885 465 823 229 369 442 764 131 789 893 294 1133 715 1073 1018 549 651 349 721 912 1066 824 844 717 1114 1302 622
863 1202 466 856 942 1367 1204 482 0 1384 632 951 1479 1456 796 746 597 542 1198 531 940 1067 674 611 631 1065 978 443 376 291 1167 673 723 628 847 1404 964 1259 1003 978 907 242 780 974 702 827 1229 852 1385 1096 1425 948 924 417 396 830 315 860 560 885 1228 486 1465 1183 888 1116 687 660 777 863 1222 1150 862 852 825 1028 1316 591
641 1313 1078 1042 612 394 248 1039 1384 0 919 731 1183 1012 693 644 818 1213 279 1144 549 1208 768 921 808 320 634 955 1075 1205 366 710 693 755 875 390 961 137 711 806 539 1239 965 1061 946 653 159 614 698 459 835 747 659 1482 994 728 1110 708 1097 699 156 898 100 610 1242 675 745 880 698 641 183 712 800 851 702 1075 943 945
286 705 183 302 346 781 832 649 632 919 0 867 887 837 227 346 200 294 669 224 380 557 180 25 161 652 366 446 570 650 861 356 524 371 222 819 364 830 374 942 380 645 872 413 98 266 794 305 755 520 794 317 785 573 427 734 320 248 780 270 773 359 974 1013 453 488 205 39 633 286 737 519 229 222 230 465 695 40
764 1537 913 1146 816 987 482 476 951 731 867 0 1590 1464 751 547 668 1097 755 1028 740 1393 699 849 707 502 876 546 575 679 370 511 342 498 997 1008 1149 600 968 89 677 727 256 1233 954 735 592 711 1210 819 1327 956 96 1239 598 138 818 840 458 855 627 571 831 241 1319 1022 677 847 234 764 679 1075 937 978 798 1275 1343 861
835 390 1018 622 774 796 1289 1520 1479 1183 887 1590 0 180 866 1068 1041 955 940 950 850 453 967 912 988 1145 714 1320 1454 1538 1389 1136 1290 1178 669 812 524 1200 624 1679 913 1532 1687 505 796 870 1175 886 492 798 361 647 1494 1231 1310 1485 1193 770 1647 749 1130 1226 1157 1632 647 571 978 876 1389 835 1057 520 696 676 817 452 251 923
730 502 989 615 660 622 1133 1440 1456 1012 837 1464 180 0 772 963 964 960 780 940 728 516 885 861 912 999 599 1246 1386 1480 1239 1038 1182 1085 614 635 494 1038 520 1553 792 1480 1581 511 755 768 1015 777 316 653 181 555 1367 1255 1242 1368 1155 676 1563 652 969 1151 982 1488 693 443 891 818 1275 730 896 390 622 615 724 466 141 875
67 787 398 411 146 574 623 670 796 693 227 751 866 772 0 206 210 520 442 452 155 646 127 231 167 440 192 483 627 736 668 269 427 313 249 612 397 608 252 836 154 747 820 484 260 39 573 78 611 305 683 219 659 798 489 632 484 96 791 119 549 389 747 854 604 350 124 188 532 66 510 396 186 228 49 524 635 256
233 989 459 602 305 651 505 505 746 644 346 547 1068 963 206 0 182 624 457 551 252 846 166 335 192 337 364 348 490 614 518 86 222 141 449 685 602 530 445 630 194 636 619 685 420 198 497 186 765 394 856 421 457 854 374 426 465 299 614 319 489 269 721 669 783 525 141 317 325 233 477 576 391 430 254 728 831 354
274 898 278 495 355 769 687 479 597 818 200 668 1041 964 210 182 0 449 605 377 343 750 83 181 53 518 402 281 422 527 696 162 325 170 377 807 533 709 454 742 310 536 676 598 293 235 675 255 821 500 888 410 588 672 281 533 296 295 606 321 664 186 889 825 653 558 90 186 434 273 644 601 345 366 251 647 825 193
575 660 184 344 624 1047 1122 771 542 1213 294 1097 955 960 520 624 449 0 958 72 669 527 463 295 431 944 630 588 663 690 1142 611 763 606 410 1086 471 1124 607 1162 674 665 1046 452 282 559 1088 598 964 799 968 549 1027 310 547 959 332 522 898 539 1067 532 1266 1272 346 714 488 332 866 575 1030 730 462 426 515 504 827 273
382 1038 840 764 340 232 353 932 1198 279 669 755 940 780 442 457 605 958 0 892 288 930 539 674 583 253 357 802 938 1066 465 539 586 592 600 256 682 260 432 842 298 1091 942 782 682 403 235 367 483 180 615 468 664 1241 831 700 901 440 1018 428 189 727 310 722 964 401 521 629 635 383 117 443 526 576 442 797 692 699
509 678 119 328 562 990 1050 716 531 1144 224 1028 950 940 452 551 377 72 892 0 603 538 391 224 359 872 572 528 613 650 1070 539 692 535 364 1029 446 1053 556 1094 605 629 985 444 226 491 1018 530 923 737 936 497 956 359 489 891 286 460 845 479 997 467 1199 1200 372 667 416 264 796 509 962 686 409 378 450 497 804 201
94 842 553 508 82 426 514 757 940 549 380 740 850 728 155 252 343 669 288 603 0 713 266 386 310 336 137 589 733 852 582 337 458 391 337 463 456 478 232 829 64 868 856 554 397 117 443 88 513 156 608 236 644 953 605 640 632 161 867 157 413 500 596 799 708 285 253 340 547 94 365 337 262 313 154 582 603 411
651 148 632 254 632 895 1225 1203 1067 1208 557 1393 453 516 646 846 750 527 930 538 713 0 699 580 701 1050 589 1001 1116 1176 1295 887 1057 915 397 926 257 1173 501 1475 761 1160 1426 162 458 669 1141 702 671 751 604 478 1303 782 977 1267 813 569 1334 561 1103 916 1220 1499 194 539 718 563 1166 651 1040 513 464 418 604 133 422 581
191 845 311 448 272 692 659 555 674 768 180 699 967 885 127 166 83 463 539 391 266 699 0 170 43 482 318 362 504 610 682 188 359 218 312 730 469 667 371 778 241 620 733 542 256 153 632 178 737 422 805 330 613 714 364 569 365 212 680 238 616 266 832 835 621 474 25 151 468 191 589 518 271 298 167 589 746 190
293 729 170 326 357 793 827 625 611 921 25 849 912 861 231 335 181 295 674 224 386 580 170 0 146 648 380 422 545 625 852 340 507 352 246 831 389 828 393 923 382 621 849 437 123 271 793 308 775 529 815 337 769 566 402 715 298 261 755 285 773 335 978 1000 472 507 195 51 615 293 739 539 250 246 239 490 719 24
233 849 272 447 313 736 693 532 631 808 161 707 988 912 167 192 53 431 583 359 310 701 43 146 0 518 356 334 474 576 711 195 364 214 324 773 481 706 403 783 284 583 725 548 248 196 671 222 774 465 838 358 624 674 331 574 322 245 659 272 656 239 874 853 612 509 63 140 473 232 631 552 292 313 203 596 772 163
409 1176 791 840 418 485 182 727 1065 320 652 502 1145 999 440 337 518 944 253 872 336 1050 482 648 518 0 465 634 756 887 249 394 377 437 669 507 792 194 559 589 295 919 697 890 700 405 163 366 721 347 846 572 411 1190 674 454 800 490 796 492 167 579 408 488 1038 576 457 616 400 409 191 626 595 646 467 918 893 670
135 712 550 407 60 418 636 856 978 634 366 876 714 599 192 364 402 630 357 572 137 589 318 380 356 465 0 674 818 928 713 442 582 493 245 456 333 585 95 964 198 939 981 434 347 175 552 178 419 179 495 113 780 931 681 772 663 119 973 95 516 580 664 936 607 162 316 329 676 135 457 212 174 221 154 456 470 404
540 1150 409 748 621 1000 763 202 443 955 446 546 1320 1246 483 348 281 588 802 528 589 1001 362 422 334 634 674 0 144 265 724 263 280 209 652 1034 805 825 733 595 539 289 457 859 545 499 797 507 1092 739 1166 691 499 693 52 412 277 574 333 599 801 95 1041 760 875 834 359 448 342 539 805 879 626 643 528 911 1106 420
684 1264 497 867 766 1141 868 117 376 1075 570 575 1454 1386 627 490 422 663 938 613 733 1116 504 545 474 756 818 144 0 130 814 404 383 349 784 1175 934 942 876 603 682 167 420 981 667 644 915 652 1236 883 1309 832 551 705 144 456 332 716 235 742 924 238 1165 808 976 977 503 578 414 684 934 1023 764 777 671 1035 1245 539
797 1321 544 934 879 1265 998 203 291 1205 650 679 1538 1480 736 614 527 690 1066 650 852 1176 610 625 576 887 928 265 130 0 940 529 514 475 870 1300 1014 1072 979 696 804 49 490 1051 742 757 1046 769 1348 1004 1414 932 666 672 247 570 365 821 268 847 1054 352 1296 917 1021 1085 612 663 538 796 1064 1128 859 866 778 1106 1339 615
647 1424 974 1077 665 680 124 750 1167 366 861 370 1389 1239 668 518 696 1142 465 1070 582 1295 682 852 711 249 713 724 814 940 0 543 444 567 908 692 1037 246 808 441 534 981 616 1134 922 637 250 599 948 592 1079 819 311 1359 772 396 946 729 780 734 293 698 465 260 1273 824 656 828 401 647 361 873 835 885 701 1164 1138 872
308 1033 435 637 384 737 549 420 673 710 356 511 1136 1038 269 86 162 611 539 539 337 887 188 340 195 394 442 263 404 529 543 0 170 55 496 771 653 589 518 589 281 552 552 730 442 270 557 265 849 481 937 488 428 816 292 381 410 365 531 387 554 190 791 662 807 605 169 335 279 308 550 654 447 480 318 775 903 354
454 1203 581 807 522 808 486 350 723 693 524 342 1290 1182 427 222 325 763 586 692 458 1057 359 507 364 377 582 280 383 514 444 170 0 157 664 838 820 559 666 419 395 550 399 899 612 420 533 405 967 579 1067 644 264 936 328 210 514 522 431 541 544 260 785 512 976 741 338 504 109 454 562 792 611 647 476 943 1051 519
357 1062 426 662 435 792 583 366 628 755 371 498 1178 1085 313 141 170 606 592 535 391 915 218 352 214 437 493 209 349 475 567 55 157 0 530 826 687 631 565 571 336 499 515 760 462 318 600 317 902 536 988 532 421 793 241 363 378 409 480 432 600 142 838 665 824 655 202 354 263 357 599 704 485 515 362 807 949 363
261 539 383 170 264 648 850 853 847 875 222 997 669 614 249 449 377 410 600 364 337 397 312 246 324 669 245 652 784 870 908 496 664 530 0 685 157 815 198 1079 374 867 1045 236 146 274 780 309 558 424 580 143 906 720 640 873 541 179 982 179 748 559 909 1103 371 304 328 207 772 261 695 322 75 24 208 279 473 261
545 1003 1002 824 474 38 570 1178 1404 390 819 1008 812 635 612 685 807 1086 256 1029 463 926 730 831 773 507 456 1034 1175 1300 692 771 838 826 685 0 712 454 488 1094 500 1321 1199 804 804 578 443 552 319 307 454 542 918 1388 1058 957 1095 571 1270 550 399 952 347 952 1009 400 717 781 892 545 333 414 624 665 593 801 588 856
396 390 498 131 374 678 968 1007 964 961 364 1149 524 494 397 602 533 471 682 446 456 257 469 389 481 792 333 805 934 1014 1037 653 820 687 157 712 0 919 249 1233 504 1007 1202 100 272 417 886 447 514 501 499 221 1057 775 790 1028 670 314 1137 305 849 713 981 1244 296 312 485 357 927 396 788 303 212 172 352 127 357 399
565 1288 978 985 552 446 122 903 1259 137 830 600 1200 1038 608 530 709 1124 260 1053 478 1173 667 828 706 194 585 825 942 1072 246 589 559 631 815 454 919 0 672 678 454 1107 829 1019 867 570 35 530 734 426 869 698 524 1380 866 591 995 639 960 635 71 773 236 502 1186 658 643 792 561 565 143 701 739 791 626 1040 952 852
211 619 554 342 152 450 729 923 1003 711 374 968 624 520 252 445 454 607 432 556 232 501 371 393 403 559 95 733 876 979 808 518 666 565 198 488 249 672 0 1056 292 985 1064 350 330 248 640 261 381 251 435 58 872 915 735 861 688 159 1044 134 602 638 733 1032 536 114 375 343 764 212 539 149 148 180 205 367 385 414
850 1619 977 1226 905 1074 558 496 978 806 942 89 1679 1553 836 630 742 1162 842 1094 829 1475 778 923 783 589 964 595 603 696 441 589 419 571 1079 1094 1233 678 1056 0 765 745 229 1315 1031 821 673 798 1300 909 1417 1043 186 1287 645 208 871 925 454 941 709 631 906 263 1395 1112 757 923 309 850 764 1164 1021 1061 882 1358 1432 934
114 893 544 545 140 464 476 700 907 539 380 677 913 792 154 194 310 674 298 605 64 761 241 382 284 295 198 539 682 804 534 281 395 336 374 500 504 454 292 765 0 822 792 600 413 116 419 75 574 200 671 289 581 947 559 576 605 195 807 199 394 453 596 743 743 349 223 341 483 114 356 401 301 351 173 631 667 407
809 1304 528 922 891 1286 1035 250 242 1239 645 727 1532 1480 747 636 536 665 1091 629 868 1160 620 621 583 919 939 289 167 49 981 552 550 499 867 1321 1007 1107 985 745 822 0 540 1041 735 769 1080 783 1357 1022 1420 937 711 630 263 615 347 829 317 855 1087 369 1328 964 1001 1093 624 662 580 808 1094 1134 860 865 786 1095 1339 609
852 1574 865 1171 921 1173 719 304 780 965 872 256 1687 1581 820 619 676 1046 942 985 856 1426 733 849 725 697 981 457 420 490 616 552 399 515 1045 1199 1202 829 1064 229 792 540 0 1273 968 817 816 804 1360 967 1464 1039 306 1125 501 243 729 916 231 937 844 522 1065 487 1319 1139 717 862 313 852 886 1191 999 1030 870 1321 1450 854
489 303 517 118 473 770 1067 1062 974 1061 413 1233 505 511 484 685 598 452 782 444 554 162 542 437 548 890 434 859 981 1051 1134 730 899 760 236 804 100 1019 350 1315 600 1041 1273 0 314 507 986 540 585 602 550 321 1142 743 839 1109 696 407 1193 400 949 771 1080 1337 211 406 561 414 1007 489 889 391 302 256 442 54 386 442
304 607 237 204 344 765 882 748 702 946 98 954 796 755 260 420 293 282 682 226 397 458 256 123 248 700 347 545 667 742 922 442 612 462 146 804 272 867 330 1031 413 735 968 314 0 297 832 337 702 518 727 271 870 586 525 823 400 242 878 258 806 457 992 1090 364 442 280 108 722 304 762 465 182 155 243 367 615 128
40 807 436 440 122 540 587 681 827 653 266 735 870 768 39 198 235 559 403 491 117 669 153 271 196 405 175 499 644 757 637 270 420 318 274 578 417 570 248 821 116 769 817 507 297 0 535 40 592 270 670 223 642 837 509 620 516 104 798 121 510 406 707 829 635 337 145 227 521 40 470 385 205 252 65 544 634 295
530 1257 943 951 517 432 127 879 1229 159 794 592 1175 1015 573 497 675 1088 235 1018 443 1141 632 793 671 163 552 797 915 1046 250 557 533 600 780 443 886 35 640 673 419 1080 816 986 832 535 0 494 713 395 847 665 513 1345 837 576 962 604 939 601 46 743 255 509 1151 628 608 756 540 530 119 673 705 756 591 1007 926 816
52 838 472 477 119 514 548 683 852 614 305 711 886 777 78 186 255 598 367 530 88 702 178 308 222 366 178 507 652 769 599 265 405 317 309 552 447 530 261 798 75 783 804 540 337 40 494 0 586 244 671 244 617 874 521 600 544 133 797 145 470 417 669 797 673 339 165 266 503 52 431 390 238 286 101 575 646 333
551 720 934 644 470 305 836 1269 1385 698 755 1210 492 316 611 765 821 964 483 923 513 671 737 775 774 721 419 1092 1236 1348 948 849 967 902 558 319 514 734 381 1300 574 1357 1360 585 702 592 713 586 0 393 137 438 1115 1274 1100 1131 1070 530 1380 504 667 999 665 1204 796 268 735 724 1046 552 594 237 526 546 571 564 280 795
238 862 699 585 175 270 497 899 1096 459 520 819 798 653 305 394 500 799 180 737 156 751 422 529 465 347 179 739 883 1004 592 481 579 536 424 307 501 426 251 909 200 1022 967 602 518 270 395 244 393 0 507 288 723 1093 758 737 787 276 1002 260 354 653 486 835 784 234 410 481 654 239 289 281 352 400 290 617 546 554
630 629 963 631 552 442 968 1352 1425 835 794 1327 361 181 683 856 888 968 615 936 608 604 805 815 838 846 495 1166 1309 1414 1079 937 1067 988 580 454 499 869 435 1417 671 1420 1464 550 727 670 847 671 137 507 0 483 1231 1275 1169 1241 1114 593 1468 567 801 1072 801 1332 755 333 807 768 1152 631 728 286 565 573 638 518 184 834
192 605 496 297 154 504 747 885 948 747 317 956 647 555 219 421 410 549 468 497 236 478 330 337 358 572 113 691 832 932 819 488 644 532 143 542 221 698 58 1043 289 937 1039 321 271 223 665 244 438 288 483 0 861 856 690 844 633 123 1008 102 629 596 774 1033 495 171 336 287 745 192 570 202 89 123 170 346 417 357
669 1446 844 1058 721 896 412 465 924 659 785 96 1494 1367 659 457 588 1027 664 956 644 1303 613 769 624 411 780 499 551 666 311 428 264 421 906 918 1057 524 872 186 581 711 306 1142 870 642 513 617 1115 723 1231 861 0 1185 551 96 763 746 475 761 545 510 759 261 1235 926 590 763 162 669 593 978 845 887 705 1183 1246 782
860 892 403 645 918 1349 1360 823 417 1482 573 1239 1231 1255 798 854 672 310 1241 359 953 782 714 566 674 1190 931 693 705 672 1359 816 936 793 720 1388 775 1380 915 1287 947 630 1125 743 586 837 1345 874 1274 1093 1275 856 1185 0 641 1103 423 818 930 838 1330 677 1543 1444 587 1024 737 613 1024 860 1302 1040 768 735 803 790 1127 542
549 1125 371 726 631 1022 808 229 396 994 427 598 1310 1242 489 374 281 547 831 489 605 977 364 402 331 674 681 52 144 247 772 292 328 241 640 1058 790 866 735 645 559 263 501 839 525 509 837 521 1100 758 1169 690 551 641 0 464 228 576 360 602 839 105 1079 813 843 839 365 433 394 548 840 883 620 633 531 892 1102 397
652 1412 775 1018 711 932 486 369 830 728 734 138 1485 1368 632 426 533 959 700 891 640 1267 569 715 574 454 772 412 456 570 396 381 210 363 873 957 1028 591 861 208 576 615 243 1109 823 620 576 600 1131 737 1241 844 96 1103 464 0 682 724 384 741 602 433 827 353 1186 925 549 715 101 651 643 977 817 856 680 1152 1242 726
551 957 181 577 628 1057 959 442 315 1110 320 818 1193 1155 484 465 296 332 901 286 632 813 365 298 322 800 663 277 332 365 946 410 514 378 541 1095 670 995 688 871 605 347 729 696 400 516 962 544 1070 787 1114 633 763 423 228 682 0 544 567 570 954 254 1183 1021 656 801 381 346 601 550 938 836 548 543 510 750 1013 280
82 705 431 350 101 532 670 764 860 708 248 840 770 676 96 299 295 522 440 460 161 569 212 261 245 490 119 574 716 821 729 365 522 409 179 571 314 639 159 925 195 829 916 407 242 104 604 133 530 276 593 123 746 818 576 724 544 0 886 26 574 479 750 930 549 263 215 211 624 82 525 306 105 156 47 442 539 285
838 1483 728 1082 916 1240 864 131 560 1097 780 458 1647 1563 791 614 606 898 1018 845 867 1334 680 755 659 796 973 333 235 268 780 531 431 480 982 1270 1137 960 1044 454 807 317 231 1193 878 798 939 797 1380 1002 1468 1008 475 930 360 384 567 886 0 910 959 423 1194 700 1203 1135 671 781 399 838 986 1184 950 972 839 1245 1425 754
92 695 454 350 88 512 671 789 885 699 270 855 749 652 119 319 321 539 428 479 157 561 238 285 272 492 95 599 742 847 734 387 541 432 179 550 305 635 134 941 199 855 937 400 258 121 601 145 504 260 567 102 761 838 602 741 570 26 910 0 569 504 738 940 550 237 240 234 643 92 517 280 104 155 71 432 516 308
502 1217 927 918 484 387 172 893 1228 156 773 627 1130 969 549 489 664 1067 189 997 413 1103 616 773 656 167 516 801 924 1054 293 554 544 600 748 399 849 71 602 709 394 1087 844 949 806 510 46 470 667 354 801 629 545 1330 839 602 954 574 959 569 0 742 241 553 1119 586 593 734 560 502 73 629 673 724 563 969 881 797
447 1064 348 662 529 917 723 294 486 898 359 571 1226 1151 389 269 186 532 727 467 500 916 266 335 239 579 580 95 238 352 698 190 260 142 559 952 713 773 638 631 453 369 522 771 457 406 743 417 999 653 1072 596 510 677 105 433 254 479 423 504 742 0 980 767 798 739 264 357 347 446 740 785 532 550 433 822 1011 336
690 1316 1140 1071 650 360 348 1133 1465 100 974 831 1157 982 747 721 889 1266 310 1199 596 1220 832 978 874 408 664 1041 1165 1296 465 791 785 838 909 347 981 236 733 906 596 1328 1065 1080 992 707 255 669 665 486 801 774 759 1543 1079 827 1183 750 1194 738 241 980 0 705 1269 681 811 935 795 690 244 712 836 886 751 1089 925 1003
848 1635 1092 1265 882 940 382 715 1183 610 1013 241 1632 1488 854 669 825 1272 722 1200 799 1499 835 1000 853 488 936 760 808 917 260 662 512 665 1103 952 1244 502 1032 263 743 964 487 1337 1090 829 509 797 1204 835 1332 1033 261 1444 813 353 1021 930 700 940 553 767 705 0 1452 1062 810 986 420 848 621 1113 1035 1081 895 1372 1381 1015
629 314 479 200 634 974 1219 1073 888 1242 453 1319 647 693 604 783 653 346 964 372 708 194 621 472 612 1038 607 875 976 1021 1273 807 976 824 371 1009 296 1186 536 1395 743 1001 1319 211 364 635 1151 673 796 784 755 495 1235 587 843 1186 656 549 1203 550 1119 798 1269 1452 0 609 644 472 1086 628 1064 599 446 395 572 236 582 465
297 637 668 426 220 365 731 1018 1116 675 488 1022 571 443 350 525 558 714 401 667 285 539 474 507 509 576 162 834 977 1085 824 605 741 655 304 400 312 658 114 1112 349 1093 1139 406 442 337 628 339 268 234 333 171 926 1024 839 925 801 263 1135 237 586 739 681 1062 609 0 474 456 832 297 517 52 261 288 307 409 321 528
185 864 334 469 267 679 634 549 687 745 205 677 978 891 124 141 90 488 521 416 253 718 25 195 63 457 316 359 503 612 656 169 338 202 328 717 485 643 375 757 223 624 717 561 280 145 608 165 735 410 807 336 590 737 365 549 381 215 671 240 593 264 811 810 644 474 0 176 447 184 567 520 283 313 169 606 753 216
247 712 220 309 307 743 796 651 660 880 39 847 876 818 188 317 186 332 629 264 340 563 151 51 140 616 329 448 578 663 828 335 504 354 207 781 357 792 343 923 341 662 862 414 108 227 756 266 724 481 768 287 763 613 433 715 346 211 781 234 734 357 935 986 472 456 176 0 614 246 698 490 202 203 190 464 677 74
554 1311 682 916 616 864 469 349 777 698 633 234 1389 1275 532 325 434 866 635 796 547 1166 468 615 473 400 676 342 414 538 401 279 109 263 772 892 927 561 764 309 483 580 313 1007 722 521 540 503 1046 654 1152 745 162 1024 394 101 601 624 399 643 560 347 795 420 1086 832 447 614 0 553 591 884 717 754 580 1051 1147 627
0 786 462 430 82 507 590 721 863 641 286 764 835 730 66 233 273 575 383 509 94 651 191 293 232 409 135 539 684 796 647 308 454 357 261 545 396 565 212 850 114 808 852 489 304 40 530 52 552 239 631 192 669 860 548 651 550 82 838 92 502 446 690 848 628 297 184 246 553 0 458 346 188 237 61 524 597 318
458 1151 898 863 430 319 242 912 1222 183 737 679 1057 896 510 477 644 1030 117 962 365 1040 589 739 631 191 457 805 934 1064 361 550 562 599 695 333 788 143 539 764 356 1094 886 889 762 470 119 431 594 289 728 570 593 1302 840 643 938 525 986 517 73 740 244 621 1064 517 567 698 591 458 0 560 620 671 519 906 809 763
346 603 696 425 271 382 778 1066 1150 712 519 1075 520 390 396 576 601 730 443 686 337 513 518 539 552 626 212 879 1023 1128 873 654 792 704 322 414 303 701 149 1164 401 1134 1191 391 465 385 673 390 237 281 286 202 978 1040 883 977 836 306 1184 280 629 785 712 1113 599 52 520 490 884 346 560 0 289 309 351 387 269 559
188 602 407 246 189 586 775 824 862 800 229 937 696 622 186 391 345 462 526 409 262 464 271 250 292 595 174 626 764 859 835 447 611 485 75 624 212 739 148 1021 301 860 999 302 182 205 705 238 526 352 565 89 845 768 620 817 548 105 950 104 673 532 836 1035 446 261 283 202 717 188 620 289 0 51 140 339 481 270
237 558 390 194 240 628 826 844 852 851 222 978 676 615 228 430 366 426 576 378 313 418 298 246 313 646 221 643 777 866 885 480 647 515 24 665 172 791 180 1061 351 865 1030 256 155 252 756 286 546 400 573 123 887 735 633 856 543 156 972 155 724 550 886 1081 395 288 313 203 754 237 671 309 51 0 186 297 473 262
61 743 409 375 118 554 649 717 825 702 230 798 817 724 49 254 251 515 442 450 154 604 167 239 203 467 154 528 671 778 701 318 476 362 208 593 352 626 205 882 173 786 870 442 243 65 591 101 571 290 638 170 705 803 531 680 510 47 839 71 563 433 751 895 572 307 169 190 580 61 519 351 140 186 0 480 587 264
524 262 572 173 500 769 1093 1114 1028 1075 465 1275 452 466 524 728 647 504 797 497 582 133 589 490 596 918 456 911 1035 1106 1164 775 943 807 279 801 127 1040 367 1358 631 1095 1321 54 367 544 1007 575 564 617 518 346 1183 790 892 1152 750 442 1245 432 969 822 1089 1372 236 409 606 464 1051 524 906 387 339 297 480 0 347 495
597 446 849 482 530 567 1038 1302 1316 943 695 1343 251 141 635 831 825 827 692 804 603 422 746 719 772 893 470 1106 1245 1339 1138 903 1051 949 473 588 357 952 385 1432 667 1339 1450 386 615 634 926 646 280 546 184 417 1246 1127 1102 1242 1013 539 1425 516 881 1011 925 1381 582 321 753 677 1147 597 809 269 481 473 587 347 0 734
318 729 145 328 382 817 849 622 591 945 40 861 923 875 256 354 193 273 699 201 411 581 190 24 163 670 404 420 539 615 872 354 519 363 261 856 399 852 414 934 407 609 854 442 128 295 816 333 795 554 834 357 782 542 397 726 280 285 754 308 797 336 1003 1015 465 528 216 74 627 318 763 559 270 262 264 495 734 0
