0 1036 437 1161 259 1349 50 508 955 163 1727 348 329 1506 1705 1015
1036 0 1186 763 1293 365 1083 1536 221 1152 2430 1384 1339 1393 1809 1686
437 1186 0 1519 505 1542 415 692 1030 313 2081 525 365 1179 1305 593
1161 763 1519 0 1347 696 1208 1522 947 1323 1923 1438 1483 2106 2480 2106
259 1293 505 1347 0 1599 216 250 1214 216 1575 94 187 1669 1810 993
1349 365 1542 696 1599 0 1399 1831 571 1480 2559 1692 1667 1692 2129 2052
50 1083 415 1208 216 1399 0 467 998 120 1718 302 279 1513 1699 983
508 1536 692 1522 250 1831 467 0 1464 452 1421 178 327 1872 1972 1073
955 221 1030 947 1214 571 998 1464 0 1047 2479 1300 1231 1177 1588 1495
163 1152 313 1323 216 1480 120 452 1047 0 1781 274 187 1455 1614 865
1727 2430 2081 1923 1575 2559 1718 1421 2479 1781 0 1563 1730 3232 3383 2487
348 1384 525 1438 94 1692 302 178 1300 274 1563 0 167 1702 1820 963
329 1339 365 1483 187 1667 279 327 1231 187 1730 167 0 1545 1653 807
1506 1393 1179 2106 1669 1692 1513 1872 1177 1455 3232 1702 1545 0 465 1107
1705 1809 1305 2480 1810 2129 1699 1972 1588 1614 3383 1820 1653 465 0 1004
1015 1686 593 2106 993 2052 983 1073 1495 865 2487 963 807 1107 1004 0
