0 660 326 450 696 412 281 516 429 863 436 722 238 641 177 629 316 604 310 795 77 824 61 357 717 570 752 488 464 611 165 53 329 262 526 54 774 250 2 495 733 42 799 673 415 266 123 145 98 701 818 514 43 170 255 642 444 781 403 706 281 107 666 863 588 709 245 30 334 410 555 204 757 712 814 287 127 714
660 0 350 800 1329 453 897 311 483 1522 1093 98 555 465 793 36 392 1143 794 1424 716 455 689 535 97 1223 1257 562 923 669 667 697 693 647 560 625 1142 648 659 495 710 661 1395 626 972 663 739 549 753 686 1133 1155 617 828 467 981 1049 1245 509 1366 775 656 570 1227 213 1207 842 665 803 350 970 851 1417 1190 1268 729 609 1015
326 350 0 615 978 204 593 343 240 1187 748 399 322 527 443 325 60 886 544 1118 372 646 369 380 425 876 926 483 696 473 387 371 367 310 355 283 974 410 325 294 718 319 1047 636 625 430 427 256 424 535 991 839 284 486 121 818 754 1031 390 1023 518 306 601 1064 264 878 545 325 465 267 655 504 1081 865 952 390 317 742
450 800 615 0 966 790 350 506 819 941 677 893 293 479 591 764 647 382 166 738 508 688 396 266 803 801 1148 276 151 1035 286 411 778 708 932 491 359 216 453 884 404 493 1116 391 819 196 357 383 427 1116 380 549 451 516 628 204 398 445 293 864 188 557 426 449 848 1113 311 481 780 450 996 566 855 1125 1229 738 344 1164
696 1329 978 966 0 942 616 1212 934 406 290 1371 909 1319 537 1302 940 785 807 601 625 1514 696 1020 1398 169 393 1137 863 953 787 681 690 705 954 716 1111 869 695 975 1352 680 176 1313 389 874 680 839 628 1040 1193 483 736 529 864 1066 612 990 1071 233 794 673 1323 1171 1201 401 662 680 569 1106 554 491 343 442 509 630 800 722
412 453 204 790 942 0 693 540 36 1214 762 460 500 728 451 442 151 1014 693 1192 421 828 470 576 546 873 811 686 849 269 530 465 258 239 151 358 1145 576 409 94 922 384 978 840 559 596 533 409 504 333 1171 909 382 528 165 995 855 1180 591 1033 664 337 805 1235 271 762 656 395 379 471 520 527 1109 742 816 312 459 567
281 897 593 350 616 693 0 681 710 650 326 972 359 741 320 863 593 333 191 527 284 949 227 444 937 453 818 542 270 876 233 229 569 516 800 335 571 286 284 775 739 310 766 707 506 283 166 349 191 968 635 261 316 221 536 478 162 530 495 536 182 366 725 652 858 787 58 298 524 584 714 262 551 804 908 509 288 901
516 311 343 506 1212 540 681 0 576 1330 942 410 322 191 687 277 403 872 537 1189 590 315 518 253 297 1079 1235 251 643 806 451 532 697 630 686 505 835 399 517 620 417 537 1313 331 910 409 548 373 588 855 822 941 478 683 449 675 814 951 214 1199 524 563 282 918 436 1188 622 535 775 106 983 721 1229 1181 1275 703 416 1083
429 483 240 819 934 36 710 576 0 1215 763 484 530 764 455 473 186 1033 717 1202 433 864 489 609 577 870 789 720 874 233 554 483 245 235 117 375 1172 604 427 66 958 399 963 876 548 624 552 436 519 300 1200 919 402 536 192 1023 870 1203 625 1032 688 348 841 1263 293 740 674 411 366 507 495 532 1110 718 790 304 485 534
863 1522 1187 941 406 1214 650 1330 1215 0 451 1585 1008 1385 763 1490 1166 623 820 286 815 1596 833 1093 1573 360 799 1181 800 1290 879 825 990 979 1264 903 946 936 864 1268 1344 867 554 1330 723 931 789 978 768 1383 1035 397 906 701 1094 961 544 779 1144 195 822 890 1358 979 1441 807 708 861 880 1231 931 690 105 847 915 921 923 1113
436 1093 748 677 290 762 326 942 763 451 0 1148 629 1037 313 1064 722 542 516 492 377 1236 423 736 1153 137 539 849 582 849 503 411 542 528 815 468 851 582 436 817 1061 431 441 1024 310 585 398 571 354 944 927 259 479 266 648 788 348 756 787 275 503 445 1035 920 995 520 371 428 438 837 541 244 347 548 645 472 525 736
722 98 399 893 1371 460 972 410 484 1585 1148 0 639 562 841 132 431 1229 879 1500 772 535 757 627 162 1275 1271 659 1012 644 745 762 713 675 544 682 1238 733 721 483 808 718 1426 724 1003 749 810 622 818 648 1230 1227 679 885 506 1077 1127 1338 604 1423 858 705 667 1323 192 1222 918 723 828 443 979 904 1479 1202 1274 756 684 1005
238 555 322 293 909 500 359 322 530 1008 629 639 0 411 415 519 354 590 240 876 315 606 216 119 583 766 991 250 380 752 129 232 527 454 645 254 651 94 240 594 497 274 1026 434 654 112 231 109 282 829 672 620 215 384 340 497 500 714 165 879 219 326 428 742 565 948 301 266 562 225 783 428 907 950 1051 503 113 927
641 465 527 479 1319 728 741 191 764 1385 1037 562 411 0 818 436 587 861 566 1209 718 211 627 300 417 1173 1385 207 629 996 533 642 867 797 876 642 751 457 642 810 246 670 1437 165 1052 458 639 496 693 1046 720 989 608 795 625 601 847 896 249 1275 563 708 106 825 620 1340 684 664 934 264 1149 838 1290 1337 1434 865 522 1261
177 793 443 591 537 451 320 687 455 763 313 841 415 818 0 766 411 650 433 753 100 998 207 534 861 434 576 664 567 576 323 189 261 226 521 182 879 413 175 513 906 149 626 848 239 426 234 322 164 671 935 474 210 100 337 766 458 851 580 587 406 137 843 964 683 535 315 153 204 581 407 78 658 541 644 194 302 585
629 36 325 764 1302 442 863 277 473 1490 1064 132 519 436 766 0 370 1107 758 1390 687 439 657 498 104 1195 1239 527 887 668 632 665 675 627 556 595 1106 612 629 489 680 632 1372 596 949 627 705 515 722 690 1098 1122 586 798 444 945 1015 1209 472 1336 739 629 540 1191 218 1190 808 635 783 314 955 822 1386 1174 1254 708 575 1007
316 392 60 647 940 151 593 403 186 1166 722 431 354 587 411 370 0 898 563 1111 350 706 365 424 472 845 872 534 718 419 402 365 311 257 302 267 1004 436 314 244 772 301 1002 692 579 456 427 274 414 485 1026 830 277 464 75 852 755 1052 439 997 535 277 658 1095 275 824 548 309 413 325 598 477 1060 810 896 338 330 682
604 1143 886 382 785 1014 333 872 1033 623 542 1229 590 861 650 1107 898 0 350 374 617 1070 544 619 1161 619 1080 657 232 1208 498 550 903 850 1129 658 332 495 607 1099 758 638 958 764 806 480 481 629 522 1301 419 301 632 550 851 341 202 214 659 610 372 697 805 386 1146 1058 359 625 852 798 1029 585 560 1084 1184 842 569 1221
310 794 544 166 807 693 191 537 717 820 516 879 240 566 433 758 563 350 0 653 357 777 250 285 817 645 983 361 157 917 162 264 639 573 823 359 464 146 313 783 547 352 953 518 655 131 201 289 269 1004 508 423 323 352 527 335 282 489 331 722 29 418 540 553 799 947 146 339 628 453 839 401 727 960 1065 592 233 1013
795 1424 1118 738 601 1192 527 1189 1202 286 492 1500 876 1209 753 1390 1111 374 653 0 771 1421 749 938 1459 479 976 1002 587 1325 757 746 1010 979 1274 845 676 790 796 1263 1129 813 774 1128 803 780 691 877 697 1420 766 283 834 665 1048 714 376 500 984 372 664 855 1164 701 1382 971 582 804 920 1100 1032 675 273 1007 1092 940 816 1227
77 716 372 508 625 421 284 590 433 815 377 772 315 718 100 687 350 617 357 771 0 899 113 434 778 507 676 564 502 591 229 96 289 232 517 92 816 318 75 496 807 55 723 748 339 333 156 222 96 684 865 488 112 113 281 692 440 806 480 651 328 84 743 903 626 634 262 55 272 484 489 135 709 638 740 236 202 656
824 455 646 688 1514 828 949 315 864 1596 1236 535 606 211 998 439 706 1070 777 1421 899 0 818 505 372 1373 1550 418 839 1083 733 833 1008 943 965 817 937 663 825 897 381 848 1623 328 1224 665 838 678 886 1118 895 1199 787 986 759 795 1059 1093 453 1481 773 877 274 1004 654 1503 891 844 1090 418 1296 1026 1499 1496 1589 1018 713 1387
61 689 369 396 696 470 227 518 489 833 423 757 216 627 207 657 365 544 250 749 113 818 0 333 740 560 783 460 402 673 116 17 388 323 587 114 714 206 64 555 699 102 810 644 446 220 63 148 69 763 759 471 89 168 310 584 390 720 381 686 221 167 643 803 633 743 186 88 385 413 602 212 729 749 852 343 104 768
357 535 380 266 1020 576 444 253 609 1093 736 627 119 300 534 498 424 619 285 938 434 505 333 0 543 872 1110 131 391 838 232 350 636 563 726 372 617 158 359 669 380 393 1142 315 773 162 339 223 396 909 622 699 333 499 428 456 565 710 51 976 275 442 310 705 590 1067 386 385 678 184 899 545 996 1069 1169 617 231 1037
717 97 425 803 1398 546 937 297 577 1573 1153 162 583 417 861 104 472 1161 817 1459 778 372 740 543 0 1286 1343 546 934 767 703 749 779 730 657 686 1131 672 717 591 663 723 1472 582 1050 685 784 594 806 784 1115 1197 674 887 545 972 1083 1247 509 1423 800 724 523 1213 311 1294 880 725 886 363 1060 914 1469 1278 1359 811 651 1110
570 1223 876 801 169 873 453 1079 870 360 137 1275 766 1173 434 1195 845 619 645 479 507 1373 560 872 1286 0 499 984 695 930 640 547 637 634 910 599 943 718 570 919 1192 563 339 1157 363 720 535 707 491 1023 1024 318 613 400 771 896 442 827 924 166 634 569 1170 1005 1116 492 502 560 523 973 576 372 265 528 614 570 662 764
752 1257 926 1148 393 811 818 1235 789 799 539 1271 991 1385 576 1239 872 1080 983 976 676 1550 783 1110 1343 499 0 1240 1088 714 898 766 563 616 761 743 1379 988 750 805 1483 717 274 1425 337 1000 800 891 731 782 1450 795 779 634 805 1296 883 1295 1154 621 960 676 1418 1453 1082 49 842 725 462 1133 297 584 733 79 116 537 879 386
488 562 483 276 1137 686 542 251 720 1181 849 659 250 207 664 527 534 657 361 1002 564 418 460 131 546 984 1240 0 424 953 353 477 765 692 837 503 584 267 490 777 250 524 1265 184 903 264 459 355 521 1019 571 784 464 623 548 425 641 709 96 1078 361 574 186 666 658 1198 486 516 809 237 1030 670 1088 1200 1301 748 361 1166
464 923 696 151 863 849 270 643 874 800 582 1012 380 629 567 887 718 232 157 587 502 839 402 391 934 695 1088 424 0 1073 319 414 790 726 980 514 313 287 466 940 546 504 1023 541 773 269 347 444 409 1160 368 416 479 476 684 208 265 335 428 738 186 569 577 400 946 1057 254 491 769 574 973 523 718 1074 1178 739 390 1153
611 669 473 1035 953 269 876 806 233 1290 849 644 752 996 576 668 419 1208 917 1325 591 1083 673 838 767 930 714 953 1073 0 758 663 315 359 119 560 1379 818 608 186 1191 573 938 1110 571 838 733 651 686 95 1414 1049 594 673 412 1237 1028 1393 857 1097 887 511 1074 1470 458 668 851 586 411 740 423 653 1190 635 681 384 692 375
165 667 387 286 787 530 233 451 554 879 503 745 129 533 323 632 402 498 162 757 229 733 116 232 703 640 898 353 319 758 0 133 492 422 661 205 621 90 168 621 586 208 912 534 561 103 107 131 169 843 658 494 166 271 364 482 382 651 283 750 134 271 538 712 648 858 176 196 499 352 718 319 778 865 968 452 71 879
53 697 371 411 681 465 229 532 483 825 411 762 232 642 189 665 365 550 264 746 96 833 17 350 749 547 766 477 414 663 133 0 375 311 579 107 726 223 56 549 717 90 794 661 428 237 70 160 57 753 773 467 88 152 307 598 391 729 398 675 235 155 660 815 635 725 191 77 368 426 586 195 720 731 834 328 120 752
329 693 367 778 690 258 569 697 245 990 542 713 527 867 261 675 311 903 639 1010 289 1008 388 636 779 637 563 765 790 315 492 375 0 73 274 286 1102 568 326 285 1015 287 719 942 303 587 442 417 385 411 1147 733 326 359 249 971 717 1095 669 802 610 221 921 1191 528 515 551 300 121 603 288 337 887 499 584 69 438 401
262 647 310 708 705 239 516 630 235 979 528 675 454 797 226 627 257 850 573 979 232 943 323 563 730 634 616 692 726 359 422 311 73 0 295 216 1037 497 259 289 942 221 751 870 327 516 380 344 328 452 1080 699 256 317 188 904 669 1037 597 796 544 156 850 1126 497 568 494 234 155 534 353 304 875 556 646 81 366 474
526 560 355 932 954 151 800 686 117 1264 815 544 645 876 521 556 302 1129 823 1274 517 965 587 726 657 910 761 837 980 119 661 579 274 295 0 472 1282 716 523 68 1074 491 962 992 565 736 649 548 608 184 1312 994 503 611 304 1135 958 1306 742 1076 794 434 955 1372 353 712 770 504 389 622 463 599 1161 685 745 342 593 461
54 625 283 491 716 358 335 505 375 903 468 682 254 642 182 595 267 658 359 845 92 817 114 372 686 599 743 503 514 560 205 107 286 216 472 0 823 283 51 441 752 36 808 687 409 301 177 149 148 648 863 563 41 203 203 687 497 834 413 741 329 71 676 912 541 699 299 42 307 399 529 227 797 698 798 251 153 679
774 1142 974 359 1111 1145 571 835 1172 946 851 1238 651 751 879 1106 1004 332 464 676 816 937 714 617 1131 943 1379 584 313 1379 621 726 1102 1037 1282 823 0 568 777 1237 567 816 1282 609 1077 548 660 735 722 1464 89 629 786 786 980 161 503 190 634 943 493 881 664 90 1205 1352 565 803 1082 797 1283 831 891 1372 1475 1052 688 1465
250 648 410 216 869 576 286 399 604 936 582 733 94 457 413 612 436 495 146 790 318 663 206 158 672 718 988 267 287 818 90 223 568 497 716 283 568 0 252 669 496 291 998 446 651 20 193 167 258 900 596 543 242 360 412 419 414 622 209 818 127 353 453 659 658 948 228 280 584 310 805 409 838 955 1058 534 130 962
2 659 325 453 695 409 284 517 427 864 436 721 240 642 175 629 314 607 313 796 75 825 64 359 717 570 750 490 466 608 168 56 326 259 523 51 777 252 0 493 735 39 797 675 413 269 126 147 99 698 821 515 43 170 253 645 446 784 405 707 284 104 668 866 587 707 247 27 332 411 552 204 758 710 812 284 130 711
495 495 294 884 975 94 775 620 66 1268 817 483 594 810 513 489 244 1099 783 1263 496 897 555 669 591 919 805 777 940 186 621 549 285 289 68 441 1237 669 493 0 1011 464 993 928 586 690 618 502 583 241 1265 981 468 597 257 1088 935 1270 683 1083 754 411 891 1328 291 756 740 476 406 558 508 590 1164 731 796 350 551 522
733 710 718 404 1352 922 739 417 958 1344 1061 808 497 246 906 680 772 758 547 1129 807 381 699 380 663 1192 1483 250 546 1191 586 717 1015 942 1074 752 567 496 735 1011 0 771 1490 85 1145 487 689 604 755 1252 517 953 712 856 793 441 802 737 345 1266 558 823 140 627 853 1442 690 762 1058 453 1280 905 1259 1446 1547 998 605 1416
42 661 319 493 680 384 310 537 399 867 431 718 274 670 149 632 301 638 352 813 55 848 102 393 723 563 717 524 504 573 208 90 287 221 491 36 816 291 39 464 771 0 775 709 382 308 160 174 119 664 860 530 61 166 235 684 471 819 437 705 323 65 700 905 576 674 278 13 293 431 514 191 761 676 777 244 166 671
799 1395 1047 1116 176 978 766 1313 963 554 441 1426 1026 1437 626 1372 1002 958 953 774 723 1623 810 1142 1472 339 274 1265 1023 938 912 794 719 751 962 808 1282 998 797 993 1490 775 0 1445 423 1005 805 944 745 1018 1362 657 835 642 928 1229 779 1166 1191 402 937 755 1450 1344 1246 301 806 778 599 1207 517 598 508 344 381 670 914 650
673 626 636 391 1313 840 707 331 876 1330 1024 724 434 165 848 596 692 764 518 1128 748 328 644 315 582 1157 1425 184 541 1110 534 661 942 870 992 687 609 446 675 928 85 709 1445 0 1087 440 640 538 703 1169 568 935 648 806 716 468 786 767 274 1240 524 757 60 676 767 1382 655 700 992 370 1213 853 1241 1385 1485 929 546 1344
415 972 625 819 389 559 506 910 548 723 310 1003 654 1052 239 949 579 806 655 803 339 1224 446 773 1050 363 337 903 773 571 561 428 303 327 565 409 1077 651 413 586 1145 382 423 1087 0 663 465 556 396 662 1141 558 444 303 505 979 603 1018 818 529 631 347 1082 1156 824 297 520 389 181 806 231 253 627 306 410 248 541 428
266 663 430 196 874 596 283 409 624 931 585 749 112 458 426 627 456 480 131 780 333 665 220 162 685 720 1000 264 269 838 103 237 587 516 736 301 548 20 269 690 487 308 1005 440 663 0 202 188 269 920 576 537 260 370 432 399 405 603 212 817 116 370 449 639 677 961 225 296 601 322 821 419 834 968 1071 552 149 979
123 739 427 357 680 533 166 548 552 789 398 810 231 639 234 705 427 481 201 691 156 838 63 339 784 535 800 459 347 733 107 70 442 380 649 177 660 193 126 618 689 160 805 640 465 202 0 190 70 824 709 417 152 167 373 536 328 659 390 651 173 224 645 748 692 762 122 147 427 445 639 217 686 771 875 392 133 811
145 549 256 383 839 409 349 373 436 978 571 622 109 496 322 515 274 629 289 877 222 678 148 223 594 707 891 355 444 651 131 160 417 344 548 149 735 167 147 502 604 174 944 538 556 188 190 0 216 732 764 606 112 310 244 587 506 778 264 834 262 219 527 826 517 848 296 168 454 267 675 348 875 848 948 394 62 817
98 753 424 427 628 504 191 588 519 768 354 818 282 693 164 722 414 522 269 697 96 886 69 396 806 491 731 521 409 686 169 57 385 328 608 148 722 258 99 583 755 119 745 703 396 269 70 216 0 778 774 415 139 102 351 603 351 710 446 618 242 175 705 809 686 692 166 108 360 482 570 150 664 701 805 331 172 745
701 686 535 1116 1040 333 968 855 300 1383 944 648 829 1046 671 690 485 1301 1004 1420 684 1118 763 909 784 1023 782 1019 1160 95 843 753 411 452 184 648 1464 900 698 241 1252 664 1018 1169 662 920 824 732 778 0 1496 1144 681 767 489 1319 1122 1483 925 1190 974 603 1130 1555 473 738 942 677 505 798 500 748 1283 703 739 480 776 421
818 1133 991 380 1193 1171 635 822 1200 1035 927 1230 672 720 935 1098 1026 419 508 766 865 895 759 622 1115 1024 1450 571 368 1414 658 773 1147 1080 1312 863 89 596 821 1265 517 860 1362 568 1141 576 709 764 774 1496 0 713 825 845 1008 177 582 276 632 1029 537 925 626 110 1212 1421 623 847 1135 795 1341 892 979 1440 1544 1101 722 1520
514 1155 839 549 483 909 261 941 919 397 259 1227 620 989 474 1122 830 301 423 283 488 1199 471 699 1197 318 795 784 416 1049 494 467 733 699 994 563 629 543 515 981 953 530 657 935 558 537 417 606 415 1144 713 0 554 383 765 601 151 509 749 323 425 572 961 687 1102 778 318 521 652 845 789 396 306 807 904 665 546 986
43 617 284 451 736 382 316 478 402 906 479 679 215 608 210 586 277 632 323 834 112 787 89 333 674 613 779 464 479 594 166 88 326 256 503 41 786 242 43 468 712 61 835 648 444 260 152 112 139 681 825 554 0 213 221 648 479 803 376 750 293 112 639 876 548 735 275 57 347 372 569 245 801 736 836 293 112 720
170 828 486 516 529 528 221 683 536 701 266 885 384 795 100 798 464 550 352 665 113 986 168 499 887 400 634 623 476 673 271 152 359 317 611 203 786 360 170 597 856 166 642 806 303 370 167 310 102 767 845 383 213 0 394 679 358 751 548 538 328 192 808 870 739 597 222 162 303 577 496 50 596 609 713 294 272 681
255 467 121 628 864 165 536 449 192 1094 648 506 340 625 337 444 75 851 527 1048 281 759 310 428 545 771 805 548 684 412 364 307 249 188 304 203 980 412 253 257 793 235 928 716 505 432 373 244 351 489 1008 765 221 394 0 832 699 1014 451 923 498 204 688 1071 347 757 496 244 343 360 537 404 988 745 833 268 294 636
642 981 818 204 1066 995 478 675 1023 961 788 1077 497 601 766 945 852 341 335 714 692 795 584 456 972 896 1296 425 208 1237 482 598 971 904 1135 687 161 419 645 1088 441 684 1229 468 979 399 536 587 603 1319 177 601 648 679 832 0 456 299 473 924 363 750 520 248 1046 1265 458 672 963 636 1173 727 891 1281 1386 927 545 1348
444 1049 754 398 612 855 162 814 870 544 348 1127 500 847 458 1015 755 202 282 376 440 1059 390 565 1083 442 883 641 265 1028 382 391 717 669 958 497 503 414 446 935 802 471 779 786 603 405 328 506 351 1122 582 151 479 358 699 456 0 415 613 473 290 524 814 572 1019 859 210 459 657 724 827 389 457 883 984 653 444 1021
781 1245 1031 445 990 1180 530 951 1203 779 756 1338 714 896 851 1209 1052 214 489 500 806 1093 720 710 1247 827 1295 709 335 1393 651 729 1095 1037 1306 834 190 622 784 1270 737 819 1166 767 1018 603 659 778 710 1483 276 509 803 751 1014 299 415 0 739 800 517 882 819 200 1280 1273 544 806 1055 895 1238 790 735 1298 1398 1038 722 1429
403 509 390 293 1071 591 495 214 625 1144 787 604 165 249 580 472 439 659 331 984 480 453 381 51 509 924 1154 96 428 857 283 398 669 597 742 413 634 209 405 683 345 437 1191 274 818 212 390 264 446 925 632 749 376 548 451 473 613 739 0 1027 324 483 263 721 581 1111 437 429 717 163 938 593 1046 1112 1212 654 278 1071
706 1366 1023 864 233 1033 536 1199 1032 195 275 1423 879 1275 587 1336 997 610 722 372 651 1481 686 976 1423 166 621 1078 738 1097 750 675 802 796 1076 741 943 818 707 1083 1266 705 402 1240 529 817 651 834 618 1190 1029 323 750 538 923 924 473 800 1027 0 717 720 1260 992 1270 624 591 701 689 1096 736 519 112 663 738 734 783 920
281 775 518 188 794 664 182 524 688 822 503 858 219 563 406 739 535 372 29 664 328 773 221 275 800 634 960 361 186 887 134 235 610 544 794 329 493 127 284 754 558 323 937 524 631 116 173 262 242 974 537 425 293 328 498 363 290 517 324 717 0 388 543 583 774 924 131 310 600 438 812 377 727 937 1041 563 205 985
107 656 306 557 673 337 366 563 348 890 445 705 326 708 137 629 277 697 418 855 84 877 167 442 724 569 676 574 569 511 271 155 221 156 434 71 881 353 104 411 823 65 755 757 347 370 224 219 175 603 925 572 112 192 204 750 524 882 483 720 388 0 745 970 551 631 339 78 236 459 457 200 784 630 729 181 224 609
666 570 601 426 1323 805 725 282 841 1358 1035 667 428 106 843 540 658 805 540 1164 743 274 643 310 523 1170 1418 186 577 1074 538 660 921 850 955 676 664 453 668 891 140 700 1450 60 1082 449 645 527 705 1130 626 961 639 808 688 520 814 819 263 1260 543 745 0 734 718 1375 670 693 978 334 1196 854 1266 1375 1474 912 541 1321
863 1227 1064 449 1171 1235 652 918 1263 979 920 1323 742 825 964 1191 1095 386 553 701 903 1004 803 705 1213 1005 1453 666 400 1470 712 815 1191 1126 1372 912 90 659 866 1328 627 905 1344 676 1156 639 748 826 809 1555 110 687 876 870 1071 248 572 200 721 992 583 970 734 0 1294 1427 649 891 1167 884 1366 914 932 1449 1551 1140 779 1550
588 213 264 848 1201 271 858 436 293 1441 995 192 565 620 683 218 275 1146 799 1382 626 654 633 590 311 1116 1082 658 946 458 648 635 528 497 353 541 1205 658 587 291 853 576 1246 767 824 677 692 517 686 473 1212 1102 548 739 347 1046 1019 1280 581 1270 774 551 718 1294 0 1033 810 583 646 422 788 751 1335 1011 1082 576 579 813
709 1207 878 1113 401 762 787 1188 740 807 520 1222 948 1340 535 1190 824 1058 947 971 634 1503 743 1067 1294 492 49 1198 1057 668 858 725 515 568 712 699 1352 948 707 756 1442 674 301 1382 297 961 762 848 692 738 1421 778 735 597 757 1265 859 1273 1111 624 924 631 1375 1427 1033 0 809 682 414 1087 249 547 736 42 125 489 837 350
245 842 545 311 662 656 58 622 674 708 371 918 301 684 315 808 548 359 146 582 262 891 186 386 880 502 842 486 254 851 176 191 551 494 770 299 565 228 247 740 690 278 806 655 520 225 122 296 166 942 623 318 275 222 496 458 210 544 437 591 131 339 670 649 810 809 0 266 518 526 719 269 609 824 928 495 234 901
30 665 325 481 680 395 298 535 411 861 428 723 266 664 153 635 309 625 339 804 55 844 88 385 725 560 725 516 491 586 196 77 300 234 504 42 803 280 27 476 762 13 778 700 389 296 147 168 108 677 847 521 57 162 244 672 459 806 429 701 310 78 693 891 583 682 266 0 304 429 525 190 756 684 785 256 156 683
334 803 465 780 569 379 524 775 366 880 438 828 562 934 204 783 413 852 628 920 272 1090 385 678 886 523 462 809 769 411 499 368 121 155 389 307 1082 584 332 406 1058 293 599 992 181 601 427 454 360 505 1135 652 347 303 343 963 657 1055 717 689 600 236 978 1167 646 414 518 304 0 676 221 268 779 406 500 74 458 384
410 350 267 450 1106 471 584 106 507 1231 837 443 225 264 581 314 325 798 453 1100 484 418 413 184 363 973 1133 237 574 740 352 426 603 534 622 399 797 310 411 558 453 431 1207 370 806 322 445 267 482 798 795 845 372 577 360 636 724 895 163 1096 438 459 334 884 422 1087 526 429 676 0 887 615 1129 1081 1176 605 312 996
555 970 655 996 554 520 714 983 495 931 541 979 783 1149 407 955 598 1029 839 1032 489 1296 602 899 1060 576 297 1030 973 423 718 586 288 353 463 529 1283 805 552 508 1280 514 517 1213 231 821 639 675 570 500 1341 789 569 496 537 1173 827 1238 938 736 812 457 1196 1366 788 249 719 525 221 887 0 452 841 223 298 284 680 196
204 851 504 566 491 527 262 721 532 690 244 904 428 838 78 822 477 585 401 675 135 1026 212 545 914 372 584 670 523 653 319 195 337 304 599 227 831 409 204 590 905 191 598 853 253 419 217 348 150 748 892 396 245 50 404 727 389 790 593 519 377 200 854 914 751 547 269 190 268 615 452 0 584 559 663 269 316 639
757 1417 1081 855 343 1109 551 1229 1110 105 347 1479 907 1290 658 1386 1060 560 727 273 709 1499 729 996 1469 265 733 1088 718 1190 778 720 887 875 1161 797 891 838 758 1164 1259 761 508 1241 627 834 686 875 664 1283 979 306 801 596 988 891 457 735 1046 112 727 784 1266 932 1335 736 609 756 779 1129 841 584 0 775 850 818 820 1028
712 1190 865 1125 442 742 804 1181 718 847 548 1202 950 1337 541 1174 810 1084 960 1007 638 1496 749 1069 1278 528 79 1200 1074 635 865 731 499 556 685 698 1372 955 710 731 1446 676 344 1385 306 968 771 848 701 703 1440 807 736 609 745 1281 883 1298 1112 663 937 630 1375 1449 1011 42 824 684 406 1081 223 559 775 0 104 479 840 309
814 1268 952 1229 509 816 908 1275 790 915 645 1274 1051 1434 644 1254 896 1184 1065 1092 740 1589 852 1169 1359 614 116 1301 1178 681 968 834 584 646 745 798 1475 1058 812 796 1547 777 381 1485 410 1071 875 948 805 739 1544 904 836 713 833 1386 984 1398 1212 738 1041 729 1474 1551 1082 125 928 785 500 1176 298 663 850 104 0 571 942 322
287 729 390 738 630 312 509 703 304 921 472 756 503 865 194 708 338 842 592 940 236 1018 343 617 811 570 537 748 739 384 452 328 69 81 342 251 1052 534 284 350 998 244 670 929 248 552 392 394 331 480 1101 665 293 294 268 927 653 1038 654 734 563 181 912 1140 576 489 495 256 74 605 284 269 818 479 571 0 405 427
127 609 317 344 800 459 288 416 485 923 525 684 113 522 302 575 330 569 233 816 202 713 104 231 651 662 879 361 390 692 71 120 438 366 593 153 688 130 130 551 605 166 914 546 541 149 133 62 172 776 722 546 112 272 294 545 444 722 278 783 205 224 541 779 579 837 234 156 458 312 680 316 820 840 942 405 0 833
714 1015 742 1164 722 567 901 1083 534 1113 736 1005 927 1261 585 1007 682 1221 1013 1227 656 1387 768 1037 1110 764 386 1166 1153 375 879 752 401 474 461 679 1465 962 711 522 1416 671 650 1344 428 979 811 817 745 421 1520 986 720 681 636 1348 1021 1429 1071 920 985 609 1321 1550 813 350 901 683 384 996 196 639 1028 309 322 427 833 0
