0 399 8 308 714 504 704 54 497 515 668 736 363 846 25 468 87 838 406 352 251 238 415 307 476 742 458 69 688 458 625 91 745 35 68 0 334 864 82 478 818 428 589 724 454 410 568 578 294 845 607 245 565 784 28 616 330 365 528 356 212 302 512 752 546 463 423 237 619 692 156 730 351 697 851 471 327 752 752 341 387 45 413 705 363 762 89 610 226 399 776 819 145 39 31 794 722 69 764 148 100 815 127 186 223 183 62 555 624 349 662 414 53 361 194 695
399 0 396 515 318 344 308 346 475 227 780 965 690 1243 423 536 471 980 634 730 468 613 23 705 329 928 857 329 1039 823 827 307 1136 379 423 398 309 1258 362 712 484 656 832 770 807 516 319 247 585 990 1001 269 209 882 413 677 678 417 784 215 506 694 415 938 768 124 422 534 833 490 263 940 692 982 1080 797 485 384 1040 479 529 397 113 489 58 363 357 382 563 571 382 1059 282 409 415 1087 1121 438 1158 342 348 417 486 228 581 215 339 445 914 513 788 124 359 668 586 782
8 396 0 317 712 508 702 50 488 516 677 745 358 850 27 459 95 847 399 351 243 236 412 309 468 751 461 67 695 456 634 89 750 41 61 9 325 865 74 487 819 420 597 715 451 418 561 573 302 854 608 237 560 776 37 624 326 371 521 358 204 302 504 744 539 458 415 246 628 696 157 723 347 692 860 467 319 747 761 349 378 36 408 709 362 759 80 613 235 407 774 813 147 31 39 789 724 78 768 153 105 813 122 186 219 180 62 546 618 357 671 409 46 370 194 703
308 515 317 0 765 385 757 328 788 489 360 460 626 849 314 773 261 532 708 557 560 475 538 450 729 445 532 323 554 669 332 327 719 281 374 308 606 959 383 199 758 728 319 1031 682 131 789 754 114 540 724 510 722 1093 282 320 581 163 814 335 513 481 785 1050 842 626 714 114 332 540 291 1023 606 961 577 723 636 898 525 77 695 354 588 561 458 844 388 500 174 90 815 1100 274 346 281 1048 792 248 754 206 239 873 415 316 486 374 301 827 888 53 353 595 346 183 407 389
714 318 712 765 0 441 10 662 700 288 936 1173 1004 1551 739 791 781 1132 929 1049 774 932 306 1021 532 1113 1170 645 1315 1140 1031 623 1438 691 741 713 584 1576 681 945 278 949 1058 982 1123 719 441 313 857 1143 1319 573 271 1109 725 817 994 624 1080 430 820 1012 615 1202 1054 317 672 814 1044 466 567 1213 1007 1279 1281 1109 776 270 1278 707 811 715 360 450 350 101 676 385 853 796 64 1338 585 726 728 1385 1436 746 1464 634 651 108 804 533 899 532 652 628 1215 745 952 367 677 938 904 923
504 344 508 385 441 0 437 477 798 159 495 739 866 1231 526 837 526 692 873 849 698 740 363 774 669 673 890 459 931 959 597 443 1103 470 564 504 613 1320 527 531 374 896 635 1089 958 298 661 570 496 703 1072 538 523 1188 498 377 835 222 1013 167 697 787 751 1210 1016 464 736 474 612 187 360 1199 856 1195 843 975 746 653 857 311 801 533 457 200 299 537 526 116 529 384 476 1303 364 537 499 1295 1159 493 1137 363 406 543 630 345 728 399 450 785 1122 347 511 468 500 567 686 483
704 308 702 757 10 437 0 652 690 283 932 1168 993 1541 729 780 771 1128 918 1038 763 921 295 1011 522 1108 1160 635 1307 1129 1025 613 1429 682 731 703 573 1566 670 939 284 938 1052 971 1112 713 431 303 848 1140 1308 562 261 1099 715 814 984 618 1069 422 809 1002 605 1192 1043 306 661 806 1038 467 558 1202 996 1268 1276 1098 765 265 1271 701 800 704 349 451 341 102 665 383 845 789 75 1328 575 716 718 1374 1426 736 1454 625 642 116 794 523 888 522 642 618 1204 738 948 356 666 931 894 919
54 346 50 328 662 477 652 0 463 474 684 770 390 900 78 445 139 861 410 395 243 278 362 358 429 770 512 18 739 497 654 40 800 53 89 54 291 914 58 509 776 432 623 704 490 417 517 524 330 868 656 198 510 773 76 623 362 359 541 321 222 350 471 755 552 408 389 273 650 664 118 737 382 719 886 500 312 697 795 349 372 58 358 676 313 709 61 578 271 416 725 833 112 66 79 818 774 114 819 140 93 763 156 142 256 130 29 513 645 362 680 360 23 403 242 707
497 475 488 788 700 798 690 463 0 702 1134 1233 487 1200 504 114 577 1319 326 608 293 530 465 670 168 1232 823 465 1153 642 1117 461 1138 514 449 497 191 1111 414 973 938 337 1085 295 607 859 283 398 790 1327 880 283 432 412 526 1058 514 780 450 638 377 627 93 508 400 396 73 734 1113 961 512 527 509 638 1348 553 221 549 1246 797 199 455 371 962 504 679 408 855 722 874 760 658 524 467 528 740 1026 567 1141 585 548 755 455 500 482 434 487 109 590 817 1133 359 448 857 560 1152
515 227 516 489 288 159 283 474 702 0 651 885 858 1310 540 759 561 850 832 867 659 752 239 812 555 825 947 455 1043 971 742 434 1189 485 562 515 530 1370 512 661 302 855 771 997 964 432 527 424 590 861 1115 473 376 1107 517 535 835 339 980 168 677 815 642 1153 972 332 648 555 755 264 358 1150 853 1172 993 967 691 495 992 426 741 532 337 261 203 381 509 157 602 511 330 1263 370 539 519 1275 1217 525 1219 398 429 394 630 331 730 363 454 671 1101 463 666 349 494 669 708 642
668 780 677 360 936 495 932 684 1134 651 0 286 975 1005 674 1129 619 200 1067 886 920 821 803 765 1054 192 796 677 618 993 176 676 866 640 734 668 947 1186 740 259 816 1088 263 1389 1013 277 1090 1026 417 210 989 851 985 1453 643 120 926 367 1168 565 873 807 1120 1408 1200 904 1061 455 203 536 623 1379 952 1303 368 1064 995 1137 447 337 1055 714 878 561 723 1032 745 568 503 270 968 1449 610 707 642 1382 1014 608 911 550 591 1037 774 639 838 704 656 1161 1231 321 27 888 704 413 752 47
736 965 745 460 1173 739 1168 770 1233 885 286 0 957 790 732 1201 661 225 1089 839 974 811 989 712 1188 108 683 770 387 930 142 778 654 718 790 736 1059 1010 818 262 1087 1106 147 1450 960 457 1249 1210 442 222 858 963 1175 1490 707 396 905 556 1158 764 907 763 1239 1407 1204 1082 1159 498 132 812 751 1368 930 1255 116 1025 1055 1344 172 486 1111 780 1047 838 907 1264 824 829 518 393 1213 1414 733 769 705 1318 844 667 702 665 691 1279 807 777 842 834 748 1282 1189 453 259 1054 784 385 746 327
363 690 358 626 1004 866 993 390 487 858 975 957 0 719 343 388 370 1114 179 142 238 153 699 254 582 997 370 408 753 156 884 426 674 398 301 363 453 626 346 738 1156 183 819 557 125 749 710 780 557 1118 392 433 788 555 375 947 52 721 200 711 184 201 560 449 250 701 443 520 869 1054 508 411 29 337 1059 109 275 958 910 680 289 333 651 1066 676 1027 348 968 472 713 1069 474 502 329 374 431 540 393 669 510 463 1093 236 529 143 495 415 592 263 677 962 646 367 583 222 1010
846 1243 850 849 1551 1231 1541 900 1200 1310 1005 790 719 0 822 1106 771 1016 897 591 916 681 1261 553 1264 890 392 916 403 577 833 937 139 863 838 846 1118 273 900 770 1599 898 743 1260 618 962 1381 1416 735 1012 339 1058 1408 1224 830 1064 686 1012 852 1142 834 582 1262 1055 921 1307 1146 759 807 1388 983 999 694 812 820 692 980 1594 633 925 1005 857 1256 1410 1201 1606 907 1348 708 877 1610 969 966 844 827 813 196 805 96 919 899 1656 791 1018 727 1029 904 1298 783 893 979 1256 891 671 676 1053
25 423 27 314 739 526 729 78 504 540 674 732 343 822 0 469 74 841 396 328 247 214 440 282 490 741 434 94 671 434 625 116 723 56 60 25 346 839 94 476 842 417 584 723 432 421 586 600 289 847 582 260 587 779 32 626 308 380 513 380 200 277 523 740 534 485 431 235 617 714 181 717 331 679 846 451 326 774 742 351 385 49 435 727 388 787 101 633 217 404 801 804 169 36 33 775 697 66 741 166 120 840 109 211 202 208 87 566 605 356 667 436 71 353 169 702
468 536 459 773 791 837 780 445 114 759 1129 1201 388 1106 469 0 539 1305 218 517 230 452 531 592 267 1210 739 451 1088 540 1093 453 1052 491 410 468 228 1005 390 946 1014 226 1053 261 502 858 391 499 759 1312 780 300 527 350 496 1062 420 788 336 672 308 546 205 411 287 477 119 704 1087 1010 517 424 412 525 1314 444 148 658 1198 792 103 422 443 1013 556 778 384 906 683 862 852 553 527 433 497 627 928 535 1052 579 537 853 400 514 405 449 472 223 476 807 1125 433 426 818 492 1151
87 471 95 261 781 526 771 139 577 561 619 661 370 771 74 539 0 778 449 325 313 224 490 251 563 675 390 150 600 436 558 170 666 93 129 87 420 809 167 409 862 469 514 790 441 379 656 663 220 784 554 332 647 840 62 580 327 355 553 395 255 260 597 789 581 544 505 168 549 711 213 762 352 707 774 472 394 834 668 310 451 123 495 726 430 835 174 638 144 350 841 841 196 110 60 798 659 35 687 165 132 885 155 247 227 261 135 640 633 309 609 497 140 280 162 649
838 980 847 532 1132 692 1128 861 1319 850 200 225 1114 1016 841 1305 778 0 1225 1009 1088 962 1003 883 1247 130 881 856 613 1109 231 858 879 813 901 838 1134 1230 915 376 995 1244 309 1563 1134 470 1287 1226 562 11 1065 1038 1186 1619 811 314 1063 564 1312 765 1033 930 1310 1558 1350 1103 1245 609 249 713 811 1524 1088 1429 240 1193 1166 1337 393 525 1225 884 1076 737 922 1229 920 757 647 445 1162 1583 797 875 810 1500 1062 774 927 733 771 1231 932 830 985 894 834 1351 1360 502 191 1086 879 531 893 209
406 634 399 708 929 873 918 410 326 832 1067 1089 179 897 396 218 449 1225 0 318 175 285 636 416 449 1116 546 424 920 324 1000 436 853 439 338 406 347 787 353 851 1116 23 945 383 285 817 579 668 663 1230 565 365 686 401 428 1022 221 768 151 708 195 364 409 345 143 613 298 616 989 1058 516 327 206 350 1196 226 152 841 1060 747 133 363 568 1066 634 935 352 962 578 798 993 431 518 367 429 456 714 459 848 548 500 1006 293 527 248 475 439 435 286 752 1058 561 386 705 344 1097
352 730 351 557 1049 849 1038 395 608 867 886 839 142 591 328 517 325 1009 318 0 329 117 743 126 681 888 228 414 613 112 778 435 536 384 309 353 540 535 368 637 1170 324 706 699 126 687 804 857 470 1013 283 497 858 696 353 874 98 677 330 708 252 79 672 577 387 763 556 444 761 1035 509 533 112 419 935 186 388 1037 779 621 415 338 712 1050 705 1084 373 959 388 637 1113 575 498 329 352 496 423 356 534 486 445 1145 244 537 152 519 413 707 351 610 870 709 377 479 163 925
251 468 243 560 774 698 763 243 293 659 920 974 238 916 247 230 313 1088 175 329 0 238 474 377 351 988 533 255 861 389 871 265 847 280 187 251 216 857 185 722 947 198 826 476 363 659 476 541 534 1095 611 201 550 533 277 865 245 603 320 533 84 337 345 514 318 465 231 481 863 883 344 501 249 514 1086 336 81 721 968 590 138 206 417 891 463 791 182 787 455 650 839 606 346 213 278 619 752 314 852 383 336 859 169 353 190 300 273 383 445 600 914 411 220 589 267 946
238 613 236 475 932 740 921 278 530 752 821 811 153 681 214 452 224 962 285 117 238 0 626 140 582 847 295 297 640 220 732 318 609 271 192 238 437 649 251 585 1054 299 670 665 218 600 701 747 404 966 393 386 745 684 242 796 105 579 350 594 154 99 583 597 392 649 469 367 718 927 393 562 130 486 915 248 309 927 775 532 349 221 598 941 587 968 255 848 318 560 995 627 384 212 241 574 526 251 615 378 334 1028 127 421 47 402 298 621 412 526 808 595 259 432 69 857
415 23 412 538 306 363 295 362 465 239 803 989 699 1261 440 531 490 1003 636 743 474 626 0 721 315 951 874 345 1061 833 851 324 1155 397 437 415 305 1273 375 736 485 658 855 760 817 539 299 223 607 1013 1015 272 186 874 430 699 688 441 787 237 514 708 402 936 769 103 416 556 857 503 283 939 701 985 1104 805 486 361 1063 502 529 411 97 501 81 346 370 396 584 595 371 1059 302 424 433 1091 1137 456 1177 363 368 402 499 248 592 231 356 431 918 536 811 109 374 690 601 805
307 705 309 450 1021 774 1011 358 670 812 765 712 254 553 282 592 251 883 416 126 377 140 721 0 714 761 161 376 504 227 652 398 471 331 287 307 568 558 350 513 1114 426 580 799 250 581 829 864 354 887 302 505 858 808 298 760 202 584 451 646 292 52 721 700 504 758 608 335 635 955 459 658 224 545 809 313 450 1042 656 519 489 310 707 972 670 1067 356 887 276 524 1083 702 444 297 295 618 415 286 480 417 383 1122 238 491 187 489 369 759 478 504 749 706 346 355 123 805
476 329 468 729 532 669 522 429 168 555 1054 1188 582 1264 490 267 563 1247 449 681 351 582 315 714 0 1173 874 424 1162 737 1061 413 1185 482 449 476 147 1207 396 925 774 465 1043 454 707 777 130 232 756 1256 962 231 263 578 503 965 596 688 590 519 430 681 87 675 549 234 154 698 1061 819 438 691 597 785 1304 666 308 394 1223 722 317 442 218 817 369 512 389 712 700 808 591 820 455 457 505 890 1104 543 1195 523 497 588 479 417 536 355 445 116 730 748 1057 206 423 831 593 1066
742 928 751 445 1113 673 1108 770 1232 825 192 108 997 890 741 1210 675 130 1116 888 988 847 951 761 1173 0 752 767 488 985 116 772 753 720 801 742 1052 1101 822 266 1006 1134 182 1465 1012 412 1224 1174 455 129 935 955 1137 1514 714 310 946 510 1197 718 928 809 1231 1444 1238 1048 1158 507 128 728 734 1408 971 1307 176 1073 1068 1298 280 454 1126 787 1017 753 869 1206 827 754 537 365 1149 1463 718 777 712 1376 932 675 800 651 684 1216 827 757 873 818 745 1272 1239 425 168 1025 786 414 779 227
458 857 461 532 1170 890 1160 512 823 947 796 683 370 392 434 739 390 881 546 228 533 295 874 161 874 752 0 528 398 272 655 550 314 478 446 458 728 429 509 536 1245 553 571 927 311 661 990 1024 421 882 195 666 1016 920 445 814 325 684 547 778 449 196 878 786 609 916 765 423 633 1064 603 738 341 591 764 388 602 1202 590 608 636 466 865 1083 819 1221 515 1006 364 589 1231 756 587 453 442 641 270 425 320 549 522 1273 399 637 342 642 518 916 534 584 775 865 501 389 284 840
69 329 67 323 645 459 635 18 465 455 677 770 408 916 94 451 150 856 424 414 255 297 345 376 424 767 528 0 748 516 652 21 814 59 107 69 289 932 70 508 757 447 623 712 509 408 508 512 332 863 674 194 497 783 88 613 381 347 557 302 239 368 469 769 567 394 391 275 648 647 99 752 400 736 886 518 322 684 799 341 382 76 345 658 295 692 73 560 276 411 707 849 95 84 90 836 792 123 833 129 85 746 175 123 275 114 22 511 663 356 673 347 40 406 260 699
688 1039 695 554 1315 931 1307 739 1153 1043 618 387 753 403 671 1088 600 613 920 613 861 640 1061 504 1162 488 398 748 0 671 441 765 268 689 714 688 1016 633 765 413 1305 930 355 1303 709 637 1256 1256 458 609 526 932 1234 1309 663 692 704 711 942 885 780 556 1188 1184 1001 1132 1085 505 415 1062 780 1136 724 986 424 786 941 1419 234 621 986 719 1086 1085 987 1388 772 1043 478 549 1368 1152 760 705 660 1028 476 625 317 697 697 1423 697 814 684 849 730 1230 932 584 591 1090 741 376 595 665
458 823 456 669 1140 959 1129 497 642 971 993 930 156 577 434 540 436 1109 324 112 389 220 833 227 737 985 272 516 671 0 878 537 548 491 409 458 605 470 464 740 1273 322 802 684 42 799 865 930 579 1111 241 576 936 659 461 984 147 789 283 814 324 188 716 515 349 845 599 555 859 1145 613 466 140 325 1021 120 431 1110 855 733 443 439 794 1160 801 1169 468 1068 498 747 1205 487 604 432 460 391 390 467 536 596 553 1233 342 640 243 617 518 748 263 722 976 790 477 582 274 1032
625 827 634 332 1031 597 1025 654 1117 742 176 142 884 833 625 1093 558 231 1000 778 871 732 851 652 1061 116 655 652 441 878 0 657 693 604 685 625 938 1025 705 149 948 1018 90 1348 903 315 1117 1072 338 234 844 841 1037 1397 597 268 833 414 1083 623 811 699 1117 1329 1123 945 1043 390 26 678 623 1295 858 1198 254 962 951 1203 278 349 1009 670 912 703 769 1121 711 689 421 257 1071 1352 606 660 596 1270 854 558 740 538 570 1136 710 647 758 706 630 1159 1129 317 149 920 670 301 664 224
91 307 89 327 623 443 613 40 461 434 676 778 426 937 116 453 170 858 436 435 265 318 324 398 413 772 550 21 765 537 657 0 835 77 127 91 281 954 84 515 736 459 631 714 529 405 493 493 342 866 696 185 477 789 108 609 401 339 571 284 254 390 461 779 579 374 387 285 654 630 82 764 420 752 894 536 328 664 811 339 388 97 325 641 273 671 84 541 291 413 685 863 81 106 110 853 813 140 854 126 87 724 195 103 295 92 35 503 679 356 674 327 59 419 282 697
745 1136 750 719 1438 1103 1429 800 1138 1189 866 654 674 139 723 1052 666 879 853 536 847 609 1155 471 1185 753 314 814 268 548 693 835 0 759 746 746 1038 371 807 632 1474 857 603 1229 591 828 1297 1323 606 876 336 971 1311 1208 726 925 634 882 832 1022 763 510 1192 1053 898 1209 1079 635 667 1256 874 1000 647 825 691 669 917 1497 502 794 949 762 1159 1278 1092 1499 814 1219 588 742 1497 988 856 748 724 843 233 698 48 804 789 1545 707 909 656 926 801 1230 784 761 839 1160 794 538 592 913
35 379 41 281 691 470 682 53 514 485 640 718 398 863 56 491 93 813 439 384 280 271 397 331 482 720 478 59 689 491 604 77 759 0 102 34 344 890 102 458 787 461 571 750 488 378 568 571 277 820 633 251 554 814 33 584 365 330 562 323 246 330 524 785 580 451 440 220 599 657 127 764 386 733 834 506 354 741 742 310 414 75 402 671 340 743 107 576 218 371 753 854 114 72 36 830 745 63 779 112 64 794 162 159 258 167 42 566 659 319 634 405 66 349 223 665
68 423 61 374 741 564 731 89 449 562 734 790 301 838 60 410 129 901 338 309 187 192 437 287 449 801 446 107 714 409 685 127 746 102 0 68 302 835 62 536 864 359 643 663 401 479 552 578 348 908 578 224 570 719 91 684 273 433 460 410 143 271 475 683 477 470 378 294 677 752 207 662 293 633 904 411 266 755 796 409 324 31 419 764 395 782 69 667 273 464 805 752 200 29 92 731 702 127 761 214 166 839 67 231 167 210 113 517 559 416 727 418 68 409 165 762
0 398 9 308 713 504 703 54 497 515 668 736 363 846 25 468 87 838 406 353 251 238 415 307 476 742 458 69 688 458 625 91 746 34 68 0 334 864 82 478 817 428 588 724 455 410 568 578 293 845 607 245 565 785 28 616 330 364 528 355 212 302 512 752 546 462 423 237 619 692 156 730 352 698 851 471 328 752 752 341 387 45 413 705 363 762 89 610 226 398 776 820 145 39 30 795 722 69 764 147 99 815 127 186 223 183 62 555 624 348 662 414 53 361 194 695
334 309 325 606 584 613 573 291 191 530 947 1059 453 1118 346 228 420 1134 347 540 216 437 305 568 147 1052 728 289 1016 605 938 281 1038 344 302 334 0 1072 252 797 790 367 912 475 578 670 263 327 621 1142 823 96 340 577 362 868 460 590 497 450 288 536 180 630 470 267 123 564 936 783 323 634 465 696 1175 546 195 505 1085 610 227 297 225 785 327 588 245 678 560 690 647 757 337 312 364 802 962 402 1048 401 368 659 331 310 392 244 311 222 634 631 947 216 281 693 446 963
864 1258 865 959 1576 1320 1566 914 1111 1370 1186 1010 626 273 839 1005 809 1230 787 535 857 649 1273 558 1207 1101 429 932 633 470 1025 954 371 890 835 864 1072 0 897 933 1670 780 935 1109 504 1086 1333 1392 846 1228 257 1033 1394 1049 856 1223 612 1114 701 1203 785 564 1187 862 770 1298 1070 852 1000 1493 1018 805 609 608 1058 561 902 1572 868 1035 912 861 1247 1512 1227 1617 902 1436 794 1009 1639 749 1003 850 854 584 172 844 325 972 941 1675 775 1050 688 1043 926 1217 599 1010 1162 1244 899 802 672 1233
82 362 74 383 681 527 670 58 414 512 740 818 346 900 94 390 167 915 353 368 185 251 375 350 396 822 509 70 765 464 705 84 807 102 62 82 252 897 0 559 811 376 671 648 453 475 495 516 376 922 640 167 507 716 111 681 324 417 487 366 170 333 430 698 496 407 341 319 700 714 166 681 341 669 933 456 255 693 835 407 315 46 356 725 337 720 7 624 309 472 744 779 165 60 113 770 765 152 823 198 151 778 124 184 221 152 87 472 596 419 735 355 36 444 228 764
478 712 487 199 945 531 939 509 973 661 259 262 738 770 476 946 409 376 851 637 722 585 736 513 925 266 536 508 413 740 149 515 632 458 536 478 797 933 559 0 901 869 120 1199 763 232 988 953 189 380 730 701 921 1248 450 294 687 321 936 521 662 558 977 1182 975 825 899 241 141 649 489 1148 712 1057 379 819 802 1095 332 239 860 523 788 673 655 1030 565 637 272 149 991 1208 471 512 448 1132 760 410 674 402 429 1053 561 516 609 572 486 1019 987 202 239 795 524 158 517 304
818 484 819 758 278 374 284 776 938 302 816 1087 1156 1599 842 1014 862 995 1116 1170 947 1054 485 1114 774 1006 1245 757 1305 1273 948 736 1474 787 864 817 790 1670 811 901 0 1139 998 1229 1264 669 702 576 868 1007 1416 751 529 1350 820 696 1135 596 1266 467 973 1118 861 1421 1252 541 896 840 967 281 661 1424 1153 1462 1182 1265 969 546 1219 685 1013 833 570 257 484 364 809 263 892 757 254 1543 673 841 821 1567 1515 827 1506 698 731 316 931 633 1031 660 756 881 1393 722 838 581 796 941 1011 790
428 656 420 728 949 896 938 432 337 855 1088 1106 183 898 417 226 469 1244 23 324 198 299 658 426 465 1134 553 447 930 322 1018 459 857 461 359 428 367 780 376 869 1139 0 962 375 282 838 595 686 682 1249 564 387 705 385 450 1043 228 791 130 731 216 374 422 323 120 633 313 635 1007 1081 539 305 211 329 1212 219 173 858 1074 769 148 386 589 1089 656 954 374 985 597 818 1013 408 540 389 450 435 712 480 851 571 522 1026 313 550 264 499 462 447 267 773 1078 582 409 722 360 1118
589 832 597 319 1058 635 1052 623 1085 771 263 147 819 743 584 1053 514 309 945 706 826 670 855 580 1043 182 571 623 355 802 90 631 603 571 643 588 912 935 671 120 998 962 0 1303 830 339 1108 1073 295 311 757 817 1041 1345 560 341 767 434 1019 638 761 628 1093 1267 1063 946 1011 351 65 735 608 1230 792 1125 262 892 908 1214 222 356 964 632 908 760 774 1144 677 735 371 264 1102 1282 590 621 558 1193 764 519 649 521 546 1165 661 635 699 691 601 1135 1058 319 237 915 636 240 604 311
724 770 715 1031 982 1089 971 704 295 997 1389 1450 557 1260 723 261 790 1563 383 699 476 665 760 799 454 1465 927 712 1303 684 1348 714 1229 750 663 724 475 1109 648 1199 1229 375 1303 0 642 1119 544 670 1010 1570 921 558 710 136 751 1323 603 1049 410 925 543 748 368 309 341 688 352 957 1340 1255 778 354 586 531 1560 567 397 794 1435 1053 338 678 665 1257 798 947 643 1149 931 1121 1038 477 788 688 753 611 1068 790 1220 840 797 1024 642 773 624 708 733 353 516 1067 1384 654 685 1064 718 1411
454 807 451 682 1123 958 1112 490 607 964 1013 960 125 618 432 502 441 1134 285 126 363 218 817 250 707 1012 311 509 709 42 903 529 591 488 401 455 578 504 453 763 1264 282 830 642 0 810 835 905 597 1137 282 555 912 617 460 1000 129 795 240 810 303 206 683 475 307 824 566 569 885 1145 607 426 116 295 1053 78 399 1084 890 744 408 432 774 1159 789 1149 456 1065 514 762 1188 454 599 425 459 369 430 469 579 596 552 1214 333 632 233 605 512 713 229 734 997 769 469 605 279 1051
410 516 418 131 719 298 713 417 859 432 277 457 749 962 421 858 379 470 817 687 659 600 539 581 777 412 661 408 637 799 315 405 828 378 479 410 670 1086 475 232 669 838 339 1119 810 0 817 762 240 480 854 575 725 1191 388 205 705 99 932 307 622 611 843 1162 955 637 786 246 326 428 347 1138 730 1086 569 849 730 888 561 69 790 454 607 451 457 807 479 406 305 88 762 1220 334 449 388 1175 917 360 866 279 323 826 528 361 607 427 388 883 1012 78 279 616 438 291 533 293
568 319 561 789 441 661 431 517 283 527 1090 1249 710 1381 586 391 656 1287 579 804 476 701 299 829 130 1224 990 508 1256 865 1117 493 1297 568 552 568 263 1333 495 988 702 595 1108 544 835 817 0 127 831 1297 1086 327 173 675 593 991 721 722 719 531 552 798 190 791 677 197 283 775 1120 789 499 811 724 913 1366 796 438 267 1300 770 447 541 212 784 372 403 487 683 784 860 494 941 518 555 596 1017 1226 631 1309 588 570 480 591 472 656 419 528 192 860 800 1095 202 515 910 706 1096
578 247 573 754 313 570 303 524 398 424 1026 1210 780 1416 600 499 663 1226 668 857 541 747 223 864 232 1174 1024 512 1256 930 1072 493 1323 571 578 578 327 1392 516 953 576 686 1073 670 905 762 127 0 812 1236 1139 360 50 800 600 921 783 664 814 461 607 841 308 906 778 127 383 759 1078 681 478 923 790 1012 1325 874 519 180 1276 723 539 560 169 673 305 281 509 577 778 816 367 1052 498 574 603 1117 1273 634 1339 565 558 357 627 446 705 406 528 317 954 756 1035 166 529 895 740 1028
294 585 302 114 857 496 848 330 790 590 417 442 557 735 289 759 220 562 663 470 534 404 607 354 756 455 421 332 458 579 338 342 606 277 348 293 621 846 376 189 868 682 295 1010 597 240 831 812 0 567 615 527 786 1059 265 406 508 276 753 428 473 391 801 997 789 686 717 57 329 655 334 965 534 885 557 646 614 968 469 191 672 337 643 676 531 930 382 613 86 171 910 1031 315 326 263 966 678 224 640 247 260 965 372 366 424 412 310 844 813 164 404 648 342 83 335 455
845 990 854 540 1143 703 1140 868 1327 861 210 222 1118 1012 847 1312 784 11 1230 1013 1095 966 1013 887 1256 129 882 863 609 1111 234 866 876 820 908 845 1142 1228 922 380 1007 1249 311 1570 1137 480 1297 1236 567 0 1065 1046 1196 1625 818 325 1067 574 1317 775 1039 934 1318 1562 1355 1113 1253 615 252 725 820 1528 1092 1432 231 1197 1173 1348 388 533 1232 891 1086 749 932 1240 927 769 652 453 1173 1586 805 882 816 1503 1060 780 924 741 779 1242 938 838 990 902 841 1360 1364 510 201 1095 886 535 898 220
607 1001 608 724 1319 1072 1308 656 880 1115 989 858 392 339 582 780 554 1065 565 283 611 393 1015 302 962 935 195 674 526 241 844 696 336 633 578 607 823 257 640 730 1416 564 757 921 282 854 1086 1139 615 1065 0 779 1139 885 600 1010 368 872 513 949 535 306 949 721 582 1043 832 613 821 1249 761 667 370 488 929 354 664 1320 746 799 681 604 991 1267 970 1360 645 1187 553 784 1382 651 747 592 598 510 148 589 313 719 685 1418 518 793 434 786 669 983 450 777 968 989 641 584 414 1034
245 269 237 510 573 538 562 198 283 473 851 963 433 1058 260 300 332 1038 365 497 201 386 272 505 231 955 666 194 932 576 841 185 971 251 224 245 96 1033 167 701 751 387 817 558 555 575 327 360 527 1046 779 0 360 650 272 774 429 497 515 371 252 480 276 680 501 268 212 469 839 714 228 677 439 713 1079 536 218 540 993 514 268 214 218 719 271 593 160 613 469 593 638 792 241 228 274 818 912 312 984 304 272 659 267 217 345 151 216 318 645 535 851 214 192 601 381 868
565 209 560 722 271 523 261 510 432 376 985 1175 788 1408 587 527 647 1186 686 858 550 745 186 858 263 1137 1016 497 1234 936 1037 477 1311 554 570 565 340 1394 507 921 529 705 1041 710 912 725 173 50 786 1196 1139 360 0 838 585 879 789 626 834 420 612 837 345 938 802 102 410 733 1043 631 454 952 797 1033 1290 885 535 186 1247 688 560 550 152 623 267 251 501 527 756 781 328 1080 474 564 588 1139 1270 617 1329 540 537 325 623 421 706 387 512 357 973 722 995 151 517 869 734 985
784 882 776 1093 1109 1188 1099 773 412 1107 1453 1490 555 1224 779 350 840 1619 401 696 533 684 874 808 578 1514 920 783 1309 659 1397 789 1208 814 719 785 577 1049 716 1248 1350 385 1345 136 617 1191 675 800 1059 1625 885 650 838 0 810 1396 606 1129 376 1022 586 755 493 200 310 808 459 1009 1387 1360 860 254 585 448 1597 539 461 928 1459 1123 401 739 782 1363 905 1079 712 1256 976 1183 1166 363 867 746 811 513 1028 846 1194 913 867 1156 686 860 649 796 803 483 450 1133 1447 771 752 1105 745 1479
28 413 37 282 725 498 715 76 526 517 643 707 375 830 32 496 62 811 428 353 277 242 430 298 503 714 445 88 663 461 597 108 726 33 91 28 362 856 111 450 820 450 560 751 460 388 593 600 265 818 600 272 585 810 0 593 339 348 546 355 233 297 541 773 566 482 452 209 591 685 161 750 361 711 822 482 354 772 724 319 414 73 433 698 374 777 118 606 198 373 787 836 147 63 2 807 711 41 746 136 91 828 142 193 233 200 74 583 637 324 636 435 80 332 191 670
616 677 624 320 817 377 814 623 1058 535 120 396 947 1064 626 1062 580 314 1022 874 865 796 699 760 965 310 814 613 692 984 268 609 925 584 684 616 868 1223 681 294 696 1043 341 1323 1000 205 991 921 406 325 1010 774 879 1396 593 0 901 278 1134 461 827 796 1036 1367 1159 801 986 430 292 418 547 1342 927 1282 486 1043 935 1025 547 274 996 660 779 443 620 915 684 447 486 237 848 1420 536 655 593 1368 1051 564 968 484 529 917 731 557 806 624 593 1075 1209 271 141 789 644 425 727 107
330 678 326 581 994 835 984 362 514 835 926 905 52 686 308 420 327 1063 221 98 245 105 688 202 596 946 325 381 704 147 833 401 634 365 273 330 460 612 324 687 1135 228 767 603 129 705 721 783 508 1067 368 429 789 606 339 901 0 681 252 683 177 149 581 501 302 698 464 472 818 1022 480 463 25 380 1006 144 296 963 857 637 318 304 647 1035 659 1022 327 939 423 666 1059 522 473 299 338 470 513 353 632 475 429 1086 206 504 106 475 386 615 307 632 913 643 341 531 174 962
365 417 371 163 624 222 618 359 780 339 367 556 721 1012 380 788 355 564 768 677 603 579 441 584 688 510 684 347 711 789 414 339 882 330 433 364 590 1114 417 321 596 791 434 1049 795 99 722 664 276 574 872 497 626 1129 348 278 681 0 893 208 576 606 758 1114 910 539 709 261 424 380 271 1094 705 1058 668 825 668 789 653 89 728 405 511 400 359 711 420 337 320 171 670 1184 262 403 348 1152 949 328 917 220 268 732 490 279 578 346 330 797 984 126 373 521 382 345 516 377
528 784 521 814 1080 1013 1069 541 450 980 1168 1158 200 852 513 336 553 1312 151 330 320 350 787 451 590 1197 547 557 942 283 1083 571 832 562 460 528 497 701 487 936 1266 130 1019 410 240 932 719 814 753 1317 513 515 834 376 546 1134 252 893 0 850 318 399 540 248 69 763 436 712 1069 1200 653 211 228 199 1259 162 303 984 1108 862 274 489 719 1209 783 1084 487 1106 667 903 1144 291 652 490 546 305 659 571 818 675 626 1156 404 668 329 620 569 560 140 862 1157 712 517 782 419 1201
356 215 358 335 430 167 422 321 638 168 565 764 711 1142 380 672 395 765 708 708 533 594 237 646 519 718 778 302 885 814 623 284 1022 323 410 355 450 1203 366 521 467 731 638 925 810 307 531 461 428 775 949 371 420 1022 355 461 683 208 850 0 536 652 597 1043 851 339 573 389 632 350 202 1033 703 1035 877 820 579 580 854 282 634 379 319 359 159 509 365 257 434 374 482 1139 210 384 356 1137 1049 359 1051 230 264 538 477 182 577 233 297 633 963 319 574 330 343 509 546 567
212 506 204 513 820 697 809 222 377 677 873 907 184 834 200 308 255 1033 195 252 84 154 514 292 430 928 449 239 780 324 811 254 763 246 143 212 288 785 170 662 973 216 761 543 303 622 552 607 473 1039 535 252 612 586 233 827 177 576 318 536 0 253 429 540 334 520 315 423 801 884 336 518 187 498 1017 292 161 788 893 552 209 171 470 895 491 845 171 794 391 603 885 610 334 173 233 600 674 264 769 357 308 910 100 354 107 313 251 467 426 557 864 466 198 522 184 902
302 694 302 481 1012 787 1002 350 627 815 807 763 201 582 277 546 260 930 364 79 337 99 708 52 681 809 196 368 556 188 699 390 510 330 271 302 536 564 333 558 1118 374 628 748 206 611 798 841 391 934 306 480 837 755 297 796 149 606 399 652 253 0 682 647 451 739 568 367 682 970 458 606 172 499 861 263 407 1020 709 547 443 297 687 986 663 1053 339 898 310 559 1075 653 445 285 296 575 432 294 515 425 387 1111 214 488 146 479 364 720 430 534 791 686 335 399 108 845
512 415 504 785 615 751 605 471 93 642 1120 1239 560 1262 523 205 597 1310 409 672 345 583 402 721 87 1231 878 469 1188 716 1117 461 1192 524 475 512 180 1187 430 977 861 422 1093 368 683 843 190 308 801 1318 949 276 345 493 541 1036 581 758 540 597 429 682 0 601 493 321 116 744 1115 905 498 621 579 730 1355 634 285 456 1265 785 277 474 304 903 452 589 423 798 739 867 673 752 513 488 543 833 1094 582 1198 579 548 666 494 481 536 416 491 42 680 808 1121 293 460 873 604 1134
752 938 744 1050 1202 1210 1192 755 508 1153 1408 1407 449 1055 740 411 789 1558 345 577 514 597 936 700 675 1444 786 769 1184 515 1329 779 1053 785 683 752 630 862 698 1182 1421 323 1267 309 475 1162 791 906 997 1562 721 680 938 200 773 1367 501 1114 248 1043 540 647 601 0 208 888 530 953 1316 1392 859 57 477 254 1508 398 464 1055 1355 1092 411 709 853 1398 950 1187 696 1292 911 1140 1264 168 861 713 774 312 858 803 1034 894 846 1263 635 866 572 810 785 603 271 1096 1398 843 731 1029 665 1439
546 768 539 842 1054 1016 1043 552 400 972 1200 1204 250 921 534 287 581 1350 143 387 318 392 769 504 549 1238 609 567 1001 349 1123 579 898 580 477 546 470 770 496 975 1252 120 1063 341 307 955 677 778 789 1355 582 501 802 310 566 1159 302 910 69 851 334 451 493 208 0 737 395 745 1110 1201 660 184 279 237 1307 230 283 943 1160 885 243 504 695 1209 772 1052 495 1105 703 932 1117 291 661 507 567 340 728 595 886 690 642 1126 428 671 365 618 582 509 193 888 1190 687 529 824 459 1231
463 124 458 626 317 464 306 408 396 332 904 1082 701 1307 485 477 544 1103 613 763 465 649 103 758 234 1048 916 394 1132 845 945 374 1209 451 470 462 267 1298 407 825 541 633 946 688 824 637 197 127 686 1113 1043 268 102 808 482 801 698 539 763 339 520 739 321 888 737 0 358 632 951 596 352 897 707 963 1198 802 460 289 1149 596 493 449 51 592 181 326 401 489 654 689 380 1021 372 463 485 1069 1171 514 1227 439 434 394 525 319 611 284 409 345 899 629 912 54 415 768 635 907
423 422 415 714 672 736 661 389 73 648 1061 1159 443 1146 431 119 505 1245 298 556 231 469 416 608 154 1158 765 391 1085 599 1043 387 1079 440 378 423 123 1070 341 899 896 313 1011 352 566 786 283 383 717 1253 832 212 410 459 452 986 464 709 436 573 315 568 116 530 395 358 0 660 1039 903 439 542 462 631 1274 520 168 548 1173 724 165 382 326 905 447 661 334 798 649 800 733 669 452 394 454 735 977 493 1083 512 475 735 387 429 422 363 413 151 576 743 1060 315 375 784 495 1080
237 534 246 114 814 474 806 273 734 555 455 498 520 759 235 704 168 609 616 444 481 367 556 335 698 507 423 275 505 555 390 285 635 220 294 237 564 852 319 241 840 635 351 957 569 246 775 759 57 615 613 469 733 1009 209 430 472 261 712 389 423 367 744 953 745 632 660 0 382 641 280 923 498 852 613 613 561 917 525 186 619 282 589 661 482 884 326 590 59 193 869 994 260 271 207 937 687 168 666 193 204 922 323 313 383 356 253 786 779 168 444 594 285 136 298 489
619 833 628 332 1044 612 1038 650 1113 755 203 132 869 807 617 1087 549 249 989 761 863 718 857 635 1061 128 633 648 415 859 26 654 667 599 677 619 936 1000 700 141 967 1007 65 1340 885 326 1120 1078 329 252 821 839 1043 1387 591 292 818 424 1069 632 801 682 1115 1316 1110 951 1039 382 0 698 623 1280 843 1181 247 946 943 1212 256 354 1001 664 916 723 775 1133 706 707 410 262 1085 1335 606 653 589 1251 829 551 713 538 567 1150 701 648 745 707 626 1158 1112 321 176 923 665 286 651 250
692 490 696 540 466 187 467 664 961 264 536 812 1054 1388 714 1010 711 713 1058 1035 883 927 503 955 819 728 1064 647 1062 1145 678 630 1256 657 752 692 783 1493 714 649 281 1081 735 1255 1145 428 789 681 655 725 1249 714 631 1360 685 418 1022 380 1200 350 884 970 905 1392 1201 596 903 641 698 0 548 1383 1044 1383 904 1163 927 722 953 463 981 721 601 25 457 568 714 107 699 516 477 1489 552 725 686 1483 1329 678 1293 549 593 548 818 532 916 583 638 935 1310 494 559 613 688 717 872 509
156 263 157 291 567 360 558 118 512 358 623 751 508 983 181 517 213 811 516 509 344 393 283 459 438 734 603 99 780 613 623 82 874 127 207 156 323 1018 166 489 661 539 608 778 607 347 499 478 334 820 761 228 454 860 161 547 480 271 653 202 336 458 498 859 660 352 439 280 623 548 0 844 500 835 868 618 402 639 801 286 461 176 308 559 218 624 166 460 302 369 628 945 19 182 163 935 871 178 897 88 85 672 274 35 374 83 95 539 762 310 623 313 140 416 350 640
730 940 723 1023 1213 1199 1202 737 527 1150 1379 1368 411 999 717 424 762 1524 327 533 501 562 939 658 691 1408 738 752 1136 466 1295 764 1000 764 662 730 634 805 681 1148 1424 305 1230 354 426 1138 811 923 965 1528 667 677 952 254 750 1342 463 1094 211 1033 518 606 621 57 184 897 542 923 1280 1383 844 0 438 197 1467 351 458 1077 1312 1068 410 689 859 1391 948 1202 679 1285 879 1112 1275 131 845 691 750 259 802 778 980 875 826 1278 610 854 540 800 766 627 216 1070 1368 850 713 994 630 1411
351 692 347 606 1007 856 996 382 509 853 952 930 29 694 331 412 352 1088 206 112 249 130 701 224 597 971 341 400 724 140 858 420 647 386 293 352 465 609 341 712 1153 211 792 586 116 730 724 790 534 1092 370 439 797 585 361 927 25 705 228 703 187 172 579 477 279 707 462 498 843 1044 500 438 0 355 1030 120 294 970 880 662 311 324 657 1056 674 1033 344 960 448 691 1072 497 493 319 361 446 517 376 643 497 451 1098 226 523 128 492 406 612 282 657 938 653 360 557 199 987
697 982 692 961 1279 1195 1268 719 638 1172 1303 1255 337 812 679 525 707 1429 350 419 514 486 985 545 785 1307 591 736 986 325 1198 752 825 733 633 698 696 608 669 1057 1462 329 1125 531 295 1086 913 1012 885 1432 488 713 1033 448 711 1282 380 1058 199 1035 498 499 730 254 237 963 631 852 1181 1383 835 197 355 0 1346 238 502 1179 1179 1017 472 663 919 1394 978 1283 669 1293 800 1046 1343 165 831 661 711 106 616 730 801 845 798 1355 570 852 480 809 746 746 73 1012 1288 911 695 899 554 1340
851 1080 860 577 1281 843 1276 886 1348 993 368 116 1059 820 846 1314 774 240 1196 935 1086 915 1104 809 1304 176 764 886 424 1021 254 894 691 834 904 851 1175 1058 933 379 1182 1212 262 1560 1053 569 1366 1325 557 231 929 1079 1290 1597 822 486 1006 668 1259 877 1017 861 1355 1508 1307 1198 1274 613 247 904 868 1467 1030 1346 0 1121 1167 1457 189 601 1223 894 1163 929 1022 1373 939 929 630 509 1319 1507 850 882 820 1404 898 781 739 781 808 1386 918 894 948 951 864 1398 1283 568 344 1170 899 496 852 401
471 797 467 723 1109 975 1098 500 553 967 1064 1025 109 692 451 444 472 1193 226 186 336 248 805 313 666 1073 388 518 786 120 962 536 669 506 411 471 546 561 456 819 1265 219 892 567 78 849 796 874 646 1197 354 536 885 539 482 1043 144 825 162 820 292 263 634 398 230 802 520 613 946 1163 618 351 120 238 1121 0 358 1051 962 781 356 442 753 1175 784 1128 458 1078 561 807 1173 389 612 438 481 326 501 497 656 617 571 1195 345 639 248 605 525 661 167 775 1049 747 477 662 316 1101
327 485 319 636 776 746 765 312 221 691 995 1055 275 980 326 148 394 1166 152 388 81 309 486 450 308 1068 602 322 941 431 951 328 917 354 266 328 195 902 255 802 969 173 908 397 399 730 438 519 614 1173 664 218 535 461 354 935 296 668 303 579 161 407 285 464 283 460 168 561 943 927 402 458 294 502 1167 358 0 694 1050 662 60 282 416 934 490 783 251 828 537 726 841 573 407 291 356 608 809 393 919 451 406 854 251 405 262 346 341 319 439 674 989 409 291 671 345 1019
752 384 747 898 270 653 265 697 549 495 1137 1344 958 1594 774 658 834 1337 841 1037 721 927 361 1042 394 1298 1202 684 1419 1110 1203 664 1497 741 755 752 505 1572 693 1095 546 858 1214 794 1084 888 267 180 968 1348 1320 540 186 928 772 1025 963 789 984 580 788 1020 456 1055 943 289 548 917 1212 722 639 1077 970 1179 1457 1051 694 0 1424 858 710 736 339 708 440 186 686 628 941 951 298 1208 659 750 775 1284 1453 803 1515 723 722 255 806 605 885 574 699 452 1124 894 1149 338 703 1051 919 1132
752 1040 761 525 1278 857 1271 795 1246 992 447 172 910 633 742 1198 668 393 1060 779 968 775 1063 656 1223 280 590 799 234 855 278 811 502 742 796 752 1085 868 835 332 1219 1074 222 1435 890 561 1300 1276 469 388 746 993 1247 1459 724 547 857 653 1108 854 893 709 1265 1355 1160 1149 1173 525 256 953 801 1312 880 1179 189 962 1050 1424 0 571 1102 792 1108 978 983 1363 842 957 525 482 1323 1343 782 779 721 1232 709 683 550 713 729 1386 798 832 812 881 778 1307 1119 534 420 1114 804 392 717 491
341 479 349 77 707 311 701 349 797 426 337 486 680 925 351 792 310 525 747 621 590 532 502 519 722 454 608 341 621 733 349 339 794 310 409 341 610 1035 407 239 685 769 356 1053 744 69 770 723 191 533 799 514 688 1123 319 274 637 89 862 282 552 547 785 1092 885 596 724 186 354 463 286 1068 662 1017 601 781 662 858 571 0 722 385 563 484 420 791 411 426 246 92 755 1151 272 380 318 1107 868 291 830 213 256 816 458 305 538 368 320 826 944 37 336 571 370 256 466 358
387 529 378 695 811 801 800 372 199 741 1055 1111 289 1005 385 103 451 1225 133 415 138 349 529 489 317 1126 636 382 986 443 1009 388 949 414 324 387 227 912 315 860 1013 148 964 338 408 790 447 539 672 1232 681 268 560 401 414 996 318 728 274 634 209 443 277 411 243 493 165 619 1001 981 461 410 311 472 1223 356 60 710 1102 722 0 341 452 987 538 811 311 881 593 785 874 530 467 350 415 578 829 451 949 512 466 883 305 463 303 403 402 305 414 734 1049 444 351 727 391 1080
45 397 36 354 715 533 704 58 455 532 714 780 333 857 49 422 123 884 363 338 206 221 411 310 442 787 466 76 719 439 670 97 762 75 31 45 297 861 46 523 833 386 632 678 432 454 541 560 337 891 604 214 550 739 73 660 304 405 489 379 171 297 474 709 504 449 382 282 664 721 176 689 324 663 894 442 282 736 792 385 341 0 398 733 367 757 53 635 267 444 778 781 169 14 74 762 725 113 779 185 137 814 98 200 198 182 82 516 590 394 708 398 38 402 189 740
413 113 408 588 360 457 349 358 371 337 878 1047 651 1256 435 443 495 1076 568 712 417 598 97 707 218 1017 865 345 1086 794 912 325 1159 402 419 413 225 1247 356 788 570 589 908 665 774 607 212 169 643 1086 991 218 152 782 433 779 647 511 719 319 470 687 304 853 695 51 326 589 916 601 308 859 657 919 1163 753 416 339 1108 563 452 398 0 599 161 375 350 494 608 654 424 982 328 412 436 1025 1120 465 1176 396 388 442 473 277 560 237 360 333 854 594 885 11 364 725 584 884
705 489 709 561 450 200 451 676 962 261 561 838 1066 1410 727 1013 726 737 1066 1050 891 941 501 972 817 753 1083 658 1085 1160 703 641 1278 671 764 705 785 1512 725 673 257 1089 760 1257 1159 451 784 673 676 749 1267 719 623 1363 698 443 1035 400 1209 359 895 986 903 1398 1209 592 905 661 723 25 559 1391 1056 1394 929 1175 934 708 978 484 987 733 599 0 458 551 724 107 718 539 458 1498 564 737 700 1494 1349 694 1314 563 607 529 830 541 929 590 650 933 1321 516 584 611 699 739 886 534
363 58 362 458 350 299 341 313 504 203 723 907 676 1201 388 556 430 922 634 705 463 587 81 670 369 869 819 295 987 801 769 273 1092 340 395 363 327 1227 337 655 484 656 774 798 789 457 372 305 531 932 970 271 267 905 374 620 659 359 783 159 491 663 452 950 772 181 447 482 775 457 218 948 674 978 1022 784 490 440 983 420 538 367 161 458 0 407 333 351 514 513 412 1063 236 378 377 1083 1085 396 1115 292 303 454 461 183 558 185 301 486 909 455 730 172 329 614 555 726
762 363 759 844 101 537 102 709 679 381 1032 1264 1027 1606 787 778 835 1229 935 1084 791 968 346 1067 512 1206 1221 692 1388 1169 1121 671 1499 743 782 762 588 1617 720 1030 364 954 1144 947 1149 807 403 281 930 1240 1360 593 251 1079 777 915 1022 711 1084 509 845 1053 589 1187 1052 326 661 884 1133 568 624 1202 1033 1283 1373 1128 783 186 1363 791 811 757 375 551 407 0 714 486 920 881 112 1330 643 770 779 1389 1483 801 1522 698 709 77 842 589 932 578 702 595 1222 828 1048 380 721 1013 947 1020
89 357 80 388 676 526 665 61 408 509 745 824 348 907 101 384 174 920 352 373 182 255 370 356 389 827 515 73 772 468 711 84 814 107 69 89 245 902 7 565 809 374 677 643 456 479 487 509 382 927 645 160 501 712 118 684 327 420 487 365 171 339 423 696 495 401 334 326 706 714 166 679 344 669 939 458 251 686 842 411 311 53 350 724 333 714 0 623 316 477 740 778 166 68 120 771 770 159 829 201 155 773 128 183 225 148 90 465 597 423 740 349 41 450 234 769
610 382 613 500 385 116 383 578 855 157 568 829 968 1348 633 906 638 757 962 959 787 848 396 887 712 754 1006 560 1043 1068 689 541 1219 576 667 610 678 1436 624 637 263 985 735 1149 1065 406 683 577 613 769 1187 613 527 1256 606 447 939 337 1106 257 794 898 798 1292 1105 489 798 590 707 107 460 1285 960 1293 929 1078 828 628 957 426 881 635 494 107 351 486 623 0 645 494 406 1394 466 640 607 1394 1275 604 1253 473 514 476 734 440 833 486 553 828 1220 461 588 506 600 682 796 548
226 563 235 174 853 529 845 271 722 602 503 518 472 708 217 683 144 647 578 388 455 318 584 276 700 537 364 276 478 498 421 291 588 218 273 226 560 794 309 272 892 597 371 931 514 305 784 778 86 652 553 469 756 976 198 486 423 320 667 434 391 310 739 911 703 654 649 59 410 699 302 879 448 800 630 561 537 941 525 246 593 267 608 718 514 920 316 645 0 248 910 945 282 254 195 883 630 157 617 222 219 961 290 336 338 371 256 781 728 227 490 612 278 135 249 539
399 571 407 90 796 384 789 416 874 511 270 393 713 877 404 862 350 445 798 637 650 560 595 524 808 365 589 411 549 747 257 413 742 371 464 398 690 1009 472 149 757 818 264 1121 762 88 860 816 171 453 784 593 781 1183 373 237 666 171 903 374 603 559 867 1140 932 689 800 193 262 516 369 1112 691 1046 509 807 726 951 482 92 785 444 654 539 513 881 477 494 248 0 842 1187 353 437 372 1131 839 339 781 289 326 903 505 391 573 453 389 909 973 60 263 662 435 208 492 299
776 382 774 815 64 476 75 725 760 330 968 1213 1069 1610 801 852 841 1162 993 1113 839 995 371 1083 591 1149 1231 707 1368 1205 1071 685 1497 753 805 776 647 1639 744 991 254 1013 1102 1038 1188 762 494 367 910 1173 1382 638 328 1166 787 848 1059 670 1144 482 885 1075 673 1264 1117 380 733 869 1085 477 628 1275 1072 1343 1319 1173 841 298 1323 755 874 778 424 458 412 112 740 406 910 842 0 1401 645 789 789 1449 1498 806 1523 692 711 70 868 594 963 596 714 684 1279 793 986 431 740 991 967 952
819 1059 813 1100 1338 1303 1328 833 658 1263 1449 1414 474 969 804 553 841 1583 431 575 606 627 1059 702 820 1463 756 849 1152 487 1352 863 988 854 752 820 757 749 779 1208 1543 408 1282 477 454 1220 941 1052 1031 1586 651 792 1080 363 836 1420 522 1184 291 1139 610 653 752 168 291 1021 669 994 1335 1489 945 131 497 165 1507 389 573 1208 1343 1151 530 781 982 1498 1063 1330 778 1394 945 1187 1401 0 944 781 837 168 774 860 962 966 918 1405 694 958 614 907 861 759 224 1149 1435 973 809 1051 696 1484
145 282 147 274 585 364 575 112 524 370 610 733 502 966 169 527 196 797 518 498 346 384 302 444 455 718 587 95 760 604 606 81 856 114 200 145 337 1003 165 471 673 540 590 788 599 334 518 498 315 805 747 241 474 867 147 536 473 262 652 210 334 445 513 861 661 372 452 260 606 552 19 845 493 831 850 612 407 659 782 272 467 169 328 564 236 643 166 466 282 353 645 944 0 174 149 931 855 161 879 69 66 690 267 54 366 100 87 555 758 294 609 333 136 396 338 628
39 409 31 346 726 537 716 66 467 539 707 769 329 844 36 433 110 875 367 329 213 212 424 297 457 777 453 84 705 432 660 106 748 72 29 39 312 850 60 512 841 389 621 688 425 449 555 574 326 882 592 228 564 746 63 655 299 403 490 384 173 285 488 713 507 463 394 271 653 725 182 691 319 661 882 438 291 750 779 380 350 14 412 737 378 770 68 640 254 437 789 781 174 0 65 759 713 102 764 185 136 826 93 208 192 193 87 530 588 387 700 412 49 390 177 734
31 415 39 281 728 499 718 79 528 519 642 705 374 827 33 497 60 810 429 352 278 241 433 295 505 712 442 90 660 460 596 110 724 36 92 30 364 854 113 448 821 450 558 753 459 388 596 603 263 816 598 274 588 811 2 593 338 348 546 356 233 296 543 774 567 485 454 207 589 686 163 750 361 711 820 481 356 775 721 318 415 74 436 700 377 779 120 607 195 372 789 837 149 65 0 806 709 38 744 136 92 830 142 195 232 202 76 585 637 323 635 438 83 330 190 669
794 1087 789 1048 1385 1295 1374 818 740 1275 1382 1318 431 813 775 627 798 1500 456 496 619 574 1091 618 890 1376 641 836 1028 391 1270 853 843 830 731 795 802 584 770 1132 1567 435 1193 611 369 1175 1017 1117 966 1503 510 818 1139 513 807 1368 470 1152 305 1137 600 575 833 312 340 1069 735 937 1251 1483 935 259 446 106 1404 326 608 1284 1232 1107 578 762 1025 1494 1083 1389 771 1394 883 1131 1449 168 931 759 806 0 621 823 814 942 895 1461 667 954 574 912 845 847 174 1100 1367 1017 795 974 641 1421
722 1121 724 792 1436 1159 1426 774 1026 1217 1014 844 540 196 697 928 659 1062 714 423 752 526 1137 415 1104 932 270 792 476 390 854 813 233 745 702 722 962 172 765 760 1515 712 764 1068 430 917 1226 1273 678 1060 148 912 1270 1028 711 1051 513 949 659 1049 674 432 1094 858 728 1171 977 687 829 1329 871 802 517 616 898 501 809 1453 709 868 829 725 1120 1349 1085 1483 770 1275 630 839 1498 774 855 713 709 621 0 694 196 819 791 1538 646 904 570 905 784 1128 586 842 990 1119 762 631 536 1061
69 438 78 248 746 493 736 114 567 525 608 667 393 805 66 535 35 774 459 356 314 251 456 286 543 675 425 123 625 467 558 140 698 63 127 69 402 844 152 410 827 480 519 790 469 360 631 634 224 780 589 312 617 846 41 564 353 328 571 359 264 294 582 803 595 514 493 168 551 678 178 778 376 730 781 497 393 803 683 291 451 113 465 694 396 801 159 604 157 339 806 860 161 102 38 823 694 0 720 131 96 850 167 212 249 229 105 624 656 293 601 468 121 291 193 637
764 1158 768 754 1464 1137 1454 819 1141 1219 911 702 669 96 741 1052 687 927 848 534 852 615 1177 480 1195 800 320 833 317 536 740 854 48 779 761 764 1048 325 823 674 1506 851 649 1220 579 866 1309 1339 640 924 313 984 1329 1194 746 968 632 917 818 1051 769 515 1198 1034 886 1227 1083 666 713 1293 897 980 643 801 739 656 919 1515 550 830 949 779 1176 1314 1115 1522 829 1253 617 781 1523 962 879 764 744 814 196 720 0 830 813 1569 718 932 662 947 821 1235 764 798 885 1177 811 575 603 959
148 342 153 206 634 363 625 140 585 398 550 665 510 919 166 579 165 733 548 486 383 378 363 417 523 651 549 129 697 596 538 126 804 112 214 147 401 972 198 402 698 571 521 840 596 279 588 565 247 741 719 304 540 913 136 484 475 220 675 230 357 425 579 894 690 439 512 193 538 549 88 875 497 845 781 617 451 723 713 213 512 185 396 563 292 698 201 473 222 289 692 966 69 185 136 942 819 131 830 0 48 740 275 119 369 169 110 621 771 231 548 401 162 329 323 571
100 348 105 239 651 406 642 93 548 429 591 691 463 899 120 537 132 771 500 445 336 334 368 383 497 684 522 85 697 553 570 87 789 64 166 99 368 941 151 429 731 522 546 797 552 323 570 558 260 779 685 272 537 867 91 529 429 268 626 264 308 387 548 846 642 434 475 204 567 593 85 826 451 798 808 571 406 722 729 256 466 137 388 607 303 709 155 514 219 326 711 918 66 136 92 895 791 96 813 48 0 756 227 120 322 153 64 590 724 270 588 393 115 339 282 614
815 417 813 873 108 543 116 763 755 394 1037 1279 1093 1656 840 853 885 1231 1006 1145 859 1028 402 1122 588 1216 1273 746 1423 1233 1136 724 1545 794 839 815 659 1675 778 1053 316 1026 1165 1024 1214 826 480 357 965 1242 1418 659 325 1156 828 917 1086 732 1156 538 910 1111 666 1263 1126 394 735 922 1150 548 672 1278 1098 1355 1386 1195 854 255 1386 816 883 814 442 529 454 77 773 476 961 903 70 1405 690 826 830 1461 1538 850 1569 740 756 0 901 637 993 632 754 672 1293 853 1054 447 776 1047 1003 1021
127 486 122 415 804 630 794 156 455 630 774 807 236 791 109 400 155 932 293 244 169 127 499 238 479 827 399 175 697 342 710 195 707 162 67 127 331 775 124 561 931 313 661 642 333 528 591 627 372 938 518 267 623 686 142 731 206 490 404 477 100 214 494 635 428 525 387 323 701 818 274 610 226 570 918 345 251 806 798 458 305 98 473 830 461 842 128 734 290 505 868 694 267 93 142 667 646 167 718 275 227 901 0 299 99 275 180 534 496 460 765 472 135 422 115 804
186 228 186 316 533 345 523 142 500 331 639 777 529 1018 211 514 247 830 527 537 353 421 248 491 417 757 637 123 814 640 647 103 909 159 231 186 310 1050 184 516 633 550 635 773 632 361 472 446 366 838 793 217 421 860 193 557 504 279 668 182 354 488 481 866 671 319 429 313 648 532 35 854 523 852 894 639 405 605 832 305 463 200 277 541 183 589 183 440 336 391 594 958 54 208 195 954 904 212 932 119 120 637 299 0 399 66 124 521 780 331 640 282 163 448 380 653
223 581 219 486 899 728 888 256 482 730 838 842 143 727 202 405 227 985 248 152 190 47 592 187 536 873 342 275 684 243 758 295 656 258 167 223 392 688 221 609 1031 264 699 624 233 607 656 705 424 990 434 345 706 649 233 806 106 578 329 577 107 146 536 572 365 611 422 383 745 916 374 540 128 480 948 248 262 885 812 538 303 198 560 929 558 932 225 833 338 573 963 614 366 192 232 574 570 249 662 369 322 993 99 399 0 373 279 574 406 535 827 557 235 459 96 872
183 215 180 374 532 399 522 130 434 363 704 834 495 1029 208 449 261 894 475 519 300 402 231 489 355 818 642 114 849 617 706 92 926 167 210 183 244 1043 152 572 660 499 691 708 605 427 419 406 412 902 786 151 387 796 200 624 475 346 620 233 313 479 416 810 618 284 363 356 707 583 83 800 492 809 951 605 346 574 881 368 403 182 237 590 185 578 148 486 371 453 596 907 100 193 202 912 905 229 947 169 153 632 275 66 373 0 125 457 738 393 705 240 144 492 371 719
62 339 62 301 652 450 642 29 487 454 656 748 415 904 87 472 135 834 439 413 273 298 356 369 445 745 518 22 730 518 630 35 801 42 113 62 311 926 87 486 756 462 601 733 512 388 528 528 310 841 669 216 512 803 74 593 386 330 569 297 251 364 491 785 582 409 413 253 626 638 95 766 406 746 864 525 341 699 778 320 402 82 360 650 301 702 90 553 256 389 714 861 87 87 76 845 784 105 821 110 64 754 180 124 279 125 0 533 672 334 652 363 53 385 256 679
555 445 546 827 628 785 618 513 109 671 1161 1282 592 1298 566 223 640 1351 435 707 383 621 431 759 116 1272 916 511 1230 748 1159 503 1230 566 517 555 222 1217 472 1019 881 447 1135 353 713 883 192 317 844 1360 983 318 357 483 583 1075 615 797 560 633 467 720 42 603 509 345 151 786 1158 935 539 627 612 746 1398 661 319 452 1307 826 305 516 333 933 486 595 465 828 781 909 684 759 555 530 585 847 1128 624 1235 621 590 672 534 521 574 457 533 0 699 850 1162 322 503 915 644 1174
624 914 618 888 1215 1122 1204 645 590 1101 1231 1189 263 783 605 476 633 1360 286 351 445 412 918 478 730 1239 534 663 932 263 1129 679 784 659 559 624 634 599 596 987 1393 267 1058 516 229 1012 860 954 813 1364 450 645 973 450 637 1209 307 984 140 963 426 430 680 271 193 899 576 779 1112 1310 762 216 282 73 1283 167 439 1124 1119 944 414 590 854 1321 909 1222 597 1220 728 973 1279 224 758 588 637 174 586 656 764 771 724 1293 496 780 406 738 672 699 0 939 1217 847 622 829 481 1268
349 513 357 53 745 347 738 362 817 463 321 453 677 893 356 807 309 502 752 610 600 526 536 504 748 425 584 356 584 722 317 356 761 319 416 348 631 1010 419 202 722 773 319 1067 734 78 800 756 164 510 777 535 722 1133 324 271 632 126 862 319 557 534 808 1096 888 629 743 168 321 494 310 1070 657 1012 568 775 674 894 534 37 734 394 594 516 455 828 423 461 227 60 793 1149 294 387 323 1100 842 293 798 231 270 853 460 331 535 393 334 850 939 0 317 602 382 223 458 346
662 788 671 353 952 511 948 680 1133 666 27 259 962 979 667 1125 609 191 1058 870 914 808 811 749 1057 168 775 673 591 976 149 674 839 634 727 662 947 1162 735 239 838 1078 237 1384 997 279 1095 1035 404 201 968 851 995 1447 636 141 913 373 1157 574 864 791 1121 1398 1190 912 1060 444 176 559 623 1368 938 1288 344 1049 989 1149 420 336 1049 708 885 584 730 1048 740 588 490 263 986 1435 609 700 635 1367 990 601 885 548 588 1054 765 640 827 705 652 1162 1217 317 0 894 699 395 739 74
414 124 409 595 367 468 356 360 359 349 888 1054 646 1256 436 433 497 1086 561 709 411 595 109 706 206 1025 865 347 1090 790 920 327 1160 405 418 414 216 1244 355 795 581 582 915 654 769 616 202 166 648 1095 989 214 151 771 435 789 643 521 712 330 466 686 293 843 687 54 315 594 923 613 313 850 653 911 1170 747 409 338 1114 571 444 398 11 611 172 380 349 506 612 662 431 973 333 412 438 1017 1119 468 1177 401 393 447 472 282 557 240 363 322 847 602 894 0 365 730 583 893
53 359 46 346 677 500 666 23 448 494 704 784 367 891 71 426 140 879 386 377 220 259 374 346 423 786 501 40 741 477 670 59 794 66 68 53 281 899 36 524 796 409 636 685 469 438 515 529 342 886 641 192 517 752 80 644 341 382 517 343 198 335 460 731 529 415 375 285 665 688 140 713 360 695 899 477 291 703 804 370 351 38 364 699 329 721 41 600 278 435 740 809 136 49 83 795 762 121 811 162 115 776 135 163 235 144 53 503 622 382 699 365 0 412 227 728
361 668 370 183 938 567 931 403 857 669 413 385 583 671 353 818 280 531 705 479 589 432 690 355 831 414 389 406 376 582 301 419 538 349 409 361 693 802 444 158 941 722 240 1064 605 291 910 895 83 535 584 601 869 1105 332 425 531 345 782 509 522 399 873 1029 824 768 784 136 286 717 416 994 557 899 496 662 671 1051 392 256 727 402 725 739 614 1013 450 682 135 208 991 1051 396 390 330 974 631 291 575 329 339 1047 422 448 459 492 385 915 829 223 395 730 412 0 365 455
194 586 194 407 904 686 894 242 560 708 752 746 222 676 169 492 162 893 344 163 267 69 601 123 593 779 284 260 595 274 664 282 592 223 165 194 446 672 228 517 1011 360 604 718 279 533 706 740 335 898 414 381 734 745 191 727 174 516 419 546 184 108 604 665 459 635 495 298 651 872 350 630 199 554 852 316 345 919 717 466 391 189 584 886 555 947 234 796 249 492 967 696 338 177 190 641 536 193 603 323 282 1003 115 380 96 371 256 644 481 458 739 583 227 365 0 787
695 782 703 389 923 483 919 707 1152 642 47 327 1010 1053 702 1151 649 209 1097 925 946 857 805 805 1066 227 840 699 665 1032 224 697 913 665 762 695 963 1233 764 304 790 1118 311 1411 1051 293 1096 1028 455 220 1034 868 985 1479 670 107 962 377 1201 567 902 845 1134 1439 1231 907 1080 489 250 509 640 1411 987 1340 401 1101 1019 1132 491 358 1080 740 884 534 726 1020 769 548 539 299 952 1484 628 734 669 1421 1061 637 959 571 614 1021 804 653 872 719 679 1174 1268 346 74 893 728 455 787 0
