0 34 753 70 833 220 819 779 138 417 168 297 842 811 139 643 533 528 270 851 853 557 577 98 198 718 502 317 521 239 34 325 792 258 651 595 11 361 726 89 133 87 254 772 762 296 325 648 238 665 271 850 540 327 440 233 271 185 390 587 239 516 197 467 530 401 403 406 796 54 103 673 696 568 188 750 855 404
34 0 787 35 799 252 851 771 125 404 170 329 842 844 110 655 515 523 298 886 868 574 585 70 190 720 536 328 499 233 67 349 817 234 643 567 28 327 729 123 99 83 284 772 744 329 348 677 267 679 273 871 574 362 429 259 290 220 424 553 222 548 227 496 564 370 437 398 830 87 128 695 670 558 188 715 823 424
753 787 0 823 1558 581 470 1294 849 946 805 534 1028 119 887 705 1184 920 605 224 748 793 759 832 804 1126 365 678 1206 880 725 646 725 928 1186 1322 758 1114 908 673 880 768 526 1192 1389 500 660 313 613 898 848 843 215 425 929 650 707 570 424 1339 874 275 631 546 285 1144 351 1003 248 700 707 728 1306 1143 827 1501 1543 545
70 35 823 0 766 283 880 756 112 401 173 360 852 880 78 676 491 528 324 920 891 586 602 57 196 715 568 349 472 224 101 370 838 219 629 534 64 291 742 156 68 100 318 765 720 362 368 711 294 688 271 888 610 398 429 282 307 255 457 517 217 583 254 521 599 335 473 384 864 123 154 713 650 542 186 680 794 453
833 799 1558 766 0 1050 1642 1105 800 679 877 1125 1057 1591 729 1123 806 805 1082 1681 1322 1260 1015 739 755 1206 1335 913 730 854 867 1110 1554 631 1026 583 824 525 1032 922 699 795 1032 1221 904 1129 1104 1366 1054 1322 921 1574 1343 1148 717 1035 1034 1015 1224 317 687 1292 1017 1273 1362 571 1210 894 1629 879 916 1419 414 945 870 235 164 1062
220 252 581 283 1050 0 598 779 273 598 223 77 951 661 327 692 611 675 78 647 875 411 658 318 381 662 286 409 626 300 185 157 595 470 657 741 230 554 825 132 351 284 222 725 827 84 166 562 55 532 277 667 386 179 610 87 161 93 177 788 440 397 50 257 326 569 264 438 586 185 136 489 908 594 245 950 1075 418
819 851 470 880 1642 598 0 1035 844 1165 770 521 1398 586 912 1081 1044 1200 559 292 1178 514 1101 917 964 834 334 922 1092 813 784 539 300 1066 959 1246 829 1128 1269 731 949 879 711 893 1196 529 547 736 587 571 754 413 511 568 1166 607 617 657 441 1362 1029 604 626 373 356 1117 561 863 230 782 727 371 1499 952 782 1520 1674 842
779 771 1294 756 1105 779 1035 0 646 1133 616 788 1607 1397 693 1421 319 1278 720 1257 1627 526 1356 807 952 208 929 1097 388 540 773 658 777 932 127 521 785 689 1499 784 777 854 981 168 236 835 644 1340 728 470 520 718 1139 955 1169 691 619 850 882 798 956 1171 733 751 1008 596 1037 373 1180 812 724 667 1253 216 593 882 1230 1167
138 125 849 112 800 273 844 646 0 510 79 340 964 918 78 779 394 641 286 919 991 496 710 167 309 603 554 453 386 111 144 310 766 321 519 476 142 286 853 183 154 207 382 653 624 358 304 775 262 590 164 806 643 426 540 237 235 283 450 520 326 632 230 473 599 296 509 273 857 183 141 636 736 433 82 681 848 542
417 404 946 401 679 598 1165 1133 510 0 573 670 491 953 446 449 835 160 667 1113 660 974 343 344 220 1113 831 268 790 621 445 734 1193 201 1010 777 406 494 410 478 361 331 458 1160 1050 646 737 706 636 1082 672 1260 743 599 44 641 688 518 725 598 184 670 596 855 824 588 630 772 1078 423 518 1082 360 917 587 725 620 407
168 170 805 173 877 223 770 616 79 573 0 281 1010 882 158 804 399 694 219 861 1010 418 744 229 361 550 492 482 406 83 156 233 687 391 489 518 176 357 894 171 227 252 375 604 624 306 227 760 199 516 103 727 606 392 600 169 157 257 393 591 389 606 174 398 544 354 477 247 795 195 113 557 813 410 25 750 928 552
297 329 534 360 1125 77 521 788 340 670 281 0 1003 622 400 729 650 739 71 580 901 372 705 396 455 654 214 466 672 349 263 134 527 547 671 797 307 625 875 210 428 361 263 718 858 49 147 555 81 496 314 606 353 174 679 116 175 153 113 860 515 383 111 186 263 634 250 470 516 262 209 428 984 617 300 1021 1153 453
842 842 1028 852 1057 951 1398 1607 964 491 1010 1003 0 976 914 324 1320 334 1030 1244 367 1362 301 799 655 1561 1087 543 1280 1075 858 1108 1516 687 1481 1268 833 986 129 870 831 759 740 1614 1539 962 1115 717 1002 1481 1113 1606 892 863 449 1022 1086 858 1008 1067 653 798 971 1181 1043 1080 842 1237 1239 824 925 1430 646 1391 1030 1169 939 564
811 844 119 880 1591 661 586 1397 918 953 882 622 976 0 949 659 1270 907 694 321 670 904 728 882 835 1235 473 689 1287 961 786 743 845 960 1286 1395 815 1171 863 737 932 814 568 1301 1481 583 757 266 698 1012 935 962 275 491 931 735 797 635 517 1390 903 300 711 655 390 1209 409 1093 360 757 778 846 1312 1238 905 1551 1564 545
139 110 887 78 729 327 912 693 78 446 158 400 914 949 0 751 417 585 353 973 967 574 674 116 260 667 613 425 394 179 162 384 844 250 567 457 137 228 808 214 85 177 393 713 645 411 379 787 326 667 239 885 677 462 479 306 312 317 505 461 264 655 289 545 651 261 540 325 914 193 191 715 657 477 161 623 772 531
643 655 705 676 1123 692 1081 1421 779 449 804 729 324 659 751 0 1168 322 769 920 220 1100 108 636 500 1341 781 327 1144 881 648 849 1220 586 1293 1174 637 891 204 641 680 576 470 1400 1397 683 858 396 746 1223 904 1317 571 571 408 773 843 601 714 1037 533 477 722 895 730 972 536 1049 916 608 701 1146 755 1211 828 1172 1044 275
533 515 1184 491 806 611 1044 319 394 835 399 650 1320 1270 417 1168 0 986 579 1203 1383 550 1091 533 675 402 840 841 76 315 538 546 854 634 221 240 536 371 1220 567 493 592 771 415 229 687 533 1159 572 566 335 837 997 787 874 535 478 656 760 491 666 1004 560 691 907 277 873 185 1131 578 512 720 934 140 374 597 920 936
528 523 920 528 805 675 1200 1278 641 160 694 739 334 907 585 322 986 0 750 1108 517 1073 214 473 332 1243 869 279 946 752 550 824 1266 353 1152 937 519 654 250 572 501 442 493 1294 1205 706 829 645 720 1188 796 1343 735 634 116 733 789 586 773 755 321 651 684 925 847 746 643 910 1084 521 621 1164 434 1062 712 875 722 377
270 298 605 324 1082 78 559 720 286 667 219 71 1030 694 353 769 579 750 0 642 950 332 736 367 448 593 273 487 603 282 235 79 527 527 602 731 280 572 904 190 392 344 299 656 787 114 89 620 31 454 243 594 424 235 681 50 104 171 181 807 502 450 72 197 331 574 316 399 576 246 170 415 965 546 236 967 1118 494
851 886 224 920 1681 647 292 1257 919 1113 861 580 1244 321 973 920 1203 1108 642 0 972 732 965 942 945 1069 369 848 1238 925 819 658 584 1063 1164 1374 859 1201 1121 763 984 887 664 1132 1386 562 671 534 661 817 879 701 373 535 1103 692 732 667 469 1434 1014 459 690 516 322 1214 485 1018 77 803 783 625 1468 1137 879 1597 1685 731
853 868 748 891 1322 875 1178 1627 991 660 1010 901 367 670 967 220 1383 517 950 972 0 1273 318 853 720 1535 912 542 1361 1089 855 1028 1357 806 1499 1394 848 1111 309 842 898 790 655 1596 1612 853 1039 444 930 1397 1107 1461 672 731 617 960 1033 789 865 1254 753 584 911 1050 848 1192 678 1257 985 815 903 1299 936 1420 1034 1385 1231 462
557 574 793 586 1260 411 514 526 496 974 418 372 1362 904 574 1100 550 1073 332 732 1273 0 1069 641 754 337 431 818 609 411 529 254 305 806 445 775 567 736 1236 501 645 643 631 402 683 420 246 905 359 123 343 315 674 542 994 341 286 504 422 951 795 730 391 250 515 693 607 386 655 554 456 170 1231 443 413 1094 1330 825
577 585 759 602 1015 658 1101 1356 710 343 744 705 301 728 674 108 1091 214 736 965 318 1069 0 557 416 1289 786 261 1062 816 587 815 1214 490 1229 1083 570 798 171 589 598 503 441 1346 1318 662 823 462 710 1190 845 1305 602 561 301 733 800 565 707 935 440 510 682 880 745 882 542 983 953 550 647 1131 649 1143 766 1067 937 262
98 70 832 57 739 318 917 807 167 344 229 396 799 882 116 636 533 473 367 942 853 641 557 0 144 771 599 311 508 279 133 419 887 165 681 555 88 293 692 186 51 71 315 820 761 392 418 699 336 744 328 941 617 411 373 329 359 275 487 508 160 583 296 565 622 353 481 437 889 140 199 765 600 592 243 669 756 427
198 190 804 196 755 381 964 952 309 220 361 455 655 835 260 500 675 332 448 945 720 754 416 144 0 910 632 187 645 420 224 514 975 124 825 675 188 396 547 258 182 111 282 961 902 436 516 621 416 864 463 1040 591 412 241 420 467 308 522 576 69 536 376 639 637 472 462 581 901 203 297 861 535 737 379 730 741 326
718 720 1126 715 1206 662 834 208 603 1113 550 654 1561 1235 667 1341 402 1243 593 1069 1535 337 1289 771 910 0 762 1027 478 491 703 520 570 918 193 639 727 731 1444 700 752 802 879 65 421 703 507 1209 607 264 447 510 991 827 1144 575 502 746 732 889 929 1035 623 580 844 652 904 350 992 740 642 464 1290 261 531 999 1313 1073
502 536 365 568 1335 286 334 929 554 831 492 214 1087 473 613 781 840 869 273 369 912 431 786 599 632 762 0 590 871 555 468 293 444 738 823 1004 511 839 957 413 635 553 377 827 1033 206 307 498 293 543 511 550 255 235 832 323 364 328 112 1074 698 331 325 182 83 847 245 655 303 459 422 398 1167 785 510 1235 1354 523
317 328 678 349 913 409 922 1097 453 268 482 466 543 689 425 327 841 279 487 848 542 818 261 311 187 1027 590 0 819 556 326 564 991 299 969 860 311 583 420 328 358 248 214 1084 1070 430 571 452 459 937 584 1072 476 354 254 478 542 317 493 760 240 402 427 650 570 656 370 723 817 288 386 895 628 885 505 910 875 149
521 499 1206 472 730 626 1092 388 386 790 406 672 1280 1287 394 1144 76 946 603 1238 1361 609 1062 508 645 478 871 819 0 326 531 579 915 592 296 168 523 311 1184 567 464 571 768 491 259 706 566 1161 592 634 360 903 1011 798 831 556 506 661 785 415 629 1012 576 731 934 214 884 229 1167 570 515 780 868 216 382 522 845 924
239 233 880 224 854 300 813 540 111 621 83 349 1075 961 179 881 315 752 282 925 1089 411 816 279 420 491 555 556 326 0 234 276 700 429 412 449 245 328 962 255 262 316 458 541 540 380 266 844 268 494 68 726 685 473 652 234 197 341 462 554 437 689 250 440 613 304 559 167 857 274 197 565 831 330 58 708 919 633
34 67 725 101 867 185 784 773 144 445 156 263 858 786 162 648 538 550 235 819 855 529 587 133 224 703 468 326 531 234 0 293 760 291 645 614 45 388 741 55 167 114 238 759 767 262 294 632 204 639 257 819 514 299 465 200 243 155 357 617 270 494 163 433 497 422 378 401 763 40 73 641 730 564 179 780 889 400
325 349 646 370 1110 157 539 658 310 734 233 134 1108 743 384 849 546 824 79 658 1028 254 815 419 514 520 293 564 579 276 293 0 468 583 544 719 336 590 982 255 437 406 378 584 742 183 14 689 105 375 222 526 481 307 751 93 78 250 225 823 563 516 139 165 363 579 384 361 588 310 221 348 1019 496 243 980 1156 574
792 817 725 838 1554 595 300 777 766 1193 687 527 1516 845 844 1220 854 1266 527 584 1357 305 1214 887 975 570 444 991 915 700 760 468 0 1051 723 1080 804 1028 1386 717 903 871 780 622 967 560 469 935 558 309 632 118 692 653 1205 559 533 680 507 1250 1028 774 599 341 512 993 685 691 513 773 689 136 1488 738 689 1397 1614 953
258 234 928 219 631 470 1066 932 321 201 391 547 687 960 250 586 634 353 527 1063 806 806 490 165 124 918 738 299 592 429 291 583 1051 0 809 593 247 308 595 339 167 186 403 963 852 536 583 744 495 907 485 1106 714 528 239 491 525 410 627 461 59 661 454 724 750 396 583 573 1016 285 361 930 438 716 402 610 621 445
651 643 1186 629 1026 657 959 127 519 1010 489 671 1481 1286 567 1293 221 1152 602 1164 1499 445 1229 681 825 193 823 969 296 412 645 544 723 809 0 450 658 579 1372 657 651 726 855 195 243 717 529 1219 607 416 393 681 1024 834 1045 570 499 726 769 712 831 1051 610 650 901 491 917 245 1087 685 597 601 1145 93 465 813 1142 1040
595 567 1322 534 583 741 1246 521 476 777 518 797 1268 1395 457 1174 240 937 731 1374 1394 775 1083 555 675 639 1004 860 168 449 614 719 1080 593 450 0 594 285 1185 659 504 625 850 645 330 825 708 1244 716 803 497 1072 1119 903 821 682 643 760 910 285 642 1108 693 879 1061 203 986 390 1305 649 616 945 783 380 497 362 714 982
11 28 758 64 824 230 829 785 142 406 176 307 833 815 137 637 536 519 280 859 848 567 570 88 188 727 511 311 523 245 45 336 804 247 658 594 0 356 718 98 125 76 255 781 766 305 336 649 249 676 279 861 545 333 429 244 282 192 399 581 228 519 208 478 538 398 408 412 804 58 115 684 685 574 196 744 845 401
361 327 1114 291 525 554 1128 689 286 494 357 625 986 1171 228 891 371 654 572 1201 1111 736 798 293 396 731 839 583 311 328 388 590 1028 308 579 285 356 0 900 442 242 364 606 761 565 638 583 993 548 806 396 1051 901 688 537 523 513 544 732 234 357 874 514 755 879 97 764 390 1141 414 418 893 565 487 348 396 598 714
726 729 908 742 1032 825 1269 1499 853 410 894 875 129 863 808 204 1220 250 904 1121 309 1236 171 692 547 1444 957 420 1184 962 741 982 1386 595 1372 1185 718 900 0 748 727 646 612 1499 1443 833 990 600 877 1356 997 1477 765 733 366 897 963 732 879 1004 554 672 847 1052 914 991 713 1127 1114 705 805 1302 633 1284 915 1120 930 434
89 123 673 156 922 132 731 784 183 478 171 210 870 737 214 641 567 572 190 763 842 501 589 186 258 700 413 328 567 255 55 255 717 339 657 659 98 442 748 0 222 154 204 758 794 206 259 594 158 616 264 781 463 247 495 162 217 102 301 672 311 449 118 385 442 472 328 418 707 55 60 603 777 581 196 835 943 382
133 99 880 68 699 351 949 777 154 361 227 428 831 932 85 680 493 501 392 984 898 645 598 51 182 752 635 358 464 262 167 437 903 167 651 504 125 242 727 222 0 123 365 799 719 429 434 751 362 743 318 951 666 457 394 350 371 318 524 459 179 633 323 590 663 301 529 411 930 182 222 778 587 561 236 621 725 478
87 83 768 100 795 284 879 854 207 331 252 361 759 814 177 576 592 442 344 887 790 643 503 71 111 802 553 248 571 316 114 406 871 186 726 625 76 364 646 154 123 0 246 855 821 350 408 628 312 752 355 932 553 352 352 313 357 225 441 575 157 514 272 540 570 423 417 481 837 99 187 754 623 640 271 736 802 357
254 284 526 318 1032 222 711 981 382 458 375 263 740 568 393 470 771 493 299 664 655 631 441 315 282 879 377 214 768 458 238 378 780 403 855 850 255 606 612 204 365 246 0 941 998 221 388 394 277 753 462 866 310 142 456 305 377 133 279 822 351 268 256 441 365 654 180 620 623 201 261 690 806 782 400 982 1023 195
772 772 1192 765 1221 725 893 168 653 1160 604 718 1614 1301 713 1400 415 1294 656 1132 1596 402 1346 820 961 65 827 1084 491 541 759 584 622 963 195 645 781 761 1499 758 799 855 941 0 397 767 571 1274 670 322 501 554 1057 891 1192 637 564 807 798 906 977 1100 685 645 910 678 968 390 1055 796 699 522 1324 278 584 1008 1334 1134
762 744 1389 720 904 827 1196 236 624 1050 624 858 1539 1481 645 1397 229 1205 787 1386 1612 683 1318 761 902 421 1033 1070 259 540 767 742 967 852 243 330 766 565 1443 794 719 821 998 397 0 899 728 1383 784 659 550 923 1210 1006 1091 746 683 880 965 615 889 1224 778 870 1106 468 1092 389 1311 807 737 843 1107 249 598 673 1042 1166
296 329 500 362 1129 84 529 835 358 646 306 49 962 583 411 683 687 706 114 562 853 420 662 392 436 703 206 430 706 380 262 183 560 536 717 825 305 638 833 206 429 350 221 767 899 0 196 507 114 544 351 644 311 124 652 152 218 128 95 872 499 335 131 220 241 654 202 510 503 254 220 468 970 660 327 1034 1149 408
325 348 660 368 1104 166 547 644 304 737 227 147 1115 757 379 858 533 829 89 671 1039 246 823 418 516 507 307 571 566 266 294 14 469 583 529 708 336 583 990 259 434 408 388 571 728 196 0 702 112 366 210 524 495 320 754 96 70 258 239 815 564 529 145 174 377 570 397 348 600 313 221 347 1018 482 235 972 1152 584
648 677 313 711 1366 562 736 1340 775 706 760 555 717 266 787 396 1159 645 620 534 444 905 462 699 621 1209 498 452 1161 844 632 689 935 744 1219 1244 649 993 600 594 751 628 394 1274 1383 507 702 0 612 1026 836 1046 244 385 680 649 721 503 483 1195 685 175 610 661 423 1047 305 997 542 596 647 897 1061 1156 785 1351 1324 303
238 267 613 294 1054 55 587 728 262 636 199 81 1002 698 326 746 572 720 31 661 930 359 710 336 416 607 293 459 592 268 204 105 558 495 607 716 249 548 877 158 362 312 277 670 784 114 112 612 0 479 236 625 425 227 650 37 108 145 194 783 470 444 40 228 345 553 310 395 596 214 140 446 934 547 218 944 1088 472
665 679 898 688 1322 532 571 470 590 1082 516 496 1481 1012 667 1223 566 1188 454 817 1397 123 1190 744 864 264 543 937 634 494 639 375 309 907 416 803 676 806 1356 616 743 752 753 322 659 544 366 1026 479 0 429 270 791 666 1105 459 398 625 543 1007 901 851 510 366 627 751 729 429 740 667 567 199 1324 440 507 1141 1404 947
271 273 848 271 921 277 754 520 164 672 103 314 1113 935 239 904 335 796 243 879 1107 343 845 328 463 447 511 584 360 68 257 222 632 485 393 497 279 396 997 264 318 355 462 501 550 351 210 836 236 429 0 658 662 456 700 199 147 335 425 620 488 674 227 383 574 367 541 161 809 296 204 497 895 321 85 772 987 646
850 871 843 888 1574 667 413 718 806 1260 727 606 1606 962 885 1317 837 1343 594 701 1461 315 1305 941 1040 510 550 1072 903 726 819 526 118 1106 681 1072 861 1051 1477 781 951 932 866 554 923 644 524 1046 625 270 658 0 802 746 1276 619 581 757 603 1263 1089 882 664 425 622 1006 785 690 630 837 746 179 1538 711 725 1403 1645 1046
540 574 215 610 1343 386 511 1139 643 743 606 353 892 275 677 571 997 735 424 373 672 674 602 617 591 991 255 476 1011 685 514 481 692 714 1024 1119 545 901 765 463 666 553 310 1057 1210 311 495 244 425 791 662 802 0 216 731 463 528 360 259 1125 661 94 436 425 179 935 136 821 352 487 502 654 1101 971 630 1287 1331 358
327 362 425 398 1148 179 568 955 426 599 392 174 863 491 462 571 787 634 235 535 731 542 561 411 412 827 235 354 798 473 299 307 653 528 834 903 333 688 733 247 457 352 142 891 1006 124 320 385 227 666 456 746 216 0 598 264 335 144 145 915 481 218 228 323 225 719 85 617 488 275 286 575 944 773 416 1077 1150 300
440 429 929 429 717 610 1166 1169 540 44 600 679 449 931 479 408 874 116 681 1103 617 994 301 373 241 1144 832 254 831 652 465 751 1205 239 1045 821 429 537 366 495 394 352 456 1192 1091 652 754 680 650 1105 700 1276 731 598 0 658 708 526 728 643 215 654 612 866 820 630 623 805 1071 441 538 1097 381 954 615 768 651 386
233 259 650 282 1035 87 607 691 237 641 169 116 1022 735 306 773 535 733 50 692 960 341 733 329 420 575 323 478 556 234 200 93 559 491 570 682 244 523 897 162 350 313 305 637 746 152 96 649 37 459 199 619 463 264 658 0 73 171 229 758 470 482 51 240 379 524 348 357 626 217 130 441 929 509 186 918 1074 500
271 290 707 307 1034 161 617 619 235 688 157 175 1086 797 312 843 478 789 104 732 1033 286 800 359 467 502 364 542 506 197 243 78 533 525 499 643 282 513 963 217 371 357 377 564 683 218 70 721 108 398 147 581 528 335 708 73 0 243 282 745 511 552 121 244 428 500 418 296 662 268 170 406 957 442 165 902 1084 572
185 220 570 255 1015 93 657 850 283 518 257 153 858 635 317 601 656 586 171 667 789 504 565 275 308 746 328 317 661 341 155 250 680 410 726 760 192 544 732 102 318 225 133 807 880 128 258 503 145 625 335 757 360 144 526 171 243 0 216 773 371 350 122 339 347 574 226 495 614 135 146 578 842 656 282 935 1027 328
390 424 424 457 1224 177 441 882 450 725 393 113 1008 517 505 714 760 773 181 469 865 422 707 487 522 732 112 493 785 462 357 225 507 627 769 910 399 732 879 301 524 441 279 798 965 95 239 483 194 543 425 603 259 145 728 229 282 216 0 966 587 307 220 185 150 745 188 579 408 347 314 434 1057 720 413 1128 1242 445
587 553 1339 517 317 788 1362 798 520 598 591 860 1067 1390 461 1037 491 755 807 1434 1254 951 935 508 576 889 1074 760 415 554 617 823 1250 461 712 285 581 234 1004 672 459 575 822 906 615 872 815 1195 783 1007 620 1263 1125 915 643 758 745 773 966 0 520 1090 749 988 1112 257 988 578 1375 639 652 1113 514 629 580 162 431 903
239 222 874 217 687 440 1029 956 326 184 389 515 653 903 264 533 666 321 502 1014 753 795 440 160 69 929 698 240 629 437 270 563 1028 59 831 642 228 357 554 311 179 157 351 977 889 499 564 685 470 901 488 1089 661 481 215 470 511 371 587 520 0 605 429 696 706 442 532 590 970 255 342 911 470 740 403 670 671 385
516 548 275 583 1292 397 604 1171 632 670 606 383 798 300 655 477 1004 651 450 459 584 730 510 583 536 1035 331 402 1012 689 494 516 774 661 1051 1108 519 874 672 449 633 514 268 1100 1224 335 529 175 444 851 674 882 94 218 654 482 552 350 307 1090 605 0 446 487 264 917 134 836 443 462 496 727 1030 991 631 1250 1270 273
197 227 631 254 1017 50 626 733 230 596 174 111 971 711 289 722 560 684 72 690 911 391 682 296 376 623 325 427 576 250 163 139 599 454 610 693 208 514 847 118 323 272 256 685 778 131 145 610 40 510 227 664 436 228 612 51 121 122 220 749 429 446 0 269 371 524 313 389 627 174 100 485 893 545 196 910 1048 450
467 496 546 521 1273 257 373 751 473 855 398 186 1181 655 545 895 691 925 197 516 1050 250 880 565 639 580 182 650 731 440 433 165 341 724 650 879 478 755 1052 385 590 540 441 645 870 220 174 661 228 366 383 425 425 323 866 240 244 339 185 988 696 487 269 0 265 744 373 506 442 440 367 251 1162 620 408 1146 1314 622
530 564 285 599 1362 326 356 1008 599 824 544 263 1043 390 651 730 907 847 331 322 848 515 745 622 637 844 83 570 934 613 497 363 512 750 901 1061 538 879 914 442 663 570 365 910 1106 241 377 423 345 627 574 622 179 225 820 379 428 347 150 1112 706 264 371 265 0 895 205 723 267 482 461 477 1170 859 564 1275 1371 485
401 370 1144 335 571 569 1117 596 296 588 354 634 1080 1209 261 972 277 746 574 1214 1192 693 882 353 472 652 847 656 214 304 422 579 993 396 491 203 398 97 991 472 301 423 654 678 468 654 570 1047 553 751 367 1006 935 719 630 524 500 574 745 257 442 917 524 744 895 0 800 324 1150 455 437 856 656 400 338 405 663 780
403 437 351 473 1210 264 561 1037 509 630 477 250 842 409 540 536 873 643 316 485 678 607 542 481 462 904 245 370 884 559 378 384 685 583 917 986 408 764 713 328 529 417 180 968 1092 202 397 305 310 729 541 785 136 85 623 348 418 226 188 988 532 134 313 373 205 800 0 703 448 350 370 621 983 857 502 1150 1203 281
406 398 1003 384 894 438 863 373 273 772 247 470 1237 1093 325 1049 185 910 399 1018 1257 386 983 437 581 350 655 723 229 167 401 361 691 573 245 390 412 390 1127 418 411 481 620 390 389 510 348 997 395 429 161 690 821 617 805 357 296 495 579 578 590 836 389 506 723 324 703 0 945 441 359 555 941 163 222 713 985 799
796 830 248 864 1629 586 230 1180 857 1078 795 516 1239 360 914 916 1131 1084 576 77 985 655 953 889 901 992 303 817 1167 857 763 588 513 1016 1087 1305 804 1141 1114 707 930 837 623 1055 1311 503 600 542 596 740 809 630 352 488 1071 626 662 614 408 1375 970 443 627 442 267 1150 448 945 0 749 722 549 1430 1062 813 1537 1638 709
54 87 700 123 879 185 782 812 183 423 195 262 824 757 193 608 578 521 246 803 815 554 550 140 203 740 459 288 570 274 40 310 773 285 685 649 58 414 705 55 182 99 201 796 807 254 313 596 214 667 296 837 487 275 441 217 268 135 347 639 255 462 174 440 482 455 350 441 749 0 100 658 722 604 219 802 895 360
103 128 707 154 916 136 727 724 141 518 113 209 925 778 191 701 512 621 170 783 903 456 647 199 297 642 422 386 515 197 73 221 689 361 597 616 115 418 805 60 222 187 261 699 737 220 221 647 140 567 204 746 502 286 538 130 170 146 314 652 342 496 100 367 461 437 370 359 722 100 0 569 799 521 138 814 948 442
673 695 728 713 1419 489 371 667 636 1082 557 428 1430 846 715 1146 720 1164 415 625 1299 170 1131 765 861 464 398 895 780 565 641 348 136 930 601 945 684 893 1302 603 778 754 690 522 843 468 347 897 446 199 497 179 654 575 1097 441 406 578 434 1113 911 727 485 251 477 856 621 555 549 658 569 0 1364 609 557 1260 1482 874
696 670 1306 650 414 908 1499 1253 736 360 813 984 646 1312 657 755 934 434 965 1468 936 1231 649 600 535 1290 1167 628 868 831 730 1019 1488 438 1145 783 685 565 633 777 587 623 806 1324 1107 970 1018 1061 934 1324 895 1538 1101 944 381 929 957 842 1057 514 470 1030 893 1162 1170 656 983 941 1430 722 799 1364 0 1052 818 565 296 767
568 558 1143 542 945 594 952 216 433 917 410 617 1391 1238 477 1211 140 1062 546 1137 1420 443 1143 592 737 261 785 885 216 330 564 496 738 716 93 380 574 487 1284 581 561 640 782 278 249 660 482 1156 547 440 321 711 971 773 954 509 442 656 720 629 740 991 545 620 859 400 857 163 1062 604 521 609 1052 0 386 738 1056 962
188 188 827 186 870 245 782 593 82 587 25 300 1030 905 161 828 374 712 236 879 1034 413 766 243 379 531 510 505 382 58 179 243 689 402 465 497 196 348 915 196 236 271 400 584 598 327 235 785 218 507 85 725 630 416 615 186 165 282 413 580 403 631 196 408 564 338 502 222 813 219 138 557 818 386 0 737 925 576
750 715 1501 680 235 950 1520 882 681 725 750 1021 1169 1551 623 1172 597 875 967 1597 1385 1094 1067 669 730 999 1235 910 522 708 780 980 1397 610 813 362 744 396 1120 835 621 736 982 1008 673 1034 972 1351 944 1141 772 1403 1287 1077 768 918 902 935 1128 162 670 1250 910 1146 1275 405 1150 713 1537 802 814 1260 565 738 737 0 390 1055
855 823 1543 794 164 1075 1674 1230 848 620 928 1153 939 1564 772 1044 920 722 1118 1685 1231 1330 937 756 741 1313 1354 875 845 919 889 1156 1614 621 1142 714 845 598 930 943 725 802 1023 1334 1042 1149 1152 1324 1088 1404 987 1645 1331 1150 651 1074 1084 1027 1242 431 671 1270 1048 1314 1371 663 1203 985 1638 895 948 1482 296 1056 925 390 0 1022
404 424 545 453 1062 418 842 1167 542 407 552 453 564 545 531 275 936 377 494 731 462 825 262 427 326 1073 523 149 924 633 400 574 953 445 1040 982 401 714 434 382 478 357 195 1134 1166 408 584 303 472 947 646 1046 358 300 386 500 572 328 445 903 385 273 450 622 485 780 281 799 709 360 442 874 767 962 576 1055 1022 0
