0 632 656 117 1000 1135 417 157 1362 555 1433 944 258 625 1296 1681
632 0 1058 684 1104 1763 446 492 1335 563 934 672 613 588 1746 1727
656 1058 0 539 527 1176 615 665 919 558 1482 1566 914 1272 688 2324
117 684 539 0 901 1111 386 192 1272 498 1423 1053 375 740 1183 1794
1000 1104 527 901 0 1703 712 926 394 554 1145 1741 1240 1521 911 2661
1135 1763 1176 1111 1703 0 1488 1286 2090 1557 2522 1866 1201 1523 1244 2013
417 446 615 386 712 1488 0 276 1019 168 1037 1033 587 812 1301 1967
157 492 665 192 926 1286 276 0 1268 430 1277 900 320 616 1339 1734
1362 1335 919 1272 394 2090 1019 1268 0 851 1069 2003 1588 1827 1170 2986
555 563 558 498 554 1557 168 430 851 0 972 1187 748 979 1223 2135
1433 934 1482 1423 1145 2522 1037 1277 1069 972 0 1490 1513 1513 2047 2596
944 672 1566 1053 1741 1866 1033 900 2003 1187 1490 0 729 349 2235 1106
258 613 914 375 1240 1201 587 320 1588 748 1513 729 0 388 1541 1427
625 588 1272 740 1521 1523 812 616 1827 979 1513 349 388 0 1921 1164
1296 1746 688 1183 911 1244 1301 1339 1170 1223 2047 2235 1541 1921 0 2879
1681 1727 2324 1794 2661 2013 1967 1734 2986 2135 2596 1106 1427 1164 2879 0
