0 192 986 0 1531 90 341 1017 412 929 19 220 153 1380 561 663 937
192 0 1176 192 1627 153 219 870 604 1043 182 204 261 1235 689 836 843
986 1176 0 986 1214 1031 1243 1954 583 1090 1000 1082 949 2156 706 645 1781
0 192 986 0 1531 89 341 1017 412 930 19 219 152 1379 561 663 938
1531 1627 1214 1531 0 1496 1512 2482 1383 2169 1551 1426 1387 1840 978 1698 2463
90 153 1031 89 1496 0 255 1017 471 1018 97 131 112 1292 542 747 967
341 219 1243 341 1512 255 0 973 712 1253 343 161 299 1038 647 1003 1007
1017 870 1954 1017 2482 1017 973 0 1376 1318 999 1061 1129 1487 1559 1422 328
412 604 583 412 1383 471 712 1376 0 807 423 554 416 1715 459 377 1228
929 1043 1090 930 2169 1018 1253 1318 807 0 921 1150 1053 2276 1265 473 1021
19 182 1000 19 1551 97 343 999 423 921 0 229 171 1381 581 665 918
220 204 1082 219 1426 131 161 1061 554 1150 229 0 138 1176 511 862 1047
153 261 949 152 1387 112 299 1129 416 1053 171 138 0 1307 430 735 1076
1380 1235 2156 1379 1840 1292 1038 1487 1715 2276 1381 1176 1307 0 1453 2038 1719
561 689 706 561 978 542 647 1559 459 1265 581 511 430 1453 0 830 1499
663 836 645 663 1698 747 1003 1422 377 473 665 862 735 2038 830 0 1196
937 843 1781 938 2463 967 1007 328 1228 1021 918 1047 1076 1719 1499 1196 0
