0 1638 1417 120 1464 1294 619 948 442 1451 179 62 1177 1123 1499 249
1638 0 3003 1739 1884 2931 1301 2443 1995 2699 1692 1654 577 2587 3108 1480
1417 3003 0 1299 2574 571 1741 600 1009 916 1319 1381 2471 1347 163 1644
120 1739 1299 0 1558 1199 648 828 322 1342 118 85 1260 1099 1385 368
1464 1884 2574 1558 0 2158 1867 2308 1846 2887 1643 1527 1863 1397 2579 1247
1294 2931 571 1199 2158 0 1788 873 1016 1400 1268 1283 2458 823 486 1467
619 1301 1741 648 1867 1788 0 1158 775 1415 544 587 739 1740 1864 687
948 2443 600 828 2308 873 1158 0 506 629 809 898 1895 1358 743 1196
442 1995 1009 322 1846 1016 775 506 0 1040 312 392 1477 1148 1113 690
1451 2699 916 1342 2887 1400 1415 629 1040 0 1281 1392 2122 1984 1077 1697
179 1692 1319 118 1643 1268 544 809 312 1281 0 116 1192 1214 1416 417
62 1654 1381 85 1527 1283 587 898 392 1392 116 0 1178 1153 1469 306
1177 577 2471 1260 1863 2458 739 1895 1477 2122 1192 1178 0 2236 2586 1082
1123 2587 1347 1099 1397 823 1740 1358 1148 1984 1214 1153 2236 0 1298 1154
1499 3108 163 1385 2579 486 1864 743 1113 1077 1416 1469 2586 1298 0 1716
249 1480 1644 368 1247 1467 687 1196 690 1697 417 306 1082 1154 1716 0
