0 152 650 1015 1076 1514 253 722 1378 377 742 747 994 814 1587 112
152 0 551 949 1164 1541 243 805 1493 497 768 779 1069 916 1497 255
650 551 0 1340 1127 1234 430 1357 2028 1027 591 615 1621 983 1781 759
1015 949 1340 0 2091 2484 1192 874 1503 983 1716 1728 936 1824 603 1020
1076 1164 1127 2091 0 697 946 1570 1911 1220 540 515 1812 282 2659 1078
1514 1541 1234 2484 697 0 1297 2146 2579 1771 774 767 2408 917 2989 1561
253 243 430 1192 946 1297 0 975 1611 618 525 536 1247 719 1729 348
722 805 1357 874 1570 2146 975 0 731 378 1407 1405 272 1288 1453 630
1378 1493 2028 1503 1911 2579 1611 731 0 1001 1933 1923 568 1662 2006 1269
377 497 1027 983 1220 1771 618 378 1001 0 1029 1027 648 937 1586 270
742 768 591 1716 540 774 525 1407 1933 1029 0 26 1676 458 2242 797
747 779 615 1728 515 767 536 1405 1923 1027 26 0 1674 434 2256 799
994 1069 1621 936 1812 2408 1247 272 568 648 1676 1674 0 1534 1461 903
814 916 983 1824 282 917 719 1288 1662 937 458 434 1534 0 2401 805
1587 1497 1781 603 2659 2989 1729 1453 2006 1586 2242 2256 1461 2401 0 1606
112 255 759 1020 1078 1561 348 630 1269 270 797 799 903 805 1606 0
