0 1462 407 497 684 1234 1172 1456 1680 274 331 744 1102 1499 460 206 95
1462 0 1748 1623 1599 2589 766 358 1961 1708 1141 2097 774 689 1867 1541 1435
407 1748 0 824 1036 1254 1562 1670 1467 446 699 357 1226 1635 576 545 364
497 1623 824 0 218 970 1091 1719 2177 392 582 1075 1478 1840 390 295 592
684 1599 1036 218 0 1056 986 1740 2349 610 681 1293 1561 1897 596 495 775
1234 2589 1254 970 1056 0 2040 2656 2705 961 1485 1216 2336 2730 774 1080 1310
1172 766 1562 1091 986 2040 0 1050 2332 1331 864 1913 1186 1333 1436 1145 1197
1456 358 1670 1719 1740 2656 1050 0 1644 1722 1171 1999 519 331 1898 1577 1407
1680 1961 1467 2177 2349 2705 2332 1644 0 1873 1712 1520 1201 1353 2034 1886 1585
274 1708 446 392 610 961 1331 1722 1873 0 566 684 1376 1773 187 185 350
331 1141 699 582 681 1485 864 1171 1712 566 0 1054 896 1263 732 407 336
744 2097 357 1075 1293 1216 1913 1999 1520 684 1054 0 1529 1933 734 836 717
1102 774 1226 1478 1561 2336 1186 519 1201 1376 896 1529 0 409 1562 1267 1031
1499 689 1635 1840 1897 2730 1333 331 1353 1773 1263 1933 409 0 1957 1653 1432
460 1867 576 390 596 774 1436 1898 2034 187 732 734 1562 1957 0 326 537
206 1541 545 295 495 1080 1145 1577 1886 185 407 836 1267 1653 326 0 302
95 1435 364 592 775 1310 1197 1407 1585 350 336 717 1031 1432 537 302 0
