0 1477 1672 787 1017 364 849 778 1176 1400 1033 1599 1666 1407 392 1037
1477 0 2238 928 1418 1517 1731 2069 2545 525 2498 2439 3025 2604 1790 887
1672 2238 0 2210 2638 1308 2521 1188 2512 1766 2130 3243 2912 2901 1953 2438
787 928 2210 0 556 1031 803 1550 1656 1137 1685 1540 2121 1677 966 254
1017 1418 2638 556 0 1358 447 1777 1423 1690 1595 1022 1826 1303 971 534
364 1517 1308 1031 1358 0 1213 558 1412 1311 1166 1954 1887 1708 692 1284
849 1731 2521 803 447 1213 0 1517 976 1900 1172 793 1386 888 644 899
778 2069 1188 1550 1777 558 1517 0 1325 1816 946 2141 1730 1728 878 1804
1176 2545 2512 1656 1423 1412 976 1325 0 2562 436 1072 491 462 790 1823
1400 525 1766 1137 1690 1311 1900 1816 2562 0 2426 2670 3053 2711 1773 1207
1033 2498 2130 1685 1595 1166 1172 946 436 2426 0 1469 783 896 720 1893
1599 2439 3243 1540 1022 1954 793 2141 1072 2670 1469 0 1209 656 1291 1556
1666 3025 2912 2121 1826 1887 1386 1730 491 3053 783 1209 0 573 1281 2269
1407 2604 2901 1677 1303 1708 888 1728 462 2711 896 656 573 0 1021 1788
392 1790 1953 966 971 692 644 878 790 1773 720 1291 1281 1021 0 1184
1037 887 2438 254 534 1284 899 1804 1823 1207 1893 1556 2269 1788 1184 0
