0 777 1037 772 789 907 184 1372 68 1114 1417 947 197 1023 40 251
777 0 1069 809 318 475 949 747 823 521 752 1323 975 856 792 650
1037 1069 0 290 764 1514 1041 1802 1102 840 1789 1978 1108 284 1077 1188
772 809 290 0 528 1237 804 1554 839 696 1550 1700 870 281 812 904
789 318 764 528 0 790 924 1038 851 325 1026 1529 969 538 816 761
907 475 1514 1237 790 0 1089 480 919 971 546 1039 1085 1323 899 676
184 949 1041 804 924 1089 0 1556 177 1244 1601 1007 68 1076 191 422
1372 747 1802 1554 1038 480 1556 0 1391 1077 98 1443 1557 1563 1368 1151
68 823 1102 839 851 919 177 1391 0 1176 1440 888 166 1092 34 246
1114 521 840 696 325 971 1244 1077 1176 0 1037 1826 1291 559 1142 1080
1417 752 1789 1550 1026 546 1601 98 1440 1037 0 1532 1606 1541 1416 1205
947 1323 1978 1700 1529 1039 1007 1443 888 1826 1532 0 946 1922 908 803
197 975 1108 870 969 1085 68 1557 166 1291 1606 946 0 1140 190 410
1023 856 284 281 538 1323 1076 1563 1092 559 1541 1922 1140 0 1062 1118
40 792 1077 812 816 899 191 1368 34 1142 1416 908 190 1062 0 232
251 650 1188 904 761 676 422 1151 246 1080 1205 803 410 1118 232 0
