0 1002 268 1519 895 1691 877 480 1402 208 354 1210 438 1192 367 1486
1002 0 1003 2391 1852 2520 785 1269 2288 858 757 299 796 2057 961 2357
268 1003 0 1402 1065 1905 1074 282 1294 175 544 1257 255 1067 622 1368
1519 2391 1402 0 1370 2080 2387 1124 125 1570 1874 2657 1595 335 1832 34
895 1852 1065 1370 0 879 1415 1032 1250 1096 1099 2002 1306 1166 918 1347
1691 2520 1905 2080 879 0 1883 1907 1977 1899 1780 2595 2127 1959 1567 2066
877 785 1074 2387 1415 1883 0 1342 2266 904 533 744 1042 2064 562 2353
480 1269 282 1124 1032 1907 1342 0 1019 457 809 1532 479 789 845 1090
1402 2288 1294 125 1250 1977 2266 1019 0 1459 1755 2551 1494 235 1709 97
208 858 175 1570 1096 1899 904 457 1459 0 379 1098 234 1235 492 1535
354 757 544 1874 1099 1780 533 809 1755 379 0 909 557 1546 214 1840
1210 299 1257 2657 2002 2595 744 1532 2551 1098 909 0 1072 2322 1086 2623
438 796 255 1595 1306 2127 1042 479 1494 234 557 1072 0 1261 710 1561
1192 2057 1067 335 1166 1959 2064 789 235 1235 1546 2322 1261 0 1515 300
367 961 622 1832 918 1567 562 845 1709 492 214 1086 710 1515 0 1799
1486 2357 1368 34 1347 2066 2353 1090 97 1535 1840 2623 1561 300 1799 0
