0 1184 1446 536 920 829 282 499 1388 879 341 1366 1198 401 1185 845
1184 0 719 678 2105 1568 1453 992 454 685 1042 2067 703 789 1294 339
1446 719 0 939 2294 2082 1725 1021 1152 576 1156 1778 269 1082 861 825
536 678 939 0 1447 1164 818 365 981 421 370 1498 717 144 951 352
920 2105 2294 1447 0 1112 661 1273 2280 1718 1141 1397 2029 1319 1774 1765
829 1568 2082 1164 1112 0 726 1302 1523 1583 1153 2131 1879 1032 2002 1290
282 1453 1725 818 661 726 0 746 1620 1154 590 1404 1473 680 1395 1114
499 992 1021 365 1273 1302 746 0 1339 448 158 1133 755 373 700 697
1388 454 1152 981 2280 1523 1620 1339 0 1114 1347 2458 1158 1044 1736 643
879 685 576 421 1718 1583 1154 448 1114 0 579 1392 319 551 628 519
341 1042 1156 370 1141 1153 590 158 1347 579 0 1178 895 315 849 722
1366 2067 1778 1498 1397 2131 1404 1133 2458 1392 1178 0 1545 1488 927 1815
1198 703 269 717 2029 1879 1473 755 1158 319 895 1545 0 856 655 690
401 789 1082 144 1319 1032 680 373 1044 551 315 1488 856 0 1030 451
1185 1294 861 951 1774 2002 1395 700 1736 628 849 927 655 1030 0 1144
845 339 825 352 1765 1290 1114 697 643 519 722 1815 690 451 1144 0
