0 23 789 1027 1159 934 951 357 1158 1118 1596 27 1250 973 1058 512 1053
23 0 776 1030 1138 912 935 363 1139 1094 1617 46 1274 955 1034 532 1051
789 776 0 1774 1315 1129 207 599 486 982 2333 816 1756 1316 965 1278 508
1027 1030 1774 0 1301 1181 1895 1366 2029 1599 1228 1002 1585 989 1529 775 2079
1159 1138 1315 1301 0 226 1281 1410 1220 467 2431 1165 2375 311 427 1483 1815
934 912 1129 1181 226 0 1119 1186 1101 438 2258 940 2157 246 373 1276 1619
951 935 207 1895 1281 1119 0 799 282 894 2521 978 1963 1331 892 1453 628
357 363 599 1366 1410 1186 799 0 1058 1259 1742 376 1183 1275 1212 724 723
1158 1139 486 2029 1220 1101 282 1058 0 779 2751 1185 2235 1336 799 1670 879
1118 1094 982 1599 467 438 894 1259 779 0 2604 1134 2368 679 71 1560 1489
1596 1617 2333 1228 2431 2258 2521 1742 2751 2604 0 1571 968 2130 2534 1085 2382
27 46 816 1002 1165 940 978 376 1185 1134 1571 0 1236 973 1073 486 1077
1250 1274 1756 1585 2375 2157 1963 1183 2235 2368 968 1236 0 2133 2308 923 1628
973 955 1316 989 311 246 1331 1275 1336 679 2130 973 2133 0 618 1221 1787
1058 1034 965 1529 427 373 892 1212 799 71 2534 1073 2308 618 0 1493 1473
512 532 1278 775 1483 1276 1453 724 1670 1560 1085 486 923 1221 1493 0 1437
1053 1051 508 2079 1815 1619 628 723 879 1489 2382 1077 1628 1787 1473 1437 0
