0 347 1247 593 837 1233 931 142 204 575 1633 718 1148 972 1658 1556
347 0 1593 291 592 1179 907 488 144 451 1980 575 948 752 1863 1903
1247 1593 0 1827 2011 1926 1790 1109 1448 1694 394 1744 2150 2103 1571 310
593 291 1827 0 314 1394 770 721 417 321 2205 777 1069 481 1870 2133
837 592 2011 314 0 1702 601 942 697 323 2373 1086 1341 168 1796 2310
1233 1179 1926 1394 1702 0 2084 1303 1170 1630 2289 617 535 1869 2869 2191
931 907 1790 770 601 2084 0 954 921 465 2097 1482 1828 540 1214 2054
142 488 1109 721 942 1303 954 0 347 656 1493 829 1264 1065 1568 1418
204 144 1448 417 697 1170 921 347 0 495 1836 596 1005 848 1789 1758
575 451 1694 321 323 1630 465 656 495 0 2052 1022 1363 414 1555 1990
1633 1980 394 2205 2373 2289 2097 1493 1836 2052 0 2136 2537 2454 1657 98
718 575 1744 777 1086 617 1482 829 596 1022 2136 0 437 1254 2373 2045
1148 948 2150 1069 1341 535 1828 1264 1005 1363 2537 437 0 1502 2794 2444
972 752 2103 481 168 1869 540 1065 848 414 2454 1254 1502 0 1754 2395
1658 1863 1571 1870 1796 2869 1214 1568 1789 1555 1657 2373 2794 1754 0 1673
1556 1903 310 2133 2310 2191 2054 1418 1758 1990 98 2045 2444 2395 1673 0
