0 260 1210 1347 1203 569 1162 891 110 1146 243 446 1343 1037 1150 999
260 0 1303 1548 1085 424 904 846 165 1398 237 706 1419 1188 1220 1109
1210 1303 0 706 2386 1059 1955 2101 1283 1142 1067 1161 2482 2075 135 218
1347 1548 706 0 2531 1486 2378 2173 1453 603 1330 1056 2346 1879 821 669
1203 1085 2386 2531 0 1433 1038 401 1112 2201 1319 1498 967 1168 2306 2186
569 424 1059 1486 1433 0 907 1250 538 1507 334 936 1843 1592 948 908
1162 904 1955 2378 1038 907 0 1142 1058 2298 1069 1608 1870 1850 1835 1815
891 846 2101 2173 401 1250 1142 0 820 1812 1058 1124 727 800 2035 1891
110 165 1283 1453 1112 538 1058 820 0 1256 249 550 1324 1054 1214 1077
1146 1398 1142 603 2201 1507 2298 1812 1256 0 1240 725 1838 1358 1214 999
243 237 1067 1330 1319 334 1069 1058 249 1240 0 612 1571 1280 987 872
446 706 1161 1056 1498 936 1608 1124 550 725 612 0 1337 913 1151 946
1343 1419 2482 2346 967 1843 1870 727 1324 1838 1571 1337 0 481 2450 2264
1037 1188 2075 1879 1168 1592 1850 800 1054 1358 1280 913 481 0 2059 1858
1150 1220 135 821 2306 948 1835 2035 1214 1214 987 1151 2450 2059 0 223
999 1109 218 669 2186 908 1815 1891 1077 999 872 946 2264 1858 223 0
