0 1055 777 1249 277 1166 1484 46 607 233 680 916 1449 1511 756 1500
1055 0 1259 1076 1068 1914 1996 1081 850 1285 572 1448 1904 2565 1797 706
777 1259 0 1913 1052 673 774 741 412 870 687 190 2226 1804 1248 1917
1249 1076 1913 0 1019 2411 2680 1295 1553 1360 1363 2089 1002 2402 1673 746
277 1068 1052 1019 0 1423 1760 318 836 342 835 1193 1180 1539 761 1382
1166 1914 673 2411 1423 0 497 1120 1065 1116 1343 506 2484 1475 1219 2538
1484 1996 774 2680 1760 497 0 1441 1175 1498 1437 591 2889 1967 1690 2676
46 1081 741 1295 318 1120 1441 0 592 219 684 876 1484 1489 742 1539
607 850 412 1553 836 1065 1175 592 0 794 278 603 2004 1962 1285 1505
233 1285 870 1360 342 1116 1498 219 794 0 904 971 1391 1280 523 1693
680 572 687 1363 835 1343 1437 684 278 904 0 877 1939 2146 1423 1239
916 1448 190 2089 1193 506 591 876 603 971 877 0 2353 1768 1285 2107
1449 1904 2226 1002 1180 2484 2889 1484 2004 1391 1939 2353 0 1861 1359 1745
1511 2565 1804 2402 1539 1475 1967 1489 1962 1280 2146 1768 1861 0 777 2912
756 1797 1248 1673 761 1219 1690 742 1285 523 1423 1285 1359 777 0 2138
1500 706 1917 746 1382 2538 2676 1539 1505 1693 1239 2107 1745 2912 2138 0
