0 213 4 136 1438 302 1000 543 1692 1617 495 1600 7 402 1398 200
213 0 217 176 1637 510 1213 568 1485 1524 289 1451 210 341 1218 267
4 217 0 139 1434 298 996 543 1697 1619 499 1603 9 405 1402 201
136 176 139 0 1555 366 1078 430 1594 1682 408 1466 129 265 1276 96
1438 1637 1434 1555 0 1223 690 1753 3120 2281 1926 2991 1443 1782 2831 1555
302 510 298 366 1223 0 711 557 1959 1849 774 1768 303 560 1617 338
1000 1213 996 1078 690 711 0 1148 2668 2310 1485 2406 1002 1246 2302 1042
543 568 543 430 1753 557 1148 0 1617 2092 630 1257 536 265 1180 343
1692 1485 1697 1594 3120 1959 2668 1617 0 1990 1197 852 1688 1436 543 1626
1617 1524 1619 1682 2281 1849 2310 2092 1990 0 1539 2530 1621 1845 2155 1778
495 289 499 408 1926 774 1485 630 1197 1539 0 1206 491 366 943 463
1600 1451 1603 1466 2991 1768 2406 1257 852 2530 1206 0 1593 1215 389 1445
7 210 9 129 1443 303 1002 536 1688 1621 491 1593 0 395 1392 193
402 341 405 265 1782 560 1246 265 1436 1845 366 1215 395 0 1059 230
1398 1218 1402 1276 2831 1617 2302 1180 543 2155 943 389 1392 1059 0 1279
200 267 201 96 1555 338 1042 343 1626 1778 463 1445 193 230 1279 0
