0 909 1624 1216 64 478 735 1232 1081 770 1382 1193 499 1368 201 1034
909 0 2053 611 962 1086 478 2001 246 1625 2043 940 1010 2195 727 1218
1624 2053 0 1770 1649 1150 1576 897 2300 1224 578 1328 2116 1142 1609 850
1216 611 1770 0 1281 1137 482 1989 784 1748 1931 458 1502 2233 1016 934
64 962 1649 1281 0 511 800 1219 1128 744 1385 1255 467 1344 265 1083
478 1086 1150 1137 511 0 700 915 1314 611 979 936 976 1124 470 612
735 478 1576 482 800 700 0 1601 725 1298 1602 555 1066 1823 537 740
1232 2001 897 1989 1219 915 1601 0 2224 511 330 1666 1626 277 1330 1153
1081 246 2300 784 1128 1314 725 2224 0 1827 2280 1162 1079 2408 918 1464
770 1625 1224 1748 744 611 1298 511 1827 0 767 1525 1121 599 908 1099
1382 2043 578 1931 1385 979 1602 330 2280 767 0 1554 1827 563 1439 1024
1193 940 1328 458 1255 936 555 1666 1162 1525 1554 0 1597 1929 1020 530
499 1010 2116 1502 467 976 1066 1626 1079 1121 1827 1597 0 1703 596 1520
1368 2195 1142 2233 1344 1124 1823 277 2408 599 563 1929 1703 0 1495 1424
201 727 1609 1016 265 470 537 1330 918 908 1439 1020 596 1495 0 933
1034 1218 850 934 1083 612 740 1153 1464 1099 1024 530 1520 1424 933 0
