0 962 325 1446 289 1189 1651 782 1701 921 974 1352 1349 694 1707 706
962 0 1191 514 777 2151 1706 1020 2501 764 1627 2018 2246 1578 1476 872
325 1191 0 1698 416 1028 1472 1095 1381 924 1161 1501 1329 391 2030 654
1446 514 1698 0 1287 2626 2098 1284 3015 1209 1952 2321 2657 2087 1382 1367
289 777 416 1287 0 1418 1417 938 1749 633 1247 1632 1630 801 1794 438
1189 2151 1028 2626 1418 0 2269 1612 1169 1943 1165 1241 598 764 2508 1664
1651 1706 1472 2098 1417 2269 0 2348 1715 951 2615 2970 2735 1527 3115 989
782 1020 1095 1284 938 1612 2348 0 2417 1466 676 1036 1456 1410 950 1358
1701 2501 1381 3015 1749 1169 1715 2417 0 1938 2202 2373 1767 1013 3368 1691
921 764 924 1209 633 1943 951 1466 1938 0 1873 2262 2237 1212 2170 282
974 1627 1161 1952 1247 1165 2615 676 2202 1873 0 397 834 1306 1392 1679
1352 2018 1501 2321 1632 1241 2970 1036 2373 2262 397 0 738 1577 1579 2058
1349 2246 1329 2657 1630 598 2735 1456 1767 2237 834 738 0 1213 2223 1979
694 1578 391 2087 801 764 1527 1410 1013 1212 1306 1577 1213 0 2360 930
1707 1476 2030 1382 1794 2508 3115 950 3368 2170 1392 1579 2223 2360 0 2153
706 872 654 1367 438 1664 989 1358 1691 282 1679 2058 1979 930 2153 0
