0 30 66 1453 1710 1623 173 1529 619 1183 1289 700 522 899 4 1616
30 0 94 1471 1714 1610 147 1551 605 1192 1317 728 552 869 32 1588
66 94 0 1440 1678 1630 238 1502 672 1193 1223 634 464 960 62 1665
1453 1471 1440 0 2940 3068 1484 314 1316 526 1684 1452 1180 2124 1456 2936
1710 1714 1678 2940 0 1001 1819 2871 2298 2834 1565 1495 1765 2014 1705 2085
1623 1610 1630 3068 1001 0 1638 3103 2034 2794 2173 1826 1952 1428 1620 1181
173 147 238 1484 1819 1638 0 1593 481 1156 1461 872 672 755 176 1508
1529 1551 1502 314 2871 3103 1593 0 1511 810 1501 1377 1158 2287 1531 3086
619 605 672 1316 2298 2034 481 1511 0 865 1810 1243 959 824 624 1638
1183 1192 1193 526 2834 2794 1156 810 865 0 1829 1435 1109 1689 1187 2503
1289 1317 1223 1684 1565 2173 1461 1501 1810 1829 0 589 853 2146 1286 2720
700 728 634 1452 1495 1826 872 1377 1243 1435 589 0 332 1566 697 2188
522 552 464 1180 1765 1952 672 1158 959 1109 853 332 0 1421 521 2125
899 869 960 2124 2014 1428 755 2287 824 1689 2146 1566 1421 0 901 814
4 32 62 1456 1705 1620 176 1531 624 1187 1286 697 521 901 0 1616
1616 1588 1665 2936 2085 1181 1508 3086 1638 2503 2720 2188 2125 814 1616 0
