0 405 592 235 269 88 301 325 4 473 760 781 58 27 183 543 268 805 695 661 138 383 246 465 43 647 433 249 2 809 290 712 125 607 40 739 420 538 808 245 460 86 678 502 623 473 614 109 421 44 533 301 13 686 839 129 233 365 63 22 324 816 475 638 187 214 827 557 528 248 546 109 399 850 339 706 50 712
405 0 958 342 659 379 584 646 406 374 622 1185 439 426 494 139 508 529 868 848 405 529 361 870 427 788 28 469 405 947 691 307 519 264 365 1076 601 278 805 642 102 370 309 907 1003 478 828 437 252 368 470 228 392 1061 642 391 197 292 468 427 563 462 827 1019 511 463 734 940 854 640 519 355 324 769 681 1108 430 763
592 958 0 635 508 668 719 671 589 1055 1330 498 540 565 464 1081 473 1163 1072 1030 694 538 817 303 599 554 981 510 594 1196 445 1246 543 1192 623 176 880 962 841 487 1035 594 1156 353 77 701 415 525 843 614 788 763 605 659 1100 695 761 761 538 570 778 1256 136 89 447 503 1375 89 159 504 1097 605 984 1390 635 290 550 716
235 342 635 0 485 293 533 560 232 587 877 947 216 231 185 450 167 595 918 885 349 202 415 616 277 479 360 129 237 1026 487 611 349 601 210 739 636 345 589 455 435 148 525 667 690 242 494 170 221 196 298 127 230 899 608 335 158 146 270 240 549 641 500 705 204 132 966 632 517 463 698 125 513 995 572 828 213 506
269 659 508 485 0 280 213 164 270 602 848 533 269 260 345 799 440 1072 578 537 267 572 373 261 236 787 687 444 268 702 63 965 144 819 308 682 373 807 1005 33 694 344 945 272 504 701 708 318 688 314 774 569 280 417 1093 277 501 626 216 254 274 1085 441 516 333 407 878 438 521 21 610 368 542 891 136 509 273 893
88 379 668 293 280 0 245 287 92 390 674 811 146 114 271 519 353 828 624 591 56 462 158 509 69 731 408 331 85 734 317 685 147 551 87 820 344 556 880 265 416 156 672 538 693 536 702 196 448 103 588 329 81 684 880 43 241 405 130 105 255 818 556 708 276 298 739 625 612 262 458 173 316 762 312 757 138 789
301 584 719 533 213 245 0 76 304 421 643 696 339 312 458 719 554 1068 402 365 195 678 232 468 258 929 612 543 298 522 277 873 223 682 323 892 160 795 1108 232 589 386 891 467 718 773 873 399 692 337 831 574 303 498 1125 211 482 651 289 301 61 1042 643 730 454 506 666 651 717 215 404 408 376 677 123 710 337 1009
325 646 671 560 164 287 76 0 328 497 714 620 353 330 461 783 558 1116 417 377 245 687 303 405 282 925 674 552 322 541 226 941 222 756 354 845 217 843 1121 190 657 411 950 399 663 795 858 411 734 365 858 615 330 425 1162 260 528 687 298 320 133 1099 605 674 453 514 730 598 683 172 475 434 452 740 48 641 352 1016
4 406 589 232 270 92 304 328 0 477 764 780 54 24 179 544 264 804 699 664 142 379 250 463 46 643 434 245 7 813 290 713 126 609 41 735 425 536 805 246 462 83 677 501 621 469 610 105 419 43 530 300 16 687 836 133 232 363 62 20 328 815 472 636 183 210 831 554 524 249 550 106 402 854 341 704 46 708
473 374 1055 587 602 390 421 497 477 0 292 1116 531 501 647 453 711 897 542 534 361 789 238 861 459 1066 389 679 471 598 659 557 515 306 453 1210 337 652 1146 604 304 509 647 873 1075 798 1065 570 606 468 815 531 463 911 1016 360 440 617 520 493 367 799 946 1089 656 654 380 1007 1002 593 147 513 76 411 545 1111 522 1083
760 622 1330 877 848 674 643 714 764 292 0 1326 819 788 937 656 1003 1108 571 584 638 1079 516 1109 741 1357 629 972 758 564 910 699 786 436 743 1490 506 894 1421 858 529 801 836 1111 1342 1079 1357 860 871 758 1087 811 750 1083 1251 640 726 894 802 779 581 974 1227 1356 945 946 126 1274 1287 844 238 805 368 164 761 1353 810 1365
781 1185 498 947 533 811 696 620 780 1116 1326 0 758 763 766 1324 830 1537 878 840 801 941 902 330 758 1036 1213 854 781 986 494 1492 666 1352 822 622 820 1292 1315 545 1227 835 1454 281 426 1103 905 783 1167 822 1188 1058 794 293 1516 811 1011 1093 719 761 753 1584 575 421 747 829 1325 422 641 549 1091 857 1065 1327 572 218 765 1190
58 439 540 216 269 146 339 353 54 531 819 758 0 32 127 574 217 804 740 704 193 338 305 434 89 596 465 203 61 855 277 743 134 654 83 683 470 542 769 241 502 77 696 477 574 443 558 59 421 74 510 305 68 685 824 186 253 357 55 43 370 828 420 590 129 166 886 509 470 247 604 101 456 908 359 669 9 669
27 426 565 231 260 114 312 330 24 501 788 763 32 0 159 563 248 812 710 675 161 367 273 444 57 627 453 232 30 825 275 732 118 633 62 711 439 546 796 234 484 84 693 483 597 465 590 89 427 58 529 309 40 677 839 153 248 368 44 10 340 828 447 612 162 195 853 530 500 238 572 108 426 876 340 683 26 697
183 494 464 185 345 271 458 461 179 647 937 766 127 159 0 617 97 772 861 824 320 228 428 435 216 471 517 99 186 978 330 784 238 734 194 588 595 530 662 312 573 140 709 488 512 360 431 77 405 179 438 307 190 741 764 312 297 328 170 170 493 826 332 527 19 65 1009 452 367 324 728 146 571 1032 458 643 133 555
543 139 1081 450 799 519 719 783 544 453 656 1324 574 563 617 0 617 452 978 961 544 616 491 1007 566 854 111 579 543 1047 830 169 659 234 502 1189 723 257 825 781 150 502 193 1045 1130 531 912 566 295 504 500 324 530 1199 596 530 323 362 606 564 693 347 947 1145 635 578 778 1068 967 780 601 484 422 815 819 1243 565 803
268 508 473 167 440 353 554 558 264 711 1003 830 217 248 97 617 0 712 956 919 406 131 505 502 305 379 527 38 271 1073 420 778 336 762 269 571 687 490 565 407 597 204 682 560 532 276 354 159 369 252 359 294 273 828 687 396 316 288 265 259 587 786 337 548 107 57 1081 480 350 420 803 198 634 1106 556 688 222 458
805 529 1163 595 1072 828 1068 1116 804 897 1108 1537 804 812 772 452 712 0 1392 1370 874 624 871 1207 844 726 509 684 807 1475 1080 445 930 676 769 1211 1118 273 549 1045 594 728 277 1260 1231 462 843 764 384 761 377 504 796 1489 185 858 587 448 855 818 1062 195 1031 1246 790 708 1230 1186 1014 1050 1044 704 853 1267 1139 1400 799 597
695 868 1072 918 578 624 402 417 699 542 571 878 740 710 861 978 956 1392 0 41 568 1078 527 780 654 1332 891 943 692 124 635 1098 625 848 710 1248 283 1125 1503 607 828 778 1169 752 1052 1160 1273 799 1041 725 1209 932 695 593 1478 582 832 1017 691 700 371 1324 1019 1061 857 906 513 991 1099 589 414 797 556 501 442 979 736 1408
661 848 1030 885 537 591 365 377 664 534 584 840 704 675 824 961 919 1370 41 0 535 1042 501 739 619 1294 872 907 658 166 594 1086 587 840 677 1207 254 1101 1469 566 812 744 1152 711 1010 1128 1234 763 1014 692 1178 904 661 558 1452 550 804 987 654 664 336 1306 978 1019 819 870 534 950 1058 548 412 763 542 524 401 938 700 1373
138 405 694 349 267 56 195 245 142 361 638 801 193 161 320 544 406 874 568 535 0 517 123 513 106 785 434 386 135 677 314 706 155 552 143 851 288 600 936 259 429 212 706 535 714 592 752 247 496 159 643 379 133 655 931 15 287 458 165 150 200 854 588 728 323 351 697 645 649 252 415 229 292 718 276 763 187 844
383 529 538 202 572 462 678 687 379 789 1079 941 338 367 228 616 131 624 1078 1042 517 0 603 618 423 277 542 135 386 1192 551 763 464 792 375 601 804 438 434 538 627 306 642 678 607 165 299 279 332 358 252 300 384 956 576 505 359 256 390 378 707 725 406 621 239 172 1167 564 392 551 895 292 714 1194 686 783 341 330
246 361 817 415 373 158 232 303 250 238 516 902 305 273 428 491 505 871 527 501 123 603 0 628 224 878 388 479 244 623 426 642 277 454 236 974 247 600 1003 371 356 301 670 645 837 652 857 352 514 252 690 407 238 728 951 123 307 494 285 264 202 824 711 851 434 448 580 768 770 362 300 312 170 604 345 878 297 921
465 870 303 616 261 509 468 405 463 861 1109 330 434 444 435 1007 502 1207 780 739 513 618 628 0 449 752 897 524 465 903 202 1177 362 1060 505 477 623 961 1015 256 922 510 1128 63 272 777 636 455 837 502 861 730 478 375 1190 520 688 763 401 443 530 1255 305 280 416 498 1134 216 387 268 870 531 798 1145 362 250 442 892
43 427 599 277 236 69 258 282 46 459 741 758 89 57 216 566 305 844 654 619 106 423 224 449 0 685 455 289 40 768 264 734 93 614 74 751 381 574 851 216 473 129 708 481 624 516 646 146 459 84 576 340 48 651 881 101 265 406 61 46 283 848 487 639 217 253 803 557 545 216 521 152 385 824 297 694 83 754
647 788 554 479 787 731 929 925 643 1066 1357 1036 596 627 471 854 379 726 1332 1294 785 277 878 752 685 0 797 400 650 1450 751 981 707 1052 645 530 1066 632 288 754 889 577 834 815 632 324 142 538 558 629 378 562 651 1121 608 774 633 497 641 638 965 877 461 643 475 433 1445 617 398 769 1172 566 991 1472 916 841 601 166
433 28 981 360 687 408 612 674 434 389 629 1213 465 453 517 111 527 509 891 872 434 542 388 897 455 797 0 488 433 968 719 279 547 255 392 1097 627 266 805 670 102 395 282 935 1028 483 842 461 253 394 471 242 419 1089 628 420 220 300 496 454 590 436 849 1043 534 484 744 965 875 668 536 379 344 779 709 1135 456 767
249 469 510 129 444 331 543 552 245 679 972 854 203 232 99 579 38 684 943 907 386 135 479 524 289 400 488 0 252 1058 429 740 330 724 245 610 670 456 568 411 559 178 646 580 567 261 386 143 334 229 340 256 252 840 668 375 278 253 255 243 573 753 374 583 114 37 1052 513 388 422 776 168 603 1078 553 718 206 466
2 405 594 237 268 85 298 322 7 471 758 781 61 30 186 543 271 807 692 658 135 386 244 465 40 650 433 252 0 806 289 712 124 606 41 741 418 539 811 245 459 88 678 502 625 475 617 112 422 45 536 303 13 685 841 126 233 367 63 24 321 817 477 640 190 217 824 558 530 247 543 111 396 847 337 707 53 715
809 947 1196 1026 702 734 522 541 813 598 564 986 855 825 978 1047 1073 1475 124 166 677 1192 623 903 768 1450 968 1058 806 0 760 1155 745 895 821 1373 389 1212 1614 731 896 889 1240 873 1175 1268 1394 914 1136 837 1312 1031 808 696 1571 691 930 1117 808 814 485 1394 1144 1184 975 1021 482 1115 1223 713 456 907 626 461 567 1097 851 1521
290 691 445 487 63 317 277 226 290 659 910 494 277 275 330 830 420 1080 635 594 314 551 426 202 264 751 719 429 289 760 0 999 172 865 331 619 437 820 980 55 734 355 968 221 440 690 664 317 698 333 767 582 302 413 1090 322 523 632 230 271 338 1104 383 452 315 394 941 374 464 66 672 378 597 954 193 452 283 865
712 307 1246 611 965 685 873 941 713 557 699 1492 743 732 784 169 778 445 1098 1086 706 763 642 1177 734 981 279 740 712 1155 999 0 827 268 672 1349 860 352 910 949 285 671 175 1214 1296 657 1054 735 431 674 610 484 699 1361 619 693 492 507 775 733 843 279 1111 1312 802 742 825 1236 1128 947 699 653 545 863 978 1412 735 909
125 519 543 349 144 147 223 222 126 515 786 666 134 118 238 659 336 930 625 587 155 464 277 362 93 707 547 330 124 745 172 827 0 698 164 705 371 663 898 123 562 203 801 391 559 577 650 190 545 169 644 426 135 561 957 159 357 486 78 111 266 940 444 573 232 292 836 491 512 123 556 227 447 854 225 611 136 794
607 264 1192 601 819 551 682 756 609 306 436 1352 654 633 734 234 762 676 848 840 552 792 454 1060 614 1052 255 724 606 895 865 268 698 0 572 1322 634 490 1052 811 165 598 401 1087 1229 738 1091 667 505 580 721 492 593 1181 829 543 446 555 668 630 639 538 1065 1244 749 713 561 1163 1101 804 438 589 315 598 800 1308 644 1020
40 365 623 210 308 87 323 354 41 453 743 822 83 62 194 502 269 769 710 677 143 375 236 505 74 645 392 245 41 821 331 672 164 572 0 766 431 500 793 286 422 68 637 542 657 451 621 117 385 16 508 265 28 725 808 131 192 333 103 61 340 776 503 672 202 212 815 591 551 288 535 86 377 839 371 745 73 701
739 1076 176 739 682 820 892 845 735 1210 1490 622 683 711 588 1189 571 1211 1248 1207 851 601 974 477 751 530 1097 610 741 1373 619 1349 705 1322 766 0 1053 1040 814 660 1161 726 1242 523 214 751 388 657 928 754 834 866 751 819 1122 851 881 847 690 718 949 1326 264 212 573 613 1541 261 222 677 1261 734 1137 1558 811 404 693 696
420 601 880 636 373 344 160 217 425 337 506 820 470 439 595 723 687 1118 283 254 288 804 247 623 381 1066 627 670 418 389 437 860 371 634 431 1053 0 848 1224 393 578 499 909 615 878 878 1020 528 760 447 926 649 419 585 1197 301 550 733 426 428 105 1064 803 889 594 634 514 811 876 376 273 517 320 522 262 858 465 1132
538 278 962 345 807 556 795 843 536 652 894 1292 542 546 530 257 490 273 1125 1101 600 438 600 961 574 632 266 456 539 1212 820 352 663 490 500 1040 848 0 569 781 365 465 206 1011 1023 310 714 509 124 493 257 237 528 1224 364 584 314 203 591 552 789 296 826 1038 549 472 1010 970 826 785 796 441 599 1045 867 1172 536 557
808 805 841 589 1005 880 1108 1121 805 1146 1421 1315 769 796 662 825 565 549 1503 1469 936 434 1003 1015 851 288 805 568 811 1614 980 910 898 1052 793 814 1224 569 0 971 906 725 741 1078 918 351 430 710 552 777 335 615 808 1374 387 922 710 529 823 807 1132 732 740 930 673 606 1525 899 683 985 1273 706 1077 1557 1121 1125 771 124
245 642 487 455 33 265 232 190 246 604 858 545 241 234 312 781 407 1045 607 566 259 538 371 256 216 754 670 411 245 731 55 949 123 811 286 660 393 781 971 0 681 317 923 276 488 669 676 287 661 289 743 543 257 444 1063 268 479 598 190 229 291 1062 415 501 299 374 892 421 493 17 621 341 542 906 166 507 245 860
460 102 1035 435 694 416 589 657 462 304 529 1227 502 484 573 150 597 594 828 812 429 627 356 922 473 889 102 559 459 896 734 285 562 165 422 1161 578 365 906 681 0 441 344 954 1075 581 926 509 354 428 572 328 446 1080 724 417 281 395 523 482 557 497 906 1090 589 549 645 1010 939 677 452 429 272 681 696 1166 492 866
86 370 594 148 344 156 386 411 83 509 801 835 77 84 140 502 204 728 778 744 212 306 301 510 129 577 395 178 88 889 355 671 203 598 68 726 499 465 725 317 441 0 619 554 634 387 558 69 344 52 447 227 83 761 755 199 179 283 127 92 407 750 467 650 153 147 877 571 507 322 599 24 433 902 424 741 71 632
678 309 1156 525 945 672 891 950 677 647 836 1454 696 693 709 193 682 277 1169 1152 706 642 670 1128 708 834 282 646 678 1240 968 175 801 401 637 1242 909 206 741 923 344 619 0 1173 1214 516 920 674 314 635 456 401 666 1356 445 691 445 395 737 696 872 154 1020 1229 728 657 960 1158 1025 924 794 597 615 997 982 1351 688 748
502 907 353 667 272 538 467 399 501 873 1111 281 477 483 488 1045 560 1260 752 711 535 678 645 63 481 815 935 580 502 873 221 1214 391 1087 542 523 615 1011 1078 276 954 554 1173 0 311 835 698 502 887 542 919 777 515 314 1247 544 730 814 439 481 529 1302 366 317 470 553 1129 263 447 284 872 575 814 1138 352 242 484 955
623 1003 77 690 504 693 718 663 621 1075 1342 426 574 597 512 1130 532 1231 1052 1010 714 607 837 272 624 632 1028 567 625 1175 440 1296 559 1229 657 214 878 1023 918 488 1075 634 1214 311 0 771 493 566 902 649 858 817 637 605 1173 716 807 821 565 601 778 1319 200 15 494 557 1381 68 236 504 1107 648 1006 1394 624 213 584 794
473 478 701 242 701 536 773 795 469 798 1079 1103 443 465 360 531 276 462 1160 1128 592 165 652 777 516 324 483 261 475 1268 690 657 577 738 451 751 878 310 351 669 581 387 516 835 771 0 405 387 235 437 87 267 470 1101 413 578 359 186 498 475 791 578 570 785 375 295 1179 729 551 680 922 365 728 1210 803 948 442 287
614 828 415 494 708 702 873 858 610 1065 1357 905 558 590 431 912 354 843 1273 1234 752 299 857 636 646 142 842 386 617 1394 664 1054 650 1091 621 388 1020 714 430 676 926 558 920 698 493 405 0 506 622 605 476 599 621 1010 739 744 653 550 595 601 916 980 335 503 429 412 1436 483 264 692 1157 553 989 1461 842 705 565 309
109 437 525 170 318 196 399 411 105 570 860 783 59 89 77 566 159 764 799 763 247 279 352 455 146 538 461 143 112 914 317 735 190 667 117 657 528 509 710 287 509 69 674 502 566 387 506 0 385 102 456 275 115 729 775 238 242 315 112 100 429 800 398 582 86 106 932 503 439 296 652 81 494 956 416 679 62 609
421 252 843 221 688 448 692 734 419 606 871 1167 421 427 405 295 369 384 1041 1014 496 332 514 837 459 558 253 334 422 1136 698 431 545 505 385 928 760 124 552 661 354 344 314 887 902 235 622 385 0 376 217 119 411 1105 437 481 211 81 471 434 692 420 706 917 425 348 980 848 711 666 744 320 544 1013 755 1048 415 514
44 368 614 196 314 103 337 365 43 468 758 822 74 58 179 504 252 761 725 692 159 358 252 502 84 629 394 229 45 837 333 674 169 580 16 754 447 493 777 289 428 52 635 542 649 437 605 102 376 0 494 257 35 731 796 147 190 322 103 61 355 772 491 664 188 196 831 583 538 292 551 71 392 855 381 741 64 685
533 470 788 298 774 588 831 858 530 815 1087 1188 510 529 438 500 359 377 1209 1178 643 252 690 861 576 378 471 340 536 1312 767 610 644 721 508 834 926 257 335 743 572 447 456 919 858 87 476 456 217 494 0 287 529 1179 328 628 386 199 565 538 844 503 658 872 454 372 1192 816 636 752 946 424 748 1224 869 1035 508 302
301 228 763 127 569 329 574 615 300 531 811 1058 305 309 307 324 294 504 932 904 379 300 407 730 340 562 242 256 303 1031 582 484 426 492 265 866 649 237 615 543 328 227 401 777 817 267 599 275 119 257 287 0 292 987 551 363 100 87 353 315 577 525 628 832 326 259 911 759 644 548 659 204 462 943 636 949 299 554
13 392 605 230 280 81 303 330 16 463 750 794 68 40 190 530 273 796 695 661 133 384 238 478 48 651 419 252 13 808 302 699 135 593 28 751 419 528 808 257 446 83 666 515 637 470 621 115 411 35 529 292 0 696 832 123 221 358 76 36 324 804 487 652 196 217 818 570 539 259 538 104 387 842 346 720 59 713
686 1061 659 899 417 684 498 425 687 911 1083 293 685 677 741 1199 828 1489 593 558 655 956 728 375 651 1121 1089 840 685 696 413 1361 561 1181 725 819 585 1224 1374 444 1080 761 1356 314 605 1101 1010 729 1105 731 1179 987 696 0 1503 669 916 1042 634 671 545 1499 680 607 725 807 1066 569 761 439 858 785 873 1064 383 450 690 1254
839 642 1100 608 1093 880 1125 1162 836 1016 1251 1516 824 839 764 596 687 185 1478 1452 931 576 951 1190 881 608 628 668 841 1571 1090 619 957 829 808 1122 1197 364 387 1063 724 755 445 1247 1173 413 739 775 437 796 328 551 832 1503 0 915 648 475 879 847 1128 380 975 1187 781 699 1369 1136 943 1071 1161 731 963 1405 1178 1358 822 458
129 391 695 335 277 43 211 260 133 360 640 811 186 153 312 530 396 858 582 550 15 505 123 520 101 774 420 375 126 691 322 693 159 543 131 851 301 584 922 268 417 199 691 544 716 578 744 238 481 147 628 363 123 669 915 0 271 442 161 143 215 839 587 730 316 341 701 648 646 262 419 216 289 723 291 769 179 832
233 197 761 158 501 241 482 528 232 440 726 1011 253 248 297 323 316 587 832 804 287 359 307 688 265 633 220 278 233 930 523 492 357 446 192 881 550 314 710 479 281 179 445 730 807 359 653 242 211 190 386 100 221 916 648 271 0 187 292 251 480 583 629 823 314 268 821 745 658 480 563 160 369 851 553 920 245 642
365 292 761 146 626 405 651 687 363 617 894 1093 357 368 328 362 288 448 1017 987 458 256 494 763 406 497 300 253 367 1117 632 507 486 555 333 847 733 203 529 598 395 283 395 814 821 186 550 315 81 322 199 87 358 1042 475 442 187 0 410 375 657 499 625 836 348 269 996 767 630 605 747 259 549 1028 704 969 353 473
63 468 538 270 216 130 289 298 62 520 802 719 55 44 170 606 265 855 691 654 165 390 285 401 61 641 496 255 63 808 230 775 78 668 103 690 426 591 823 190 523 127 737 439 565 498 595 112 471 103 565 353 76 634 879 161 292 410 0 42 324 873 426 580 167 217 862 498 484 195 580 151 447 883 304 643 57 721
22 427 570 240 254 105 301 320 20 493 779 761 43 10 170 564 259 818 700 664 150 378 264 443 46 638 454 243 24 814 271 733 111 630 61 718 428 552 807 229 482 92 696 481 601 475 601 100 434 61 538 315 36 671 847 143 251 375 42 0 329 833 454 616 172 206 844 534 508 232 563 116 419 866 331 684 37 708
324 563 778 549 274 255 61 133 328 367 581 753 370 340 493 693 587 1062 371 336 200 707 202 530 283 965 590 573 321 485 338 843 266 639 340 949 105 789 1132 291 557 407 872 529 778 791 916 429 692 355 844 577 324 545 1128 215 480 657 324 329 0 1024 698 790 491 536 604 711 770 274 343 426 328 616 182 772 366 1037
816 462 1256 641 1085 818 1042 1099 815 799 974 1584 828 828 826 347 786 195 1324 1306 854 725 824 1255 848 877 436 753 817 1394 1104 279 940 538 776 1326 1064 296 732 1062 497 750 154 1302 1319 578 980 800 420 772 503 525 804 1499 380 839 583 499 873 833 1024 0 1121 1334 845 769 1099 1266 1116 1064 946 728 769 1137 1129 1468 821 765
475 827 136 500 441 556 643 605 472 946 1227 575 420 447 332 947 337 1031 1019 978 588 406 711 305 487 461 849 374 477 1144 383 1111 444 1065 503 264 803 826 740 415 906 467 1020 366 200 570 335 398 706 491 658 628 487 680 975 587 629 625 426 454 698 1121 0 215 316 368 1281 162 83 432 1000 476 873 1299 576 388 429 615
638 1019 89 705 516 708 730 674 636 1089 1356 421 590 612 527 1145 548 1246 1061 1019 728 621 851 280 639 643 1043 583 640 1184 452 1312 573 1244 672 212 889 1038 930 501 1090 650 1229 317 15 785 503 582 917 664 872 832 652 607 1187 730 823 836 580 616 790 1334 215 0 509 573 1393 82 248 516 1120 664 1020 1407 634 206 599 805
187 511 447 204 333 276 454 453 183 656 945 747 129 162 19 635 107 790 857 819 323 239 434 416 217 475 534 114 190 975 315 802 232 749 202 573 594 549 673 299 589 153 728 470 494 375 429 86 425 188 454 326 196 725 781 316 314 348 167 172 491 845 316 509 0 82 1015 433 354 312 734 160 580 1038 449 623 137 564
214 463 503 132 407 298 506 514 210 654 946 829 166 195 65 578 57 708 906 870 351 172 448 498 253 433 484 37 217 1021 394 742 292 713 212 613 634 472 606 374 549 147 657 553 557 295 412 106 348 196 372 259 217 807 699 341 268 269 217 206 536 769 368 573 82 0 1024 501 391 386 746 141 577 1049 516 699 169 503
827 734 1375 966 878 739 666 730 831 380 126 1325 886 853 1009 778 1081 1230 513 534 697 1167 580 1134 803 1445 744 1052 824 482 941 825 836 561 815 1541 514 1010 1525 892 645 877 960 1129 1381 1179 1436 932 980 831 1192 911 818 1066 1369 701 821 996 862 844 604 1099 1281 1393 1015 1024 0 1313 1345 877 281 884 453 37 776 1372 877 1463
557 940 89 632 438 625 651 598 554 1007 1274 422 509 530 452 1068 480 1186 991 950 645 564 768 216 557 617 965 513 558 1115 374 1236 491 1163 591 261 811 970 899 421 1010 571 1158 263 68 729 483 503 848 583 816 759 570 569 1136 648 745 767 498 534 711 1266 162 82 433 501 1313 0 219 436 1039 585 937 1327 559 226 518 775
528 854 159 517 521 612 717 683 524 1002 1287 641 470 500 367 967 350 1014 1099 1058 649 392 770 387 545 398 875 388 530 1223 464 1128 512 1101 551 222 876 826 683 493 939 507 1025 447 236 551 264 439 711 538 636 644 539 761 943 646 658 630 484 508 770 1116 83 248 354 391 1345 219 0 510 1064 513 927 1365 656 443 479 558
248 640 504 463 21 262 215 172 249 593 844 549 247 238 324 780 420 1050 589 548 252 551 362 268 216 769 668 422 247 713 66 947 123 804 288 677 376 785 985 17 677 322 924 284 504 680 692 296 666 292 752 548 259 439 1071 262 480 605 195 232 274 1064 432 516 312 386 877 436 510 0 606 346 531 890 149 517 251 874
546 519 1097 698 610 458 404 475 550 147 238 1091 604 572 728 601 803 1044 414 412 415 895 300 870 521 1172 536 776 543 456 672 699 556 438 535 1261 273 796 1273 621 452 599 794 872 1107 922 1157 652 744 551 946 659 538 858 1161 419 563 747 580 563 343 946 1000 1120 734 746 281 1039 1064 606 0 607 199 303 523 1114 596 1202
109 355 605 125 368 173 408 434 106 513 805 857 101 108 146 484 198 704 797 763 229 292 312 531 152 566 379 168 111 907 378 653 227 589 86 734 517 441 706 341 429 24 597 575 648 365 553 81 320 71 424 204 104 785 731 216 160 259 151 116 426 728 476 664 160 141 884 585 513 346 607 0 436 910 447 759 95 616
399 324 984 513 542 316 376 452 402 76 368 1065 456 426 571 422 634 853 556 542 292 714 170 798 385 991 344 603 396 626 597 545 447 315 377 1137 320 599 1077 542 272 433 615 814 1006 728 989 494 544 392 748 462 387 873 963 289 369 549 447 419 328 769 873 1020 580 577 453 937 927 531 199 436 0 483 498 1049 447 1011
850 769 1390 995 891 762 677 740 854 411 164 1327 908 876 1032 815 1106 1267 501 524 718 1194 604 1145 824 1472 779 1078 847 461 954 863 854 598 839 1558 522 1045 1557 906 681 902 997 1138 1394 1210 1461 956 1013 855 1224 943 842 1064 1405 723 851 1028 883 866 616 1137 1299 1407 1038 1049 37 1327 1365 890 303 910 483 0 785 1380 900 1494
339 681 635 572 136 312 123 48 341 545 761 572 359 340 458 819 556 1139 442 401 276 686 345 362 297 916 709 553 337 567 193 978 225 800 371 811 262 867 1121 166 696 424 982 352 624 803 842 416 755 381 869 636 346 383 1178 291 553 704 304 331 182 1129 576 634 449 516 776 559 656 149 523 447 498 785 0 595 360 1014
706 1108 290 828 509 757 710 641 704 1111 1353 218 669 683 643 1243 688 1400 979 938 763 783 878 250 694 841 1135 718 707 1097 452 1412 611 1308 745 404 858 1172 1125 507 1166 741 1351 242 213 948 705 679 1048 741 1035 949 720 450 1358 769 920 969 643 684 772 1468 388 206 623 699 1372 226 443 517 1114 759 1049 1380 595 0 678 1000
50 430 550 213 273 138 337 352 46 522 810 765 9 26 133 565 222 799 736 700 187 341 297 442 83 601 456 206 53 851 283 735 136 644 73 693 465 536 771 245 492 71 688 484 584 442 565 62 415 64 508 299 59 690 822 179 245 353 57 37 366 821 429 599 137 169 877 518 479 251 596 95 447 900 360 678 0 672
712 763 716 506 893 789 1009 1016 708 1083 1365 1190 669 697 555 803 458 597 1408 1373 844 330 921 892 754 166 767 466 715 1521 865 909 794 1020 701 696 1132 557 124 860 866 632 748 955 794 287 309 609 514 685 302 554 713 1254 458 832 642 473 721 708 1037 765 615 805 564 503 1463 775 558 874 1202 616 1011 1494 1014 1000 672 0
