0 1410 667 577 688 1013 1623 765 70 811 1498 86 155 1193 257 177
1410 0 946 913 1226 2343 2934 2156 1342 1310 2445 1399 1544 2364 1618 1478
667 946 0 151 1004 1427 2288 1412 621 416 1521 709 740 1847 924 641
577 913 151 0 854 1431 2199 1340 522 543 1609 606 676 1732 829 590
688 1226 1004 854 0 1644 1764 1144 644 1339 2184 608 829 1154 693 863
1013 2343 1427 1431 1644 0 1412 730 1080 1229 895 1069 857 1421 953 886
1623 2934 2288 2199 1764 1412 0 897 1676 2325 2304 1595 1556 651 1370 1664
765 2156 1412 1340 1144 730 897 0 828 1428 1578 759 672 701 538 775
70 1342 621 522 644 1080 1676 828 0 799 1540 89 222 1228 306 221
811 1310 416 543 1339 1229 2325 1428 799 0 1134 884 803 1985 1047 692
1498 2445 1521 1609 2184 895 2304 1578 1540 1134 0 1581 1370 2280 1584 1321
86 1399 709 606 608 1069 1595 759 89 884 1581 0 222 1138 226 262
155 1544 740 676 829 857 1556 672 222 803 1370 222 0 1182 255 111
1193 2364 1847 1732 1154 1421 651 701 1228 1985 2280 1138 1182 0 941 1292
257 1618 924 829 693 953 1370 538 306 1047 1584 226 255 941 0 359
177 1478 641 590 863 886 1664 775 221 692 1321 262 111 1292 359 0
