0 83 367 1141 433 1251 1668 1000 797 1292 1708 608 1079 714 1243 107 588
83 0 433 1116 397 1280 1752 1026 727 1209 1772 562 1163 736 1325 116 607
367 433 0 1066 514 952 1415 1199 976 1563 1693 970 848 946 945 335 841
1141 1116 1066 0 720 799 2329 2141 727 1288 2760 1563 1841 1852 1820 1035 1723
433 397 514 720 0 1022 1928 1424 466 1088 2122 874 1362 1134 1449 330 1004
1251 1280 952 799 1022 0 1746 2147 1335 1980 2464 1840 1397 1898 1260 1164 1792
1668 1752 1415 2329 1928 1746 0 1674 2392 2957 1156 2084 589 1660 509 1702 1671
1000 1026 1199 2141 1424 2147 1674 0 1676 1918 1024 798 1217 291 1512 1107 422
797 727 976 727 466 1335 2392 1676 0 653 2498 954 1819 1388 1915 723 1260
1292 1209 1563 1288 1088 1980 2957 1918 653 0 2871 1119 2370 1667 2507 1255 1558
1708 1772 1693 2760 2122 2464 1156 1024 2498 2871 0 1771 1095 1215 1341 1798 1314
608 562 970 1563 874 1840 2084 798 954 1119 1771 0 1510 556 1738 679 465
1079 1163 848 1841 1362 1397 589 1217 1819 2370 1095 1510 0 1135 301 1117 1124
714 736 946 1852 1134 1898 1660 291 1388 1667 1215 556 1135 0 1412 821 131
1243 1325 945 1820 1449 1260 509 1512 1915 2507 1341 1738 301 1412 0 1257 1387
107 116 335 1035 330 1164 1702 1107 723 1255 1798 679 1117 821 1257 0 694
588 607 841 1723 1004 1792 1671 422 1260 1558 1314 465 1124 131 1387 694 0
