0 243 805 715 59 551 403 138 16 53 528 513 616 192 66 163 270 648 819 408 783 287 532 670 258 727 683 180 655 315 286 764 231 620 427 93 522 464 437 234 391 589 476 615 524 761 441 844 57 654 753 237 25 545 451 35 664 443 56 823 741 826 503 104 755 171 438 296 438 539 19 44 499 149 783 264 522 574
243 0 654 954 246 692 581 168 259 214 462 508 656 411 239 371 270 722 802 173 545 222 639 764 408 967 779 308 807 291 357 978 97 752 429 152 300 702 336 35 467 776 263 579 704 994 675 932 259 896 792 333 218 639 659 250 506 353 209 1053 656 634 696 316 988 415 681 474 677 664 258 264 742 392 1023 199 761 699
805 654 0 1460 844 1336 846 667 819 812 1074 1149 558 848 843 967 555 1376 1420 522 721 870 1292 1418 731 1358 1433 696 908 511 1009 1229 595 824 482 756 728 1114 371 631 611 1394 415 364 918 1531 1218 1586 773 1381 606 981 790 681 1254 833 147 371 808 1598 1227 1015 948 796 1325 933 1168 798 1097 762 806 791 1215 927 1410 849 1277 778
715 954 1460 0 709 576 663 837 699 740 1005 900 1050 613 717 592 910 784 1091 1123 1472 891 671 741 731 285 738 767 802 952 740 561 943 847 990 802 1196 370 1095 949 874 408 1188 1165 669 112 282 835 720 90 1141 713 738 906 369 704 1335 1091 745 172 1174 1427 617 679 401 549 292 671 378 833 704 707 247 566 299 883 193 847
59 246 844 709 0 500 455 180 59 33 475 455 675 237 10 128 322 590 760 418 771 242 477 614 316 744 627 240 709 366 227 801 257 676 483 96 502 488 481 246 450 551 496 669 574 748 429 787 117 655 812 178 59 604 420 25 701 489 38 807 688 792 550 157 781 187 444 350 461 597 74 102 506 158 800 222 517 631
551 692 1336 576 500 0 823 680 541 529 496 370 1142 624 499 396 821 209 514 855 1076 511 104 177 757 790 179 716 1065 866 340 992 741 1064 974 581 808 654 980 709 916 177 954 1165 909 531 395 325 599 590 1272 358 558 1040 245 517 1190 989 532 556 621 937 864 607 885 504 518 750 635 1004 556 580 556 487 830 521 473 1034
403 581 846 663 455 823 0 412 397 457 930 901 386 222 465 467 369 980 1200 688 1108 690 847 982 174 513 991 273 256 392 667 416 507 241 364 476 881 293 520 553 234 774 700 513 123 758 503 1147 352 574 487 615 421 246 617 430 746 507 459 825 1143 1211 119 299 481 329 398 108 285 187 385 360 422 355 564 666 514 213
138 168 667 837 180 680 412 0 152 151 575 589 530 253 181 300 150 759 895 300 706 320 652 788 240 818 801 140 642 190 385 812 109 591 318 110 468 551 301 142 319 727 351 497 535 891 570 961 117 771 669 342 123 489 589 166 525 308 148 954 783 800 527 164 830 288 551 306 527 504 141 131 609 274 874 294 645 540
16 259 819 699 59 541 397 152 0 62 533 514 620 183 68 150 281 642 819 424 798 295 525 664 257 712 675 184 650 326 285 752 247 617 435 108 536 450 450 251 394 576 492 624 517 745 425 837 60 638 757 234 40 546 436 33 678 455 65 807 746 838 495 98 742 156 422 291 424 537 16 43 483 133 768 273 505 572
53 214 812 740 33 529 457 151 62 0 475 464 658 245 30 162 297 612 771 385 744 233 502 639 309 768 651 226 708 339 243 815 223 672 460 63 478 509 451 212 435 584 462 645 578 780 461 812 108 684 796 196 39 593 454 38 668 459 4 840 688 775 557 157 801 210 472 350 482 590 72 97 533 183 824 211 548 626
528 462 1074 1005 475 496 930 575 533 475 0 129 1104 711 465 497 716 388 347 552 614 254 395 453 784 1139 468 694 1183 745 288 1253 556 1147 884 473 386 915 796 496 894 660 658 1041 1049 992 744 580 583 986 1242 334 513 1060 636 500 930 814 474 1030 213 441 1023 632 1203 632 824 824 889 1064 546 572 883 601 1190 281 844 1100
513 508 1149 900 455 370 901 589 514 464 129 0 1118 679 446 443 737 263 307 628 738 285 268 326 771 1055 342 690 1158 772 234 1193 593 1130 907 480 496 848 843 539 898 538 735 1077 1015 879 651 463 571 889 1256 286 503 1058 531 480 1002 859 464 914 277 567 983 611 1127 584 744 801 823 1051 529 557 799 554 1104 309 749 1086
616 656 558 1050 675 1142 386 530 620 658 1104 1118 0 522 681 749 389 1263 1425 666 1061 850 1141 1280 385 876 1291 436 355 365 901 695 559 272 228 638 912 679 386 620 227 1128 618 195 406 1144 876 1452 559 960 138 853 620 148 970 652 515 364 657 1212 1308 1259 449 537 817 641 781 407 672 231 604 577 808 655 921 823 897 235
192 411 848 613 237 624 222 253 183 245 711 679 522 0 248 247 296 766 977 553 956 478 637 774 139 565 784 154 479 338 444 573 363 457 393 278 705 298 481 391 302 607 596 581 338 683 377 943 153 537 648 392 214 415 451 213 722 477 248 750 924 1018 313 95 578 120 320 128 275 386 173 154 372 139 621 456 428 419
66 239 843 717 10 499 465 181 68 30 465 446 681 248 0 133 325 585 752 412 762 231 473 610 325 754 623 247 719 369 220 811 253 685 487 91 493 498 481 240 457 553 491 673 585 754 437 784 124 663 819 171 62 612 425 35 699 490 34 814 678 781 561 167 792 197 453 359 471 605 82 110 515 168 810 211 525 640
163 371 967 592 128 396 467 300 150 162 497 443 749 247 133 0 430 520 734 545 880 311 393 532 368 659 542 319 723 476 212 756 385 704 578 225 605 419 600 374 522 426 624 769 575 623 310 703 204 545 882 163 177 657 292 134 825 606 166 681 705 866 541 211 711 141 346 376 393 633 164 185 408 112 713 299 403 666
270 270 555 910 322 821 369 150 281 297 716 737 389 296 325 430 0 908 1042 327 749 462 799 936 205 843 948 142 558 46 535 785 174 495 169 261 549 582 185 235 201 853 330 348 482 977 662 1109 226 834 526 492 263 371 706 304 425 183 294 1043 919 894 489 241 835 378 617 282 562 406 266 245 668 374 898 436 723 440
648 722 1376 784 590 209 980 759 642 612 388 263 1263 766 585 520 908 0 308 865 1002 508 135 67 887 998 82 826 1231 949 375 1189 793 1220 1072 649 757 845 1044 748 1035 379 970 1256 1077 733 596 210 703 799 1398 416 648 1177 448 612 1228 1056 614 752 453 809 1036 726 1090 650 715 895 824 1152 659 686 758 627 1038 526 679 1185
819 802 1420 1091 760 514 1200 895 819 771 347 307 1425 977 752 734 1042 308 0 899 897 583 422 363 1076 1291 371 997 1456 1076 535 1462 892 1433 1212 786 715 1114 1139 835 1205 687 1005 1378 1310 1042 884 377 877 1101 1563 587 810 1364 742 785 1277 1156 771 1060 243 630 1275 915 1377 875 994 1102 1091 1356 834 862 1043 847 1335 609 974 1390
408 173 522 1123 418 855 688 300 424 385 552 628 666 553 412 545 327 865 899 0 421 357 795 913 515 1118 928 422 885 323 516 1100 190 819 443 322 250 851 288 173 523 948 106 542 806 1166 846 1075 411 1062 792 499 384 687 833 420 377 311 380 1226 717 593 807 463 1129 577 844 589 827 731 420 421 904 557 1174 340 930 764
783 545 721 1472 771 1076 1108 706 798 744 614 738 1061 956 762 880 749 1002 897 421 0 590 987 1065 934 1510 1081 839 1306 741 760 1517 602 1238 849 690 277 1247 674 564 941 1214 443 904 1227 1494 1190 1193 804 1424 1174 772 758 1101 1136 783 627 697 740 1547 657 323 1227 861 1534 954 1216 1007 1221 1150 800 809 1278 928 1567 592 1283 1182
287 222 870 891 242 511 690 320 295 233 254 285 850 478 231 311 462 508 583 357 590 0 441 556 535 969 571 442 939 494 175 1043 309 898 631 221 312 722 558 253 639 630 462 794 812 906 610 718 338 851 988 182 268 807 546 265 722 574 231 957 463 556 791 391 1016 422 658 582 695 814 306 330 720 392 1024 26 708 850
532 639 1292 671 477 104 847 652 525 502 395 268 1141 637 473 393 799 135 422 795 987 441 0 138 761 870 150 707 1097 842 282 1055 699 1089 960 546 725 710 946 660 914 280 897 1146 943 632 465 311 586 678 1275 313 536 1050 320 497 1144 957 504 660 517 835 902 604 959 519 581 765 689 1023 541 567 626 497 912 455 552 1054
670 764 1418 741 614 177 982 788 664 639 453 326 1280 774 610 532 936 67 363 913 1065 556 138 0 900 966 15 846 1230 978 410 1169 830 1224 1098 681 817 829 1079 788 1053 333 1017 1284 1075 683 572 173 724 762 1414 446 673 1188 422 635 1270 1091 641 698 520 877 1032 743 1062 656 695 902 809 1159 680 706 733 635 1004 572 649 1191
258 408 731 731 316 757 174 240 257 309 784 771 385 139 325 368 205 887 1076 515 934 535 761 900 0 640 911 100 405 237 542 585 332 363 260 315 707 384 376 379 162 747 533 444 296 810 512 1071 201 650 515 490 271 290 590 291 614 368 310 877 997 1041 292 162 629 257 441 76 366 281 242 214 485 270 695 510 555 316
727 967 1358 285 744 790 513 818 712 768 1139 1055 876 565 754 659 843 998 1291 1118 1510 969 870 966 640 0 966 709 573 878 853 282 927 634 876 820 1247 266 1016 952 747 645 1160 1025 471 396 408 1084 709 218 943 813 752 728 550 729 1252 1007 772 447 1332 1525 426 655 116 558 315 566 290 646 710 702 256 586 56 955 318 650
683 779 1433 738 627 179 991 801 675 651 468 342 1291 784 623 542 948 82 371 928 1081 571 150 15 911 966 0 858 1237 991 424 1172 844 1232 1110 694 832 833 1093 802 1064 330 1032 1296 1082 678 574 161 736 761 1425 459 686 1198 424 647 1285 1104 654 691 533 891 1039 754 1063 665 698 912 814 1168 692 718 735 645 1004 588 650 1200
180 308 696 767 240 716 273 140 184 226 694 690 436 154 247 319 142 826 997 422 839 442 707 846 100 709 858 0 504 185 467 678 236 457 261 221 608 445 327 280 210 728 451 452 395 835 523 1019 123 692 572 418 187 367 577 216 568 324 226 901 906 941 389 110 709 242 475 168 423 371 168 140 526 243 765 417 581 407
655 807 908 802 709 1065 256 642 650 708 1183 1158 355 479 719 723 558 1231 1456 885 1306 939 1097 1230 405 573 1237 504 0 564 923 348 721 83 476 720 1102 456 657 775 365 997 873 544 156 910 713 1390 601 712 382 871 671 229 844 683 844 638 710 974 1397 1441 204 551 491 583 591 359 462 158 637 611 593 610 608 915 696 132
315 291 511 952 366 866 392 190 326 339 745 772 365 338 369 476 46 949 1076 323 741 494 842 978 237 878 991 185 564 0 575 808 193 496 138 300 556 619 142 255 200 898 312 307 500 1021 707 1151 272 875 501 533 307 365 752 349 383 139 337 1087 946 903 511 287 865 423 659 313 600 409 311 291 709 420 932 468 766 441
286 357 1009 740 227 340 667 385 285 243 288 234 901 444 220 212 535 375 535 516 760 175 282 410 542 853 424 467 923 575 0 967 419 897 702 274 484 627 669 378 677 455 616 882 780 744 467 581 344 711 1039 52 281 831 382 252 862 681 244 792 492 686 749 380 915 351 538 567 601 820 301 329 597 321 905 181 567 855
764 978 1229 561 801 992 416 812 752 815 1253 1193 695 573 811 756 785 1189 1462 1100 1517 1043 1055 1169 585 282 1172 678 348 808 967 0 914 426 762 851 1276 347 931 954 633 873 1116 872 315 674 598 1307 726 482 730 919 787 554 748 779 1146 916 818 728 1460 1590 297 668 171 623 474 511 371 469 745 727 439 654 296 1023 535 460
231 97 595 943 257 741 507 109 247 223 556 593 559 363 253 385 174 793 892 190 602 309 699 830 332 927 844 236 721 193 419 914 0 663 332 163 380 661 252 61 373 807 245 486 627 993 672 1001 224 878 695 387 210 545 677 251 448 266 219 1055 753 722 624 273 938 394 659 404 637 574 240 236 718 377 984 284 750 609
620 752 824 847 676 1064 241 591 617 672 1147 1130 272 457 685 704 495 1220 1433 819 1238 898 1089 1224 363 634 1232 457 83 496 897 426 663 0 399 678 1043 487 581 719 296 1010 801 460 179 951 731 1388 564 756 310 845 634 147 854 651 762 561 673 1017 1360 1386 231 519 561 570 615 330 489 88 603 576 625 594 673 873 725 55
427 429 482 990 483 974 364 318 435 460 884 907 228 393 487 578 169 1072 1212 443 849 631 960 1098 260 876 1110 261 476 138 702 762 332 399 0 429 685 634 182 394 130 989 407 191 447 1070 770 1271 375 907 362 657 424 255 836 462 384 162 459 1138 1085 1033 472 372 845 499 701 320 619 318 419 394 743 504 928 605 815 344
93 152 756 802 96 581 476 110 108 63 473 480 638 278 91 225 261 649 786 322 690 221 546 681 315 820 694 221 720 300 274 851 163 678 429 0 429 558 400 149 421 644 399 607 599 843 524 853 126 744 776 234 68 587 516 98 610 410 58 903 684 740 583 183 848 264 529 367 532 593 110 124 591 240 877 195 609 628
522 300 728 1196 502 808 881 468 536 478 386 496 912 705 493 605 549 757 715 250 277 312 725 817 707 1247 832 608 1102 556 484 1276 380 1043 685 429 0 986 538 328 750 939 333 792 1003 1216 914 959 551 1150 1040 494 497 920 859 517 596 561 474 1269 502 347 996 609 1278 688 946 774 960 954 539 553 1008 661 1303 315 1008 988
464 702 1114 370 488 654 293 551 450 509 915 848 679 298 498 419 582 845 1114 851 1247 722 710 829 384 266 833 445 456 619 627 347 661 487 634 558 986 0 760 686 512 555 894 800 308 468 268 974 443 281 772 581 489 535 414 471 999 753 513 535 1119 1278 256 389 294 301 141 315 26 464 447 437 137 331 322 705 240 481
437 336 371 1095 481 980 520 301 450 451 796 843 386 481 481 600 185 1044 1139 288 674 558 946 1079 376 1016 1093 327 657 142 669 931 252 581 182 400 538 760 0 304 300 1027 231 254 617 1162 847 1251 402 1018 506 633 424 437 884 468 240 22 447 1228 983 881 635 425 999 562 802 450 741 499 437 420 852 556 1071 533 908 526
234 35 631 949 246 709 553 142 251 212 496 539 620 391 240 374 235 748 835 173 564 253 660 788 379 952 802 280 775 255 378 954 61 719 394 149 328 686 304 0 433 787 252 545 676 993 673 957 243 889 756 351 210 604 664 247 483 320 208 1053 692 666 669 298 970 405 672 448 661 631 247 250 732 384 1008 229 756 666
391 467 611 874 450 916 234 319 394 435 894 898 227 302 457 522 201 1035 1205 523 941 639 914 1053 162 747 1064 210 365 200 677 633 373 296 130 421 750 512 300 433 0 909 508 290 318 959 670 1225 333 789 362 628 396 171 753 426 514 283 435 1027 1103 1095 341 310 714 419 590 204 498 208 378 350 627 430 798 613 706 241
589 776 1394 408 551 177 774 727 576 584 660 538 1128 607 553 426 853 379 687 948 1214 630 280 333 747 645 330 728 997 898 455 873 807 1010 989 644 939 555 1027 787 909 0 1038 1180 841 355 286 439 626 434 1250 454 604 1010 158 561 1252 1031 588 379 797 1100 792 618 748 491 414 722 541 961 589 608 436 485 679 633 338 988
476 263 415 1188 496 954 700 351 492 462 658 735 618 596 491 624 330 970 1005 106 443 462 897 1017 533 1160 1032 451 873 312 616 1116 245 801 407 399 333 894 231 252 508 1038 0 472 811 1238 917 1180 468 1122 735 596 454 661 916 494 272 254 458 1299 818 662 820 513 1161 638 903 610 871 715 485 481 960 622 1216 444 995 746
615 579 364 1165 669 1165 513 497 624 645 1041 1077 195 581 673 769 348 1256 1378 542 904 794 1146 1284 444 1025 1296 452 544 307 882 872 486 460 191 607 792 800 254 545 290 1180 472 0 566 1250 956 1457 565 1079 274 840 610 319 1027 650 323 233 643 1318 1233 1132 603 563 979 690 881 494 788 402 608 584 918 695 1074 769 996 415
524 704 918 669 574 909 123 535 517 578 1049 1015 406 338 585 575 482 1077 1310 806 1227 812 943 1075 296 471 1082 395 156 500 780 315 627 179 447 599 1003 308 617 676 318 841 811 566 0 772 558 1234 475 578 476 728 543 257 688 550 831 601 580 838 1262 1334 52 420 413 434 439 232 311 174 506 482 446 462 515 788 547 181
761 994 1531 112 748 531 758 891 745 780 992 879 1144 683 754 623 977 733 1042 1166 1494 906 632 683 810 396 678 835 910 1021 744 674 993 951 1070 843 1216 468 1162 993 959 355 1238 1250 772 0 321 759 774 199 1241 724 784 1003 362 746 1402 1160 785 67 1146 1424 720 740 513 604 369 755 472 933 753 759 335 617 406 901 255 949
441 675 1218 282 429 395 503 570 425 461 744 651 876 377 437 310 662 596 884 846 1190 610 465 572 512 408 574 523 713 707 467 598 672 731 770 524 914 268 847 673 670 286 917 956 558 321 0 709 454 243 989 435 463 746 150 426 1085 846 466 384 929 1153 508 422 493 285 127 470 254 690 432 439 161 296 454 602 99 714
844 932 1586 835 787 325 1147 961 837 812 580 463 1452 943 784 703 1109 210 377 1075 1193 718 311 173 1071 1084 161 1019 1390 1151 581 1307 1001 1388 1271 853 959 974 1251 957 1225 439 1180 1457 1234 759 709 0 897 871 1585 619 846 1358 561 808 1438 1262 814 759 591 972 1190 914 1187 823 836 1070 957 1326 853 879 867 804 1117 737 775 1357
57 259 773 720 117 599 352 117 60 108 583 571 559 153 124 204 226 703 877 411 804 338 586 724 201 709 736 123 601 272 344 726 224 564 375 126 551 443 402 243 333 626 468 565 475 774 454 897 0 653 696 294 69 487 481 92 635 406 109 838 796 866 457 58 729 170 435 244 418 482 44 18 493 157 765 314 527 518
654 896 1381 90 655 590 574 771 638 684 986 889 960 537 663 545 834 799 1101 1062 1424 851 678 762 650 218 761 692 712 875 711 482 878 756 907 744 1150 281 1018 889 789 434 1122 1079 578 199 243 871 653 0 1051 678 678 816 361 646 1259 1013 689 262 1165 1397 526 609 330 484 219 587 291 743 641 642 165 505 245 842 144 757
753 792 606 1141 812 1272 487 669 757 796 1242 1256 138 648 819 882 526 1398 1563 792 1174 988 1275 1414 515 943 1425 572 382 501 1039 730 695 310 362 776 1040 772 506 756 362 1250 735 274 476 1241 989 1585 696 1051 0 990 757 242 1092 788 594 483 795 1308 1446 1386 526 671 870 769 886 527 769 308 740 713 907 784 983 962 1001 295
237 333 981 713 178 358 615 342 234 196 334 286 853 392 171 163 492 416 587 499 772 182 313 446 490 813 459 418 871 533 52 919 387 845 657 234 494 581 633 351 628 454 596 840 728 724 435 619 294 678 990 0 234 780 364 202 833 644 198 775 542 719 698 329 871 300 497 515 555 768 250 278 558 270 866 181 534 803
25 218 790 738 59 558 421 123 40 39 513 503 620 214 62 177 263 648 810 384 758 268 536 673 271 752 686 187 671 307 281 787 210 634 424 68 497 489 424 210 396 604 454 610 543 784 463 846 69 678 757 234 0 554 468 43 647 431 39 845 726 803 524 123 780 196 463 313 463 552 42 61 524 173 808 245 545 587
545 639 681 906 604 1040 246 489 546 593 1060 1058 148 415 612 657 371 1177 1364 687 1101 807 1050 1188 290 728 1198 367 229 365 831 554 545 147 255 587 920 535 437 604 171 1010 661 319 257 1003 746 1358 487 816 242 780 554 0 852 579 615 417 593 1070 1271 1266 301 452 670 535 645 289 530 84 530 502 668 554 773 781 760 97
451 659 1254 369 420 245 617 589 436 454 636 531 970 451 425 292 706 448 742 833 1136 546 320 422 590 550 424 577 844 752 382 748 677 854 836 516 859 414 884 664 753 158 916 1027 688 362 150 561 481 361 1092 364 468 852 0 426 1114 887 458 410 806 1063 640 467 641 336 275 564 397 804 448 463 311 333 592 544 231 831
35 250 833 704 25 517 430 166 33 38 500 480 652 213 35 134 304 612 785 420 783 265 497 635 291 729 647 216 683 349 252 779 251 651 462 98 517 471 468 247 426 561 494 650 550 746 426 808 92 646 788 202 43 579 426 0 691 474 43 806 713 812 526 132 764 171 433 324 444 571 49 76 495 144 786 243 511 606
664 506 147 1335 701 1190 746 525 678 668 930 1002 515 722 699 825 425 1228 1277 377 627 722 1144 1270 614 1252 1285 568 844 383 862 1146 448 762 384 610 596 999 240 483 514 1252 272 323 831 1402 1085 1438 635 1259 594 833 647 615 1114 691 0 246 664 1467 1089 901 856 663 1227 799 1043 686 981 690 666 652 1093 791 1305 702 1149 711
443 353 371 1091 489 989 507 308 455 459 814 859 364 477 490 606 183 1056 1156 311 697 574 957 1091 368 1007 1104 324 638 139 681 916 266 561 162 410 561 753 22 320 283 1031 254 233 601 1160 846 1262 406 1013 483 644 431 417 887 474 246 0 456 1226 1002 904 621 425 987 562 798 440 734 480 442 424 847 557 1061 549 906 507
56 209 808 745 38 532 459 148 65 4 474 464 657 248 34 166 294 614 771 380 740 231 504 641 310 772 654 226 710 337 244 818 219 673 459 58 474 513 447 208 435 588 458 643 580 785 466 814 109 689 795 198 39 593 458 43 664 456 0 845 687 772 559 160 805 214 476 352 486 591 75 99 538 188 829 208 552 627
823 1053 1598 172 807 556 825 954 807 840 1030 914 1212 750 814 681 1043 752 1060 1226 1547 957 660 698 877 447 691 901 974 1087 792 728 1055 1017 1138 903 1269 535 1228 1053 1027 379 1299 1318 838 67 384 759 838 262 1308 775 845 1070 410 806 1467 1226 845 0 1177 1466 786 805 563 669 437 823 540 1000 815 823 403 680 450 954 322 1015
741 656 1227 1174 688 621 1143 783 746 688 213 277 1308 924 678 705 919 453 243 717 657 463 517 520 997 1332 533 906 1397 946 492 1460 753 1360 1085 684 502 1119 983 692 1103 797 818 1233 1262 1146 929 591 796 1165 1446 542 726 1271 806 713 1089 1002 687 1177 0 388 1235 845 1402 842 1019 1038 1093 1277 759 785 1075 811 1381 489 1026 1312
826 634 1015 1427 792 937 1211 800 838 775 441 567 1259 1018 781 866 894 809 630 593 323 556 835 877 1041 1525 891 941 1441 903 686 1590 722 1386 1033 740 347 1278 881 666 1095 1100 662 1132 1334 1424 1153 972 866 1397 1386 719 803 1266 1063 812 901 904 772 1466 388 0 1322 924 1572 977 1212 1102 1251 1297 845 863 1274 947 1580 572 1253 1332
503 696 948 617 550 864 119 527 495 557 1023 983 449 313 561 541 489 1036 1275 807 1227 791 902 1032 292 426 1039 389 204 511 749 297 624 231 472 583 996 256 635 669 341 792 820 603 52 720 508 1190 457 526 526 698 524 301 640 526 856 621 559 786 1235 1322 0 401 377 400 388 221 260 221 484 462 394 429 473 768 496 231
104 316 796 679 157 607 299 164 98 157 632 611 537 95 167 211 241 726 915 463 861 391 604 743 162 655 754 110 551 287 380 668 273 519 372 183 609 389 425 298 310 618 513 563 420 740 422 914 58 609 671 329 123 452 467 132 663 425 160 805 845 924 401 0 672 137 390 192 364 440 85 61 447 134 711 368 489 475
755 988 1325 401 781 885 481 830 742 801 1203 1127 817 578 792 711 835 1090 1377 1129 1534 1016 959 1062 629 116 1063 709 491 865 915 171 938 561 845 848 1278 294 999 970 714 748 1161 979 413 513 493 1187 729 330 870 871 780 670 641 764 1227 987 805 563 1402 1572 377 672 0 595 384 553 320 585 738 725 333 625 124 999 413 584
171 415 933 549 187 504 329 288 156 210 632 584 641 120 197 141 378 650 875 577 954 422 519 656 257 558 665 242 583 423 351 623 394 570 499 264 688 301 562 405 419 491 638 690 434 604 285 823 170 484 769 300 196 535 336 171 799 562 214 669 842 977 400 137 595 0 267 247 274 503 157 157 327 31 614 404 356 535
438 681 1168 292 444 518 398 551 422 472 824 744 781 320 453 346 617 715 994 844 1216 658 581 695 441 315 698 475 591 659 538 474 659 615 701 529 946 141 802 672 590 414 903 881 439 369 127 836 435 219 886 497 463 645 275 433 1043 798 476 437 1019 1212 388 390 384 267 0 386 129 582 425 423 62 289 368 645 116 603
296 474 798 671 350 750 108 306 291 350 824 801 407 128 359 376 282 895 1102 589 1007 582 765 902 76 566 912 168 359 313 567 511 404 330 320 367 774 315 450 448 204 722 610 494 232 755 470 1070 244 587 527 515 313 289 564 324 686 440 352 823 1038 1102 221 192 553 247 386 0 299 257 278 253 424 267 620 558 502 290
438 677 1097 378 461 635 285 527 424 482 889 823 672 275 471 393 562 824 1091 827 1221 695 689 809 366 290 814 423 462 600 601 371 637 489 619 532 960 26 741 661 498 541 871 788 311 472 254 957 418 291 769 555 463 530 397 444 981 734 486 540 1093 1251 260 364 320 274 129 299 0 462 421 412 137 304 347 678 236 480
539 664 762 833 597 1004 187 504 537 590 1064 1051 231 386 605 633 406 1152 1356 731 1150 814 1023 1159 281 646 1168 371 158 409 820 469 574 88 318 593 954 464 499 631 208 961 715 402 174 933 690 1326 482 743 308 768 552 84 804 571 690 480 591 1000 1277 1297 221 440 585 503 582 257 462 0 522 495 600 525 689 789 696 35
19 258 806 704 74 556 385 141 16 72 546 529 604 173 82 164 266 659 834 420 800 306 541 680 242 710 692 168 637 311 301 745 240 603 419 110 539 447 437 247 378 589 485 608 506 753 432 853 44 641 740 250 42 530 448 49 666 442 75 815 759 845 484 85 738 157 425 278 421 522 0 27 485 137 767 283 510 557
44 264 791 707 102 580 360 131 43 97 572 557 577 154 110 185 245 686 862 421 809 330 567 706 214 702 718 140 611 291 329 727 236 576 394 124 553 437 420 250 350 608 481 584 482 759 439 879 18 642 713 278 61 502 463 76 652 424 99 823 785 863 462 61 725 157 423 253 412 495 27 0 483 142 759 306 514 530
499 742 1215 247 506 556 422 609 483 533 883 799 808 372 515 408 668 758 1043 904 1278 720 626 733 485 256 735 526 593 709 597 439 718 625 743 591 1008 137 852 732 627 436 960 918 446 335 161 867 493 165 907 558 524 668 311 495 1093 847 538 403 1075 1274 394 447 333 327 62 424 137 600 485 483 0 350 308 707 104 618
149 392 927 566 158 487 355 274 133 183 601 554 655 139 168 112 374 627 847 557 928 392 497 635 270 586 645 243 610 420 321 654 377 594 504 240 661 331 556 384 430 485 622 695 462 617 296 804 157 505 784 270 173 554 333 144 791 557 188 680 811 947 429 134 625 31 289 267 304 525 137 142 350 0 642 374 373 557
783 1023 1410 299 800 830 564 874 768 824 1190 1104 921 621 810 713 898 1038 1335 1174 1567 1024 912 1004 695 56 1004 765 608 932 905 296 984 673 928 877 1303 322 1071 1008 798 679 1216 1074 515 406 454 1117 765 245 983 866 808 773 592 786 1305 1061 829 450 1381 1580 473 711 124 614 368 620 347 689 767 759 308 642 0 1010 360 692
264 199 849 883 222 521 666 294 273 211 281 309 823 456 211 299 436 526 609 340 592 26 455 572 510 955 588 417 915 468 181 1023 284 873 605 195 315 705 533 229 613 633 444 769 788 901 602 737 314 842 962 181 245 781 544 243 702 549 208 954 489 572 768 368 999 404 645 558 678 789 283 306 707 374 1010 0 698 824
522 761 1277 193 517 473 514 645 505 548 844 749 897 428 525 403 723 679 974 930 1283 708 552 649 555 318 650 581 696 766 567 535 750 725 815 609 1008 240 908 756 706 338 995 996 547 255 99 775 527 144 1001 534 545 760 231 511 1149 906 552 322 1026 1253 496 489 413 356 116 502 236 696 510 514 104 373 360 698 0 716
574 699 778 847 631 1034 213 540 572 626 1100 1086 235 419 640 666 440 1185 1390 764 1182 850 1054 1191 316 650 1200 407 132 441 855 460 609 55 344 628 988 481 526 666 241 988 746 415 181 949 714 1357 518 757 295 803 587 97 831 606 711 507 627 1015 1312 1332 231 475 584 535 603 290 480 35 557 530 618 557 692 824 716 0
