0 477 109 688 793 495 425 115 370 803 605 401 696 195 344 127 258 369 575 678 582 237 148 102 20 578 305 229 42 774 702 132 299 85 534 27 444 217 185 98 408 367 346 120 267 272 60 865 146 16 317 229 516 530 552 272 734 445 72 366 620 815 205 582 224 85 412 739 727 261 628 597 193 66 423 82 648 247
477 0 558 507 776 938 430 496 381 523 953 781 249 403 398 387 734 467 275 201 597 692 475 527 498 556 455 684 439 752 1124 490 195 393 837 498 33 608 660 381 886 699 261 597 705 496 421 491 549 479 663 410 628 963 1024 518 433 80 457 156 987 917 682 122 281 403 838 280 1159 617 853 1067 670 461 169 510 276 317
109 558 0 688 750 392 533 207 479 912 497 293 758 200 338 235 219 342 611 759 685 239 247 176 95 551 409 127 149 877 698 226 394 182 434 82 524 274 115 196 340 426 452 91 282 370 165 969 216 121 377 337 462 424 506 219 758 514 178 463 511 902 144 652 283 192 420 828 622 166 700 551 129 172 476 164 694 355
688 507 688 0 310 925 892 780 831 1022 793 719 422 495 350 692 907 355 237 571 1074 918 788 785 702 200 860 768 677 1246 1384 788 596 641 659 688 505 899 799 641 1002 1039 713 773 953 873 667 952 826 701 990 785 360 925 1184 490 169 437 724 613 843 1384 829 451 495 670 1098 685 1087 612 1265 1229 815 723 365 764 291 708
793 776 750 310 0 850 1102 905 1038 1299 642 652 731 605 470 844 949 427 530 873 1287 989 926 895 800 233 1039 782 799 1471 1430 918 811 778 525 783 765 1009 840 784 997 1161 932 841 1032 1034 796 1247 939 810 1111 956 291 834 1185 530 475 698 851 847 694 1575 868 744 667 809 1167 986 953 615 1417 1227 856 847 612 876 598 899
495 938 392 925 850 0 898 560 852 1297 270 207 1112 541 622 621 345 584 931 1138 1022 437 603 518 478 737 764 266 538 1204 683 579 785 574 334 469 905 554 326 588 241 666 842 397 476 710 555 1361 537 503 631 706 586 47 392 460 1043 885 554 854 241 1170 323 1020 657 581 526 1214 231 336 929 423 327 548 829 519 1024 742
425 430 533 892 1102 898 0 337 64 420 1030 826 670 533 638 306 578 695 684 554 184 495 295 379 437 869 136 639 389 371 804 319 297 376 954 451 415 369 571 364 740 366 179 501 478 196 378 538 363 412 355 196 870 938 808 656 854 472 354 285 1045 493 575 547 438 352 561 545 1128 681 434 842 570 361 529 380 705 209
115 496 207 780 905 560 337 0 292 741 702 498 733 300 446 109 260 478 642 689 479 199 42 42 117 685 206 301 106 669 637 19 301 139 642 135 464 121 234 140 424 260 305 163 209 162 113 824 54 98 211 146 631 600 534 388 808 482 55 359 713 700 240 611 291 111 346 733 791 370 514 576 234 58 480 43 705 204
370 381 479 831 1038 852 64 292 0 450 974 771 626 469 573 247 543 630 627 521 249 465 250 335 383 805 111 590 332 436 808 274 234 316 895 397 362 342 526 303 707 366 122 455 453 173 320 550 324 358 346 146 806 891 788 593 798 417 302 230 990 552 533 501 373 294 550 525 1083 623 473 824 526 308 469 333 652 144
803 523 912 1022 1299 1297 420 741 450 0 1390 1194 647 843 894 676 994 962 784 480 410 914 699 783 820 1078 554 1031 762 417 1199 724 551 733 1294 830 536 789 973 718 1157 776 461 901 898 616 746 178 775 794 772 594 1135 1333 1228 973 915 602 742 489 1414 654 981 574 719 719 977 389 1528 1035 748 1261 974 748 690 780 750 556
605 953 497 793 642 270 1030 702 974 1390 0 204 1073 556 572 726 557 511 866 1138 1181 642 744 666 593 593 907 412 641 1372 952 722 844 662 134 578 923 738 492 676 500 873 930 548 687 865 654 1422 698 618 831 834 433 233 662 434 939 884 676 911 52 1375 505 1006 685 680 769 1232 311 355 1148 694 501 669 809 659 963 841
401 781 293 719 652 207 826 498 771 1194 204 0 931 377 430 524 373 384 739 975 977 450 539 462 389 530 702 213 439 1168 814 517 654 462 174 374 750 538 294 476 359 678 733 345 497 660 452 1235 495 414 633 630 380 207 543 273 842 719 472 722 220 1176 310 849 503 479 595 1061 388 164 954 583 305 465 653 454 834 641
696 249 758 422 731 1112 670 733 626 647 1073 931 0 573 504 624 955 562 218 167 824 924 718 760 717 557 705 878 663 959 1368 731 441 616 945 712 276 850 870 607 1097 948 509 814 942 745 646 545 788 701 910 659 681 1129 1249 658 279 252 690 406 1115 1145 895 126 476 632 1080 273 1319 777 1100 1293 881 692 284 742 133 566
195 403 200 495 605 541 533 300 469 843 556 377 573 0 148 243 418 178 412 599 710 422 320 296 207 384 444 308 194 903 888 313 292 173 451 193 372 412 316 181 537 560 393 280 457 431 190 865 340 210 510 360 342 562 707 129 557 344 246 356 587 978 344 478 128 204 602 683 757 213 812 752 330 242 288 276 498 324
344 398 338 350 470 622 638 446 573 894 572 430 504 148 0 375 557 68 309 570 821 569 462 444 356 241 568 426 339 1009 1034 457 358 312 447 341 373 560 450 316 661 706 476 423 605 565 334 887 487 358 656 485 241 634 839 161 429 322 390 409 612 1105 480 436 199 343 749 669 819 288 952 884 466 387 240 424 403 431
127 387 235 692 844 621 306 109 247 676 726 524 624 243 375 0 355 419 539 582 474 305 99 140 144 617 201 355 86 668 745 107 194 72 648 154 355 227 304 62 515 349 220 233 318 189 72 742 163 118 303 118 586 657 639 356 708 373 74 255 744 735 318 502 196 46 455 631 853 375 578 681 309 79 375 125 598 120
258 734 219 907 949 345 578 260 543 994 557 373 955 418 557 355 0 558 824 933 684 92 297 219 238 763 442 172 294 861 483 274 547 341 546 243 700 215 110 352 164 322 565 142 132 383 312 1083 218 254 286 402 657 391 294 428 975 704 280 610 550 827 80 841 481 331 225 986 562 334 592 339 94 276 679 230 902 464
369 467 342 355 427 584 695 478 630 962 511 384 562 178 68 419 558 0 358 635 877 580 499 471 377 210 617 412 372 1067 1040 491 423 351 383 361 442 586 448 358 647 736 539 432 620 608 369 956 515 385 686 534 177 591 829 134 459 390 424 475 554 1153 478 500 258 382 761 737 770 258 990 874 464 420 307 451 454 486
575 275 611 237 530 931 684 642 627 784 866 739 218 412 309 539 824 358 0 343 861 812 638 658 593 340 676 719 551 1024 1275 644 399 507 735 584 277 764 727 502 950 887 505 682 839 700 537 718 694 584 842 610 463 943 1117 470 172 213 590 399 910 1178 755 215 353 531 983 456 1127 595 1084 1162 740 590 165 638 96 523
678 201 759 571 873 1138 554 689 521 480 1138 975 167 599 570 582 933 635 343 0 690 887 664 722 699 677 615 886 639 808 1306 682 387 593 1016 699 235 795 862 581 1087 871 418 798 897 665 621 382 742 679 839 587 780 1161 1221 706 442 255 654 332 1175 1008 883 137 481 602 1025 113 1357 812 988 1264 871 658 329 707 283 497
582 597 685 1074 1287 1022 184 479 249 410 1181 977 824 710 821 474 684 877 861 690 0 594 437 516 590 1054 276 777 551 193 797 459 480 546 1116 606 586 469 702 535 837 402 361 637 564 317 543 570 488 567 414 356 1051 1066 867 830 1028 648 509 463 1191 321 700 707 622 519 606 656 1247 842 339 894 698 515 710 522 874 390
237 692 239 918 989 437 495 199 465 914 642 450 924 422 569 305 92 580 812 887 594 0 230 165 220 790 360 239 263 769 466 209 499 309 619 231 660 127 161 317 245 232 500 148 47 299 279 1012 149 227 194 329 699 483 335 459 971 672 234 558 638 737 140 805 460 292 181 932 654 384 505 377 147 232 658 182 884 402
148 475 247 788 926 603 295 42 250 699 744 539 718 320 462 99 297 499 638 664 437 230 0 85 154 703 164 344 129 629 650 24 280 150 681 171 445 132 277 147 462 251 270 206 233 123 129 786 81 132 204 105 657 643 565 417 807 468 78 332 755 667 282 594 294 119 363 703 833 408 491 605 276 83 474 86 696 172
102 527 176 785 895 518 379 42 335 783 666 462 760 296 444 140 219 471 658 722 516 165 85 0 95 680 246 261 109 705 616 60 335 151 610 113 495 115 192 157 382 265 346 122 182 199 121 866 44 86 215 189 616 558 499 371 822 508 70 395 675 726 197 640 305 129 324 770 748 342 530 541 191 68 500 21 725 244
20 498 95 702 800 478 437 117 383 820 593 389 717 207 356 144 238 377 593 699 590 220 154 95 0 587 314 211 62 782 686 135 319 106 527 18 465 208 165 118 387 360 364 99 251 277 80 884 139 25 310 241 520 513 532 275 751 466 82 386 607 817 184 603 244 105 396 759 709 254 625 576 172 76 443 78 667 264
578 556 551 200 233 737 869 685 805 1078 593 530 557 384 241 617 763 210 340 677 1054 790 703 680 587 0 808 608 578 1238 1247 696 578 553 460 571 541 795 653 557 838 944 699 641 830 806 574 1039 724 594 894 726 160 733 1024 334 355 476 630 616 643 1344 682 542 434 584 970 789 889 444 1193 1068 669 626 388 660 426 666
305 455 409 860 1039 764 136 206 111 554 907 702 705 444 568 201 442 617 676 615 276 360 164 246 314 808 0 508 274 470 700 187 277 274 839 330 431 234 438 264 604 258 198 369 345 62 267 661 227 290 235 83 787 805 678 557 848 475 232 298 919 536 440 578 374 245 439 628 993 566 408 714 436 238 511 250 714 153
229 684 127 768 782 266 639 301 590 1031 412 213 878 308 426 355 172 412 719 886 777 239 344 261 211 608 508 0 271 964 648 321 521 308 380 202 651 325 80 322 235 464 575 139 286 460 288 1094 289 236 420 444 491 302 417 277 855 638 289 590 416 963 99 776 406 314 397 956 498 167 741 461 92 282 594 258 806 475
42 439 149 677 799 538 389 106 332 762 641 439 663 194 339 86 294 372 551 639 551 263 129 109 62 578 274 271 0 744 724 119 258 47 566 68 406 222 227 58 448 366 303 159 287 248 18 823 149 40 317 195 528 572 586 288 713 411 51 324 658 795 245 547 198 43 432 698 769 292 619 630 234 48 395 88 620 205
774 752 877 1246 1471 1204 371 669 436 417 1372 1168 959 903 1009 668 861 1067 1024 808 193 769 629 705 782 1238 470 964 744 0 898 650 661 740 1309 799 746 649 888 728 1006 557 539 825 735 507 736 596 675 759 580 550 1242 1248 1014 1023 1185 812 702 633 1380 239 884 850 810 713 753 751 1424 1035 399 1036 883 708 881 713 1025 580
702 1124 698 1384 1430 683 804 637 808 1199 952 814 1368 888 1034 745 483 1040 1275 1306 797 466 650 616 686 1247 700 648 724 898 0 638 929 768 985 698 1094 518 594 773 456 442 890 610 436 643 738 1339 583 691 467 719 1139 726 294 912 1436 1118 686 975 925 738 564 1244 922 745 291 1328 802 814 501 274 577 685 1116 636 1341 810
132 490 226 788 918 579 319 19 274 724 722 517 731 313 457 107 274 491 644 682 459 209 24 60 135 696 187 321 119 650 638 0 295 147 661 153 459 120 252 146 438 251 292 182 215 143 123 809 60 115 202 129 646 619 544 404 812 480 67 350 732 682 258 608 296 117 349 723 809 389 500 585 252 70 482 63 705 193
299 195 394 596 811 785 297 301 234 551 844 654 441 292 358 194 547 423 399 387 480 499 280 335 319 578 277 521 258 661 929 295 0 214 743 323 165 412 485 201 705 508 121 417 510 309 239 581 355 297 469 220 599 815 834 421 571 199 267 69 871 787 503 315 168 217 643 440 1013 490 686 876 492 271 236 319 437 127
85 393 182 641 778 574 376 139 316 733 662 462 616 173 312 72 341 351 507 593 546 309 150 151 106 553 274 308 47 740 768 147 214 0 578 108 359 260 270 14 493 398 272 204 332 258 30 787 188 86 349 190 515 607 634 283 671 364 84 282 682 805 290 499 154 31 476 654 804 307 640 677 278 83 349 131 575 179
534 837 434 659 525 334 954 642 895 1294 134 174 945 451 447 648 546 383 735 1016 1116 619 681 610 527 460 839 380 566 1309 985 661 743 578 0 510 808 698 460 592 528 843 839 502 666 804 576 1314 648 549 797 761 299 312 707 323 805 765 607 808 183 1334 479 883 578 601 769 1113 434 273 1120 744 472 601 686 599 832 756
27 498 82 688 783 469 451 135 397 830 578 374 712 193 341 154 243 361 584 699 606 231 171 113 18 571 330 202 68 799 698 153 323 108 510 0 464 226 163 121 388 378 372 101 264 294 86 892 157 39 328 255 503 503 537 257 740 463 97 390 593 835 184 600 237 112 409 762 700 237 643 582 172 91 436 96 660 274
444 33 524 505 765 905 415 464 362 536 923 750 276 372 373 355 700 442 277 235 586 660 445 495 465 541 431 651 406 746 1094 459 165 359 808 464 0 577 627 348 852 672 241 564 673 470 388 514 518 446 634 383 607 930 991 488 441 67 425 133 957 905 649 150 248 370 808 311 1127 585 833 1034 636 428 153 478 290 289
217 608 274 899 1009 554 369 121 342 789 738 538 850 412 560 227 215 586 764 795 469 127 132 115 208 795 234 325 222 649 518 120 412 260 698 226 577 0 245 262 373 153 391 195 111 172 232 892 72 201 103 216 728 599 447 482 930 600 175 463 740 638 236 726 413 233 230 830 777 439 425 484 237 176 602 136 825 299
185 660 115 799 840 326 571 234 526 973 492 294 870 316 450 304 110 448 727 862 702 161 277 192 165 653 438 80 227 888 594 252 485 270 460 163 627 245 0 283 227 383 524 72 208 387 245 1046 214 188 339 380 548 366 391 318 873 622 232 552 494 883 29 760 393 269 329 924 556 227 660 436 16 226 589 193 808 422
98 381 196 641 784 588 364 140 303 718 676 476 607 181 316 62 352 358 502 581 535 317 147 157 118 557 264 322 58 728 773 146 201 14 592 121 348 262 283 0 505 397 257 217 338 250 39 772 191 98 349 180 523 621 644 294 667 354 87 269 696 797 303 489 150 29 481 641 819 321 635 687 291 88 343 137 568 165
408 886 340 1002 997 241 740 424 707 1157 500 359 1097 537 661 515 164 647 950 1087 837 245 462 382 387 838 604 235 448 1006 456 438 705 493 528 388 852 373 227 505 0 451 728 288 272 544 466 1248 383 407 425 566 710 288 187 512 1090 850 441 770 478 947 203 988 620 487 289 1145 426 394 700 230 216 436 816 392 1034 627
367 699 426 1039 1161 666 366 260 366 776 873 678 948 560 706 349 322 736 887 871 402 232 251 265 360 944 258 464 366 557 442 251 508 398 843 378 672 153 383 397 451 0 453 344 189 205 373 904 221 351 50 288 881 712 464 635 1057 705 316 545 870 505 368 821 545 368 204 887 875 590 277 492 372 318 722 285 940 382
346 261 452 713 932 842 179 305 122 461 930 733 509 393 476 220 565 539 505 418 361 500 270 346 364 699 198 575 303 539 890 292 121 272 839 372 241 391 524 257 728 453 0 452 499 247 287 522 351 338 423 175 716 876 834 522 675 295 291 108 953 673 537 383 280 260 616 439 1073 575 592 874 528 297 349 337 530 101
120 597 91 773 841 397 501 163 455 901 548 345 814 280 423 233 142 432 682 798 637 148 206 122 99 641 369 139 159 825 610 182 417 204 502 101 564 195 72 217 288 344 452 0 190 320 177 974 150 119 296 309 552 436 436 311 835 564 160 483 554 832 86 701 338 200 329 857 628 246 620 481 76 154 537 121 760 350
267 705 282 953 1032 476 478 209 453 898 687 497 942 457 605 318 132 620 839 897 564 47 233 182 251 830 345 286 287 735 436 215 510 332 666 264 673 111 208 338 272 189 499 190 0 282 302 1003 155 255 155 325 743 523 336 501 1000 690 252 565 682 695 187 820 486 311 145 936 690 430 460 374 194 251 682 201 907 404
272 496 370 873 1034 710 196 162 173 616 865 660 745 431 565 189 383 608 700 665 317 299 123 199 277 806 62 460 248 507 643 143 309 258 804 294 470 172 387 250 544 205 247 320 282 0 244 724 173 256 176 90 773 752 615 536 872 508 200 340 874 548 387 619 379 227 378 684 938 531 391 651 383 205 535 206 746 181
60 421 165 667 796 555 378 113 320 746 654 452 646 190 334 72 312 369 537 621 543 279 129 121 80 574 267 288 18 736 738 123 239 30 576 86 388 232 245 39 466 373 287 177 302 244 0 806 160 58 324 186 528 589 604 292 700 394 57 306 672 792 264 529 184 26 446 679 786 303 621 648 252 55 380 101 605 190
865 491 969 952 1247 1361 538 824 550 178 1422 1235 545 865 887 742 1083 956 718 382 570 1012 786 866 884 1039 661 1094 823 596 1339 809 581 787 1314 892 514 892 1046 772 1248 904 522 974 1003 724 806 0 866 859 892 682 1120 1393 1339 991 824 570 814 512 1451 831 1059 503 737 780 1098 272 1591 1071 909 1375 1050 819 659 858 665 623
146 549 216 826 939 537 363 54 324 775 698 495 788 340 487 163 218 515 694 742 488 149 81 44 139 724 227 289 149 675 583 60 355 188 648 157 518 72 214 191 383 221 351 150 155 173 160 866 0 129 171 183 660 579 484 415 859 536 104 411 705 687 214 666 342 162 292 784 765 382 487 525 210 104 533 63 758 253
16 479 121 701 810 503 412 98 358 794 618 414 701 210 358 118 254 385 584 679 567 227 132 86 25 594 290 236 40 759 691 115 297 86 549 39 446 201 188 98 407 351 338 119 255 256 58 859 129 0 301 215 533 539 547 289 744 450 58 364 633 798 206 586 232 81 400 738 734 276 612 591 195 51 431 66 656 238
317 663 377 990 1111 631 355 211 346 772 831 633 910 510 656 303 286 686 842 839 414 194 204 215 310 894 235 420 317 580 467 202 469 349 797 328 634 103 339 349 425 50 423 296 155 176 324 892 171 301 0 253 831 677 458 585 1012 665 267 510 829 545 325 784 498 320 206 861 845 541 323 490 329 269 678 234 898 345
229 410 337 785 956 706 196 146 146 594 834 630 659 360 485 118 402 534 610 587 356 329 105 189 241 726 83 444 195 550 719 129 220 190 761 255 383 216 380 180 566 288 175 309 325 90 186 682 183 215 253 0 703 745 661 474 782 419 158 257 848 620 387 532 294 163 441 615 937 488 479 700 380 164 444 187 656 93
516 628 462 360 291 586 870 631 806 1135 433 380 681 342 241 586 657 177 463 780 1051 699 657 616 520 160 787 491 528 1242 1139 646 599 515 299 503 607 728 548 523 710 881 716 552 743 773 528 1120 660 533 831 703 0 579 898 245 510 549 579 651 483 1320 577 643 435 545 876 887 729 324 1145 941 564 575 461 598 557 661
530 963 424 925 834 47 938 600 891 1333 233 207 1129 562 634 657 391 591 943 1161 1066 483 643 558 513 733 805 302 572 1248 726 619 815 607 312 503 930 599 366 621 288 712 876 436 523 752 589 1393 579 539 677 745 579 0 433 473 1049 907 591 885 199 1217 366 1041 681 616 574 1241 198 352 976 463 369 585 847 558 1037 777
552 1024 506 1184 1185 392 808 534 788 1228 662 543 1249 707 839 639 294 829 1117 1221 867 335 565 499 532 1024 678 417 586 1014 294 544 834 634 707 537 991 447 391 644 187 464 834 436 336 615 604 1339 484 547 458 661 898 433 0 695 1264 998 566 893 632 912 362 1134 775 621 261 1268 512 580 658 45 376 563 974 514 1196 737
272 518 219 490 530 460 656 388 593 973 434 273 658 129 161 356 428 134 470 706 830 459 417 371 275 334 557 277 288 1023 912 404 421 283 323 257 488 482 318 294 512 635 522 311 501 536 292 991 415 289 585 474 245 473 695 0 588 451 339 485 469 1084 348 578 255 312 639 798 661 126 901 739 334 334 381 353 564 449
734 433 758 169 475 1043 854 808 798 915 939 842 279 557 429 708 975 459 172 442 1028 971 807 822 751 355 848 855 713 1185 1436 812 571 671 805 740 441 930 873 667 1090 1057 675 835 1000 872 700 824 859 744 1012 782 510 1049 1264 588 0 381 755 568 987 1346 902 344 517 697 1145 552 1221 715 1257 1309 887 755 337 801 165 695
445 80 514 437 698 885 472 482 417 602 884 719 252 344 322 373 704 390 213 255 648 672 468 508 466 476 475 638 411 812 1118 480 199 364 765 463 67 600 622 354 850 705 295 564 690 508 394 570 536 450 665 419 549 907 998 451 381 0 437 187 920 965 646 138 231 380 828 348 1102 557 882 1042 633 440 89 490 238 327
72 457 178 724 851 554 354 55 302 742 676 472 690 246 390 74 280 424 590 654 509 234 78 70 82 630 232 289 51 702 686 67 267 84 607 97 425 175 232 87 441 316 291 160 252 200 57 814 104 58 267 158 579 591 566 339 755 437 0 330 690 745 245 570 238 59 394 705 786 333 567 609 236 6 430 52 655 190
366 156 463 613 847 854 285 359 230 489 911 722 406 356 409 255 610 475 399 332 463 558 332 395 386 616 298 590 324 633 975 350 69 282 808 390 133 463 552 269 770 545 108 483 565 340 306 512 411 364 510 257 651 885 893 485 568 187 330 0 938 778 570 279 230 283 693 375 1083 558 699 935 559 334 248 381 422 165
620 987 511 843 694 241 1045 713 990 1414 52 220 1115 587 612 744 550 554 910 1175 1191 638 755 675 607 643 919 416 658 1380 925 732 871 682 183 593 957 740 494 696 478 870 953 554 682 874 672 1451 705 633 829 848 483 199 632 469 987 920 690 938 0 1374 504 1045 715 699 755 1267 258 380 1142 662 502 683 847 669 1007 861
815 917 902 1384 1575 1170 493 700 552 654 1375 1176 1145 978 1105 735 827 1153 1178 1008 321 737 667 726 817 1344 536 963 795 239 738 682 787 805 1334 835 905 638 883 797 947 505 673 832 695 548 792 831 687 798 545 620 1320 1217 912 1084 1346 965 745 778 1374 0 870 1028 910 774 666 964 1374 1068 253 925 873 751 1022 740 1194 680
205 682 144 829 868 323 575 240 533 981 505 310 895 344 480 318 80 478 755 883 700 140 282 197 184 682 440 99 245 884 564 258 503 290 479 184 649 236 29 303 203 368 537 86 187 387 264 1059 214 206 325 387 577 366 362 348 902 646 245 570 504 870 0 784 418 286 302 944 552 255 644 407 14 239 615 201 835 435
582 122 652 451 744 1020 547 611 501 574 1006 849 126 478 436 502 841 500 215 137 707 805 594 640 603 542 578 776 547 850 1244 608 315 499 883 600 150 726 760 489 988 821 383 701 820 619 529 503 666 586 784 532 643 1041 1134 578 344 138 570 279 1045 1028 784 0 369 513 957 246 1234 689 974 1177 771 573 197 623 179 439
224 281 283 495 667 657 438 291 373 719 685 503 476 128 199 196 481 258 353 481 622 460 294 305 244 434 374 406 198 810 922 296 168 154 578 237 248 413 393 150 620 545 280 338 486 379 184 737 342 232 498 294 435 681 775 255 517 231 238 230 715 910 418 369 0 180 630 559 878 339 771 819 404 238 199 285 423 232
85 403 192 670 809 581 352 111 294 719 680 479 632 204 343 46 331 382 531 602 519 292 119 129 105 584 245 314 43 713 745 117 217 31 601 112 370 233 269 29 487 368 260 200 311 227 26 780 162 81 320 163 545 616 621 312 697 380 59 283 699 774 286 513 180 0 453 657 812 329 609 664 276 60 371 110 596 163
412 838 420 1098 1167 526 561 346 550 977 769 595 1080 602 749 455 225 761 983 1025 606 181 363 324 396 970 439 397 432 753 291 349 643 476 769 409 808 230 329 481 289 204 616 329 145 378 446 1098 292 400 206 441 876 574 261 639 1145 828 394 693 755 666 302 957 630 453 0 1056 712 556 414 288 313 393 825 345 1050 528
739 280 828 685 986 1214 545 733 525 389 1232 1061 273 683 669 631 986 737 456 113 656 932 703 770 759 789 628 956 698 751 1328 723 440 654 1113 762 311 830 924 641 1145 887 439 857 936 684 679 272 784 738 861 615 887 1241 1268 798 552 348 705 375 1267 964 944 246 559 657 1056 0 1438 897 973 1309 932 710 430 757 395 531
727 1159 622 1087 953 231 1128 791 1083 1528 311 388 1319 757 819 853 562 770 1127 1357 1247 654 833 748 709 889 993 498 769 1424 802 809 1013 804 434 700 1127 777 556 819 426 875 1073 628 690 938 786 1591 765 734 845 937 729 198 512 661 1221 1102 786 1083 258 1374 552 1234 878 812 712 1438 0 545 1125 527 557 779 1039 750 1222 973
261 617 166 612 615 336 681 370 623 1035 355 164 777 213 288 375 334 258 595 812 842 384 408 342 254 444 566 167 292 1035 814 389 490 307 273 237 585 439 227 321 394 590 575 246 430 531 303 1071 382 276 541 488 324 352 580 126 715 557 333 558 380 1068 255 689 339 329 556 897 545 0 864 624 243 327 495 329 687 487
628 853 700 1265 1417 929 434 514 473 748 1148 954 1100 812 952 578 592 990 1084 988 339 505 491 530 625 1193 408 741 619 399 501 500 686 640 1120 643 833 425 660 635 700 277 592 620 460 391 621 909 487 612 323 479 1145 976 658 901 1257 882 567 699 1142 253 644 974 771 609 414 973 1125 864 0 671 649 571 920 547 1120 561
597 1067 551 1229 1227 423 842 576 824 1261 694 583 1293 752 884 681 339 874 1162 1264 894 377 605 541 576 1068 714 461 630 1036 274 585 876 677 744 582 1034 484 436 687 230 492 874 481 374 651 648 1375 525 591 490 700 941 463 45 739 1309 1042 609 935 662 925 407 1177 819 664 288 1309 527 624 671 0 421 606 1018 556 1241 777
193 670 129 815 856 327 570 234 526 974 501 305 881 330 466 309 94 464 740 871 698 147 276 191 172 669 436 92 234 883 577 252 492 278 472 172 636 237 16 291 216 372 528 76 194 383 252 1050 210 195 329 380 564 369 376 334 887 633 236 559 502 873 14 771 404 276 313 932 557 243 649 421 0 230 601 194 821 426
66 461 172 723 847 548 361 58 308 748 669 465 692 242 387 79 276 420 590 658 515 232 83 68 76 626 238 282 48 708 685 70 271 83 601 91 428 176 226 88 436 318 297 154 251 205 55 819 104 51 269 164 575 585 563 334 755 440 6 334 683 751 239 573 238 60 393 710 779 327 571 606 230 0 431 50 656 196
423 169 476 365 612 829 529 480 469 690 809 653 284 288 240 375 679 307 165 329 710 658 474 500 443 388 511 594 395 881 1116 482 236 349 686 436 153 602 589 343 816 722 349 537 682 535 380 659 533 431 678 444 461 847 974 381 337 89 430 248 847 1022 615 197 199 371 825 430 1039 495 920 1018 601 431 0 480 225 358
82 510 164 764 876 519 380 43 333 780 659 454 742 276 424 125 230 451 638 707 522 182 86 21 78 660 250 258 88 713 636 63 319 131 599 96 478 136 193 137 392 285 337 121 201 206 101 858 63 66 234 187 598 558 514 353 801 490 52 381 669 740 201 623 285 110 345 757 750 329 547 556 194 50 480 0 705 235
648 276 694 291 598 1024 705 705 652 750 963 834 133 498 403 598 902 454 96 283 874 884 696 725 667 426 714 806 620 1025 1341 705 437 575 832 660 290 825 808 568 1034 940 530 760 907 746 605 665 758 656 898 656 557 1037 1196 564 165 238 655 422 1007 1194 835 179 423 596 1050 395 1222 687 1120 1241 821 656 225 705 0 565
247 317 355 708 899 742 209 204 144 556 841 641 566 324 431 120 464 486 523 497 390 402 172 244 264 666 153 475 205 580 810 193 127 179 756 274 289 299 422 165 627 382 101 350 404 181 190 623 253 238 345 93 661 777 737 449 695 327 190 165 861 680 435 439 232 163 528 531 973 487 561 777 426 196 358 235 565 0
