0 1038 810 964 1292 1454 867 1039 1056 89 1404 1564 496 577 962 1727
1038 0 267 348 2022 1963 1839 1729 1127 969 439 1747 654 1616 1819 1751
810 267 0 228 1757 1904 1647 1464 908 750 702 1765 389 1385 1662 1810
964 348 228 0 1745 2130 1823 1454 785 917 764 1990 482 1524 1861 2028
1292 2022 1757 1745 0 2561 1564 292 1102 1375 2460 2807 1387 1141 1849 2998
1454 1963 1904 2130 2561 0 1069 2380 2497 1420 2040 559 1826 1424 757 831
867 1839 1647 1823 1564 1069 0 1442 1838 905 2129 1475 1364 454 312 1728
1039 1729 1464 1454 292 2380 1442 0 845 1117 2167 2584 1096 994 1704 2762
1056 1127 908 785 1102 2497 1838 845 0 1078 1550 2515 712 1414 1999 2617
89 969 750 917 1375 1420 905 1117 1078 0 1324 1502 468 649 972 1656
1404 439 702 764 2460 2040 2129 2167 1550 1324 0 1709 1081 1970 2053 1644
1564 1747 1765 1990 2807 559 1475 2584 2515 1502 1709 0 1805 1727 1183 275
496 654 389 482 1387 1826 1364 1096 712 468 1081 1805 0 1043 1439 1905
577 1616 1385 1524 1141 1424 454 994 1414 649 1970 1727 1043 0 711 1950
962 1819 1662 1861 1849 757 312 1704 1999 972 2053 1183 1439 711 0 1445
1727 1751 1810 2028 2998 831 1728 2762 2617 1656 1644 275 1905 1950 1445 0
