0 1400 133 1579 845 1720 1700 31 1111 768 1158 583 231 208 1295 858
1400 0 1532 2935 607 2544 1592 1430 1849 860 2388 918 1334 1583 1531 1289
133 1532 0 1463 977 1702 1785 102 1089 873 1079 710 319 98 1366 905
1579 2935 1463 0 2335 1439 2503 1554 2161 2334 675 2025 1601 1454 2063 2270
845 607 977 2335 0 1992 1295 876 1581 630 1781 311 740 1045 1082 1065
1720 2544 1702 1439 1992 0 1389 1720 2778 2371 902 1738 1550 1775 1098 2575
1700 1592 1785 2503 1295 1389 0 1723 2748 1909 1827 1260 1471 1883 457 2305
31 1430 102 1554 876 1720 1723 0 1100 788 1143 614 252 178 1315 862
1111 1849 1089 2161 1581 2778 2748 1100 0 1004 2041 1497 1334 1007 2381 560
768 860 873 2334 630 2371 1909 788 1004 0 1921 690 846 882 1636 453
1158 2388 1079 675 1781 902 1827 1143 2041 1921 0 1471 1097 1114 1388 1979
583 918 710 2025 311 1738 1260 614 1497 690 1471 0 439 791 949 1048
231 1334 319 1601 740 1550 1471 252 1334 846 1097 439 0 416 1063 1031
208 1583 98 1454 1045 1775 1883 178 1007 882 1114 791 416 0 1464 865
1295 1531 1366 2063 1082 1098 457 1315 2381 1636 1388 949 1063 1464 0 1987
858 1289 905 2270 1065 2575 2305 862 560 453 1979 1048 1031 865 1987 0
