0 46 230 1592 296 275 403 1595 1365 620 920 1084 876 664 1588 823 1550
46 0 185 1552 250 296 360 1594 1383 613 874 1057 922 619 1546 783 1593
230 185 0 1408 80 402 223 1629 1492 647 689 941 1103 442 1369 655 1776
1592 1552 1408 0 1328 1811 1193 1589 2004 1302 1035 1785 2423 1004 1391 772 2896
296 250 80 1328 0 483 146 1592 1488 618 636 956 1172 369 1332 576 1828
275 296 402 1811 483 0 622 1858 1574 892 1012 968 792 830 1600 1056 1556
403 360 223 1193 146 622 0 1487 1440 539 607 1045 1269 290 1329 433 1883
1595 1594 1629 1589 1592 1858 1487 0 682 985 1946 2532 1915 1634 2634 1333 1904
1365 1383 1492 2004 1488 1574 1440 682 0 912 2018 2432 1377 1680 2747 1489 1227
620 613 647 1302 618 892 539 985 912 0 1106 1574 1200 767 1835 620 1593
920 874 689 1035 636 1012 607 1946 2018 1106 0 755 1780 338 729 619 2464
1084 1057 941 1785 956 968 1045 2532 2432 1574 755 0 1715 943 834 1296 2512
876 922 1103 2423 1172 792 1269 1915 1377 1200 1780 1715 0 1540 2392 1655 816
664 619 442 1004 369 830 290 1634 1680 767 338 943 1540 0 1067 355 2173
1588 1546 1369 1391 1332 1600 1329 2634 2747 1835 729 834 2392 1067 0 1305 3133
823 783 655 772 576 1056 433 1333 1489 620 619 1296 1655 355 1305 0 2180
1550 1593 1776 2896 1828 1556 1883 1904 1227 1593 2464 2512 816 2173 3133 2180 0
