0 522 1167 707 1193 1251 91 1141 1184 717 517 1378 1207 429 391 1499
522 0 1659 768 1307 1077 602 1494 664 732 1018 1704 1678 463 911 1044
1167 1659 0 1262 1280 1820 1076 652 2316 1739 898 806 1085 1305 798 2666
707 768 1262 0 541 610 685 848 1264 1362 1102 1009 1780 329 847 1763
1193 1307 1280 541 0 674 1146 662 1745 1885 1472 688 2079 867 1200 2273
1251 1077 1820 610 674 0 1254 1285 1266 1792 1700 1356 2386 822 1453 1829
91 602 1076 685 1146 1254 0 1058 1266 790 471 1297 1168 440 310 1590
1141 1494 652 848 662 1285 1058 0 2085 1845 1167 245 1620 1045 931 2538
1184 664 2316 1264 1745 1266 1266 2085 0 1114 1661 2269 2284 1046 1575 564
717 732 1739 1362 1885 1792 790 1845 1114 0 856 2086 1280 1036 962 1129
517 1018 898 1102 1472 1700 471 1167 1661 856 0 1410 697 906 272 1887
1378 1704 806 1009 688 1356 1297 245 2269 2086 1410 0 1834 1246 1176 2742
1207 1678 1085 1780 2079 2386 1168 1620 2284 1280 697 1834 0 1603 933 2406
429 463 1305 329 867 822 440 1045 1046 1036 906 1246 1603 0 693 1496
391 911 798 847 1200 1453 310 931 1575 962 272 1176 933 693 0 1878
1499 1044 2666 1763 2273 1829 1590 2538 564 1129 1887 2742 2406 1496 1878 0
