0 1283 109 1565 1403 865 93 1198 19 767 561 785 1637 621 153 1039
1283 0 1275 2698 1636 1800 1372 1332 1294 1220 1262 1621 2004 1208 1249 2074
109 1275 0 1645 1295 771 128 1292 95 864 453 681 1745 515 257 1137
1565 2698 1645 0 2815 1979 1516 1752 1568 1549 2040 2049 1517 2122 1517 635
1403 1636 1295 2815 0 890 1400 2443 1390 2066 841 772 2998 788 1536 2403
865 1800 771 1979 890 0 806 2063 846 1632 538 190 2474 594 1017 1663
93 1372 128 1516 1400 806 0 1265 79 832 562 744 1676 631 221 1016
1198 1332 1292 1752 2443 2063 1265 0 1217 433 1668 1968 672 1689 1047 1150
19 1294 95 1568 1390 846 79 1217 0 786 548 767 1654 609 172 1047
767 1220 864 1549 2066 1632 832 433 786 0 1261 1544 938 1291 615 914
561 1262 453 2040 841 538 562 1668 548 1261 0 366 2176 87 697 1576
785 1621 681 2049 772 190 744 1968 767 1544 366 0 2420 412 938 1679
1637 2004 1745 1517 2998 2474 1676 672 1654 938 2176 2420 0 2215 1488 1081
621 1208 515 2122 788 594 631 1689 609 1291 87 412 2215 0 748 1647
153 1249 257 1517 1536 1017 221 1047 172 615 697 938 1488 748 0 954
1039 2074 1137 635 2403 1663 1016 1150 1047 914 1576 1679 1081 1647 954 0
