0 1675 626 1483 227 1513 977 1497 7 923 143 641 396 1211 1465 1445
1675 0 1931 2892 1824 2947 1710 2051 1682 1510 1819 2313 1855 2751 2037 1554
626 1931 0 974 427 1907 529 2123 623 609 608 706 236 1551 927 1099
1483 2892 974 0 1257 2164 1260 2861 1477 1437 1392 1072 1124 1801 1288 1747
227 1824 427 1257 0 1557 858 1701 221 849 180 504 190 1223 1321 1378
1513 2947 1907 2164 1557 0 2408 1385 1509 2405 1414 1234 1712 372 2834 2935
977 1710 529 1260 858 2408 0 2421 977 199 1024 1233 695 2061 500 572
1497 2051 2123 2861 1701 1385 2421 0 1501 2308 1527 1798 1888 1456 2922 2761
7 1682 623 1477 221 1509 977 1501 0 924 136 634 392 1206 1464 1447
923 1510 609 1437 849 2405 199 2308 924 0 996 1281 716 2072 642 529
143 1819 608 1392 180 1414 1024 1527 136 996 0 500 371 1097 1496 1524
641 2313 706 1072 504 1234 1233 1798 634 1281 500 0 569 866 1615 1796
396 1855 236 1124 190 1712 695 1888 392 716 371 569 0 1366 1140 1239
1211 2751 1551 1801 1223 372 2061 1456 1206 2072 1097 866 1366 0 2475 2601
1465 2037 927 1288 1321 2834 500 2922 1464 642 1496 1615 1140 2475 0 540
1445 1554 1099 1747 1378 2935 572 2761 1447 529 1524 1796 1239 2601 540 0
