0 5 356 24 376 750 585 199 467 746 533 272 375 438 327 31 671 180 65 109 22 768 197 783 549 160 382 617 494 70 863 404 770 448 363 690 79 246 765 487 825 766 345 720 312 264 194 341 662 168 329 330 623 525 336 241 711 23 649 617 126 651 129 622 686 647 401 329 347 37 95 774 791 756 362 138 576 229
5 0 356 27 379 752 580 202 472 750 537 275 374 440 326 26 668 181 67 115 17 773 193 783 554 161 382 613 497 65 859 401 774 444 368 694 77 249 760 491 828 770 349 723 317 269 199 340 665 164 327 328 618 520 338 244 708 27 646 612 126 652 128 627 691 652 397 325 352 41 98 776 795 751 367 134 577 234
356 356 0 334 217 1090 791 210 715 955 465 208 724 164 683 371 996 532 300 356 360 946 497 435 635 195 27 869 232 364 633 741 593 743 402 511 288 180 758 706 602 628 655 1015 504 547 339 696 955 461 670 665 843 676 118 566 1029 339 942 763 482 302 483 662 591 797 420 319 400 376 439 462 1022 889 565 463 931 312
24 27 334 0 351 767 603 175 470 746 513 248 399 414 350 52 695 199 40 98 41 766 219 763 538 139 360 639 470 84 853 428 747 471 346 667 67 222 770 486 801 744 355 730 306 269 177 365 671 188 354 355 642 539 311 253 735 6 672 631 147 628 153 608 666 641 403 326 330 46 110 750 794 770 357 161 597 209
376 379 217 351 0 1010 922 177 575 781 247 103 742 114 680 403 1046 510 311 310 391 759 565 574 433 261 233 977 135 421 844 778 414 820 213 330 345 133 960 551 453 431 567 889 365 453 242 699 831 531 703 705 968 828 101 504 1087 352 1023 920 479 354 498 449 380 606 602 499 218 374 421 416 855 1053 419 512 892 195
750 752 1090 767 1010 0 948 887 484 548 988 926 509 1114 481 748 621 571 794 735 756 637 729 1525 783 903 1117 862 1145 778 1593 565 1249 708 836 1198 830 930 1351 539 1348 1196 443 258 657 557 773 486 272 749 575 597 938 1010 1028 523 670 761 752 1065 630 1355 647 872 1093 676 1071 1040 822 722 657 1418 494 1169 617 709 238 816
585 580 791 603 922 948 0 753 948 1220 1115 828 458 940 524 554 418 593 637 692 563 1270 395 1077 1120 661 804 130 1008 520 880 390 1335 242 948 1252 583 790 457 992 1372 1342 774 1069 870 769 779 505 1026 418 411 388 56 145 846 690 408 606 274 133 563 1073 522 1201 1268 1181 414 489 933 609 611 1252 1234 222 904 460 710 813
199 202 210 175 177 887 753 0 506 755 370 75 571 244 515 226 871 349 134 154 214 754 388 643 466 104 237 803 296 244 818 603 582 643 238 500 171 48 842 500 629 588 448 804 298 337 129 532 745 355 528 530 797 669 145 365 911 176 845 762 310 472 325 516 520 610 471 372 229 202 256 578 818 898 359 335 744 112
467 472 715 470 575 484 948 506 0 281 507 516 528 688 445 485 819 361 473 388 486 321 579 1137 303 566 741 925 704 529 1312 599 765 730 374 717 536 535 1223 61 866 712 177 315 212 203 376 469 258 574 549 569 967 939 622 262 873 463 883 1022 407 930 447 396 608 252 868 796 363 430 384 960 323 1156 155 523 475 404
746 750 955 746 781 548 1220 755 281 0 632 747 780 895 702 765 1041 641 745 658 765 90 860 1355 378 829 980 1185 893 809 1573 853 843 992 567 820 811 775 1504 260 954 769 446 291 458 484 628 724 280 856 812 834 1234 1218 850 542 1095 740 1126 1300 689 1126 728 431 674 199 1147 1072 564 708 666 1111 88 1431 398 804 649 644
533 537 465 513 247 988 1115 370 507 632 0 303 848 331 772 564 1166 605 478 433 554 587 730 769 253 473 479 1150 298 595 1085 899 268 974 182 209 534 346 1201 461 360 239 576 812 348 478 343 795 760 701 826 835 1155 1038 348 558 1212 511 1171 1131 597 519 629 228 153 436 835 733 200 515 537 479 716 1268 374 668 928 303
272 275 208 248 103 926 828 75 516 747 303 0 639 188 578 300 942 409 207 209 288 737 463 621 431 172 232 878 231 319 839 674 507 718 197 425 246 43 900 501 554 515 483 824 303 369 153 597 765 430 599 602 872 741 106 412 983 249 920 833 376 428 394 469 450 588 532 431 193 270 319 515 815 969 362 409 797 113
375 374 724 399 742 509 458 571 528 780 848 639 0 813 83 354 318 242 439 434 367 841 252 1134 765 531 748 405 867 360 1115 73 1108 218 665 1033 436 619 841 581 1177 1087 352 611 523 393 517 59 568 283 69 89 462 502 711 304 367 396 355 564 263 1024 246 857 994 777 580 572 647 368 322 1149 784 679 533 264 277 564
438 440 164 414 114 1114 940 244 688 895 331 188 813 0 759 462 1107 593 374 395 449 871 612 460 541 295 167 1009 68 469 754 842 429 866 328 347 389 195 923 665 439 467 671 1001 477 557 341 775 943 577 767 767 990 833 102 600 1144 416 1068 921 554 242 566 549 439 718 583 481 333 445 500 336 970 1050 532 566 985 298
327 326 683 350 680 481 524 515 445 702 772 578 83 759 0 311 398 171 388 370 323 760 249 1104 681 487 708 482 809 327 1118 154 1034 290 589 962 397 563 880 498 1107 1011 269 550 442 311 448 24 503 272 112 135 533 551 658 222 448 346 439 620 205 978 200 774 916 694 591 567 572 313 259 1092 711 742 450 240 266 496
31 26 371 52 403 748 554 226 485 765 564 300 354 462 311 0 645 176 92 139 12 790 166 793 578 177 396 586 519 44 856 379 800 418 394 720 85 273 742 507 854 796 354 728 338 281 225 324 671 137 305 305 592 496 359 248 684 53 620 587 118 669 111 652 717 672 382 315 378 60 103 798 807 726 386 108 566 260
671 668 996 695 1046 621 418 871 819 1041 1166 942 318 1107 398 645 0 560 736 745 658 1113 499 1372 1077 814 1017 295 1165 638 1262 269 1424 268 983 1348 718 918 875 877 1489 1405 652 814 840 709 831 374 788 535 344 340 383 539 1004 620 54 694 152 551 573 1299 549 1171 1312 1071 740 772 965 672 634 1442 1026 612 846 540 408 877
180 181 532 199 510 571 593 349 361 641 605 409 242 593 171 176 560 0 231 199 185 682 218 963 541 338 558 586 640 209 1030 296 865 394 422 791 259 397 870 400 936 844 200 563 291 176 276 192 507 218 225 239 617 577 494 99 607 194 577 661 60 819 90 629 752 588 533 482 405 155 93 924 670 795 314 167 399 324
65 67 300 40 311 794 637 134 473 745 478 207 439 374 388 92 736 231 0 86 80 760 257 733 517 108 327 676 429 117 841 469 709 510 316 628 69 181 783 484 761 708 372 745 295 277 150 403 685 226 394 395 677 567 272 273 776 42 712 659 183 590 192 584 631 631 413 328 301 75 138 710 796 798 350 201 630 177
109 115 356 98 310 735 692 154 388 658 433 209 434 395 370 139 745 199 86 0 132 673 300 791 440 181 383 718 441 180 924 476 680 541 257 603 154 200 867 397 744 669 300 667 210 197 89 389 608 274 401 407 729 635 299 211 789 93 739 727 171 627 198 512 585 545 498 415 241 84 112 724 710 866 264 236 590 132
22 17 360 41 391 756 563 214 486 765 554 288 367 449 323 12 658 185 80 132 0 789 177 783 572 165 385 597 507 47 850 392 789 430 385 708 75 260 744 507 842 786 359 733 334 282 216 336 675 147 318 317 601 503 347 253 696 43 632 594 127 657 123 645 707 669 382 312 370 57 107 786 809 733 383 120 577 250
768 773 946 766 759 637 1270 754 321 90 587 737 841 871 760 790 1113 682 760 673 789 0 899 1331 336 836 969 1242 863 835 1572 913 780 1048 548 764 828 769 1533 284 892 703 496 381 465 515 632 783 367 891 867 888 1288 1259 836 583 1167 760 1191 1344 725 1094 765 372 612 154 1170 1089 547 732 695 1065 168 1477 409 840 728 641
197 193 497 219 565 729 395 388 579 860 730 463 252 612 249 166 499 218 257 300 177 899 0 888 725 317 518 420 674 144 869 248 967 255 557 886 223 432 655 615 1018 963 417 768 476 385 389 249 714 36 186 175 429 361 510 318 532 220 457 447 174 800 133 805 883 796 342 320 541 216 216 946 889 584 513 64 514 426
783 783 435 763 574 1525 1077 643 1137 1355 769 621 1134 460 1104 793 1372 963 733 791 783 1331 888 0 999 625 408 1184 472 776 444 1137 744 1105 788 688 708 605 845 1120 682 816 1090 1444 924 980 768 1113 1385 854 1072 1063 1133 936 514 1002 1395 769 1288 1001 909 255 905 996 834 1177 663 603 792 807 872 414 1429 1094 983 870 1360 734
549 554 635 538 433 783 1120 466 303 378 253 431 765 541 681 578 1077 541 517 440 572 336 725 999 0 564 656 1126 528 619 1268 829 480 935 233 446 585 469 1298 244 588 417 431 578 250 371 368 706 532 706 764 779 1151 1074 519 460 1129 533 1115 1165 559 759 598 95 315 183 926 833 239 518 509 733 463 1303 231 660 770 358
160 161 195 139 261 903 661 104 566 829 473 172 531 295 487 177 814 338 108 181 165 836 317 625 564 0 221 719 357 176 745 552 675 571 340 591 96 130 739 570 712 686 478 848 372 378 205 501 789 282 479 477 707 569 193 382 850 144 774 661 286 493 288 618 622 698 367 270 329 182 247 629 886 797 431 274 736 206
382 382 27 360 233 1117 804 237 741 980 479 232 748 167 708 396 1017 558 327 383 385 969 518 408 656 221 0 884 232 388 613 763 596 762 425 515 312 206 755 731 600 635 682 1041 530 574 366 721 982 483 693 688 856 686 137 593 1049 365 960 771 507 282 508 681 601 820 425 326 423 402 466 448 1047 895 590 486 957 338
617 613 869 639 977 862 130 803 925 1185 1150 878 405 1009 482 586 295 586 676 718 597 1242 420 1184 1126 719 884 0 1074 560 1007 332 1385 194 976 1303 632 843 585 973 1430 1383 748 1008 876 761 808 460 969 450 375 355 88 270 910 677 279 640 146 261 568 1161 531 1212 1303 1167 523 585 959 635 623 1331 1190 319 901 482 627 847
494 497 232 470 135 1145 1008 296 704 893 298 231 867 68 809 519 1165 640 429 441 507 863 674 472 528 357 232 1074 0 530 799 898 364 928 333 283 451 248 988 675 370 407 703 1018 497 588 377 827 961 639 824 825 1057 901 164 639 1203 472 1131 990 605 232 621 524 389 709 651 550 341 498 550 283 971 1118 548 626 1027 331
70 65 364 84 421 778 520 244 529 809 595 319 360 469 327 44 638 209 117 180 47 835 144 776 619 176 388 560 530 0 820 377 825 399 430 743 79 287 697 552 873 825 395 768 382 325 261 336 710 110 305 301 560 456 366 288 674 87 602 547 149 666 131 692 748 716 338 275 415 104 146 804 851 686 430 99 588 293
863 859 633 853 844 1593 880 818 1312 1573 1085 839 1115 754 1118 856 1262 1030 841 924 850 1572 869 444 1268 745 613 1007 799 820 0 1089 1137 1002 1035 1067 785 804 502 1315 1096 1197 1208 1583 1114 1118 944 1118 1524 845 1046 1028 933 736 750 1103 1268 859 1141 766 969 650 947 1294 1189 1426 536 552 1032 898 958 843 1632 811 1174 883 1383 931
404 401 741 428 778 565 390 603 599 853 899 674 73 842 154 379 269 296 469 476 392 913 248 1137 829 552 763 332 898 377 1089 0 1155 148 717 1079 456 651 789 652 1220 1138 423 681 584 457 562 130 639 283 75 75 391 445 739 368 313 426 286 501 304 1043 280 920 1048 848 553 557 700 403 365 1178 857 612 598 277 328 608
770 774 593 747 414 1249 1335 582 765 843 268 507 1108 429 1034 800 1424 865 709 680 789 780 967 744 480 675 596 1385 364 825 1137 1155 0 1218 446 84 754 545 1352 714 113 85 844 1058 616 745 593 1057 1010 935 1081 1088 1380 1242 501 824 1469 747 1418 1333 851 495 878 412 168 644 1008 904 464 759 790 352 930 1466 640 908 1196 547
448 444 743 471 820 708 242 643 730 992 974 718 218 866 290 418 268 394 510 541 430 1048 255 1105 935 571 762 194 928 399 1002 148 1218 0 796 1138 477 687 659 779 1272 1210 553 828 685 568 631 269 786 289 181 161 244 312 764 482 290 471 202 357 381 1044 346 1023 1126 973 474 504 779 459 439 1198 1001 464 708 310 470 672
363 368 402 346 213 836 948 238 374 567 182 197 665 328 589 394 983 422 316 257 385 548 557 788 233 340 425 976 333 430 1035 717 446 796 0 378 379 236 1079 342 528 421 407 689 180 301 169 612 633 531 644 654 986 883 289 377 1030 342 990 975 416 563 449 278 331 396 707 610 17 341 357 586 642 1114 222 494 755 140
690 694 511 667 330 1198 1252 500 717 820 209 425 1033 347 962 720 1348 791 628 603 708 764 886 688 446 591 515 1303 283 743 1067 1079 84 1138 378 0 671 461 1270 669 150 130 783 1018 554 680 516 983 968 854 1004 1011 1297 1158 417 755 1392 667 1339 1249 774 434 801 391 162 620 924 821 395 680 714 320 906 1382 583 828 1133 470
79 77 288 67 345 830 583 171 536 811 534 246 436 389 397 85 718 259 69 154 75 828 223 708 585 96 312 632 451 79 785 456 754 477 379 671 0 211 714 550 798 758 423 798 364 336 218 408 739 188 383 380 626 505 287 319 754 74 680 598 202 588 197 651 686 699 344 261 365 113 175 724 860 736 418 178 652 239
246 249 180 222 133 930 790 48 535 775 346 43 619 195 563 273 918 397 181 200 260 769 432 605 469 130 206 843 248 287 804 651 545 687 236 461 211 0 856 525 586 555 489 839 324 376 162 580 779 398 576 577 835 700 98 410 957 224 890 792 358 426 373 510 493 622 489 387 230 250 304 530 841 928 384 380 791 132
765 760 758 770 960 1351 457 842 1223 1504 1201 900 841 923 880 742 875 870 783 867 744 1533 655 845 1298 739 755 585 988 697 502 789 1352 659 1079 1270 714 856 0 1249 1351 1386 1071 1421 1076 1020 930 870 1369 652 777 754 499 347 861 967 865 776 731 324 817 949 780 1357 1341 1412 372 469 1068 801 838 1153 1540 321 1127 703 1117 942
487 491 706 486 551 539 992 500 61 260 461 501 581 665 498 507 877 400 484 397 507 284 615 1120 244 570 731 973 675 552 1315 652 714 779 342 669 550 525 1249 0 817 657 228 351 201 231 371 522 299 607 598 617 1013 976 607 302 930 480 937 1061 441 905 481 336 554 196 888 812 334 449 411 923 317 1196 141 556 536 393
825 828 602 801 453 1348 1372 629 866 954 360 554 1177 439 1107 854 1489 936 761 744 842 892 1018 682 588 712 600 1430 370 873 1096 1220 113 1272 528 150 798 586 1351 817 0 195 933 1164 704 830 659 1128 1115 984 1145 1150 1419 1270 526 904 1532 801 1474 1359 916 445 940 523 280 755 1022 920 545 818 856 272 1042 1489 734 962 1283 612
766 770 628 744 431 1196 1342 588 712 769 239 515 1087 467 1011 796 1405 844 708 669 786 703 963 816 417 686 635 1383 407 825 1197 1138 85 1210 421 130 758 555 1386 657 195 0 805 995 580 712 580 1034 950 933 1065 1074 1384 1256 526 794 1452 743 1408 1348 836 563 866 341 103 572 1033 930 439 751 775 434 857 1483 597 902 1156 538
345 349 655 355 567 443 774 448 177 446 576 483 352 671 269 354 652 200 372 300 359 496 417 1090 431 478 682 748 703 395 1208 423 844 553 407 783 423 489 1071 228 933 805 0 374 228 114 330 293 316 418 372 392 791 773 586 106 705 349 708 853 255 912 290 527 704 425 729 670 391 310 251 979 471 984 209 367 351 373
720 723 1015 730 889 258 1069 804 315 291 812 824 611 1001 550 728 814 563 745 667 733 381 768 1444 578 848 1041 1008 1018 768 1583 681 1058 828 689 1018 798 839 1421 351 1164 995 374 0 524 470 676 566 59 776 662 685 1072 1101 930 480 867 723 923 1170 622 1243 653 658 893 441 1097 1043 678 685 625 1273 236 1290 470 727 405 710
312 317 504 306 365 657 870 298 212 458 348 303 523 477 442 338 840 291 295 210 334 465 476 924 250 372 530 876 497 382 1114 584 616 685 180 554 364 324 1076 201 704 580 228 524 0 133 170 466 466 459 516 531 900 831 410 220 890 300 868 920 308 719 348 337 481 335 708 624 165 278 260 763 519 1058 60 412 579 192
264 269 547 269 453 557 769 337 203 484 478 369 393 557 311 281 709 176 277 197 282 515 385 980 371 378 574 761 588 325 1118 457 745 568 301 680 336 376 1020 231 830 712 114 470 133 0 216 335 411 376 393 409 793 746 473 89 760 262 743 832 210 798 251 463 614 412 664 594 285 227 181 865 526 968 141 325 453 259
194 199 339 177 242 773 779 129 376 628 343 153 517 341 448 225 831 276 150 89 216 632 389 768 368 205 366 808 377 261 944 562 593 631 169 516 218 162 930 371 659 580 330 676 170 216 0 469 617 362 488 495 817 716 257 262 876 174 828 809 258 581 286 433 495 493 558 467 153 173 197 659 689 947 230 326 650 48
341 340 696 365 699 486 505 532 469 724 795 597 59 775 24 324 374 192 403 389 336 783 249 1113 706 501 721 460 827 336 1118 130 1057 269 612 983 408 580 870 522 1128 1034 293 566 466 335 469 0 521 274 95 119 513 537 674 247 424 361 414 604 221 992 212 799 940 718 588 569 594 330 277 1110 731 724 475 246 265 517
662 665 955 671 831 272 1026 745 258 280 760 765 568 943 503 671 788 507 685 608 675 367 714 1385 532 789 982 969 961 710 1524 639 1010 786 633 968 739 779 1369 299 1115 950 316 59 466 411 617 521 0 721 616 639 1031 1052 872 422 842 665 890 1124 566 1185 597 615 847 407 1041 986 622 626 567 1218 242 1246 413 672 383 651
168 164 461 188 531 749 418 355 574 856 701 430 283 577 272 137 535 218 226 274 147 891 36 854 706 282 483 450 639 110 845 283 935 289 531 854 188 398 652 607 984 933 418 776 459 376 362 274 721 0 218 209 455 372 475 315 569 190 492 461 166 764 128 784 855 784 324 294 515 191 200 910 888 598 499 51 539 398
329 327 670 354 703 575 411 528 549 812 826 599 69 767 112 305 344 225 394 401 318 867 186 1072 764 479 693 375 824 305 1046 75 1081 181 644 1004 383 576 777 598 1145 1065 372 662 516 393 488 95 616 218 0 23 422 442 665 305 387 352 351 508 230 972 205 854 975 793 511 504 627 328 290 1104 823 630 534 206 345 534
330 328 665 355 705 597 388 530 569 834 835 602 89 767 135 305 340 239 395 407 317 888 175 1063 779 477 688 355 825 301 1028 75 1088 161 654 1011 380 577 754 617 1150 1074 392 685 531 409 495 119 639 209 23 0 400 418 664 323 382 353 338 485 238 967 209 868 985 812 493 489 636 332 298 1103 845 606 550 202 367 540
623 618 843 642 968 938 56 797 967 1234 1155 872 462 990 533 592 383 617 677 729 601 1288 429 1133 1151 707 856 88 1057 560 933 391 1380 244 986 1297 626 835 499 1013 1419 1384 791 1072 900 793 817 513 1031 455 422 400 0 201 894 712 367 645 234 175 591 1127 552 1233 1309 1204 470 544 970 645 642 1304 1245 234 931 494 701 852
525 520 676 539 828 1010 145 669 939 1218 1038 741 502 833 551 496 539 577 567 635 503 1259 361 936 1074 569 686 270 901 456 736 445 1242 312 883 1158 505 700 347 976 1270 1256 773 1101 831 746 716 537 1052 372 442 418 201 0 744 677 538 543 407 92 535 947 494 1148 1190 1156 277 362 868 555 573 1132 1243 230 872 421 774 744
336 338 118 311 101 1028 846 145 622 850 348 106 711 102 658 359 1004 494 272 299 347 836 510 514 519 193 137 910 164 366 750 739 501 764 289 417 287 98 861 607 526 526 586 930 410 473 257 674 872 475 665 664 894 744 0 509 1041 314 967 834 453 327 464 544 480 685 507 404 288 344 401 439 920 965 468 463 889 220
241 244 566 253 504 523 690 365 262 542 558 412 304 600 222 248 620 99 273 211 253 583 318 1002 460 382 593 677 639 288 1103 368 824 482 377 755 319 410 967 302 904 794 106 480 220 89 262 247 422 315 305 323 712 677 509 0 671 246 655 760 149 836 187 552 698 492 623 563 360 206 145 921 573 894 229 263 388 309
711 708 1029 735 1087 670 408 911 873 1095 1212 983 367 1144 448 684 54 607 776 789 696 1167 532 1395 1129 850 1049 279 1203 674 1268 313 1469 290 1030 1392 754 957 865 930 1532 1452 705 867 890 760 876 424 842 569 387 382 367 538 1041 671 0 734 133 540 618 1331 592 1222 1360 1125 754 792 1012 714 678 1479 1080 589 898 577 461 921
23 27 339 6 352 761 606 176 463 740 511 249 396 416 346 53 694 194 42 93 43 760 220 769 533 144 365 640 472 87 859 426 747 471 342 667 74 224 776 480 801 743 349 723 300 262 174 361 665 190 352 353 645 543 314 246 734 0 672 635 142 631 150 604 664 636 409 332 327 39 104 752 787 774 351 161 592 207
649 646 942 672 1023 752 274 845 883 1126 1171 920 355 1068 439 620 152 577 712 739 632 1191 457 1288 1115 774 960 146 1131 602 1141 286 1418 202 990 1339 680 890 731 937 1474 1408 708 923 868 743 828 414 890 492 351 338 234 407 967 655 133 672 0 406 574 1242 542 1205 1322 1133 636 684 973 659 633 1400 1121 460 884 511 525 871
617 612 763 631 920 1065 133 762 1022 1300 1131 833 564 921 620 587 551 661 659 727 594 1344 447 1001 1165 661 771 261 990 547 766 501 1333 357 975 1249 598 792 324 1061 1359 1348 853 1170 920 832 809 604 1124 461 508 485 175 92 834 760 540 635 406 0 621 1027 580 1240 1282 1244 353 446 961 646 661 1216 1321 138 960 509 827 836
126 126 482 147 479 630 563 310 407 689 597 376 263 554 205 118 573 60 183 171 127 725 174 909 559 286 507 568 605 149 969 304 851 381 416 774 202 358 817 441 916 836 255 622 308 210 258 221 566 166 230 238 591 535 453 149 618 142 574 621 0 774 40 643 748 622 475 422 399 108 60 888 722 757 341 115 450 303
651 652 302 628 354 1355 1073 472 930 1126 519 428 1024 242 978 669 1299 819 590 627 657 1094 800 255 759 493 282 1161 232 666 650 1043 495 1044 563 434 588 426 949 905 445 563 912 1243 719 798 581 992 1185 764 972 967 1127 947 327 836 1331 631 1242 1027 774 0 780 748 578 940 673 585 570 665 725 205 1204 1141 774 765 1216 539
129 128 483 153 498 647 522 325 447 728 629 394 246 566 200 111 549 90 192 198 123 765 133 905 598 288 508 531 621 131 947 280 878 346 449 801 197 373 780 481 940 866 290 653 348 251 286 212 597 128 205 209 552 494 464 187 592 150 542 580 40 780 0 682 780 663 443 396 432 123 93 902 759 717 381 77 457 331
622 627 662 608 449 872 1201 516 396 431 228 469 857 549 774 652 1171 629 584 512 645 372 805 996 95 618 681 1212 524 692 1294 920 412 1023 278 391 651 510 1357 336 523 341 527 658 337 463 433 799 615 784 854 868 1233 1148 544 552 1222 604 1205 1240 643 748 682 0 243 232 984 888 288 594 590 696 518 1378 324 740 866 414
686 691 591 666 380 1093 1268 520 608 674 153 450 994 439 916 717 1312 752 631 585 707 612 883 834 315 622 601 1303 389 748 1189 1048 168 1126 331 162 686 493 1341 554 280 103 704 893 481 614 495 940 847 855 975 985 1309 1190 480 698 1360 664 1322 1282 748 578 780 243 0 475 980 877 348 668 688 482 762 1419 495 821 1055 456
647 652 797 641 606 676 1181 610 252 199 436 588 777 718 694 672 1071 588 631 545 669 154 796 1177 183 698 820 1167 709 716 1426 848 644 973 396 620 699 622 1412 196 755 572 425 441 335 412 493 718 407 784 793 812 1204 1156 685 492 1125 636 1133 1244 622 940 663 232 475 0 1044 958 396 612 584 915 286 1380 286 734 717 498
401 397 420 403 602 1071 414 471 868 1147 835 532 580 583 591 382 740 533 413 498 382 1170 342 663 926 367 425 523 651 338 536 553 1008 474 707 924 344 489 372 888 1022 1033 729 1097 708 664 558 588 1041 324 511 493 470 277 507 623 754 409 636 353 475 673 443 984 980 1044 0 103 696 439 484 864 1190 471 761 370 853 570
329 325 319 326 499 1040 489 372 796 1072 733 431 572 481 567 315 772 482 328 415 312 1089 320 603 833 270 326 585 550 275 552 557 904 504 610 821 261 387 469 812 920 930 670 1043 624 594 467 569 986 294 504 489 544 362 404 563 792 332 684 446 422 585 396 888 877 958 103 0 599 366 419 770 1120 570 679 331 833 475
347 352 400 330 218 822 933 229 363 564 200 193 647 333 572 378 965 405 301 241 370 547 541 792 239 329 423 959 341 415 1032 700 464 779 17 395 365 230 1068 334 545 439 391 678 165 285 153 594 622 515 627 636 970 868 288 360 1012 327 973 961 399 570 432 288 348 396 696 599 0 325 339 599 637 1099 210 477 738 126
37 41 376 46 374 722 609 202 430 708 515 270 368 445 313 60 672 155 75 84 57 732 216 807 518 182 402 635 498 104 898 403 759 459 341 680 113 250 801 449 818 751 310 685 278 227 173 330 626 191 328 332 645 555 344 206 714 39 659 646 108 665 123 594 668 612 439 366 325 0 64 781 753 785 326 152 554 213
95 98 439 110 421 657 611 256 384 666 537 319 322 500 259 103 634 93 138 112 107 695 216 872 509 247 466 623 550 146 958 365 790 439 357 714 175 304 838 411 856 775 251 625 260 181 197 277 567 200 290 298 642 573 401 145 678 104 633 661 60 725 93 590 688 584 484 419 339 64 0 833 705 799 299 152 492 243
774 776 462 750 416 1418 1252 578 960 1111 479 515 1149 336 1092 798 1442 924 710 724 786 1065 946 414 733 629 448 1331 283 804 843 1178 352 1198 586 320 724 530 1153 923 272 434 979 1273 763 865 659 1110 1218 910 1104 1103 1304 1132 439 921 1479 752 1400 1216 888 205 902 696 482 915 864 770 599 781 833 0 1195 1335 809 902 1309 611
791 795 1022 794 855 494 1234 818 323 88 716 815 784 970 711 807 1026 670 796 710 809 168 889 1429 463 886 1047 1190 971 851 1632 857 930 1001 642 906 860 841 1540 317 1042 857 471 236 519 526 689 731 242 888 823 845 1245 1243 920 573 1080 787 1121 1321 722 1204 759 518 762 286 1190 1120 637 753 705 1195 0 1449 458 837 624 709
756 751 889 770 1053 1169 222 898 1156 1431 1268 969 679 1050 742 726 612 795 798 866 733 1477 584 1094 1303 797 895 319 1118 686 811 612 1466 464 1114 1382 736 928 321 1196 1489 1483 984 1290 1058 968 947 724 1246 598 630 606 234 230 965 894 589 774 460 138 757 1141 717 1378 1419 1380 471 570 1099 785 799 1335 1449 0 1097 646 931 974
362 367 565 357 419 617 904 359 155 398 374 362 533 532 450 386 846 314 350 264 383 409 513 983 231 431 590 901 548 430 1174 598 640 708 222 583 418 384 1127 141 734 597 209 470 60 141 230 475 413 499 534 550 931 872 468 229 898 351 884 960 341 774 381 324 495 286 761 679 210 326 299 809 458 1097 0 450 559 252
138 134 463 161 512 709 460 335 523 804 668 409 264 566 240 108 540 167 201 236 120 840 64 870 660 274 486 482 626 99 883 277 908 310 494 828 178 380 703 556 962 902 367 727 412 325 326 246 672 51 206 202 494 421 463 263 577 161 511 509 115 765 77 740 821 734 370 331 477 152 152 902 837 646 450 0 506 365
576 577 931 597 892 238 710 744 475 649 928 797 277 985 266 566 408 399 630 590 577 728 514 1360 770 736 957 627 1027 588 1383 328 1196 470 755 1133 652 791 1117 536 1283 1156 351 405 579 453 650 265 383 539 345 367 701 774 889 388 461 592 525 827 450 1216 457 866 1055 717 853 833 738 554 492 1309 624 931 559 506 0 697
229 234 312 209 195 816 813 112 404 644 303 113 564 298 496 260 877 324 177 132 250 641 426 734 358 206 338 847 331 293 931 608 547 672 140 470 239 132 942 393 612 538 373 710 192 259 48 517 651 398 534 540 852 744 220 309 921 207 871 836 303 539 331 414 456 498 570 475 126 213 243 611 709 974 252 365 697 0
