0 251 710 1565 695 1236 482 621 1619 975 442 1215 1048 1377 1705 536 616
251 0 957 1355 932 985 232 842 1384 884 347 1463 797 1442 1927 677 439
710 957 0 2251 424 1942 1182 260 2326 1537 988 625 1753 1576 1277 803 1299
1565 1355 2251 0 2057 707 1197 2187 327 883 1569 2605 799 1678 2820 1590 953
695 932 424 2057 0 1881 1162 626 2187 1253 1103 554 1701 1160 1020 482 1143
1236 985 1942 707 1881 0 761 1805 521 1077 1057 2429 189 1932 2809 1498 779
482 232 1182 1197 1162 761 0 1048 1187 887 379 1695 572 1561 2147 869 393
621 842 260 2187 626 1805 1048 0 2226 1552 792 883 1616 1724 1537 890 1238
1619 1384 2326 327 2187 521 1187 2226 0 1114 1531 2741 674 1951 3021 1744 1045
975 884 1537 883 1253 1077 887 1552 1114 0 1219 1776 988 861 1938 771 495
442 347 988 1569 1103 1057 379 792 1531 1219 0 1575 872 1778 2124 971 744
1215 1463 625 2605 554 2429 1695 883 2741 1776 1575 0 2247 1483 694 1016 1698
1048 797 1753 799 1701 189 572 1616 674 988 872 2247 0 1826 2644 1333 627
1377 1442 1576 1678 1160 1932 1561 1724 1951 861 1778 1483 1826 0 1331 864 1236
1705 1927 1277 2820 1020 2809 2147 1537 3021 1938 2124 694 2644 1331 0 1311 2032
536 677 803 1590 482 1498 869 890 1744 771 971 1016 1333 864 1311 0 723
616 439 1299 953 1143 779 393 1238 1045 495 744 1698 627 1236 2032 723 0
