0 1084 1673 705 1141 523 810 842 747 1629 286 1022 642 1004 1391 1336
1084 0 900 665 934 1441 1202 1130 1508 2709 1076 2013 879 1946 2109 534
1673 900 0 1526 1834 1790 2057 1998 2289 3141 1510 2693 1723 2202 2119 379
705 665 1526 0 481 1210 537 472 864 2269 874 1421 216 1707 2045 1146
1141 934 1834 481 0 1661 567 466 1003 2585 1344 1613 503 2142 2514 1467
523 1441 1790 1210 1661 0 1312 1355 1140 1351 369 1152 1165 511 875 1526
810 1202 2057 537 567 1312 0 101 436 2046 1081 1046 334 1733 2187 1677
842 1130 1998 472 466 1355 101 0 536 2137 1102 1146 289 1792 2230 1618
747 1508 2289 864 1003 1140 436 536 0 1634 1030 610 651 1468 1986 1919
1629 2709 3141 2269 2585 1351 2046 2137 1634 0 1667 1086 2117 1007 1457 2871
286 1076 1510 874 1344 369 1081 1102 1030 1667 0 1237 869 880 1170 1210
1022 2013 2693 1421 1613 1152 1046 1146 610 1086 1237 0 1222 1259 1836 2347
642 879 1723 216 503 1165 334 289 651 2117 869 1222 0 1639 2028 1344
1004 1946 2202 1707 2142 511 1733 1792 1468 1007 880 1259 1639 0 579 1980
1391 2109 2119 2045 2514 875 2187 2230 1986 1457 1170 1836 2028 579 0 1992
1336 534 379 1146 1467 1526 1677 1618 1919 2871 1210 2347 1344 1980 1992 0
