0 1378 1280 1728 1023 1528 8 658 878 744 1549 715 1608 1183 43 369
1378 0 2358 477 2319 452 1375 1324 2254 656 2676 2036 2934 2463 1405 1533
1280 2358 0 2805 1575 2277 1289 1921 980 1879 320 718 1811 1699 1294 1532
1728 477 2805 0 2577 838 1724 1503 2602 985 3119 2424 3194 2706 1748 1804
1023 2319 1575 2577 0 2534 1021 1097 598 1663 1676 894 617 163 982 786
1528 452 2277 838 2534 0 1527 1645 2364 924 2597 2094 3134 2688 1564 1765
8 1375 1289 1724 1021 1527 0 649 881 740 1557 721 1608 1182 40 363
658 1324 1921 1503 1097 1645 649 0 1293 723 2169 1278 1705 1213 635 423
878 2254 980 2602 598 2364 881 1293 0 1621 1083 356 915 719 855 874
744 656 1879 985 1663 924 740 723 1621 0 2183 1440 2278 1808 766 877
1549 2676 320 3119 1676 2597 1557 2169 1083 2183 0 908 1803 1779 1557 1763
715 2036 718 2424 894 2094 721 1278 356 1440 908 0 1272 1037 709 862
1608 2934 1811 3194 617 3134 1608 1705 915 2278 1803 1272 0 493 1571 1402
1183 2463 1699 2706 163 2688 1182 1213 719 1808 1779 1037 493 0 1142 931
43 1405 1294 1748 982 1564 40 635 855 766 1557 709 1571 1142 0 328
369 1533 1532 1804 786 1765 363 423 874 877 1763 862 1402 931 328 0
