0 138 781 624 1307 761 678 387 1290 553 1196 937 1270 392 1178 1378
138 0 660 759 1219 657 815 287 1427 689 1061 833 1254 419 1207 1266
781 660 0 1326 1322 813 1391 407 1987 1323 755 240 1038 1023 1745 615
624 759 1326 0 1855 1354 68 924 670 252 1820 1414 1377 803 1376 1857
1307 1219 1322 1855 0 574 1886 1325 2442 1664 774 1556 2322 1057 1072 1767
761 657 813 1354 574 0 1396 752 1988 1202 604 1053 1763 616 1048 1353
678 815 1391 68 1886 1396 0 988 612 247 1874 1482 1439 830 1367 1926
387 287 407 924 1325 752 988 0 1590 917 983 551 1029 699 1477 991
1290 1427 1987 670 2442 1988 612 1590 0 786 2485 2053 1829 1392 1739 2487
553 689 1323 252 1664 1202 247 917 786 0 1719 1451 1549 608 1124 1898
1196 1061 755 1820 774 604 1874 983 2485 1719 0 938 1787 1186 1626 1031
937 833 240 1414 1556 1053 1482 551 2053 1451 938 0 857 1225 1970 447
1270 1254 1038 1377 2322 1763 1439 1029 1829 1549 1787 857 0 1660 2448 1045
392 419 1023 803 1057 616 830 699 1392 608 1186 1225 1660 0 790 1639
1178 1207 1745 1376 1072 1048 1367 1477 1739 1124 1626 1970 2448 790 0 2346
1378 1266 615 1857 1767 1353 1926 991 2487 1898 1031 447 1045 1639 2346 0
