0 407 850 748 332 332 56 763 695 689 734 397 809 496 666 2 367 681 451 769 89 583 224 365 685 180 857 575 612 113 332 278 529 732 293 489 270 473 132 356 460 279 588 73 543 687 486 24 143 728 460 743 286 304 580 396 604 517 328 578 476 475 530 342 392 774 433 328 290 502 759 497 287 489 567 418 685 565
407 0 1258 451 236 326 412 984 896 1095 429 802 913 635 498 407 325 1042 628 389 496 605 621 476 634 545 914 524 260 302 414 665 910 948 521 769 587 825 366 587 801 350 845 473 694 926 882 394 287 1064 868 880 657 698 688 799 564 759 698 768 767 232 682 730 303 937 771 718 426 905 1036 902 463 627 899 521 1080 821
850 1258 0 1537 1140 1095 852 906 928 169 1537 462 1150 985 1393 851 1130 474 943 1604 762 1174 646 998 1287 739 1251 1224 1447 959 1032 625 463 937 883 768 753 595 921 868 629 1031 816 786 996 872 427 864 982 575 392 1063 654 578 1049 467 1230 844 626 944 747 1283 974 572 1159 1056 632 577 970 371 765 366 930 985 599 1028 300 816
748 451 1537 0 687 776 780 969 877 1367 747 1080 782 640 904 747 776 1199 1073 214 817 1053 901 553 427 802 730 389 583 681 861 1027 1277 1393 950 1194 785 1218 769 1019 1200 794 1279 789 1143 1366 1228 726 683 1179 1174 794 1034 960 635 1072 412 1195 1076 1214 1189 274 679 1091 378 1387 938 1077 568 1165 1079 1171 608 635 1036 971 1424 1255
332 236 1140 687 0 89 303 1056 976 989 405 712 1042 736 350 333 90 1013 396 613 415 377 553 576 816 509 1064 699 310 226 180 517 741 714 310 553 587 637 222 369 609 129 620 404 458 696 731 332 190 1059 750 992 496 632 806 713 737 533 532 534 554 449 780 576 468 700 761 568 506 819 1074 810 529 728 895 285 923 597
332 326 1095 776 89 0 291 1084 1009 950 442 685 1091 780 334 334 37 1005 307 702 405 301 540 624 885 513 1120 767 377 244 92 469 678 624 234 470 600 567 204 288 537 63 533 400 368 607 677 339 209 1059 710 1036 442 617 855 687 804 446 475 444 473 532 822 524 538 611 765 517 551 790 1090 779 568 772 898 195 863 510
56 412 852 780 303 291 0 816 749 695 709 411 865 553 626 58 328 714 395 786 114 530 250 420 737 225 914 625 598 110 282 255 505 679 237 440 320 438 87 300 421 234 537 110 486 635 470 77 129 767 460 799 255 329 636 411 655 465 297 523 428 506 587 320 434 719 475 307 345 517 807 509 343 545 608 363 669 514
763 984 906 969 1056 1084 816 0 93 775 1408 654 271 355 1406 761 1116 432 1188 1138 719 1346 632 509 563 598 377 580 1244 840 1096 850 980 1407 1037 1148 497 1030 896 1084 1042 1039 1248 710 1280 1346 891 750 875 340 757 202 892 596 334 641 557 1205 912 1292 1127 836 309 871 703 1482 396 858 561 643 154 666 531 363 331 1179 998 1230
695 896 928 877 976 1009 749 93 0 786 1322 631 222 263 1326 693 1040 462 1130 1045 658 1278 584 420 477 538 326 488 1156 764 1026 806 956 1362 976 1103 435 996 825 1026 1005 966 1204 647 1222 1304 869 680 799 384 740 138 846 559 241 618 466 1156 870 1239 1083 744 216 833 611 1432 366 819 476 635 219 657 448 271 333 1113 992 1185
689 1095 169 1367 989 950 695 775 786 0 1391 295 1005 822 1260 689 986 355 830 1436 599 1058 479 829 1123 571 1103 1057 1292 799 894 484 374 875 751 673 584 498 768 745 530 886 738 622 894 808 312 701 824 463 239 917 517 409 889 299 1064 750 496 852 650 1114 814 438 990 988 469 440 800 202 645 197 761 821 453 903 270 733
734 429 1537 747 405 442 709 1408 1322 1391 0 1118 1341 1063 237 735 407 1414 675 568 820 505 957 902 1046 907 1338 943 177 623 512 911 1114 938 665 870 974 996 627 703 963 505 903 807 689 947 1118 732 590 1453 1151 1309 884 1037 1117 1119 982 822 916 776 879 635 1110 966 731 873 1155 960 847 1224 1449 1214 880 1055 1288 556 1300 884
397 802 462 1080 712 685 411 654 631 295 1118 0 827 585 1010 397 722 360 634 1142 308 845 184 557 873 278 913 793 1008 510 643 254 326 779 518 530 310 386 490 533 404 622 621 328 714 714 238 408 537 448 113 741 298 119 663 12 806 600 299 698 507 821 589 243 701 871 265 235 518 106 570 99 482 582 335 677 382 608
809 913 1150 782 1042 1091 865 271 222 1005 1341 827 0 313 1384 807 1117 684 1259 975 794 1379 749 467 354 682 106 417 1167 854 1125 971 1147 1518 1102 1260 582 1172 930 1160 1177 1058 1362 776 1351 1463 1062 790 886 603 940 87 1007 740 235 815 383 1306 1037 1380 1242 719 278 1008 610 1576 564 993 540 844 424 865 528 321 551 1223 1200 1342
496 635 985 640 736 780 553 355 263 822 1063 585 313 0 1084 494 808 578 947 792 488 1066 466 162 303 384 364 261 895 541 811 681 883 1215 790 960 294 888 616 850 889 746 1062 468 1039 1163 805 477 574 543 698 256 713 478 86 573 254 1001 746 1071 943 482 46 725 348 1267 353 710 230 632 441 648 214 8 414 909 968 1040
666 498 1393 904 350 334 626 1406 1326 1260 237 1010 1384 1084 0 668 298 1339 477 755 740 278 874 922 1131 847 1399 1018 332 570 367 777 947 711 510 675 931 820 538 529 786 393 693 735 472 726 966 672 535 1394 1022 1339 742 950 1151 1014 1057 618 767 558 688 730 1128 823 789 639 1100 820 854 1114 1421 1101 879 1075 1233 369 1134 676
2 407 851 747 333 334 58 761 693 689 735 397 807 494 668 0 369 680 453 768 89 585 224 362 683 179 855 572 613 113 334 280 530 735 296 491 268 475 134 358 462 281 590 72 545 689 487 22 144 727 460 740 288 303 578 396 601 520 330 581 479 473 528 344 390 776 432 330 288 502 757 497 284 486 565 420 686 567
367 325 1130 776 90 37 328 1116 1040 986 407 722 1117 808 298 369 0 1042 321 692 442 287 577 650 902 548 1143 786 351 276 114 504 710 633 263 493 634 597 240 312 566 100 550 436 375 620 711 374 240 1095 746 1064 477 654 881 725 823 464 508 454 497 540 850 559 555 613 801 553 578 827 1124 816 596 800 934 203 895 528
681 1042 474 1199 1013 1005 714 432 462 355 1414 360 684 578 1339 680 1042 0 993 1316 600 1197 465 648 875 507 788 837 1280 790 979 613 643 1130 868 888 455 732 801 891 755 945 975 609 1074 1063 556 682 824 108 422 600 658 389 623 351 833 959 659 1059 865 985 554 603 845 1227 273 595 651 289 292 313 608 580 164 1027 607 963
451 628 943 1073 396 307 395 1188 1130 830 675 634 1259 947 477 453 321 993 0 1009 471 230 563 813 1119 592 1309 1003 663 436 215 379 483 319 157 197 694 352 344 105 317 279 232 485 92 300 520 472 416 1072 608 1190 335 620 1031 642 1036 147 342 141 211 815 980 401 789 329 812 405 737 724 1154 705 738 940 931 122 666 211
769 389 1604 214 613 702 786 1138 1045 1436 568 1142 975 792 755 768 692 1316 1009 0 850 945 958 673 625 866 933 564 423 677 794 1041 1291 1325 909 1158 874 1211 752 975 1189 736 1231 824 1067 1309 1255 750 668 1311 1223 977 1039 1027 804 1137 595 1145 1080 1146 1156 331 835 1106 470 1302 1045 1094 664 1237 1233 1239 707 785 1157 895 1453 1208
89 496 762 817 415 405 114 719 658 599 820 308 794 488 740 89 442 600 471 850 0 631 137 380 711 121 852 607 701 202 390 218 463 726 317 472 223 425 201 369 418 347 574 28 563 675 411 102 231 653 373 722 238 216 574 306 631 513 277 586 456 546 516 278 449 781 364 263 312 412 700 408 296 482 495 461 608 552
583 605 1174 1053 377 301 530 1346 1278 1058 505 845 1379 1066 278 585 287 1197 230 945 631 0 746 915 1186 751 1414 1068 546 525 254 593 713 433 329 419 850 582 453 314 547 321 421 637 199 448 749 598 494 1269 830 1319 551 813 1145 851 1105 353 564 283 436 826 1105 624 839 371 992 625 840 941 1331 923 852 1058 1119 171 896 407
224 621 646 901 553 540 250 632 584 479 957 184 749 466 874 224 577 465 563 958 137 746 0 400 730 100 821 638 836 337 516 223 421 778 420 518 171 424 336 458 428 480 619 151 653 719 349 231 368 525 272 669 262 79 551 179 656 573 288 660 498 639 482 260 523 849 249 244 350 283 591 282 319 461 372 574 532 600
365 476 998 553 576 624 420 509 420 829 902 557 467 162 922 362 650 648 813 673 380 915 400 0 333 303 500 238 736 390 661 592 819 1097 656 848 247 801 473 720 796 593 949 355 904 1049 750 342 421 638 664 417 617 439 231 548 256 882 654 943 834 346 208 645 206 1139 385 629 75 629 573 639 84 154 486 764 931 927
685 634 1287 427 816 885 737 563 477 1123 1046 873 354 303 1131 683 902 875 1119 625 711 1186 730 333 0 635 309 117 868 683 942 925 1151 1417 966 1174 566 1135 774 1034 1129 870 1274 685 1206 1372 1079 661 706 828 984 374 949 759 253 863 82 1202 987 1255 1161 410 321 978 347 1448 655 962 399 930 693 944 418 302 714 1052 1254 1250
180 545 739 802 509 513 225 598 538 571 907 278 682 384 847 179 548 507 592 866 121 751 100 303 635 0 746 540 774 284 507 297 516 836 438 578 102 506 311 488 505 458 680 115 684 781 448 176 319 549 373 607 329 161 471 272 559 625 362 703 560 543 407 345 424 897 252 329 249 371 582 373 220 378 386 582 633 659
857 914 1251 730 1064 1120 914 377 326 1103 1338 913 106 364 1399 855 1143 788 1309 933 852 1414 821 500 309 746 0 396 1161 890 1161 1041 1229 1579 1151 1323 651 1246 972 1213 1248 1093 1426 832 1400 1527 1146 837 920 709 1027 188 1075 820 278 901 358 1365 1106 1434 1306 705 339 1081 611 1630 653 1066 575 937 531 957 571 371 652 1264 1291 1404
575 524 1224 389 699 767 625 580 488 1057 943 793 417 261 1018 572 786 837 1003 564 607 1068 638 238 117 540 396 0 766 567 825 823 1056 1304 852 1064 483 1032 659 920 1025 753 1163 580 1090 1261 988 551 589 804 901 413 845 676 246 783 39 1090 884 1140 1052 308 294 879 231 1333 596 863 295 859 691 871 320 257 673 935 1169 1139
612 260 1447 583 310 377 598 1244 1156 1292 177 1008 1167 895 332 613 351 1280 663 423 701 546 836 736 868 774 1161 766 0 499 465 826 1051 960 612 843 831 944 525 663 914 434 895 684 700 956 1042 605 470 1311 1055 1138 807 916 946 1007 805 810 843 785 848 458 942 887 558 916 1014 878 685 1114 1293 1107 721 887 1146 541 1233 874
113 302 959 681 226 244 110 840 764 799 623 510 854 541 570 113 276 790 436 677 202 525 337 390 683 284 890 567 499 0 271 364 613 742 287 519 361 539 94 357 520 204 611 185 523 705 580 108 35 833 567 796 361 417 619 509 600 532 403 574 511 408 581 429 356 766 535 417 315 615 850 610 327 533 669 374 779 587
332 414 1032 861 180 92 282 1096 1026 894 512 643 1125 811 367 334 114 979 215 794 390 254 516 661 942 507 1161 825 465 271 0 410 601 534 153 379 602 485 200 198 454 72 440 391 282 515 608 345 241 1041 655 1065 378 590 890 647 861 353 406 354 383 609 850 459 601 528 755 455 586 747 1089 733 597 803 885 112 788 417
278 665 625 1027 517 469 255 850 806 484 911 254 971 681 777 280 504 613 379 1041 218 593 223 592 925 297 1041 823 826 364 410 0 250 557 271 298 390 209 305 280 207 405 398 246 461 497 217 300 378 695 245 892 44 255 767 262 846 359 65 452 277 754 702 64 665 635 456 52 527 348 794 330 507 675 563 428 415 380
529 910 463 1277 741 678 505 980 956 374 1114 326 1147 883 947 530 710 643 483 1291 463 713 421 819 1151 516 1229 1056 1051 613 601 250 0 502 448 305 590 132 545 418 166 618 363 491 533 435 89 551 624 745 226 1063 252 409 967 339 1075 381 212 482 284 1004 895 186 912 613 590 200 761 356 889 331 735 879 657 577 186 359
732 948 937 1393 714 624 679 1407 1362 875 938 779 1518 1215 711 735 633 1130 319 1325 726 433 778 1097 1417 836 1579 1304 960 742 534 557 502 0 454 259 936 397 648 384 375 598 159 747 260 67 580 756 727 1225 708 1442 516 811 1301 790 1334 215 495 179 280 1133 1242 540 1098 123 1012 552 1023 841 1344 817 1016 1208 1111 430 636 177
293 521 883 950 310 234 237 1037 976 751 665 518 1102 790 510 296 263 868 157 909 317 329 420 656 966 438 1151 852 612 287 153 271 448 454 0 248 540 333 193 70 302 180 329 329 249 419 458 314 273 940 515 1033 233 484 874 524 884 246 257 288 247 684 823 313 644 483 668 310 581 617 1010 601 580 782 792 159 635 305
489 769 768 1194 553 470 440 1148 1103 673 870 530 1260 960 675 491 493 888 197 1158 472 419 518 848 1174 578 1323 1064 843 519 379 298 305 259 248 0 677 175 427 183 143 424 102 495 229 203 361 513 512 979 474 1183 256 553 1046 541 1093 76 237 179 23 925 985 287 872 341 754 297 777 603 1089 581 766 953 856 313 480 82
270 587 753 785 587 600 320 497 435 584 974 310 582 294 931 268 634 455 694 874 223 850 171 247 566 102 651 483 831 361 602 390 590 936 540 677 0 595 403 591 597 549 780 213 786 881 514 260 397 480 418 506 425 193 379 300 496 726 455 805 659 543 312 431 410 999 183 415 217 383 490 392 177 289 314 681 687 759
473 825 595 1218 637 567 438 1030 996 498 996 386 1172 888 820 475 597 732 352 1211 425 582 424 801 1135 506 1246 1032 944 539 485 209 132 397 333 175 595 0 459 294 34 510 245 452 401 330 188 497 543 829 311 1091 188 437 974 398 1056 251 148 354 153 944 907 164 866 499 634 179 737 444 956 420 717 883 721 451 314 237
132 366 921 769 222 204 87 896 825 768 627 490 930 616 538 134 240 801 344 752 201 453 336 473 774 311 972 659 525 94 200 305 545 648 193 427 403 459 0 263 437 147 517 197 433 611 522 145 85 855 530 867 292 415 698 492 692 438 332 481 420 498 653 368 450 673 562 357 397 596 892 587 402 608 695 292 719 493
356 587 868 1019 369 288 300 1084 1026 745 703 533 1160 850 529 358 312 891 105 975 369 314 458 720 1034 488 1213 920 663 357 198 280 418 384 70 183 591 294 263 0 261 241 259 384 195 349 441 378 343 968 516 1090 237 515 935 541 952 176 249 222 185 754 881 309 714 418 707 310 645 627 1049 609 643 842 826 160 605 235
460 801 629 1200 609 537 421 1042 1005 530 963 404 1177 889 786 462 566 755 317 1189 418 547 428 796 1129 505 1248 1025 914 520 454 207 166 375 302 143 597 34 437 261 0 481 220 444 367 310 218 484 522 850 336 1096 179 446 975 415 1049 219 142 322 120 926 909 171 853 473 646 185 730 467 972 444 712 883 737 417 349 209
279 350 1031 794 129 63 234 1039 966 886 505 622 1058 746 393 281 100 945 279 736 347 321 480 593 870 458 1093 753 434 204 72 405 618 598 180 424 549 510 147 241 481 0 495 344 352 575 614 289 172 1001 646 1000 379 556 823 625 789 409 412 420 426 539 786 461 528 598 710 454 519 727 1039 715 532 738 842 184 801 472
588 845 816 1279 620 533 537 1248 1204 738 903 621 1362 1062 693 590 550 975 232 1231 574 421 619 949 1274 680 1426 1163 895 611 440 398 363 159 329 102 780 245 517 259 220 495 0 596 221 101 433 612 600 1069 556 1285 357 652 1148 633 1192 86 335 142 121 1013 1087 381 966 253 853 392 877 688 1185 664 867 1055 952 354 519 24
73 473 786 789 404 400 110 710 647 622 807 328 776 468 735 72 436 609 485 824 28 637 151 355 685 115 832 580 684 185 391 246 491 747 329 495 213 452 197 384 444 344 596 0 577 697 439 80 217 658 399 705 265 231 554 326 605 533 305 603 479 518 498 306 420 799 365 291 286 432 697 428 271 461 498 468 635 574
543 694 996 1143 458 368 486 1280 1222 894 689 714 1351 1039 472 545 375 1074 92 1067 563 199 653 904 1206 684 1400 1090 700 523 282 461 533 260 249 229 786 401 433 195 367 352 221 577 0 259 581 563 501 1156 679 1283 416 707 1123 723 1124 157 417 87 249 891 1073 476 873 246 901 481 828 801 1243 780 829 1032 1018 172 709 207
687 926 872 1366 696 607 635 1346 1304 808 947 714 1463 1163 726 689 620 1063 300 1309 675 448 719 1049 1372 781 1527 1261 956 705 515 497 435 67 419 203 881 330 611 349 310 575 101 697 259 0 513 711 692 1160 641 1386 457 750 1249 725 1291 173 434 171 221 1102 1189 477 1061 184 951 489 976 774 1281 750 967 1156 1047 418 571 122
486 882 427 1228 731 677 470 891 869 312 1118 238 1062 805 966 487 711 556 520 1255 411 749 349 750 1079 448 1146 988 1042 580 608 217 89 580 458 361 514 188 522 441 218 614 433 439 581 513 0 506 595 657 136 977 235 327 887 250 1006 438 202 540 338 957 815 155 857 686 503 165 696 268 799 243 667 801 567 601 198 425
24 394 864 726 332 339 77 750 680 701 732 408 790 477 672 22 374 682 472 750 102 598 231 342 661 176 837 551 605 108 345 300 551 756 314 513 260 497 145 378 484 289 612 80 563 711 506 0 142 726 475 725 310 310 560 406 580 541 351 600 501 453 512 364 369 796 429 350 267 512 750 508 266 469 563 435 704 588
143 287 982 683 190 209 129 875 799 824 590 537 886 574 535 144 240 824 416 668 231 494 368 421 706 319 920 589 470 35 241 378 624 727 273 512 397 543 85 343 522 172 600 217 501 692 595 142 0 868 590 829 371 448 651 537 624 519 412 556 505 413 614 443 373 745 570 431 346 643 886 636 360 565 704 347 793 576
728 1064 575 1179 1059 1059 767 340 384 463 1453 448 603 543 1394 727 1095 108 1072 1311 653 1269 525 638 828 549 709 804 1311 833 1041 695 745 1225 940 979 480 829 855 968 850 1001 1069 658 1156 1160 657 726 868 0 521 522 740 455 574 438 795 1048 746 1146 956 983 512 692 842 1320 298 683 654 389 191 414 612 547 165 1097 716 1056
460 868 392 1174 750 710 460 757 740 239 1151 113 940 698 1022 460 746 422 608 1223 373 830 272 664 984 373 1027 901 1055 567 655 245 226 708 515 474 418 311 530 516 336 646 556 399 679 641 136 475 590 521 0 853 282 225 777 126 915 548 266 650 451 910 703 206 796 809 376 205 620 133 663 108 586 695 431 670 269 545
743 880 1063 794 992 1036 799 202 138 917 1309 741 87 256 1339 740 1064 600 1190 977 722 1319 669 417 374 607 188 413 1138 796 1065 892 1063 1442 1033 1183 506 1091 867 1090 1096 1000 1285 705 1283 1386 977 725 829 522 853 0 929 657 192 729 383 1232 957 1308 1165 700 214 926 580 1503 477 912 486 757 351 778 468 264 464 1160 1113 1265
286 657 654 1034 496 442 255 892 846 517 884 298 1007 713 742 288 477 658 335 1039 238 551 262 617 949 329 1075 845 807 361 378 44 252 516 233 256 425 188 292 237 179 379 357 265 416 457 235 310 371 740 282 929 0 299 800 306 870 315 42 408 236 760 736 81 678 592 499 77 550 390 838 372 532 707 607 388 427 338
304 698 578 960 632 617 329 596 559 409 1037 119 740 478 950 303 654 389 620 1027 216 813 79 439 759 161 820 676 916 417 590 255 409 811 484 553 193 437 415 515 446 556 652 231 707 750 327 310 448 455 225 657 299 0 560 112 689 614 316 706 531 704 487 275 582 891 201 261 398 209 538 212 362 474 311 641 494 634
580 688 1049 635 806 855 636 334 241 889 1117 663 235 86 1151 578 881 623 1031 804 574 1145 551 231 253 471 278 246 946 619 890 767 967 1301 874 1046 379 974 698 935 975 823 1148 554 1123 1249 887 560 651 574 777 192 800 560 0 652 227 1087 833 1156 1029 512 75 811 389 1352 421 795 304 705 447 722 295 92 463 990 1046 1127
396 799 467 1072 713 687 411 641 618 299 1119 12 815 573 1014 396 725 351 642 1137 306 851 179 548 863 272 901 783 1007 509 647 262 339 790 524 541 300 398 492 541 415 625 633 326 723 725 250 406 537 438 126 729 306 112 652 0 795 610 308 708 518 815 577 254 694 882 252 245 510 106 558 102 473 571 323 683 394 618
604 564 1230 412 737 804 655 557 466 1064 982 806 383 254 1057 601 823 833 1036 595 631 1105 656 256 82 559 358 39 805 600 861 846 1075 1334 884 1093 496 1056 692 952 1049 789 1192 605 1124 1291 1006 580 624 795 915 383 870 689 227 795 0 1120 908 1173 1080 347 283 901 269 1366 599 885 319 868 674 881 340 252 669 970 1184 1169
517 759 844 1195 533 446 465 1205 1156 750 822 600 1306 1001 618 520 464 959 147 1145 513 353 573 882 1202 625 1365 1090 810 532 353 359 381 215 246 76 726 251 438 176 219 409 86 533 157 173 438 541 519 1048 548 1232 315 614 1087 610 1120 0 302 102 99 930 1029 356 888 276 815 365 808 676 1153 654 801 994 921 270 553 64
328 698 626 1076 532 475 297 912 870 496 916 299 1037 746 767 330 508 659 342 1080 277 564 288 654 987 362 1106 884 843 403 406 65 212 495 257 237 455 148 332 249 142 412 335 305 417 434 202 351 412 746 266 957 42 316 833 308 908 302 0 399 215 802 767 59 720 577 517 64 589 383 852 363 570 741 619 406 390 318
578 768 944 1214 534 444 523 1292 1239 852 776 698 1380 1071 558 581 454 1059 141 1146 586 283 660 943 1255 703 1434 1140 785 574 354 452 482 179 288 179 805 354 481 222 322 420 142 603 87 171 540 600 556 1146 650 1308 408 706 1156 708 1173 102 399 0 202 957 1102 455 929 195 905 463 868 777 1245 755 865 1064 1016 250 650 133
476 767 747 1189 554 473 428 1127 1083 650 879 507 1242 943 688 479 497 865 211 1156 456 436 498 834 1161 560 1306 1052 848 511 383 277 284 280 247 23 659 153 420 185 120 426 121 479 249 221 338 501 505 956 451 1165 236 531 1029 518 1080 99 215 202 0 918 968 264 862 363 733 275 762 580 1067 557 751 936 834 323 461 102
475 232 1283 274 449 532 506 836 744 1114 635 821 719 482 730 473 540 985 815 331 546 826 639 346 410 543 705 308 458 408 609 754 1004 1133 684 925 543 944 498 754 926 539 1013 518 891 1102 957 453 413 983 910 700 760 704 512 815 347 930 802 957 918 0 527 818 141 1137 713 804 333 913 917 916 376 474 827 722 1154 988
530 682 974 679 780 822 587 309 216 814 1110 589 278 46 1128 528 850 554 980 835 516 1105 482 208 321 407 339 294 942 581 850 702 895 1242 823 985 312 907 653 881 909 786 1087 498 1073 1189 815 512 614 512 703 214 736 487 75 577 283 1029 767 1102 968 527 0 743 394 1297 345 727 273 629 400 646 254 55 392 946 971 1066
342 730 572 1091 576 524 320 871 833 438 966 243 1008 725 823 344 559 603 401 1106 278 624 260 645 978 345 1081 879 887 429 459 64 186 540 313 287 431 164 368 309 171 461 381 306 476 477 155 364 443 692 206 926 81 275 811 254 901 356 59 455 264 818 743 0 727 628 475 15 583 324 804 304 560 720 570 465 351 366
392 303 1159 378 468 538 434 703 611 990 731 701 610 348 789 390 555 845 789 470 449 839 523 206 347 424 611 231 558 356 601 665 912 1098 644 872 410 866 450 714 853 528 966 420 873 1061 857 369 373 842 796 580 678 582 389 694 269 888 720 929 862 141 394 727 0 1118 575 712 195 788 777 793 238 340 687 712 1050 942
774 937 1056 1387 700 611 719 1482 1432 988 873 871 1576 1267 639 776 613 1227 329 1302 781 371 849 1139 1448 897 1630 1333 916 766 528 635 613 123 483 341 999 499 673 418 473 598 253 799 246 184 686 796 745 1320 809 1503 592 891 1352 882 1366 276 577 195 363 1137 1297 628 1118 0 1091 638 1063 941 1429 917 1061 1260 1197 416 755 264
433 771 632 938 761 765 475 396 366 469 1155 265 564 353 1100 432 801 273 812 1045 364 992 249 385 655 252 653 596 1014 535 755 456 590 1012 668 754 183 634 562 707 646 710 853 365 901 951 503 429 570 298 376 477 499 201 421 252 599 815 517 905 733 713 345 475 575 1091 0 462 380 286 342 304 337 352 133 821 637 836
328 718 577 1077 568 517 307 858 819 440 960 235 993 710 820 330 553 595 405 1094 263 625 244 629 962 329 1066 863 878 417 455 52 200 552 310 297 415 179 357 310 185 454 392 291 481 489 165 350 431 683 205 912 77 261 795 245 885 365 64 463 275 804 727 15 712 638 462 0 567 319 793 300 544 704 559 464 362 377
290 426 970 568 506 551 345 561 476 800 847 518 540 230 854 288 578 651 737 664 312 840 350 75 399 249 575 295 685 315 586 527 761 1023 581 777 217 737 397 645 730 519 877 286 828 976 696 267 346 654 620 486 550 398 304 510 319 808 589 868 762 333 273 583 195 1063 380 567 0 598 610 606 43 221 495 688 882 854
502 905 371 1165 819 790 517 643 635 202 1224 106 844 632 1114 502 827 289 724 1237 412 941 283 629 930 371 937 859 1114 615 747 348 356 841 617 603 383 444 596 627 467 727 688 432 801 774 268 512 643 389 133 757 390 209 705 106 868 676 383 777 580 913 629 324 788 941 286 319 598 0 538 25 559 631 312 775 357 676
759 1036 765 1079 1074 1090 807 154 219 645 1449 570 424 441 1421 757 1124 292 1154 1233 700 1331 591 573 693 582 531 691 1293 850 1089 794 889 1344 1010 1089 490 956 892 1049 972 1039 1185 697 1243 1281 799 750 886 191 663 351 838 538 447 558 674 1153 852 1245 1067 917 400 804 777 1429 342 793 610 538 0 562 573 448 234 1160 885 1170
497 902 366 1171 810 779 509 666 657 197 1214 99 865 648 1101 497 816 313 705 1239 408 923 282 639 944 373 957 871 1107 610 733 330 331 817 601 581 392 420 587 609 444 715 664 428 780 750 243 508 636 414 108 778 372 212 722 102 881 654 363 755 557 916 646 304 793 917 304 300 606 25 562 0 568 646 336 759 335 653
287 463 930 608 529 568 343 531 448 761 880 482 528 214 879 284 596 608 738 707 296 852 319 84 418 220 571 320 721 327 597 507 735 1016 580 766 177 717 402 643 712 532 867 271 829 967 667 266 360 612 586 468 532 362 295 473 340 801 570 865 751 376 254 560 238 1061 337 544 43 559 573 568 0 206 452 695 851 845
489 627 985 635 728 772 545 363 271 821 1055 582 321 8 1075 486 800 580 940 785 482 1058 461 154 302 378 371 257 887 533 803 675 879 1208 782 953 289 883 608 842 883 738 1055 461 1032 1156 801 469 565 547 695 264 707 474 92 571 252 994 741 1064 936 474 55 720 340 1260 352 704 221 631 448 646 206 0 417 901 965 1034
567 899 599 1036 895 898 608 331 333 453 1288 335 551 414 1233 565 934 164 931 1157 495 1119 372 486 714 386 652 673 1146 669 885 563 657 1111 792 856 314 721 695 826 737 842 952 498 1018 1047 567 563 704 165 431 464 607 311 463 323 669 921 619 1016 834 827 392 570 687 1197 133 559 495 312 234 336 452 417 0 947 667 936
418 521 1028 971 285 195 363 1179 1113 903 556 677 1223 909 369 420 203 1027 122 895 461 171 574 764 1052 582 1264 935 541 374 112 428 577 430 159 313 681 451 292 160 417 184 354 468 172 418 601 435 347 1097 670 1160 388 641 990 683 970 270 406 250 323 722 946 465 712 416 821 464 688 775 1160 759 695 901 947 0 764 334
685 1080 300 1424 923 863 669 998 992 270 1300 382 1200 968 1134 686 895 607 666 1453 608 896 532 931 1254 633 1291 1169 1233 779 788 415 186 636 635 480 687 314 719 605 349 801 519 635 709 571 198 704 793 716 269 1113 427 494 1046 394 1184 553 390 650 461 1154 971 351 1050 755 637 362 882 357 885 335 851 965 667 764 0 520
565 821 816 1255 597 510 514 1230 1185 733 884 608 1342 1040 676 567 528 963 211 1208 552 407 600 927 1250 659 1404 1139 874 587 417 380 359 177 305 82 759 237 493 235 209 472 24 574 207 122 425 588 576 1056 545 1265 338 634 1127 618 1169 64 318 133 102 988 1066 366 942 264 836 377 854 676 1170 653 845 1034 936 334 520 0
