0 1376 1071 1430 1277 361 422 848 1276 13 81 1430 146 37 418 473
1376 0 1858 423 2196 1735 1217 1687 1423 1364 1454 2080 1291 1414 1389 921
1071 1858 0 1644 2271 1033 1470 225 2321 1067 1091 363 976 1067 675 1134
1430 423 1644 0 2443 1764 1394 1510 1778 1417 1511 1807 1312 1466 1315 958
1277 2196 2271 2443 0 1241 1071 2068 1016 1287 1224 2632 1418 1263 1685 1594
361 1735 1033 1764 1241 0 705 841 1504 372 291 1392 453 324 548 821
422 1217 1470 1394 1071 705 0 1245 856 421 444 1822 494 442 796 530
848 1687 225 1510 2068 841 1245 0 2095 844 873 582 750 846 450 918
1276 1423 2321 1778 1016 1504 856 2095 0 1276 1286 2668 1348 1292 1645 1262
13 1364 1067 1417 1287 372 421 844 1276 0 95 1426 134 49 411 460
81 1454 1091 1511 1224 291 444 873 1286 95 0 1454 220 48 461 554
1430 2080 363 1807 2632 1392 1822 582 2668 1426 1454 0 1329 1428 1026 1449
146 1291 976 1312 1418 453 494 750 1348 134 220 1329 0 172 303 371
37 1414 1067 1466 1263 324 442 846 1292 49 48 1428 172 0 424 510
418 1389 675 1315 1685 548 796 450 1645 411 461 1026 303 424 0 514
473 921 1134 958 1594 821 530 918 1262 460 554 1449 371 510 514 0
