0 739 40 271 481 403 367 268 427 846 235 194 10 406 33 561 373 472 299 447 239 531 644 765 581 196 644 337 281 115 401 815 409 671 333 677 781 636 348 107 150 364 440 460 498 435 505 34 320 259 682 291 173 156 780 370 793 416 688 498 194 194 690 243 484 791 506 428 418 190 171 25 62 519 803 374 207 160
739 0 724 767 1055 1030 657 506 1035 1035 931 690 739 352 705 698 472 1182 479 390 501 1270 1370 1001 643 553 1382 933 737 789 488 1400 536 677 916 1220 1293 143 675 665 612 633 375 1073 455 826 1119 724 544 975 1356 555 575 873 1235 1109 966 1084 664 521 574 778 1118 956 372 120 1233 568 764 648 572 714 680 1140 1519 996 744 579
40 724 0 233 521 442 327 240 466 880 227 224 49 384 42 587 382 503 271 451 222 548 670 727 604 195 664 312 242 92 413 854 372 631 306 653 756 616 376 72 120 389 442 441 464 397 544 6 284 259 717 256 150 191 751 386 753 453 710 461 164 159 730 241 488 781 513 447 378 150 151 33 70 557 831 414 242 148
271 767 233 0 738 650 157 275 678 1112 232 453 281 420 272 806 557 652 295 603 326 611 781 494 813 366 736 166 35 174 596 1051 268 451 148 474 566 634 600 205 226 606 586 305 378 163 748 240 225 288 880 212 263 389 541 464 525 642 915 343 235 84 960 271 637 853 520 650 154 146 275 266 292 758 947 625 476 305
481 1055 521 738 0 99 849 713 66 545 579 387 472 805 497 486 583 295 740 669 648 528 464 1226 549 556 558 736 755 563 573 352 882 1151 742 1022 1131 1001 385 584 613 430 682 801 957 897 80 515 790 548 333 761 616 350 1164 465 1262 164 635 969 651 653 259 550 694 1058 627 511 891 670 607 497 496 102 548 114 333 573
403 1030 442 650 99 0 768 650 33 629 481 343 395 756 423 522 564 222 679 653 592 443 409 1134 579 506 488 639 669 475 561 412 811 1074 646 922 1031 963 381 509 543 427 662 702 893 807 102 437 719 449 327 691 551 261 1065 368 1172 82 674 899 584 565 358 452 682 1044 533 513 804 593 544 422 427 117 518 34 288 513
367 657 327 157 849 768 0 229 793 1163 388 515 376 333 354 832 549 797 232 573 307 768 935 441 827 381 894 310 123 304 591 1178 125 307 291 562 637 516 644 268 256 638 551 437 230 170 870 333 133 445 1022 142 276 510 588 620 449 772 920 187 236 226 1050 427 603 755 677 663 111 181 289 352 362 882 1101 740 551 328
268 506 240 275 713 650 229 0 668 953 426 337 272 154 238 610 320 740 31 344 82 782 910 669 601 173 901 434 252 287 363 1061 186 469 418 748 836 385 439 170 119 425 323 576 245 385 752 242 104 473 947 87 99 423 801 621 671 677 691 265 75 273 878 454 375 582 730 439 334 142 105 243 225 768 1071 618 385 139
427 1035 466 678 66 33 793 668 0 599 514 353 418 769 445 505 566 246 696 654 608 472 428 1164 565 519 513 671 697 503 561 392 832 1098 677 956 1065 973 377 532 564 423 665 735 912 836 85 461 740 482 328 712 570 289 1098 401 1201 108 657 920 604 593 324 485 682 1045 566 508 832 617 562 444 447 105 529 52 298 530
846 1035 880 1112 545 629 1163 953 599 0 1036 658 836 958 840 357 658 840 967 695 870 1072 998 1597 397 784 1102 1175 1115 959 619 666 1138 1420 1174 1500 1609 1055 518 911 909 527 720 1275 1168 1273 614 874 1055 1025 820 1033 887 791 1621 990 1612 707 376 1208 927 1040 326 1020 692 976 1160 528 1245 991 874 847 820 630 1048 623 639 835
235 931 227 232 579 481 388 426 514 1036 0 417 242 580 263 784 607 434 455 678 435 380 549 663 810 422 505 158 265 143 637 857 487 681 167 464 572 811 570 269 320 592 669 239 595 353 570 230 422 56 663 400 359 246 591 232 711 452 918 569 356 169 826 39 715 998 305 661 372 289 365 252 293 574 716 465 412 372
194 690 224 453 387 343 515 337 353 658 417 0 185 418 182 367 241 499 361 329 264 633 692 940 392 170 727 532 457 310 253 739 518 799 528 870 976 619 154 253 259 175 332 651 580 614 439 218 427 428 666 400 248 222 975 486 960 394 500 601 288 384 542 416 363 713 647 250 588 337 237 190 162 458 833 309 55 198
10 739 49 281 472 395 376 272 418 836 242 185 0 407 34 552 367 468 303 443 240 531 641 775 573 193 643 347 291 125 395 807 416 679 343 686 791 637 339 114 155 355 436 469 504 445 497 43 326 264 677 298 175 151 790 371 802 410 680 505 198 204 681 249 480 789 510 420 428 198 174 28 59 511 800 366 197 159
406 352 384 420 805 756 333 154 769 958 580 418 407 0 373 602 299 872 127 280 168 931 1049 743 576 250 1048 583 392 440 339 1157 233 481 567 885 966 232 475 319 266 447 255 724 217 502 854 385 204 626 1068 209 234 554 921 770 730 794 649 270 225 426 936 607 300 433 884 430 444 295 234 380 353 873 1206 722 472 252
33 705 42 272 497 423 354 238 445 840 263 182 34 373 0 545 344 502 269 416 206 565 676 764 562 163 677 354 278 133 374 835 387 654 348 695 799 603 334 87 122 346 408 482 473 435 525 36 297 290 709 268 141 184 793 404 788 441 668 476 165 201 697 274 453 757 539 406 413 174 139 10 30 539 834 392 204 126
561 698 587 806 486 522 832 610 505 357 784 367 552 602 545 0 303 740 621 338 528 935 931 1272 66 451 1002 899 802 677 263 772 792 1070 894 1238 1343 703 214 600 586 199 363 1019 815 959 567 582 714 789 820 695 558 562 1338 811 1280 602 153 858 597 744 441 779 339 658 982 173 923 671 545 554 519 589 1033 497 373 508
373 472 382 557 583 564 549 320 566 658 607 241 367 299 344 303 0 738 325 89 242 870 933 989 283 194 967 683 544 472 42 928 495 769 673 1022 1119 433 204 363 330 165 98 819 511 694 649 378 423 632 892 407 293 457 1098 718 990 625 370 556 325 515 662 617 122 479 871 130 650 411 281 354 314 671 1070 531 288 253
472 1182 503 652 295 222 797 740 246 840 434 499 468 872 502 740 738 0 771 827 703 237 196 1094 795 632 266 585 680 494 744 441 869 1102 597 804 909 1096 579 575 622 623 832 602 966 788 231 500 785 384 228 757 643 318 961 231 1144 139 893 958 666 572 541 396 860 1212 358 711 802 645 640 497 519 219 336 242 449 620
299 479 271 295 740 679 232 31 696 967 455 361 303 127 269 621 325 771 0 341 99 813 942 667 608 194 932 456 269 317 368 1089 171 453 440 765 851 355 456 201 150 440 319 598 219 394 781 274 100 502 978 92 129 454 812 652 665 707 695 244 106 298 901 483 370 559 760 448 340 168 135 274 256 797 1102 646 410 166
447 390 451 603 669 653 573 344 654 695 678 329 443 280 416 338 89 827 341 0 277 955 1022 1007 301 256 1054 741 586 539 97 1010 500 761 729 1075 1169 368 286 422 382 242 25 880 498 728 737 448 441 707 981 430 342 542 1141 801 1001 715 369 550 368 571 732 691 37 390 951 183 679 457 331 427 386 758 1159 620 378 311
239 501 222 326 648 592 307 82 608 870 435 264 240 168 206 528 242 703 99 277 0 769 881 748 520 95 883 471 309 292 284 999 268 551 458 799 892 397 357 166 116 342 259 613 317 453 693 222 186 476 900 167 76 385 863 608 752 627 612 344 91 302 802 457 311 562 733 357 407 180 71 213 184 710 1037 559 316 83
531 1270 548 611 528 443 768 782 472 1072 380 633 531 931 565 935 870 237 813 955 769 0 204 974 983 722 125 490 645 498 886 647 867 1053 508 620 716 1164 748 612 665 787 954 453 974 709 468 547 796 324 399 772 698 413 783 161 1035 364 1086 949 708 548 779 343 991 1320 147 873 741 657 699 556 590 457 359 455 595 691
644 1370 670 781 464 409 935 910 428 998 549 692 641 1049 676 931 933 196 942 1022 881 204 0 1174 988 817 128 679 812 643 940 476 1021 1231 695 823 917 1278 775 741 791 819 1025 655 1123 895 387 668 942 493 222 916 817 498 987 317 1233 328 1084 1107 835 709 681 510 1055 1404 351 907 921 801 816 669 696 369 166 434 644 799
765 1001 727 494 1226 1134 441 669 1164 1597 663 940 775 743 764 1272 989 1094 667 1007 748 974 1174 0 1268 821 1091 508 485 665 1032 1520 510 338 497 447 440 859 1079 686 688 1077 984 522 553 331 1228 733 567 710 1321 582 714 876 339 871 77 1114 1360 488 675 576 1454 700 1034 1115 838 1104 352 606 727 758 779 1235 1334 1112 968 765
581 643 604 813 549 579 827 601 565 397 810 392 573 576 562 66 283 795 608 301 520 983 988 1268 0 451 1055 917 807 695 240 838 778 1051 910 1258 1361 658 243 609 590 217 327 1042 792 962 629 599 704 819 883 687 558 599 1351 854 1272 659 108 838 595 757 507 808 295 597 1023 164 922 674 545 571 534 651 1094 553 406 510
196 553 195 366 556 506 381 173 519 784 422 170 193 250 163 451 194 632 194 256 95 722 817 821 451 0 831 489 356 282 230 908 359 642 479 828 926 464 267 169 139 257 246 626 412 511 604 192 272 453 820 249 107 320 907 563 830 546 550 438 145 321 707 436 293 597 703 287 472 223 94 173 134 623 969 472 223 60
644 1382 664 736 558 488 894 901 513 1102 505 727 643 1048 677 1002 967 266 932 1054 883 125 128 1091 1055 831 0 614 770 619 979 604 991 1178 632 716 806 1280 829 730 783 871 1055 568 1097 833 488 662 919 449 350 895 814 514 881 280 1154 406 1155 1074 826 673 792 467 1089 1427 253 958 865 779 814 669 702 472 250 507 684 803
337 933 312 166 736 639 310 434 671 1175 158 532 347 583 354 899 683 585 456 741 471 490 679 508 917 489 614 0 199 222 718 1013 430 567 19 341 444 800 686 320 359 701 727 142 539 218 728 318 391 201 813 378 400 395 446 367 559 610 1023 497 381 169 980 192 777 1015 377 759 255 294 410 345 382 733 844 622 538 431
281 737 242 35 755 669 123 252 697 1115 265 457 291 392 278 802 544 680 269 586 309 645 812 485 807 356 770 199 0 195 584 1074 233 421 181 496 584 602 600 204 217 603 568 336 343 158 769 249 193 321 907 183 251 408 554 497 511 665 907 308 219 108 972 303 620 825 555 643 136 133 264 273 295 779 979 644 483 296
115 789 92 174 563 475 304 287 503 959 143 310 125 440 133 677 472 494 317 539 292 498 643 665 695 282 619 222 195 0 505 879 378 611 217 562 666 672 464 125 177 479 528 348 481 335 574 96 300 185 718 275 216 214 664 339 699 470 801 465 215 90 789 166 576 855 443 539 329 160 222 124 162 584 808 450 320 230
401 488 413 596 573 561 591 363 561 619 637 253 395 339 374 263 42 744 368 97 284 886 940 1032 240 230 979 718 584 505 0 913 537 811 709 1058 1157 460 188 399 369 144 115 853 553 735 642 409 466 659 889 450 333 474 1137 737 1033 626 328 598 366 551 636 644 121 485 894 92 691 451 320 384 344 664 1073 528 296 291
815 1400 854 1051 352 412 1178 1061 392 666 857 739 807 1157 835 772 928 441 1089 1010 999 647 476 1520 838 908 604 1013 1074 879 913 0 1223 1485 1024 1245 1348 1351 724 922 956 768 1025 1043 1304 1202 310 849 1132 812 253 1104 962 667 1402 672 1565 409 901 1312 996 967 355 821 1032 1394 787 841 1206 1005 955 834 839 296 441 443 685 922
409 536 372 268 882 811 125 186 832 1138 487 518 416 233 387 792 495 869 171 500 268 867 1021 510 778 359 991 430 233 378 537 1223 0 283 411 685 756 394 625 302 268 611 476 561 109 289 913 377 92 542 1088 120 270 564 701 712 500 826 863 89 231 318 1060 523 526 638 786 619 228 224 280 389 385 927 1186 780 562 319
671 677 631 451 1151 1074 307 469 1098 1420 681 799 679 481 654 1070 769 1102 453 761 551 1053 1231 338 1051 642 1178 567 421 611 811 1485 283 0 548 691 724 540 909 567 543 893 736 657 264 352 1176 637 372 737 1328 398 550 817 638 914 291 1079 1130 213 511 529 1341 720 782 795 945 897 313 481 562 654 657 1188 1398 1045 841 601
333 916 306 148 742 646 291 418 677 1174 167 528 343 567 348 894 673 597 440 729 458 508 695 497 910 479 632 19 181 217 709 1024 411 548 0 349 450 783 681 310 347 695 715 157 520 201 736 312 373 213 826 361 388 398 447 382 546 619 1016 478 367 158 984 203 765 999 396 752 236 279 398 339 375 741 861 627 536 420
677 1220 653 474 1022 922 562 748 956 1500 464 870 686 885 695 1238 1022 804 765 1075 799 620 823 447 1258 828 716 341 496 562 1058 1245 685 691 349 0 109 1079 1025 658 693 1041 1059 225 781 396 996 658 681 479 1011 676 733 709 165 575 523 874 1364 722 708 506 1278 481 1110 1315 472 1101 458 619 744 686 723 995 967 913 872 768
781 1293 756 566 1131 1031 637 836 1065 1609 572 976 791 966 799 1343 1119 909 851 1169 892 716 917 440 1361 926 806 444 584 666 1157 1348 756 724 450 109 0 1150 1130 757 789 1145 1152 334 845 467 1104 762 762 588 1111 760 828 818 105 681 517 981 1466 783 801 606 1387 590 1203 1392 568 1202 528 712 839 789 826 1102 1056 1021 979 866
636 143 616 634 1001 963 516 385 973 1055 811 619 637 232 603 703 433 1096 355 368 397 1164 1278 859 658 464 1280 800 602 672 460 1351 394 540 783 1079 1150 0 636 551 498 598 346 939 311 684 1058 617 409 858 1283 422 466 780 1091 1002 826 1009 700 377 457 652 1095 839 364 256 1115 550 622 523 465 610 581 1078 1432 929 675 479
348 675 376 600 385 381 644 439 377 518 570 154 339 475 334 214 204 579 456 286 357 748 775 1079 243 267 829 686 600 464 188 724 625 909 681 1025 1130 636 0 396 390 46 300 805 669 758 456 370 539 576 706 516 368 355 1128 613 1093 452 351 701 409 535 463 566 309 673 781 132 727 473 355 342 310 478 898 350 163 316
107 665 72 205 584 509 268 170 532 911 269 253 114 319 87 600 363 575 201 422 166 612 741 686 609 169 730 320 204 125 399 922 302 567 310 658 757 551 396 0 53 401 409 458 392 362 611 76 212 310 788 184 90 263 742 451 707 524 712 391 95 151 782 291 458 729 567 447 334 87 96 87 94 625 902 479 284 111
150 612 120 226 613 543 256 119 564 909 320 259 155 266 122 586 330 622 150 382 116 665 791 688 590 139 783 359 217 177 369 956 268 543 347 693 789 498 390 53 0 389 367 499 350 372 646 123 176 362 832 148 41 306 767 504 703 564 690 356 44 189 799 344 418 678 620 426 337 84 51 126 116 661 951 512 298 79
364 633 389 606 430 427 638 425 423 527 592 175 355 447 346 199 165 623 440 242 342 787 819 1077 217 257 871 701 603 479 144 768 611 893 695 1041 1145 598 46 401 389 0 258 824 647 760 502 383 527 603 752 505 362 388 1139 649 1088 497 325 683 402 545 497 591 264 628 815 88 726 473 349 355 320 524 944 395 195 311
440 375 442 586 682 662 551 323 665 720 669 332 436 255 408 363 98 832 319 25 259 954 1025 984 327 246 1055 727 568 528 115 1025 476 736 715 1059 1152 346 300 409 367 258 0 866 472 709 748 439 419 699 990 409 326 541 1122 799 977 722 394 525 351 557 751 682 51 382 946 204 658 440 316 419 378 769 1165 628 383 298
460 1073 441 305 801 702 437 576 735 1275 239 651 469 724 482 1019 819 602 598 880 613 453 655 522 1042 626 568 142 336 348 853 1043 561 657 157 225 334 939 805 458 499 824 866 0 667 307 780 445 530 254 821 518 540 484 363 371 587 658 1149 620 522 310 1055 256 916 1157 315 888 360 436 550 472 511 780 813 690 650 569
498 455 464 378 957 893 230 245 912 1168 595 580 504 217 473 815 511 966 219 498 317 974 1123 553 792 412 1097 539 343 481 553 1304 109 264 520 781 845 311 669 392 350 647 472 667 0 384 995 468 181 650 1181 208 341 655 782 817 529 914 867 66 308 426 1119 631 517 565 895 641 323 322 350 476 465 1010 1288 861 629 384
435 826 397 163 897 807 170 385 836 1273 353 614 445 502 435 959 694 788 394 728 453 709 895 331 962 511 833 218 158 335 735 1202 289 352 201 396 467 684 758 362 372 760 709 307 384 0 903 403 298 406 1017 302 404 547 419 580 365 793 1061 328 369 245 1123 393 760 925 594 798 61 288 417 429 452 911 1061 784 639 452
505 1119 544 748 80 102 870 752 85 614 570 439 497 854 525 567 649 231 781 737 693 468 387 1228 629 604 488 728 769 574 642 310 913 1176 736 996 1104 1058 456 611 646 502 748 780 995 903 0 539 822 533 254 794 653 360 1144 427 1269 122 716 1002 686 663 310 537 763 1127 579 585 903 695 646 524 529 22 467 134 384 614
34 724 6 240 515 437 333 242 461 874 230 218 43 385 36 582 378 500 274 448 222 547 668 733 599 192 662 318 249 96 409 849 377 637 312 658 762 617 370 76 123 383 439 445 468 403 539 0 288 260 712 260 151 187 757 385 760 448 705 466 167 166 723 243 485 781 514 442 385 156 152 27 65 552 828 408 236 147
320 544 284 225 790 719 133 104 740 1055 422 427 326 204 297 714 423 785 100 441 186 796 942 567 704 272 919 391 193 300 466 1132 92 372 373 681 762 409 539 212 176 527 419 530 181 298 822 288 0 474 1001 28 178 476 718 639 567 737 794 179 140 254 969 455 470 634 726 543 243 141 189 298 293 836 1106 689 471 228
259 975 259 288 548 449 445 473 482 1025 56 428 264 626 290 789 632 384 502 707 476 324 493 710 819 453 449 201 321 185 659 812 542 737 213 479 588 858 576 310 362 603 699 254 650 406 533 260 474 0 612 452 400 234 615 176 760 412 927 624 401 223 801 19 744 1038 258 676 427 339 405 280 320 536 660 436 415 407
682 1356 717 880 333 327 1022 947 328 820 663 666 677 1068 709 820 892 228 978 981 900 399 222 1321 883 820 350 813 907 718 889 253 1088 1328 826 1011 1111 1283 706 788 832 752 990 821 1181 1017 254 712 1001 612 0 973 848 525 1172 451 1372 274 967 1177 875 799 494 624 1009 1372 544 836 1031 863 844 705 721 231 227 361 612 818
291 555 256 212 761 691 142 87 712 1033 400 400 298 209 268 695 407 757 92 430 167 772 916 582 687 249 895 378 183 275 450 1104 120 398 361 676 760 422 516 184 148 505 409 518 208 302 794 260 28 452 973 0 152 447 720 614 585 708 778 208 112 233 943 433 461 641 705 524 249 115 164 270 265 808 1080 660 443 203
173 575 150 263 616 551 276 99 570 887 359 248 175 234 141 558 293 643 129 342 76 698 817 714 558 107 814 400 251 216 333 962 270 550 388 733 828 466 368 90 41 362 326 540 341 404 653 151 178 400 848 152 0 325 805 536 725 577 656 355 40 230 790 382 377 638 657 394 365 118 13 147 126 669 976 519 292 51
156 873 191 389 350 261 510 423 289 791 246 222 151 554 184 562 457 318 454 542 385 413 498 876 599 320 514 395 408 214 474 667 564 817 398 709 818 780 355 263 306 388 541 484 655 547 360 187 476 234 525 447 325 0 836 263 912 262 707 653 350 304 585 228 577 913 426 470 543 341 322 180 200 371 652 236 193 302
780 1235 751 541 1164 1065 588 801 1098 1621 591 975 790 921 793 1338 1098 961 812 1141 863 783 987 339 1351 907 881 446 554 664 1137 1402 701 638 447 165 105 1091 1128 742 767 1139 1122 363 782 419 1144 757 718 615 1172 720 805 836 0 730 415 1022 1454 718 774 594 1416 614 1174 1339 636 1190 476 686 817 785 819 1144 1132 1052 984 846
370 1109 386 464 465 368 620 621 401 990 232 486 371 770 404 811 718 231 652 801 608 161 317 871 854 563 280 367 497 339 737 672 712 914 382 575 681 1002 613 451 504 649 799 371 817 580 427 385 639 176 451 614 536 263 730 0 926 306 960 796 546 395 725 193 837 1161 172 732 604 499 538 395 430 423 483 368 453 530
793 966 753 525 1262 1172 449 671 1201 1612 711 960 802 730 788 1280 990 1144 665 1001 752 1035 1233 77 1272 830 1154 559 511 699 1033 1565 500 291 546 523 517 826 1093 707 703 1088 977 587 529 365 1269 760 567 760 1372 585 725 912 415 926 0 1157 1361 465 685 609 1483 749 1027 1082 902 1110 374 623 738 784 801 1276 1395 1149 991 777
416 1084 453 642 164 82 772 677 108 707 452 394 410 794 441 602 625 139 707 715 627 364 328 1114 659 546 406 610 665 470 626 409 826 1079 619 874 981 1009 452 524 564 497 722 658 914 793 122 448 737 412 274 708 577 262 1022 306 1157 0 755 915 606 557 422 418 745 1104 463 585 796 603 572 438 451 123 446 105 340 545
688 664 710 915 635 674 920 691 657 376 918 500 680 649 668 153 370 893 695 369 612 1086 1084 1360 108 550 1155 1023 907 801 328 901 863 1130 1016 1364 1466 700 351 712 690 325 394 1149 867 1061 716 705 794 927 967 778 656 707 1454 960 1361 755 0 918 692 861 555 916 353 600 1130 264 1018 774 643 677 640 738 1183 650 514 610
498 521 461 343 969 899 187 265 920 1208 569 601 505 270 476 858 556 958 244 550 344 949 1107 488 838 438 1074 497 308 465 598 1312 89 213 478 722 783 377 701 391 356 683 525 620 66 328 1002 466 179 624 1177 208 355 653 718 796 465 915 918 0 318 401 1143 606 571 631 863 684 267 313 365 478 473 1016 1273 868 647 402
194 574 164 235 651 584 236 75 604 927 356 288 198 225 165 597 325 666 106 368 91 708 835 675 595 145 826 381 219 215 366 996 231 511 367 708 801 457 409 95 44 402 351 522 308 369 686 167 140 401 875 112 40 350 774 546 685 606 692 318 0 213 830 382 402 644 659 431 327 89 53 170 157 701 996 552 331 92
194 778 159 84 653 565 226 273 593 1040 169 384 204 426 201 744 515 572 298 571 302 548 709 576 757 321 673 169 108 90 551 967 318 529 158 506 606 652 535 151 189 545 557 310 426 245 663 166 254 223 799 233 230 304 594 395 609 557 861 401 213 0 878 205 607 855 472 597 239 130 240 193 225 673 875 540 401 262
690 1118 730 960 259 358 1050 878 324 326 826 542 681 936 697 441 662 541 901 732 802 779 681 1454 507 707 792 980 972 789 636 355 1060 1341 984 1278 1387 1095 463 782 799 497 751 1055 1119 1123 310 723 969 801 494 943 790 585 1416 725 1483 422 555 1143 830 878 0 801 745 1092 886 550 1109 869 780 700 688 322 722 365 500 741
243 956 241 271 550 452 427 454 485 1020 39 416 249 607 274 779 617 396 483 691 457 343 510 700 808 436 467 192 303 166 644 821 523 720 203 481 590 839 566 291 344 591 682 256 631 393 537 243 455 19 624 433 382 228 614 193 749 418 916 606 382 205 801 0 728 1020 276 663 412 320 386 264 304 541 677 437 405 390
484 372 488 637 694 682 603 375 682 692 715 363 480 300 453 339 122 860 370 37 311 991 1055 1034 295 293 1089 777 620 576 121 1032 526 782 765 1110 1203 364 309 458 418 264 51 916 517 760 763 485 470 744 1009 461 377 577 1174 837 1027 745 353 571 402 607 745 728 0 364 988 195 710 491 366 464 423 785 1191 649 410 347
791 120 781 853 1058 1044 755 582 1045 976 998 713 789 433 757 658 479 1212 559 390 562 1320 1404 1115 597 597 1427 1015 825 855 485 1394 638 795 999 1315 1392 256 673 729 678 628 382 1157 565 925 1127 781 634 1038 1372 641 638 913 1339 1161 1082 1104 600 631 644 855 1092 1020 364 0 1294 552 864 724 633 767 730 1149 1547 1010 765 633
506 1233 513 520 627 533 677 730 566 1160 305 647 510 884 539 982 871 358 760 951 733 147 351 838 1023 703 253 377 555 443 894 787 786 945 396 472 568 1115 781 567 620 815 946 315 895 594 579 514 726 258 544 705 657 426 636 172 902 463 1130 863 659 472 886 276 988 1294 0 897 633 594 661 530 568 572 501 537 619 661
428 568 447 650 511 513 663 439 508 528 661 250 420 430 406 173 130 711 448 183 357 873 907 1104 164 287 958 759 643 539 92 841 619 897 752 1101 1202 550 132 447 426 88 204 888 641 798 585 442 543 676 836 524 394 470 1190 732 1110 585 264 684 431 597 550 663 195 552 897 0 758 510 381 416 377 607 1031 482 279 346
418 764 378 154 891 804 111 334 832 1245 372 588 428 444 413 923 650 802 340 679 407 741 921 352 922 472 865 255 136 329 691 1206 228 313 236 458 528 622 727 334 337 726 658 360 323 61 903 385 243 427 1031 249 365 543 476 604 374 796 1018 267 327 239 1109 412 710 864 633 758 0 253 378 409 428 913 1087 779 617 414
190 648 150 146 670 593 181 142 617 991 289 337 198 295 174 671 411 645 168 457 180 657 801 606 674 223 779 294 133 160 451 1005 224 481 279 619 712 523 473 87 84 473 440 436 322 288 695 156 141 339 863 115 118 341 686 499 623 603 774 313 89 130 869 320 491 724 594 510 253 0 130 172 180 708 965 564 370 163
171 572 151 275 607 544 289 105 562 874 365 237 174 234 139 545 281 640 135 331 71 699 816 727 545 94 814 410 264 222 320 955 280 562 398 744 839 465 355 96 51 349 316 550 350 417 646 152 189 405 844 164 13 322 817 538 738 572 643 365 53 240 780 386 366 633 661 381 378 130 0 146 122 662 973 512 282 39
25 714 33 266 497 422 352 243 444 847 252 190 28 380 10 554 354 497 274 427 213 556 669 758 571 173 669 345 273 124 384 834 389 654 339 686 789 610 342 87 126 355 419 472 476 429 524 27 298 280 705 270 147 180 785 395 784 438 677 478 170 193 700 264 464 767 530 416 409 172 146 0 40 538 828 392 210 134
62 680 70 292 496 427 362 225 447 820 293 162 59 353 30 519 314 519 256 386 184 590 696 779 534 134 702 382 295 162 344 839 385 657 375 723 826 581 310 94 116 320 378 511 465 452 529 65 293 320 721 265 126 200 819 430 801 451 640 473 157 225 688 304 423 730 568 377 428 180 122 40 0 544 853 395 190 102
519 1140 557 758 102 117 882 768 105 630 574 458 511 873 539 589 671 219 797 758 710 457 369 1235 651 623 472 733 779 584 664 296 927 1188 741 995 1102 1078 478 625 661 524 769 780 1010 911 22 552 836 536 231 808 669 371 1144 423 1276 123 738 1016 701 673 322 541 785 1149 572 607 913 708 662 538 544 0 445 150 403 631
803 1519 831 947 548 518 1101 1071 529 1048 716 833 800 1206 834 1033 1070 336 1102 1159 1037 359 166 1334 1094 969 250 844 979 808 1073 441 1186 1398 861 967 1056 1432 898 902 951 944 1165 813 1288 1061 467 828 1106 660 227 1080 976 652 1132 483 1395 446 1183 1273 996 875 722 677 1191 1547 501 1031 1087 965 973 828 853 445 0 549 782 954
374 996 414 625 114 34 740 618 52 623 465 309 366 722 392 497 531 242 646 620 559 455 434 1112 553 472 507 622 644 450 528 443 780 1045 627 913 1021 929 350 479 512 395 628 690 861 784 134 408 689 436 361 660 519 236 1052 368 1149 105 650 868 552 540 365 437 649 1010 537 482 779 564 512 392 395 150 549 0 254 480
207 744 242 476 333 288 551 385 298 639 412 55 197 472 204 373 288 449 410 378 316 595 644 968 406 223 684 538 483 320 296 685 562 841 536 872 979 675 163 284 298 195 383 650 629 639 384 236 471 415 612 443 292 193 984 453 991 340 514 647 331 401 500 405 410 765 619 279 617 370 282 210 190 403 782 254 0 245
160 579 148 305 573 513 328 139 530 835 372 198 159 252 126 508 253 620 166 311 83 691 799 765 510 60 803 431 296 230 291 922 319 601 420 768 866 479 316 111 79 311 298 569 384 452 614 147 228 407 818 203 51 302 846 530 777 545 610 402 92 262 741 390 347 633 661 346 414 163 39 134 102 631 954 480 245 0
