0 462 123 337 8 630 123 635 185 111 543 210 427 600 221 152 421 164 446 690 659 591 297 497 690 661 696 794 239 495 39 850 578 71 465 105 710 520 627 148 558 131 516 550 374 644 826 679 590 778 105 616 493 574 493 235 371 517 92 224 68 734 525 574 50 524 865 729 22 387 49 512 398 181 384 651 450 577
462 0 559 593 464 432 561 1090 632 397 894 269 46 1062 584 325 754 616 706 328 703 769 663 869 227 799 1039 1257 518 577 495 1029 1006 466 676 396 338 104 597 314 467 558 507 1013 715 1041 1288 362 1024 923 562 531 631 1037 947 640 833 402 370 618 531 1196 935 142 412 543 709 408 443 644 429 828 497 634 600 848 592 879
123 559 0 427 129 754 166 531 73 234 423 327 529 511 290 270 471 165 522 746 767 508 181 521 785 753 722 709 179 605 85 926 458 182 383 163 827 627 601 257 681 184 634 473 261 520 734 800 561 864 48 606 594 495 388 113 292 528 204 105 83 643 521 655 164 496 856 771 132 299 134 398 512 80 479 731 394 628
337 593 427 0 329 494 263 767 446 273 832 354 547 684 144 328 169 295 119 901 357 927 606 295 788 326 446 842 577 213 358 514 786 266 801 424 681 591 950 369 376 245 292 609 686 884 893 613 505 440 381 927 176 632 650 532 485 811 349 530 344 809 390 735 343 851 1169 964 350 720 377 821 165 428 55 315 787 287
8 464 129 329 0 625 116 636 188 105 550 209 428 599 213 150 412 159 437 695 651 599 304 490 691 652 688 793 248 487 43 841 581 63 473 112 708 520 636 149 552 124 509 548 382 648 825 676 585 769 107 624 484 572 494 241 369 524 93 230 68 734 519 577 52 533 873 734 28 395 57 519 390 183 375 642 459 569
630 432 754 494 625 0 653 1225 811 520 1168 449 404 1157 589 493 653 709 550 734 357 1133 919 777 484 501 880 1328 812 325 669 717 1201 582 1021 637 246 344 1016 523 126 639 219 1088 991 1274 1376 157 999 603 729 957 399 1112 1092 865 938 824 561 851 685 1288 882 542 594 946 1141 824 624 964 631 1125 329 802 459 587 958 709
123 561 166 263 116 653 0 574 183 166 570 293 521 520 123 236 310 58 355 808 613 674 343 376 786 589 576 708 334 455 119 759 552 94 549 228 771 604 742 250 562 18 501 461 423 637 746 727 472 698 119 736 436 485 439 268 291 639 198 268 89 655 403 682 163 638 985 850 144 465 172 557 371 166 317 564 551 467
635 1090 531 767 636 1225 574 0 458 730 422 846 1060 115 640 787 678 516 789 1254 1113 732 480 614 1317 1028 742 228 626 981 599 1104 181 658 665 695 1341 1156 980 783 1124 586 1052 189 484 290 223 1301 429 1096 531 1021 935 178 143 466 287 990 727 491 568 147 514 1184 685 890 1246 1262 652 607 662 497 918 456 819 957 749 772
185 632 73 446 188 811 183 458 0 292 387 394 601 438 302 336 463 156 529 816 797 520 170 495 858 769 695 636 225 638 146 928 393 229 399 236 895 699 646 326 730 201 677 402 247 464 660 864 508 874 81 658 619 425 315 93 223 589 272 103 125 569 480 729 231 542 906 839 198 314 204 377 550 21 500 737 427 616
111 397 234 273 105 520 166 730 292 0 654 127 356 683 200 73 395 224 391 664 563 680 406 494 620 581 682 873 329 398 149 785 685 73 556 157 611 438 677 102 448 162 409 627 482 754 910 574 628 703 210 654 406 651 590 346 453 540 76 334 167 818 545 523 84 579 896 715 108 483 124 619 298 285 310 586 527 544
543 894 423 832 550 1168 570 422 387 654 0 723 878 497 688 675 829 538 909 956 1184 317 248 828 1099 1153 1011 650 376 1024 507 1297 243 605 283 534 1207 984 596 648 1102 588 1057 526 181 182 635 1194 743 1253 460 653 1006 534 351 309 443 661 607 319 503 570 773 944 575 523 851 940 546 264 537 87 934 404 887 1113 384 971
210 269 327 354 209 449 293 846 394 127 723 0 228 806 318 59 500 350 473 551 574 694 475 608 492 625 789 998 362 416 248 843 786 198 576 189 500 312 634 74 406 289 394 751 544 843 1032 475 755 751 316 597 446 776 704 429 576 472 122 411 278 941 668 400 163 545 828 611 196 515 193 676 317 392 377 649 525 639
427 46 529 547 428 404 521 1060 601 356 878 228 0 1027 541 285 708 578 659 371 662 770 643 824 264 755 993 1222 501 533 462 984 980 427 672 368 337 106 615 279 429 518 466 976 698 1021 1254 350 982 880 529 553 586 1001 917 615 798 421 335 594 496 1162 892 188 377 554 740 450 409 634 397 815 452 603 554 803 592 833
600 1062 511 684 599 1157 520 115 438 683 497 806 1027 0 568 746 580 461 694 1252 1021 792 500 507 1289 929 628 198 634 897 566 994 270 610 710 673 1291 1118 1017 748 1051 529 974 80 521 391 226 1245 314 990 500 1050 846 64 155 469 230 1006 692 493 531 135 403 1166 650 921 1284 1269 618 643 633 562 842 431 734 853 784 664
221 584 290 144 213 589 123 640 302 200 688 318 541 568 0 272 201 150 232 865 501 796 466 293 800 466 484 740 452 350 232 637 646 158 671 321 741 608 849 303 484 105 411 498 545 741 786 686 446 575 242 835 320 522 516 390 354 730 264 391 210 698 351 718 243 746 1083 916 239 588 268 679 278 284 199 441 668 356
152 325 270 328 150 493 236 787 336 73 675 59 285 746 272 0 463 292 448 592 584 667 426 565 550 620 751 938 325 421 190 832 729 141 546 146 558 372 633 43 438 233 414 692 498 789 973 529 701 744 257 603 441 717 645 376 516 483 68 360 218 881 618 450 106 539 841 646 138 480 139 632 320 333 359 634 504 607
421 754 471 169 412 653 310 678 463 395 829 500 708 580 201 463 0 309 117 1052 444 979 634 126 955 351 288 714 644 342 427 468 734 359 855 522 849 758 1049 498 529 295 439 501 710 845 771 779 352 431 423 1036 279 521 582 557 420 930 464 563 399 693 231 893 445 945 1284 1109 439 770 468 835 326 443 193 289 861 157
164 616 165 295 159 709 58 516 156 224 538 350 578 461 150 292 309 0 373 854 651 669 325 357 842 614 558 649 343 498 147 772 501 151 545 265 830 662 761 303 614 70 550 402 403 592 687 786 426 718 117 760 471 426 382 248 233 671 249 253 109 596 367 735 210 656 1011 892 186 461 211 533 418 136 350 580 559 465
446 706 522 119 437 550 355 789 529 391 909 473 659 694 232 448 117 373 0 1018 327 1029 696 231 892 247 343 831 683 231 462 405 834 376 903 538 761 695 1066 488 425 338 333 615 775 941 888 686 466 345 474 1045 163 636 687 620 522 930 466 622 442 810 344 848 457 966 1288 1083 461 820 488 906 235 509 107 208 897 175
690 328 746 901 695 734 808 1254 816 664 956 551 371 1252 865 592 1052 854 1018 0 1030 728 779 1157 295 1127 1340 1450 628 904 711 1356 1130 720 684 593 562 392 457 563 788 811 835 1219 800 1130 1469 624 1280 1251 768 375 956 1241 1115 788 1038 302 611 763 751 1380 1207 194 645 464 446 92 668 692 644 874 822 827 916 1173 580 1188
659 703 767 357 651 357 613 1113 797 563 1184 574 662 1021 501 584 444 651 327 1030 0 1244 949 546 820 155 583 1158 892 164 689 360 1143 589 1119 719 604 646 1208 627 252 595 196 942 1029 1242 1215 515 786 246 725 1167 181 964 1003 878 838 1038 634 873 684 1137 663 838 647 1119 1386 1112 665 1045 686 1166 265 780 302 254 1087 426
591 769 508 927 599 1133 674 732 520 680 317 694 770 792 796 667 979 669 1029 728 1244 0 353 1015 935 1252 1213 961 352 1079 568 1434 557 663 126 525 1106 872 302 627 1100 691 1081 805 290 494 950 1117 991 1367 557 374 1083 818 638 427 677 428 610 417 586 880 990 772 597 263 540 690 581 208 558 235 979 541 975 1237 178 1134
297 663 181 606 304 919 343 480 170 406 248 475 643 500 466 426 634 325 696 779 949 353 0 662 879 932 859 692 153 786 262 1097 352 362 238 287 965 748 521 400 855 361 813 490 79 377 701 948 646 1041 225 550 776 508 349 76 336 510 358 76 264 616 637 732 326 422 788 783 298 156 288 216 693 191 659 905 290 786
497 869 521 295 490 777 376 614 495 494 828 608 824 507 293 565 126 357 231 1157 546 1015 662 0 1075 431 201 617 700 462 495 492 698 446 895 602 975 879 1117 596 653 366 562 427 733 817 677 905 239 483 474 1112 394 444 540 588 392 1014 555 599 461 606 117 1006 530 1012 1362 1209 518 810 547 848 452 474 318 348 915 157
690 227 785 788 691 484 786 1317 858 620 1099 492 264 1289 800 550 955 842 892 295 820 935 879 1075 0 941 1234 1485 730 725 723 1170 1227 691 860 622 275 197 710 541 567 782 635 1240 924 1255 1515 349 1244 1059 790 631 790 1264 1174 862 1061 521 598 839 758 1424 1150 163 640 684 740 387 670 841 656 1028 665 862 785 1006 765 1067
661 799 753 326 652 501 589 1028 769 581 1153 625 755 929 466 620 351 614 247 1127 155 1252 932 431 941 0 436 1048 900 222 684 230 1081 589 1126 739 745 757 1254 664 384 571 306 849 1012 1188 1108 657 667 126 707 1221 179 868 932 857 768 1097 657 857 670 1036 547 939 660 1158 1452 1203 671 1046 696 1146 311 750 276 102 1107 291
696 1039 722 446 688 880 576 742 695 682 1011 789 993 628 484 751 288 558 343 1340 583 1213 859 201 1234 436 0 685 902 555 696 395 856 641 1094 801 1101 1037 1318 785 753 565 661 553 928 979 750 1023 315 433 675 1312 481 564 697 786 567 1212 748 798 662 698 240 1180 726 1213 1562 1397 716 1009 745 1038 578 674 450 335 1116 172
794 1257 709 842 793 1328 708 228 636 873 650 998 1222 198 740 938 714 649 831 1450 1158 961 692 617 1485 1048 685 0 830 1049 762 1076 408 800 890 870 1476 1311 1203 943 1216 715 1135 246 705 506 65 1425 384 1091 696 1240 991 222 342 666 423 1201 886 690 726 80 501 1363 844 1110 1470 1466 814 829 830 726 1005 628 887 962 971 765
239 518 179 577 248 812 334 626 225 329 376 362 501 634 452 325 644 343 683 628 892 352 153 700 730 900 902 830 0 727 220 1087 505 311 227 178 832 607 422 289 763 350 735 613 196 525 844 823 733 1017 226 434 731 633 490 165 441 372 263 141 245 757 700 580 245 317 681 636 229 155 206 317 628 243 624 889 216 802
495 577 605 213 487 325 455 981 638 398 1024 416 533 897 350 421 342 498 231 904 164 1079 786 462 725 222 555 1049 727 0 525 452 996 425 954 555 552 537 1051 465 198 438 106 821 866 1090 1102 471 694 347 564 1012 73 843 863 716 699 885 470 710 522 1020 573 717 482 959 1238 981 500 880 521 1003 101 622 162 281 923 383
39 495 85 358 43 669 119 599 146 149 507 248 462 566 232 190 427 147 462 711 689 568 262 495 723 684 696 762 220 525 0 867 539 100 442 118 749 556 623 183 596 132 551 519 341 604 792 718 572 799 67 617 519 543 456 198 338 524 128 188 39 700 514 603 85 519 867 746 53 361 68 478 430 143 408 670 435 585
850 1029 926 514 841 717 759 1104 928 785 1297 843 984 994 637 832 468 772 405 1356 360 1434 1097 492 1170 230 395 1076 1087 452 867 0 1189 779 1308 938 964 987 1463 875 607 742 534 915 1175 1305 1140 875 695 114 878 1435 401 930 1032 1020 878 1314 861 1024 847 1081 591 1169 858 1364 1671 1431 864 1225 891 1303 536 907 474 199 1301 335
578 1006 458 786 581 1201 552 181 393 685 243 786 980 270 646 729 734 501 834 1130 1143 557 352 698 1227 1081 856 408 505 996 539 1189 0 619 501 612 1286 1082 819 715 1114 568 1052 319 334 124 393 1257 558 1164 474 867 962 320 159 365 313 851 663 387 517 327 617 1083 623 735 1081 1128 590 454 593 322 920 400 841 1023 593 853
71 466 182 266 63 582 94 658 229 73 605 198 427 610 158 141 359 151 376 720 589 663 362 446 691 589 641 800 311 425 100 779 619 0 537 163 683 510 692 158 501 92 452 554 441 693 837 644 563 706 148 677 421 578 519 295 380 571 110 287 104 745 487 589 85 590 924 766 84 458 112 578 330 220 312 580 521 514
465 676 383 801 473 1021 549 665 399 556 283 576 672 710 671 546 855 545 903 684 1119 126 238 895 860 1126 1094 890 227 954 442 1308 501 537 0 402 1009 776 317 507 982 565 959 714 190 465 888 1014 884 1241 432 370 957 729 555 308 572 383 487 296 460 811 875 698 472 240 581 660 456 85 433 196 855 420 849 1111 103 1011
105 396 163 424 112 637 228 695 236 157 534 189 368 673 321 146 522 265 538 593 719 525 287 602 622 739 801 870 178 555 118 938 612 163 402 0 679 469 529 114 585 236 557 631 354 659 897 661 691 860 176 513 564 654 552 248 450 412 85 228 158 805 630 493 80 427 761 627 84 333 55 487 454 242 465 739 369 678
710 338 827 681 708 246 771 1341 895 611 1207 500 337 1291 741 558 849 830 761 562 604 1106 965 975 275 745 1101 1476 832 552 749 964 1286 683 1009 679 0 234 928 571 361 761 448 1229 1026 1339 1516 89 1179 850 816 856 625 1254 1201 926 1062 732 623 907 775 1426 1070 388 664 880 1000 655 696 970 693 1148 526 891 659 826 928 929
520 104 627 591 520 344 604 1156 699 438 984 312 106 1118 608 372 758 662 695 392 646 872 748 879 197 757 1037 1311 607 537 556 987 1082 510 776 469 234 0 701 372 399 599 454 1064 804 1125 1345 259 1053 878 624 633 599 1088 1013 717 888 505 428 697 588 1253 956 198 471 648 800 480 503 740 494 922 471 699 588 816 694 870
627 597 601 950 636 1016 742 980 646 677 596 634 615 1017 849 633 1049 761 1066 457 1208 302 521 1117 710 1254 1318 1203 422 1051 623 1463 819 692 317 529 928 701 0 590 1017 755 1023 1012 497 778 1203 960 1153 1378 645 82 1075 1029 863 572 853 196 601 552 656 1124 1122 552 609 105 267 402 610 374 581 508 951 665 988 1264 232 1205
148 314 257 369 149 523 250 783 326 102 648 74 279 748 303 43 498 303 488 563 627 627 400 596 541 664 785 943 289 465 183 875 715 158 507 114 571 372 590 0 475 251 455 698 469 769 975 549 722 788 251 560 485 722 640 355 519 442 56 337 217 883 644 431 98 495 799 613 130 443 122 601 364 326 401 677 462 645
558 467 681 376 552 126 562 1124 730 448 1102 406 429 1051 484 438 529 614 425 788 252 1100 855 653 567 384 753 1216 763 198 596 607 1114 501 982 585 361 399 1017 475 0 546 92 979 930 1194 1266 276 878 494 650 965 272 1003 996 794 837 833 502 782 605 1180 760 595 529 937 1168 873 556 918 568 1066 211 719 337 465 930 582
131 558 184 245 124 639 18 586 201 162 588 289 518 529 105 233 295 70 338 811 595 691 361 366 782 571 565 715 350 438 132 742 568 92 565 236 761 599 755 251 546 0 485 468 441 654 755 716 470 680 136 747 418 493 452 286 302 648 200 286 105 664 397 682 168 651 996 855 152 482 181 575 354 184 299 546 566 453
516 507 634 292 509 219 501 1052 677 409 1057 394 466 974 411 414 439 550 333 835 196 1081 813 562 635 306 661 1135 735 106 551 534 1052 452 959 557 448 454 1023 455 92 485 0 900 891 1139 1186 365 790 424 599 978 180 924 927 748 766 847 472 739 555 1101 670 643 493 938 1192 916 516 890 533 1028 133 664 249 379 917 489
550 1013 473 609 548 1088 461 189 402 627 526 751 976 80 498 692 501 402 615 1219 942 805 490 427 1240 849 553 246 613 821 519 915 319 554 714 631 1229 1064 1012 698 979 468 900 0 524 443 288 1180 243 910 455 1039 769 24 175 448 181 985 642 471 482 200 324 1122 600 913 1279 1241 570 641 588 583 769 392 658 773 780 584
374 715 261 686 382 991 423 484 247 482 181 544 698 521 545 498 710 403 775 800 1029 290 79 733 924 1012 928 705 196 866 341 1175 334 441 190 354 1026 804 497 469 930 441 891 524 0 333 707 1014 700 1120 305 537 855 539 366 155 386 517 430 156 344 627 700 771 401 406 764 795 374 123 362 137 772 267 739 983 265 861
644 1041 520 884 648 1274 637 290 464 754 182 843 1021 391 741 789 845 592 941 1130 1242 494 377 817 1255 1188 979 506 525 1090 604 1305 124 693 465 659 1339 1125 778 769 1194 654 1139 443 333 0 480 1318 683 1276 545 835 1061 443 282 413 427 838 721 431 589 429 740 1104 684 705 1032 1118 652 438 649 270 1008 475 940 1135 565 970
826 1288 734 893 825 1376 746 223 660 910 635 1032 1254 226 786 973 771 687 888 1469 1215 950 701 677 1515 1108 750 65 844 1102 792 1140 393 837 888 897 1516 1345 1203 975 1266 755 1186 288 707 480 0 1468 446 1154 725 1244 1046 264 354 681 456 1211 918 706 757 91 562 1389 876 1113 1468 1481 845 830 859 715 1055 655 940 1023 972 827
679 362 800 613 676 157 727 1301 864 574 1194 475 350 1245 686 529 779 786 686 624 515 1117 948 905 349 657 1023 1425 823 471 718 875 1257 644 1014 661 89 259 960 549 276 716 365 1180 1014 1318 1468 0 1116 761 783 893 544 1204 1163 904 1018 764 596 886 741 1378 1003 440 635 904 1053 716 667 968 668 1141 453 859 587 741 939 851
590 1024 561 505 585 999 472 429 508 628 743 755 982 314 446 701 352 426 466 1280 786 991 646 239 1244 667 315 384 733 694 572 695 558 563 884 691 1179 1053 1153 722 878 470 790 243 700 683 446 1116 0 707 525 1166 630 250 403 584 313 1089 670 602 533 385 122 1152 635 1049 1414 1318 612 803 637 786 670 489 541 579 930 381
778 923 864 440 769 603 698 1096 874 703 1253 751 880 990 575 744 431 718 345 1251 246 1367 1041 483 1059 126 433 1091 1017 347 799 114 1164 706 1241 860 850 878 1378 788 494 680 424 910 1120 1276 1154 761 707 0 817 1347 305 928 1011 965 851 1223 780 966 783 1088 593 1063 780 1282 1579 1328 790 1160 816 1251 437 854 394 141 1227 327
105 562 48 381 107 729 119 531 81 210 460 316 529 500 242 257 423 117 474 768 725 557 225 474 790 707 675 696 226 564 67 878 474 148 432 176 816 624 645 251 650 136 599 455 305 545 725 783 525 817 0 647 550 479 388 152 274 564 196 149 44 633 479 667 153 540 897 798 121 348 133 441 474 75 433 683 441 579
616 531 606 927 624 957 736 1021 658 654 653 597 553 1050 835 603 1036 760 1045 375 1167 374 550 1112 631 1221 1312 1240 434 1012 617 1435 867 677 370 513 856 633 82 560 965 747 978 1039 537 835 1244 893 1166 1347 647 0 1042 1057 898 592 873 132 579 570 652 1163 1126 476 592 132 250 321 597 414 568 565 914 676 961 1237 274 1191
493 631 594 176 484 399 436 935 619 406 1006 446 586 846 320 441 279 471 163 956 181 1083 776 394 790 179 481 991 731 73 519 401 962 421 957 564 625 599 1075 485 272 418 180 769 855 1061 1046 544 630 305 550 1042 0 790 823 703 657 918 481 699 511 966 508 773 487 980 1273 1030 501 880 525 992 134 602 121 218 934 309
574 1037 495 632 572 1112 485 178 425 651 534 776 1001 64 522 717 521 426 636 1241 964 818 508 444 1264 868 564 222 633 843 543 930 320 578 729 654 1254 1088 1029 722 1003 493 924 24 539 443 264 1204 250 928 479 1057 790 0 183 468 204 1005 666 491 506 177 339 1146 624 930 1296 1263 594 657 611 593 792 415 681 791 796 601
493 947 388 650 494 1092 439 143 315 590 351 704 917 155 516 645 582 382 687 1115 1003 638 349 540 1174 932 697 342 490 863 456 1032 159 519 555 552 1201 1013 863 640 996 452 927 175 366 282 354 1163 403 1011 388 898 823 183 0 327 165 859 584 351 426 267 458 1042 542 768 1130 1127 510 488 519 411 794 313 704 870 630 696
235 640 113 532 241 865 268 466 93 346 309 429 615 469 390 376 557 248 620 788 878 427 76 588 862 857 786 666 165 716 198 1020 365 295 308 248 926 717 572 355 794 286 748 448 155 413 681 904 584 965 152 592 703 468 327 0 281 537 308 24 194 593 567 722 271 469 836 800 241 224 236 289 625 114 585 828 346 710
371 833 292 485 369 938 291 287 223 453 443 576 798 230 354 516 420 233 522 1038 838 677 336 392 1061 768 567 423 441 699 338 878 313 380 572 450 1062 888 853 519 837 302 766 181 386 427 456 1018 313 851 274 873 657 204 165 281 0 811 463 302 302 365 329 941 421 750 1117 1062 390 492 407 477 632 211 539 709 624 543
517 402 528 811 524 824 639 990 589 540 661 472 421 1006 730 483 930 671 930 302 1038 428 510 1014 521 1097 1212 1201 372 885 524 1314 851 571 383 412 732 505 196 442 833 648 847 985 517 838 1211 764 1089 1223 564 132 918 1005 859 537 811 0 467 513 562 1126 1038 360 486 166 357 279 496 401 467 576 788 604 842 1118 280 1083
92 370 204 349 93 561 198 727 272 76 607 122 335 692 264 68 464 249 466 611 634 610 358 555 598 657 748 886 263 470 128 861 663 110 487 85 623 428 601 56 502 200 472 642 430 721 918 596 670 780 196 579 481 666 584 308 463 467 0 291 160 827 597 485 42 502 823 656 74 418 71 565 369 271 387 662 453 615
224 618 105 530 230 851 268 491 103 334 319 411 594 493 391 360 563 253 622 763 873 417 76 599 839 857 798 690 141 710 188 1024 387 287 296 228 907 697 552 337 782 286 739 471 156 431 706 886 602 966 149 570 699 491 351 24 302 513 291 0 188 617 582 698 257 449 815 776 227 211 220 292 617 124 583 831 328 717
68 531 83 344 68 685 89 568 125 167 503 278 496 531 210 218 399 109 442 751 684 586 264 461 758 670 662 726 245 522 39 847 517 104 460 158 775 588 656 217 605 105 555 482 344 589 757 741 533 783 44 652 511 506 426 194 302 562 160 188 0 666 476 641 118 551 902 786 88 378 107 481 430 117 395 650 462 557
734 1196 643 809 734 1288 655 147 569 818 570 941 1162 135 698 881 693 596 810 1380 1137 880 616 606 1424 1036 698 80 757 1020 700 1081 327 745 811 805 1426 1253 1124 883 1180 664 1101 200 627 429 91 1378 385 1088 633 1163 966 177 267 593 365 1126 827 617 666 0 494 1298 784 1032 1390 1393 753 750 767 645 969 563 857 954 892 760
525 935 521 390 519 882 403 514 480 545 773 668 892 403 351 618 231 367 344 1207 663 990 637 117 1150 547 240 501 700 573 514 591 617 487 875 630 1070 956 1122 644 760 397 670 324 700 740 562 1003 122 593 479 1126 508 339 458 567 329 1038 597 582 476 494 0 1068 565 1017 1376 1252 547 791 575 803 554 460 422 461 908 265
574 142 655 735 577 542 682 1184 729 523 944 400 188 1166 718 450 893 735 848 194 838 772 732 1006 163 939 1180 1363 580 717 603 1169 1083 589 698 493 388 198 552 431 595 682 643 1122 771 1104 1389 440 1152 1063 667 476 773 1146 1042 722 941 360 485 698 641 1298 1068 0 525 522 613 282 553 683 534 870 640 735 743 991 602 1021
50 412 164 343 52 594 163 685 231 84 575 163 377 650 243 106 445 210 457 645 647 597 326 530 640 660 726 844 245 482 85 858 623 85 472 80 664 471 609 98 529 168 493 600 401 684 876 635 635 780 153 592 487 624 542 271 421 486 42 257 118 784 565 525 0 508 839 687 32 398 39 537 382 229 386 658 447 599
524 543 496 851 533 946 638 890 542 579 523 545 554 921 746 539 945 656 966 464 1119 263 422 1012 684 1158 1213 1110 317 959 519 1364 735 590 240 427 880 648 105 495 937 651 938 913 406 705 1113 904 1049 1282 540 132 980 930 768 469 750 166 502 449 551 1032 1017 522 508 0 366 428 507 282 478 436 859 560 890 1165 142 1102
865 709 856 1169 873 1141 985 1246 906 896 851 828 740 1284 1083 841 1284 1011 1288 446 1386 540 788 1362 740 1452 1562 1470 681 1238 867 1671 1081 924 581 761 1000 800 267 799 1168 996 1192 1279 764 1032 1468 1053 1414 1579 897 250 1273 1296 1130 836 1117 357 823 815 902 1390 1376 613 839 366 0 357 845 641 816 765 1142 924 1200 1475 500 1438
729 408 771 964 734 824 850 1262 839 715 940 611 450 1269 916 646 1109 892 1083 92 1112 690 783 1209 387 1203 1397 1466 636 981 746 1431 1128 766 660 627 655 480 402 613 873 855 916 1241 795 1118 1481 716 1318 1328 798 321 1030 1263 1127 800 1062 279 656 776 786 1393 1252 282 687 428 357 0 706 680 681 855 895 851 982 1245 557 1250
22 443 132 350 28 624 144 652 198 108 546 196 409 618 239 138 439 186 461 668 665 581 298 518 670 671 716 814 229 500 53 864 590 84 456 84 696 503 610 130 556 152 516 570 374 652 845 667 612 790 121 597 501 594 510 241 390 496 74 227 88 753 547 553 32 507 845 706 0 379 29 511 402 196 395 665 437 595
387 644 299 720 395 964 465 607 314 483 264 515 634 643 588 480 770 461 820 692 1045 208 156 810 841 1046 1009 829 155 880 361 1225 454 458 85 333 970 740 374 443 918 482 890 641 123 438 830 968 803 1160 348 414 880 657 488 224 492 401 418 211 378 750 791 683 398 282 641 680 379 0 359 186 781 335 769 1029 142 926
49 429 134 377 57 631 172 662 204 124 537 193 397 633 268 139 468 211 488 644 686 558 288 547 656 696 745 830 206 521 68 891 593 112 433 55 693 494 581 122 568 181 533 588 362 649 859 668 637 816 133 568 525 611 519 236 407 467 71 220 107 767 575 534 39 478 816 681 29 359 0 498 422 206 421 692 411 624
512 828 398 821 519 1125 557 497 377 619 87 676 815 562 679 632 835 533 906 874 1166 235 216 848 1028 1146 1038 726 317 1003 478 1303 322 578 196 487 1148 922 508 601 1066 575 1028 583 137 270 715 1141 786 1251 441 565 992 593 411 289 477 576 565 292 481 645 803 870 537 436 765 855 511 186 498 0 909 396 874 1114 298 983
398 497 512 165 390 329 371 918 550 298 934 317 452 842 278 320 326 418 235 822 265 979 693 452 665 311 578 1005 628 101 430 536 920 330 855 454 526 471 951 364 211 354 133 769 772 1008 1055 453 670 437 474 914 134 792 794 625 632 788 369 617 430 969 554 640 382 859 1142 895 402 781 422 909 0 536 133 351 822 407
181 634 80 428 183 802 166 456 21 285 404 392 603 431 284 333 443 136 509 827 780 541 191 474 862 750 674 628 243 622 143 907 400 220 420 242 891 699 665 326 719 184 664 392 267 475 655 859 489 854 75 676 602 415 313 114 211 604 271 124 117 563 460 735 229 560 924 851 196 335 206 396 536 0 482 717 448 595
384 600 479 55 375 459 317 819 500 310 887 377 554 734 199 359 193 350 107 916 302 975 659 318 785 276 450 887 624 162 408 474 841 312 849 465 659 588 988 401 337 299 249 658 739 940 940 587 541 394 433 961 121 681 704 585 539 842 387 583 395 857 422 743 386 890 1200 982 395 769 421 874 133 482 0 276 832 282
651 848 731 315 642 587 564 957 737 586 1113 649 803 853 441 634 289 580 208 1173 254 1237 905 348 1006 102 335 962 889 281 670 199 1023 580 1111 739 826 816 1264 677 465 546 379 773 983 1135 1023 741 579 141 683 1237 218 791 870 828 709 1118 662 831 650 954 461 991 658 1165 1475 1245 665 1029 692 1114 351 717 276 0 1102 197
450 592 394 787 459 958 551 749 427 527 384 525 592 784 668 504 861 559 897 580 1087 178 290 915 765 1107 1116 971 216 923 435 1301 593 521 103 369 928 694 232 462 930 566 917 780 265 565 972 939 930 1227 441 274 934 796 630 346 624 280 453 328 462 892 908 602 447 142 500 557 437 142 411 298 822 448 832 1102 0 1019
577 879 628 287 569 709 467 772 616 544 971 639 833 664 356 607 157 465 175 1188 426 1134 786 157 1067 291 172 765 802 383 585 335 853 514 1011 678 929 870 1205 645 582 453 489 584 861 970 827 851 381 327 579 1191 309 601 696 710 543 1083 615 717 557 760 265 1021 599 1102 1438 1250 595 926 624 983 407 595 282 197 1019 0
