0 116 391 1386 644 100 558 675 477 434 514 1086 20 829 1725 1036
116 0 308 1435 718 187 606 560 366 467 630 1202 97 750 1636 1133
391 308 0 1738 1025 486 911 487 399 419 833 1394 373 869 1683 1208
1386 1435 1738 0 772 1285 829 1698 1522 1771 1355 1494 1397 1329 1883 1900
644 718 1025 772 0 543 196 1135 925 1000 613 948 658 972 1806 1213
100 187 486 1285 543 0 459 719 511 517 488 1050 114 809 1711 1051
558 606 911 829 196 459 0 960 756 964 688 1105 568 776 1618 1308
675 560 487 1698 1135 719 960 0 214 898 1190 1762 656 501 1207 1663
477 366 399 1522 925 511 756 214 0 767 990 1559 460 471 1302 1494
434 467 419 1771 1000 517 964 898 767 0 565 1062 434 1206 2069 797
514 630 833 1355 613 488 688 1190 990 565 0 573 533 1283 2184 620
1086 1202 1394 1494 948 1050 1105 1762 1559 1062 573 0 1105 1812 2701 537
20 97 373 1397 658 114 568 656 460 434 533 1105 0 818 1713 1050
829 750 869 1329 972 809 776 501 471 1206 1283 1812 818 0 902 1860
1725 1636 1683 1883 1806 1711 1618 1207 1302 2069 2184 2701 1713 902 0 2760
1036 1133 1208 1900 1213 1051 1308 1663 1494 797 620 537 1050 1860 2760 0
