0 1488 1134 222 1383 1256 1712 405 235 737 321 909 915 250 1435 1631 438
1488 0 707 1534 2857 419 3176 1742 1260 1367 1742 1508 1040 1565 2456 3023 1251
1134 707 0 1275 2493 863 2670 1500 966 1388 1447 1581 364 1101 2428 2765 1121
222 1534 1275 0 1326 1249 1751 225 308 560 211 712 1098 464 1224 1510 333
1383 2857 2493 1326 0 2571 758 1136 1600 1701 1116 1719 2212 1397 1284 509 1639
1256 419 863 1249 2571 0 2968 1437 1021 983 1460 1107 1100 1392 2060 2688 932
1712 3176 2670 1751 758 2968 0 1626 1947 2243 1552 2311 2332 1611 2031 1219 2084
405 1742 1500 225 1136 1437 1626 0 534 618 129 715 1314 605 1036 1288 504
235 1260 966 308 1600 1021 1947 534 0 625 496 819 811 413 1499 1813 287
737 1367 1388 560 1701 983 2243 618 625 0 710 202 1356 985 1092 1734 339
321 1742 1447 211 1116 1460 1552 129 496 710 0 827 1236 490 1150 1319 538
909 1508 1581 712 1719 1107 2311 715 819 202 827 0 1558 1159 953 1692 537
915 1040 364 1098 2212 1100 2332 1314 811 1356 1236 1558 0 819 2310 2526 1039
250 1565 1101 464 1397 1392 1611 605 413 985 490 1159 819 0 1640 1713 671
1435 2456 2428 1224 1284 2060 2031 1036 1499 1092 1150 953 2310 1640 0 994 1307
1631 3023 2765 1510 509 2688 1219 1288 1813 1734 1319 1692 2526 1713 994 0 1772
438 1251 1121 333 1639 932 2084 504 287 339 538 537 1039 671 1307 1772 0
