0 1513 1570 1703 947 843 386 1558 153 1356 1112 170 459 1695 366 1201
1513 0 992 1594 1296 1219 1178 509 1395 2580 404 1619 1211 2934 1439 2704
1570 992 0 627 1914 795 1194 1481 1538 2904 922 1576 1113 3253 1283 2693
1703 1594 627 0 2299 867 1395 2058 1728 3054 1438 1644 1272 3383 1348 2649
947 1296 1914 2299 0 1485 988 1020 806 1358 1048 1118 1124 1697 1215 1785
843 1219 795 867 1485 0 531 1535 860 2200 881 808 404 2536 507 1901
386 1178 1194 1395 988 531 0 1315 347 1713 774 448 136 2060 290 1575
1558 509 1481 2058 1020 1535 1315 0 1414 2376 659 1701 1394 2717 1604 2674
153 1395 1538 1728 806 860 347 1414 0 1366 999 320 456 1714 440 1309
1356 2580 2904 3054 1358 2200 1713 2376 1366 0 2242 1413 1810 356 1706 931
1112 404 922 1438 1048 881 774 659 999 2242 0 1215 813 2598 1040 2308
170 1619 1576 1644 1118 808 448 1701 320 1413 1215 0 473 1738 301 1135
459 1211 1113 1272 1124 404 136 1394 456 1810 813 473 0 2153 228 1608
1695 2934 3253 3383 1697 2536 2060 2717 1714 356 2598 1738 2153 0 2036 1052
366 1439 1283 1348 1215 507 290 1604 440 1706 1040 301 228 2036 0 1412
1201 2704 2693 2649 1785 1901 1575 2674 1309 931 2308 1135 1608 1052 1412 0
