0 1701 572 1670 1277 1262 1657 1405 13 178 781 164 80 1277 1173 575 1153
1701 0 1977 2795 1666 2082 3343 2763 1689 1807 935 1823 1731 1538 2075 1803 2851
572 1977 0 2126 1849 1814 1443 1788 583 690 1060 429 634 1014 1719 198 1146
1670 2795 2126 0 1202 729 2110 444 1668 1496 2176 1738 1590 2941 720 2212 1527
1277 1666 1849 1202 0 478 2603 1328 1266 1192 1314 1431 1222 2281 525 1821 1970
1262 2082 1814 729 478 0 2294 866 1255 1123 1560 1385 1189 2443 104 1838 1656
1657 3343 1443 2110 2603 2294 0 1667 1669 1594 2408 1522 1644 2400 2193 1641 638
1405 2763 1788 444 1328 866 1667 0 1406 1226 2028 1438 1327 2679 803 1900 1086
13 1689 583 1668 1266 1255 1669 1406 0 179 771 177 78 1278 1166 582 1163
178 1807 690 1496 1192 1123 1594 1226 179 0 913 262 102 1455 1030 728 1047
781 935 1060 2176 1314 1560 2408 2028 771 913 0 891 824 999 1511 904 1934
164 1823 429 1738 1431 1385 1522 1438 177 262 891 0 208 1248 1292 474 1053
80 1731 634 1590 1222 1189 1644 1327 78 102 824 208 0 1357 1099 650 1119
1277 1538 1014 2941 2281 2443 2400 2679 1278 1455 999 1248 1357 0 2372 835 2160
1173 2075 1719 720 525 104 2193 803 1166 1030 1511 1292 1099 2372 0 1749 1555
575 1803 198 2212 1821 1838 1641 1900 582 728 904 474 650 835 1749 0 1331
1153 2851 1146 1527 1970 1656 638 1086 1163 1047 1934 1053 1119 2160 1555 1331 0
