0 1087 882 387 220 1429 1060 1267 1476 1553 1500 1692 1094 347 893 1642
1087 0 1931 1150 1194 1112 511 401 2523 2635 2376 2512 1340 1235 1534 2723
882 1931 0 818 736 1885 1941 2148 1034 907 786 1693 1772 980 833 822
387 1150 818 0 208 1154 1282 1429 1657 1652 1247 2015 1472 727 519 1639
220 1194 736 208 0 1346 1240 1424 1479 1504 1293 1806 1312 533 679 1537
1429 1112 1885 1154 1346 0 1589 1511 2809 2776 1931 3121 2254 1755 1108 2687
1060 511 1941 1282 1240 1589 0 288 2321 2497 2523 2153 882 1054 1762 2664
1267 401 2148 1429 1424 1511 288 0 2593 2755 2676 2442 1159 1312 1869 2899
1476 2523 1034 1657 1479 2809 2321 2593 0 358 1664 882 1735 1292 1847 784
1553 2635 907 1652 1504 2776 2497 2755 358 0 1403 1241 2003 1444 1740 431
1500 2376 786 1247 1293 1931 2523 2676 1664 1403 0 2438 2517 1701 874 1069
1692 2512 1693 2015 1806 3121 2153 2442 882 1241 2438 0 1336 1373 2375 1665
1094 1340 1772 1472 1312 2254 882 1159 1735 2003 2517 1336 0 818 1987 2289
347 1235 980 727 533 1755 1054 1312 1292 1444 1701 1373 818 0 1210 1622
893 1534 833 519 679 1108 1762 1869 1847 1740 874 2375 1987 1210 0 1594
1642 2723 822 1639 1537 2687 2664 2899 784 431 1069 1665 2289 1622 1594 0
