0 1133 268 853 269 1127 188 1563 1702 1254 292 1194 1251 1516 1196 1312
1133 0 1217 1210 952 2101 1184 1549 1583 1430 1348 600 1239 2647 2231 2197
268 1217 0 629 266 1288 80 1348 1965 1025 149 1141 1058 1462 1318 1076
853 1210 629 0 637 1913 692 718 2404 400 746 827 445 1887 1928 1067
269 952 266 637 0 1397 235 1324 1800 1031 397 933 1001 1711 1463 1316
1127 2101 1288 1913 1397 0 1237 2630 1735 2300 1168 2306 2346 1129 212 1811
188 1184 80 692 235 1237 0 1409 1885 1091 163 1149 1111 1476 1279 1146
1563 1549 1348 718 1324 2630 1409 0 2987 336 1462 967 340 2483 2637 1449
1702 1583 1965 2404 1800 1735 1885 2987 0 2762 1984 2147 2647 2793 1946 2998
1254 1430 1025 400 1031 2300 1091 336 2762 0 1132 912 240 2160 2302 1173
292 1348 149 746 397 1168 163 1462 1984 1132 0 1291 1184 1317 1185 1021
1194 600 1141 827 933 2306 1149 967 2147 912 1291 0 689 2592 2390 1893
1251 1239 1058 445 1001 2346 1111 340 2647 240 1184 689 0 2313 2369 1385
1516 2647 1462 1887 1711 1129 1476 2483 2793 2160 1317 2592 2313 0 932 1158
1196 2231 1318 1928 1463 212 1279 2637 1946 2302 1185 2390 2369 932 0 1707
1312 2197 1076 1067 1316 1811 1146 1449 2998 1173 1021 1893 1385 1158 1707 0
