0 787 1144 282 957 1594 339 494 766 1186 782 1250 211 813 224 254
787 0 1427 1067 1710 904 1124 559 686 1968 1566 518 998 572 1008 877
1144 1427 0 1205 1719 2315 1220 1549 757 1464 1270 1924 1164 1815 1104 1391
282 1067 1205 0 686 1843 57 698 991 922 515 1515 74 1015 110 303
957 1710 1719 686 0 2378 634 1232 1667 625 472 2100 760 1497 784 836
1594 904 2315 1843 2378 0 1897 1159 1559 2765 2359 391 1788 882 1816 1575
339 1124 1220 57 634 1897 0 749 1037 867 461 1571 130 1063 151 346
494 559 1549 698 1232 1159 749 0 964 1612 1209 868 653 320 694 416
766 686 757 991 1667 1559 1037 964 0 1695 1349 1168 920 1158 886 1003
1186 1968 1464 922 625 2765 867 1612 1695 0 406 2435 981 1920 962 1198
782 1566 1270 515 472 2359 461 1209 1349 406 0 2029 575 1520 558 797
1250 518 1924 1515 2100 391 1571 868 1168 2435 2029 0 1453 660 1475 1271
211 998 1164 74 760 1788 130 653 920 981 575 1453 0 973 62 282
813 572 1815 1015 1497 882 1063 320 1158 1920 1520 660 973 0 1015 722
224 1008 1104 110 784 1816 151 694 886 962 558 1475 62 1015 0 340
254 877 1391 303 836 1575 346 416 1003 1198 797 1271 282 722 340 0
