0 936 689 1591 241 1216 1092 1012 272 66 151 519 850 744 626 593
936 0 287 2311 1112 2054 1775 1884 1205 908 1088 416 1182 345 310 641
689 287 0 2170 840 1864 1489 1602 948 650 838 193 916 378 148 367
1591 2311 2170 0 1641 513 2187 1720 1473 1656 1498 1977 2350 1980 2045 2182
241 1112 840 1641 0 1211 856 787 169 225 179 700 716 963 810 637
1216 2054 1864 513 1211 0 1680 1206 1042 1275 1095 1674 1897 1753 1760 1806
1092 1775 1489 2187 856 1680 0 522 932 1060 1020 1428 690 1739 1528 1141
1012 1884 1602 1720 787 1206 522 0 761 1011 884 1482 1045 1750 1591 1319
272 1205 948 1473 169 1042 932 761 0 298 126 788 879 1014 896 788
66 908 650 1656 225 1275 1060 1011 298 0 190 491 788 739 600 532
151 1088 838 1498 179 1095 1020 884 126 190 0 671 882 888 777 712
519 416 193 1977 700 1674 1428 1482 788 491 671 0 926 321 109 398
850 1182 916 2350 716 1897 690 1045 879 788 882 926 0 1245 1002 549
744 345 378 1980 963 1753 1739 1750 1014 739 888 321 1245 0 249 706
626 310 148 2045 810 1760 1528 1591 896 600 777 109 1002 249 0 458
593 641 367 2182 637 1806 1141 1319 788 532 712 398 549 706 458 0
