0 725 1439 835 1380 1028 1552 1157 1202 899 116 1725 51 536 1317 860 1377
725 0 1583 740 931 783 2219 978 1904 328 626 2274 680 1250 745 479 1960
1439 1583 0 847 1167 894 1598 2477 2178 1377 1381 1225 1413 1417 2317 2025 1142
835 740 847 0 634 221 1837 1675 1931 543 733 1723 790 1126 1470 1199 1471
1380 931 1167 634 0 416 2452 1890 2542 602 1265 2270 1329 1748 1459 1390 2059
1028 783 894 221 416 0 2040 1755 2149 507 919 1890 980 1346 1465 1261 1658
1552 2219 1598 1837 2452 2040 0 2624 1130 2257 1618 594 1581 1034 2869 2410 459
1157 978 2477 1675 1890 1755 2624 0 1864 1297 1157 2873 1154 1598 667 501 2519
1202 1904 2178 1931 2542 2149 1130 1864 0 2101 1316 1661 1252 813 2326 1858 1356
899 328 1377 543 602 507 2257 1297 2101 0 784 2225 848 1372 958 796 1942
116 626 1381 733 1265 919 1618 1157 1316 784 0 1753 65 624 1256 815 1413
1725 2274 1225 1723 2270 1890 594 2873 1661 2225 1753 0 1737 1304 2991 2568 359
51 680 1413 790 1329 980 1581 1154 1252 848 65 1737 0 574 1288 837 1393
536 1250 1417 1126 1748 1346 1034 1598 813 1372 624 1304 574 0 1846 1380 945
1317 745 2317 1470 1459 1465 2869 667 2326 958 1256 2991 1288 1846 0 475 2662
860 479 2025 1199 1390 1261 2410 501 1858 796 815 2568 837 1380 475 0 2228
1377 1960 1142 1471 2059 1658 459 2519 1356 1942 1413 359 1393 945 2662 2228 0
