0 1434 563 691 1355 1304 1079 856 1651 1705 726 879 1240 1543 1030 104
1434 0 1529 2113 716 1007 568 1551 2765 1572 1934 2285 2236 1234 1192 1511
563 1529 0 796 1697 998 1373 307 1259 1245 1238 891 1775 1168 1522 500
691 2113 796 0 2028 1785 1767 1060 1203 2023 807 202 1310 1965 1613 604
1355 716 1697 2028 0 1572 335 1840 2946 2159 1583 2225 1732 1838 612 1456
1304 1007 998 1785 1572 0 1267 823 2000 587 2017 1889 2489 281 1768 1315
1079 568 1373 1767 335 1267 0 1506 2628 1852 1432 1959 1682 1541 625 1176
856 1551 307 1060 1840 823 1506 0 1225 963 1545 1119 2081 937 1751 802
1651 2765 1259 1203 2946 2000 2628 1225 0 1872 2009 1047 2508 2019 2682 1549
1705 1572 1245 2023 2159 587 1852 963 1872 0 2430 2074 2940 339 2328 1685
726 1934 1238 807 1583 2017 1432 1545 2009 2430 0 983 543 2265 1024 750
879 2285 891 202 2225 1889 1959 1119 1047 2074 983 0 1462 2048 1816 786
1240 2236 1775 1310 1732 2489 1682 2081 2508 2940 543 1462 0 2750 1120 1279
1543 1234 1168 1965 1838 281 1541 937 2019 339 2265 2048 2750 0 2050 1543
1030 1192 1522 1613 612 1768 625 1751 2682 2328 1024 1816 1120 2050 0 1133
104 1511 500 604 1456 1315 1176 802 1549 1685 750 786 1279 1543 1133 0
