0 430 953 1602 1474 1442 729 183 851 1728 1004 1368 810 4 224 207
430 0 754 1874 1057 1862 1130 323 1268 1596 729 1762 1044 426 384 271
953 754 0 1610 1329 2281 1324 771 1729 2304 1387 1834 899 953 1062 761
1602 1874 1610 0 2846 1759 1035 1580 1585 3321 2581 795 829 1606 1825 1626
1474 1057 1329 2846 0 2843 2187 1378 2257 1454 753 2818 2031 1470 1345 1327
1442 1862 2281 1759 2843 0 1007 1604 594 2452 2191 978 1565 1445 1508 1642
729 1130 1324 1035 2187 1007 0 809 598 2343 1723 638 562 733 919 860
183 323 771 1580 1378 1604 809 0 1018 1796 1001 1440 759 183 328 51
851 1268 1729 1585 2257 594 598 1018 0 2028 1633 955 1134 853 916 1054
1728 1596 2304 3321 1454 2452 2343 1796 2028 0 924 2926 2538 1724 1504 1760
1004 729 1387 2581 753 2191 1723 1001 1633 924 0 2357 1757 1000 803 954
1368 1762 1834 795 2818 978 638 1440 955 2926 2357 0 942 1372 1554 1491
810 1044 899 829 2031 1565 562 759 1134 2538 1757 942 0 814 1034 803
4 426 953 1606 1470 1445 733 183 853 1724 1000 1372 814 0 220 205
224 384 1062 1825 1345 1508 919 328 916 1504 803 1554 1034 220 0 314
207 271 761 1626 1327 1642 860 51 1054 1760 954 1491 803 205 314 0
