0 1397 27 279 331 945 52 902 816 1007 524 1692 190 699 323 1650
1397 0 1392 1663 1251 1418 1403 898 1400 2037 1496 1791 1236 1633 1450 2016
27 1392 0 277 306 918 79 881 840 1033 551 1665 201 726 297 1676
279 1663 277 0 477 977 297 1073 1009 1023 673 1713 469 812 334 1798
331 1251 306 477 0 628 378 597 1062 1336 824 1370 375 1008 199 1916
945 1418 918 977 628 0 996 519 1679 1949 1453 747 1001 1636 655 2534
52 1403 79 297 378 996 0 940 768 958 472 1742 175 647 374 1600
902 898 881 1073 597 519 940 0 1427 1860 1300 1031 853 1485 759 2256
816 1400 840 1009 1062 1679 768 1427 0 672 351 2397 689 327 1132 854
1007 2037 1033 1023 1336 1949 958 1860 672 0 572 2697 1007 406 1302 966
524 1496 551 673 824 1453 472 1300 351 572 0 2194 461 186 847 1133
1692 1791 1665 1713 1370 747 1742 1031 2397 2697 2194 0 1736 2378 1399 3247
190 1236 201 469 375 1001 175 853 689 1007 461 1736 0 647 456 1541
699 1633 726 812 1008 1636 647 1485 327 406 186 2378 647 0 1019 987
323 1450 297 334 199 655 374 759 1132 1302 847 1399 456 1019 0 1973
1650 2016 1676 1798 1916 2534 1600 2256 854 966 1133 3247 1541 987 1973 0
