0 567 568 431 460 805 819 756 808 767 378 80 229 387 691 7 479 166 797 87 114 605 504 493 347 349 788 844 227 630 89 551 467 749 265 233 288 764 423 103 506 475 8 348 560 345 400 433 752 344 25 693 245 164 362 753 518 551 358 815 549 16 524 794 14 676 235 410 375 584 756 336 360 198 7 524 66 330 571 94 412 480 447 801 300 797 93 278 457 692 9 849 809 229 435 591 145 838 232 140 562 294 28 775 256 283 616 331 622 313 428 824 283 257 688 184
567 0 499 913 895 1078 649 518 1318 208 887 631 469 200 125 568 752 539 1362 481 461 335 1051 1060 260 915 1213 277 425 561 478 1077 514 1201 324 765 460 1330 990 643 1073 538 562 797 274 408 769 581 1319 543 543 780 565 699 327 943 1058 1104 567 1198 1063 554 641 631 573 559 709 494 599 1101 732 852 791 377 566 872 620 890 1086 585 803 97 480 980 729 294 483 840 479 1143 558 1358 1070 419 592 394 448 607 775 458 934 296 587 684 514 572 726 889 222 749 556 969 848 741 982 384
568 499 0 650 1027 1341 250 988 1020 562 943 647 339 522 582 574 996 676 1198 508 476 795 1036 937 342 812 1357 668 347 969 526 835 855 1317 381 615 280 1222 891 672 983 125 560 914 235 228 450 201 1187 800 562 1135 748 731 257 463 1059 1073 259 790 807 552 965 1085 583 988 519 166 853 1138 240 901 923 520 562 1074 571 759 826 505 968 508 124 1297 860 479 489 805 113 798 561 1056 606 347 211 834 568 1081 639 578 1120 536 565 1114 722 778 244 750 325 875 185 475 753 544 1226 502
431 913 650 0 719 1115 855 1187 404 1081 570 434 444 776 1037 436 845 587 557 483 486 1028 542 351 654 294 972 1177 488 1059 501 185 895 908 592 205 467 608 343 451 420 524 429 636 784 535 202 448 561 764 454 1094 656 460 606 519 577 551 402 406 159 431 935 1224 437 1107 210 505 783 676 705 540 660 605 426 837 365 235 179 359 727 848 546 1159 628 1061 469 386 556 261 436 445 495 493 438 1020 571 1269 220 569 848 699 402 1202 680 693 521 221 875 630 466 607 285 180 1002 584
460 895 1027 719 0 396 1277 796 953 1102 154 386 689 695 998 454 236 373 736 521 553 745 309 502 757 443 332 1149 681 604 505 723 478 307 681 542 748 623 442 360 447 936 469 112 984 801 796 891 655 370 465 490 330 308 801 1173 285 360 815 1120 746 476 411 758 446 661 616 871 327 259 1215 179 107 552 467 140 475 490 761 539 100 797 907 469 173 1175 538 333 917 950 467 987 1195 681 891 690 484 839 517 472 129 605 469 689 380 324 1066 503 1024 155 887 1253 434 618 288 559
805 1078 1341 1115 396 0 1583 769 1337 1266 550 744 1019 902 1151 798 345 667 1071 841 871 817 666 884 1025 838 334 1283 998 589 820 1116 566 393 964 931 1075 936 831 718 820 1268 813 483 1243 1113 1177 1236 985 553 801 358 592 680 1091 1550 633 704 1162 1517 1140 818 440 675 791 631 997 1199 496 559 1552 575 462 824 812 284 838 887 1155 895 398 987 1230 172 510 1372 862 729 1238 1346 809 1368 1583 997 1238 746 772 768 907 762 267 836 821 582 620 563 1421 900 1258 502 1228 1626 831 1002 117 840
819 649 250 855 1277 1583 0 1165 1190 632 1193 897 589 729 694 825 1238 922 1412 756 725 975 1281 1168 565 1049 1607 730 596 1175 775 1038 1077 1567 619 852 530 1449 1126 922 1219 358 810 1164 381 477 654 425 1409 1036 812 1359 992 981 492 515 1305 1316 495 902 1005 802 1194 1273 833 1186 754 413 1091 1386 193 1151 1173 759 812 1320 820 994 1022 754 1217 688 373 1531 1109 505 738 1051 362 956 811 1223 668 596 431 1025 812 1255 877 823 1368 762 815 1314 963 1020 353 984 431 1125 417 482 993 776 1470 743
756 518 988 1187 796 769 1165 0 1560 624 878 771 817 477 514 752 566 615 1473 707 712 193 1069 1181 663 1054 1025 594 771 195 687 1301 330 1045 668 989 842 1390 1106 764 1160 990 758 752 784 825 1114 1007 1405 467 733 411 569 789 755 1386 1058 1126 964 1553 1303 755 389 126 752 142 982 929 485 1054 1228 861 731 592 761 697 823 1060 1325 830 698 481 932 617 699 764 724 938 935 1446 751 1600 1488 765 1016 170 616 93 985 618 758 511 785 210 527 543 1183 1066 740 714 986 1430 1000 1009 717 615
808 1318 1020 404 953 1337 1190 1560 0 1485 801 789 849 1175 1441 812 1139 946 387 873 881 1414 675 453 1059 529 1106 1581 892 1414 888 259 1249 1031 996 575 869 521 511 798 518 899 808 906 1180 935 576 824 453 1111 834 1404 1002 783 1008 735 710 647 792 378 260 813 1264 1583 811 1465 610 893 1116 800 1013 788 933 997 805 1091 742 506 237 751 998 1251 931 1422 925 1458 862 654 940 238 815 40 625 898 813 1398 953 1637 577 949 1080 1093 781 1547 1037 1035 837 499 1273 919 845 814 570 579 1238 978
767 208 562 1081 1102 1266 632 624 1485 0 1095 835 639 408 117 768 951 747 1556 680 657 474 1257 1256 435 1112 1418 106 599 716 679 1253 700 1407 511 951 615 1531 1188 847 1273 639 761 1005 332 551 918 698 1517 745 744 949 772 905 476 1025 1265 1309 704 1326 1236 753 826 749 774 701 885 614 800 1309 764 1059 999 582 765 1075 815 1083 1259 774 1009 305 587 1156 937 146 679 1043 582 1294 757 1525 1166 594 710 544 654 701 964 664 1137 504 785 818 721 778 806 1080 237 957 674 1035 1045 917 1176 588
378 887 943 570 154 550 1193 878 801 1095 0 298 604 688 1001 373 355 348 608 455 486 796 190 352 711 288 426 1156 606 695 444 568 548 377 630 405 663 512 289 275 304 841 386 126 933 723 664 788 533 418 390 620 339 214 738 1042 182 248 711 968 591 395 512 859 365 752 489 780 392 214 1112 42 151 518 383 289 373 338 606 439 205 791 820 621 181 1150 467 185 830 796 386 835 1054 607 786 750 446 933 379 434 284 590 378 800 393 351 953 352 986 164 787 1125 285 485 442 518
80 631 647 434 386 744 897 771 789 835 298 0 308 443 753 75 431 157 742 162 192 634 427 438 423 296 711 908 307 629 157 530 464 670 341 229 366 699 364 26 442 550 88 275 639 425 440 504 692 330 95 663 222 84 442 806 440 477 428 833 533 96 501 796 67 678 262 487 349 504 829 256 289 255 85 461 93 291 555 153 347 541 525 753 234 872 171 208 535 695 88 829 851 309 505 612 189 848 218 180 494 346 82 768 249 258 682 295 699 244 501 881 234 276 627 247
229 469 339 444 689 1019 589 817 849 639 604 308 0 355 592 235 680 353 933 177 149 635 710 645 209 506 1018 732 47 739 200 614 594 978 158 323 58 930 587 333 678 249 221 577 367 122 308 221 906 505 224 858 431 391 169 583 730 751 156 748 598 213 684 885 244 773 247 182 551 804 533 562 587 239 223 744 235 465 620 172 635 412 217 995 525 633 156 477 227 675 222 889 673 53 226 647 258 907 341 266 787 306 226 890 418 466 411 459 447 539 209 642 442 279 903 215
387 200 522 776 695 902 729 477 1175 408 688 443 355 0 314 387 565 339 1183 307 294 286 855 879 187 735 1017 469 307 448 298 924 354 1002 198 605 370 1142 807 452 886 513 384 597 355 348 664 530 1136 353 362 635 365 505 279 909 860 909 492 1104 915 377 478 564 391 465 566 452 411 902 763 653 591 189 388 680 447 717 938 424 605 102 456 820 529 482 314 651 459 1022 378 1216 1017 302 540 314 255 569 610 264 740 98 411 592 315 374 706 718 356 549 509 953 670 596 800 203
691 125 582 1037 998 1151 694 514 1441 117 1001 753 592 314 0 691 839 653 1487 606 586 357 1169 1184 382 1039 1310 155 549 599 601 1202 584 1301 449 891 579 1452 1114 763 1195 638 686 905 347 523 888 688 1443 636 667 832 671 818 443 1038 1174 1223 681 1312 1188 679 710 637 697 585 834 601 690 1214 803 967 897 498 690 965 745 1015 1210 710 903 212 582 1039 837 250 608 962 579 1263 681 1482 1172 543 700 427 567 595 901 577 1027 412 711 704 618 674 819 1014 267 857 663 1058 973 865 1061 507
7 568 574 436 454 798 825 752 812 768 373 75 235 387 691 0 472 160 797 89 117 602 500 493 350 349 782 845 232 625 89 554 462 743 268 237 294 762 422 98 505 482 15 341 564 351 406 440 751 338 24 686 238 159 366 760 515 548 365 821 552 22 518 789 8 671 241 416 368 579 762 331 353 197 14 517 70 331 575 101 405 481 453 794 293 800 96 275 463 697 13 852 816 234 442 587 142 833 235 137 555 293 33 770 250 276 623 333 626 306 435 831 283 262 681 184
479 752 996 845 236 345 1238 566 1139 951 355 431 680 565 839 472 0 327 961 503 531 541 536 702 679 610 480 982 656 372 480 892 268 487 618 645 735 856 633 407 659 928 486 234 900 769 871 900 884 212 470 266 249 386 746 1232 517 591 829 1251 908 490 177 522 465 428 693 858 155 495 1211 356 208 478 486 134 522 643 926 572 150 658 887 322 218 1045 525 487 895 1097 481 1176 1282 654 904 478 428 605 626 419 198 494 499 453 275 218 1088 654 919 221 890 1303 580 705 236 494
166 539 676 587 373 667 922 615 946 747 348 157 353 339 653 160 327 0 878 176 204 486 519 577 385 442 705 808 331 472 153 687 307 679 311 383 408 819 502 148 569 602 172 265 611 447 566 573 821 178 151 527 80 182 435 913 522 574 502 979 690 173 358 639 156 522 400 532 209 562 885 314 265 179 173 398 225 444 712 259 297 442 563 644 200 807 197 335 572 849 165 985 975 330 576 459 112 691 374 101 447 242 192 614 93 117 761 450 652 218 563 981 385 420 551 187
797 1362 1198 557 736 1071 1412 1473 387 1556 608 742 933 1183 1487 797 961 878 0 881 901 1364 427 304 1123 448 789 1639 964 1298 886 380 1143 714 1045 610 974 149 377 738 312 1073 800 733 1299 1047 758 998 87 1005 821 1224 907 696 1102 1036 452 376 941 742 417 808 1119 1464 792 1354 692 1043 991 512 1261 616 758 993 797 874 742 473 406 782 811 1277 1086 1190 777 1566 879 543 1097 564 806 395 960 969 989 1330 931 1535 594 923 843 1088 775 1408 955 930 1076 476 1381 764 1012 1124 513 663 992 981
87 481 508 483 521 841 756 707 873 680 455 162 177 307 606 89 503 176 881 0 32 544 589 578 261 433 853 758 160 599 24 619 443 818 179 299 234 850 509 181 593 427 81 408 478 279 415 397 838 337 66 692 255 242 284 743 602 638 326 848 613 73 519 757 96 640 275 358 379 664 710 414 416 123 85 568 139 411 636 124 461 397 390 820 352 711 21 365 400 740 77 914 815 160 400 539 96 793 303 99 612 219 105 748 248 290 585 411 537 368 387 808 367 303 725 105
114 461 476 486 553 871 725 712 881 657 486 192 149 294 586 117 531 204 901 32 0 543 618 599 233 455 885 737 128 611 51 629 458 851 151 310 204 874 531 212 617 397 107 441 447 247 405 370 860 359 96 713 282 274 252 722 632 666 301 841 621 99 540 766 125 650 276 328 403 695 681 445 448 120 111 598 159 429 644 130 492 380 359 846 384 683 22 392 369 740 104 922 799 128 374 542 113 799 317 118 643 213 128 761 270 316 559 428 508 400 359 786 388 305 755 98
605 335 795 1028 745 817 975 193 1414 474 796 634 635 286 357 602 541 486 1364 544 543 0 983 1064 471 928 1021 471 588 242 527 1156 273 1027 482 838 656 1297 988 632 1053 798 605 678 594 635 938 817 1304 379 580 480 461 668 563 1196 978 1040 777 1379 1154 601 383 297 603 228 819 738 417 992 1035 771 661 423 608 675 671 925 1177 669 645 289 739 690 615 604 559 821 742 1283 598 1454 1303 582 827 71 460 286 837 464 740 333 633 351 410 445 991 929 556 633 796 1238 869 847 740 445
504 1051 1036 542 309 666 1281 1069 675 1257 190 427 710 855 1169 500 536 519 427 589 618 983 0 228 850 252 443 1324 722 886 584 478 739 373 768 437 765 322 200 411 156 923 511 316 1063 832 686 859 347 607 522 797 523 352 862 1053 37 57 786 906 510 519 700 1048 493 942 534 870 583 136 1175 211 339 674 507 448 475 315 519 537 386 957 913 769 371 1299 597 232 924 721 513 704 1037 725 855 939 603 1124 409 592 421 756 494 987 576 538 1002 328 1126 354 864 1140 293 519 575 670
493 1060 937 351 502 884 1168 1181 453 1256 352 438 645 879 1184 493 702 577 304 578 599 1064 228 0 825 144 670 1337 672 1014 583 253 854 599 746 325 691 286 75 435 75 815 497 467 1012 763 529 743 261 714 518 969 612 395 813 870 265 215 678 683 286 505 845 1182 488 1069 418 775 707 361 1037 346 494 689 493 641 440 180 294 485 555 974 818 972 499 1273 577 243 829 496 502 485 834 676 736 1033 627 1248 305 619 627 783 472 1134 657 638 855 188 1090 489 754 958 211 393 785 678
347 260 342 654 757 1025 565 663 1059 435 711 423 209 187 382 350 679 385 1123 261 233 471 850 825 0 682 1090 524 166 628 268 821 514 1062 82 516 203 1105 760 441 848 326 340 648 226 165 511 348 1087 473 328 796 442 502 92 725 864 899 318 945 806 332 628 751 357 649 452 266 529 923 580 671 649 206 344 775 387 649 828 341 681 210 269 966 584 450 255 625 272 883 338 1099 838 161 358 501 273 756 529 284 828 196 360 775 405 465 520 646 276 602 325 766 615 484 915 198
349 915 812 294 443 838 1049 1054 529 1112 288 296 506 735 1039 349 610 442 448 433 455 928 252 144 682 0 677 1192 530 894 438 283 731 613 602 197 555 424 80 296 172 692 353 380 873 627 435 624 405 591 373 874 485 264 672 800 286 273 554 682 303 360 736 1063 344 948 294 646 591 383 931 266 406 546 349 573 296 62 319 342 473 830 690 904 395 1130 433 124 701 507 358 567 789 534 618 901 484 1124 172 476 572 640 328 1022 527 515 755 75 948 389 632 887 66 274 731 533
788 1213 1357 972 332 334 1607 1025 1106 1418 426 711 1018 1017 1310 782 480 705 789 853 885 1021 443 670 1090 677 0 1457 1012 831 837 922 748 75 1014 828 1077 644 641 685 597 1261 797 444 1316 1131 1088 1211 701 673 795 638 655 628 1134 1464 406 460 1135 1349 954 804 645 954 774 883 915 1198 620 309 1536 466 440 884 794 347 794 737 963 860 413 1116 1235 498 505 1499 870 602 1246 1165 795 1131 1466 1012 1210 957 816 1045 800 805 283 931 793 868 702 643 1379 751 1354 488 1210 1548 696 909 319 891
844 277 668 1177 1149 1283 730 594 1581 106 1156 908 732 469 155 845 982 808 1639 758 737 471 1324 1337 524 1192 1457 0 691 713 755 1346 721 1451 596 1039 713 1607 1267 918 1350 744 839 1059 438 651 1018 802 1597 784 820 951 824 973 574 1131 1329 1378 806 1430 1330 831 844 721 850 690 977 717 836 1368 867 1122 1050 653 843 1110 896 1166 1352 859 1053 367 692 1161 991 228 759 1116 687 1394 835 1621 1272 686 814 543 722 663 1050 732 1174 567 864 798 771 825 912 1164 343 1010 778 1140 1125 1009 1199 661
227 425 347 488 681 998 596 771 892 599 606 307 47 307 549 232 656 331 964 160 128 588 722 672 166 530 1012 691 0 697 179 654 555 975 110 354 81 955 610 331 701 272 219 568 343 119 356 255 933 473 217 823 407 391 142 625 740 766 197 796 639 210 650 841 241 729 286 202 521 810 555 564 576 199 222 727 246 492 661 188 621 365 231 967 512 601 142 490 240 722 219 933 718 5 261 601 229 861 370 237 772 260 230 848 388 439 445 488 418 528 240 681 465 317 883 177
630 561 969 1059 604 589 1175 195 1414 716 695 629 739 448 599 625 372 472 1298 599 611 242 886 1014 628 894 831 713 697 0 576 1156 165 850 608 856 775 1208 939 617 986 946 634 569 796 775 1015 948 1227 303 609 240 412 632 717 1322 872 942 894 1444 1161 632 194 168 623 57 865 879 307 863 1208 682 546 500 636 502 694 908 1183 715 508 493 891 451 520 842 619 774 896 1321 627 1453 1409 692 956 172 503 237 847 501 563 443 658 150 379 379 1135 915 775 534 930 1376 845 887 528 524
89 478 526 501 505 820 775 687 888 679 444 157 200 298 601 89 480 153 886 24 51 527 584 583 268 438 837 755 179 576 0 633 419 804 186 313 255 852 512 173 594 448 85 392 488 298 438 420 841 313 65 668 232 234 297 767 596 634 350 869 628 79 495 735 95 618 294 379 355 655 732 403 399 110 89 547 149 419 651 142 441 391 411 796 334 715 45 363 420 759 80 929 839 179 424 519 73 772 315 75 593 207 112 725 224 267 609 419 544 350 409 832 372 321 704 95
551 1077 835 185 723 1116 1038 1301 259 1253 568 530 614 924 1202 554 892 687 380 619 629 1156 478 253 821 283 922 1346 654 1156 633 0 991 851 753 320 643 454 286 539 328 710 551 663 965 713 386 634 398 853 576 1154 744 526 780 662 515 468 586 431 39 556 1009 1324 553 1207 368 690 860 613 881 549 690 742 548 855 485 251 41 499 756 1005 731 1187 675 1241 610 405 741 243 558 299 602 660 624 1140 696 1378 319 692 852 839 524 1290 778 777 697 242 1054 671 651 750 315 336 1011 724
467 514 855 895 478 566 1077 330 1249 700 548 464 594 354 584 462 268 307 1143 443 458 273 739 854 514 731 748 721 555 165 419 991 0 754 479 691 636 1060 779 451 830 817 471 424 709 646 858 811 1075 140 447 282 247 468 598 1178 729 797 751 1282 996 470 127 333 460 216 703 748 156 732 1089 531 404 356 473 402 531 743 1018 554 378 427 765 468 369 808 463 613 772 1157 464 1288 1258 552 817 212 347 393 682 344 467 318 495 308 214 216 1000 750 707 384 794 1236 681 725 478 379
749 1201 1317 908 307 393 1567 1045 1031 1407 377 670 978 1002 1301 743 487 679 714 818 851 1027 373 599 1062 613 75 1451 975 850 804 851 754 0 985 771 1037 569 573 645 525 1217 757 414 1289 1094 1031 1165 626 667 758 672 637 586 1101 1406 336 386 1089 1280 884 765 659 982 735 904 861 1156 617 238 1489 418 414 859 755 352 750 674 893 816 398 1103 1195 549 479 1482 834 546 1205 1095 756 1056 1403 976 1163 965 789 1071 744 778 289 912 752 899 687 629 1329 688 1331 460 1165 1491 636 854 359 865
265 324 381 592 681 964 619 668 996 511 630 341 158 198 449 268 618 311 1045 179 151 482 768 746 82 602 1014 596 110 608 186 753 479 985 0 442 174 1024 680 359 767 339 258 571 303 167 466 342 1008 419 245 756 374 420 127 719 782 817 295 906 740 250 585 744 275 636 385 271 472 842 611 590 574 140 262 706 306 572 762 263 609 256 286 915 508 532 172 543 292 831 255 1036 821 104 350 500 199 759 453 210 758 165 279 758 343 401 526 569 358 526 322 769 535 417 852 125
233 765 615 205 542 931 852 989 575 951 405 229 323 605 891 237 645 383 610 299 310 838 437 325 516 197 828 1039 354 856 313 320 691 771 442 0 366 612 275 246 368 495 233 447 689 438 259 427 584 559 258 889 451 259 492 637 466 466 357 607 315 237 730 1022 237 904 97 450 577 557 738 369 470 422 230 648 167 145 338 181 536 689 494 963 431 955 290 225 505 466 240 616 653 359 422 825 378 1070 27 374 667 519 205 997 476 488 565 137 770 434 435 720 144 83 815 404
288 460 280 467 748 1075 530 842 869 615 663 366 58 370 579 294 735 408 974 234 204 656 765 691 203 555 1077 713 81 775 255 643 636 1037 174 366 0 977 635 391 728 193 279 635 325 72 309 174 950 554 283 905 485 450 139 547 785 805 121 742 623 272 731 916 302 806 282 124 602 861 477 621 645 280 282 801 292 510 645 227 693 413 158 1047 583 597 213 532 168 684 281 909 646 84 181 674 309 933 386 317 845 335 285 926 469 519 364 504 411 598 159 601 492 312 959 258
764 1330 1222 608 623 936 1449 1390 521 1531 512 699 930 1142 1452 762 856 819 149 850 874 1297 322 286 1105 424 644 1607 955 1208 852 454 1060 569 1024 612 977 0 344 690 257 1099 769 638 1297 1049 802 1026 68 926 787 1113 835 639 1097 1115 339 265 963 856 493 777 1022 1370 756 1265 704 1060 904 382 1311 529 662 954 765 758 717 466 488 767 707 1240 1104 1063 690 1554 852 491 1115 671 773 535 1054 959 1019 1256 886 1446 591 877 721 1044 746 1308 886 854 1127 474 1373 675 1038 1203 490 678 863 945
423 990 891 343 442 831 1126 1106 511 1188 289 364 587 807 1114 422 633 502 377 509 531 988 200 75 760 80 641 1267 610 939 512 286 779 573 680 275 635 344 0 360 92 770 427 399 953 707 503 701 329 639 447 900 536 320 752 859 236 208 632 708 315 435 772 1108 417 994 372 726 632 336 1005 278 426 617 423 579 373 132 327 422 489 903 770 911 426 1209 509 167 781 525 432 545 837 614 695 957 553 1173 251 545 570 711 403 1061 581 563 826 144 1028 417 710 947 145 350 729 607
103 643 672 451 360 718 922 764 798 847 275 26 333 452 763 98 407 148 738 181 212 632 411 435 441 296 685 918 331 617 173 539 451 645 359 246 391 690 360 0 435 576 112 249 659 449 464 531 686 315 115 643 206 61 463 831 423 462 455 852 544 120 483 785 90 667 285 512 331 483 855 233 263 265 109 435 119 296 566 180 321 551 550 729 208 888 192 199 560 711 111 838 874 332 531 607 196 839 233 187 467 353 109 754 238 242 708 301 717 218 527 907 237 298 601 259
506 1073 983 420 447 820 1219 1160 518 1273 304 442 678 886 1195 505 659 569 312 593 617 1053 156 75 848 172 597 1350 701 986 594 328 830 525 767 368 728 257 92 435 0 863 511 426 1044 799 590 793 251 692 529 925 594 387 843 939 193 140 725 759 362 519 810 1153 499 1042 465 819 679 287 1095 306 453 697 508 587 460 224 369 512 510 984 863 915 466 1298 595 236 874 572 515 548 908 705 788 1018 631 1223 344 622 568 788 489 1100 643 617 915 235 1118 454 803 1027 236 442 725 688
475 538 125 524 936 1268 358 990 899 639 841 550 249 513 638 482 928 602 1073 427 397 798 923 815 326 692 1261 744 272 946 448 710 817 1217 339 495 193 1099 770 576 863 0 466 824 307 171 326 76 1063 744 473 1091 678 632 234 405 947 957 137 690 682 460 918 1076 490 972 398 69 793 1030 283 799 835 465 468 994 467 638 701 401 885 524 59 1239 774 577 406 693 59 682 469 936 533 274 86 827 501 1083 520 509 1036 503 467 1095 660 711 193 629 405 788 60 440 635 421 1152 444
8 562 560 429 469 813 810 758 808 761 386 88 221 384 686 15 486 172 800 81 107 605 511 497 340 353 797 839 219 634 85 551 471 757 258 233 279 769 427 112 511 466 0 357 553 337 394 425 757 350 25 699 251 172 354 745 526 558 350 811 549 8 530 797 23 679 231 401 381 592 747 345 368 195 3 533 66 333 571 87 421 476 438 808 308 791 85 284 448 690 7 849 803 220 426 592 144 840 232 141 571 292 27 779 261 289 608 334 615 321 419 817 287 254 696 181
348 797 914 636 112 483 1164 752 906 1005 126 275 577 597 905 341 234 265 733 408 441 678 316 467 648 380 444 1059 568 569 392 663 424 414 571 447 635 638 399 249 426 824 357 0 874 688 695 780 659 298 352 501 234 200 689 1070 305 373 704 1041 681 364 385 732 333 626 515 758 268 315 1103 121 27 444 355 201 365 418 699 428 93 700 794 526 68 1072 426 258 804 878 354 942 1100 568 780 629 374 807 424 363 222 503 357 675 287 237 957 430 917 48 775 1149 357 519 368 450
560 274 235 784 984 1243 381 784 1180 332 933 639 367 355 347 564 900 611 1299 478 447 594 1063 1012 226 873 1316 438 343 796 488 965 709 1289 303 689 325 1297 953 659 1044 307 553 874 0 253 604 370 1273 690 544 991 667 721 201 695 1079 1108 388 997 943 544 831 891 572 805 608 290 746 1143 459 892 876 433 556 999 589 832 964 532 907 306 258 1173 811 278 467 832 252 977 551 1219 834 340 382 643 500 875 708 511 1054 406 568 933 628 689 475 826 97 829 346 711 808 638 1136 424
345 408 228 535 801 1113 477 825 935 551 723 425 122 348 523 351 769 447 1047 279 247 635 832 763 165 627 1131 651 119 775 298 713 646 1094 167 438 72 1049 707 449 799 171 337 688 253 0 367 182 1023 578 336 922 520 509 81 561 852 874 158 789 692 329 749 907 359 802 354 104 629 925 446 681 696 297 340 845 357 583 714 294 740 374 120 1075 632 527 262 599 127 743 337 975 673 119 192 660 340 918 458 350 891 332 345 925 497 551 360 576 341 648 160 605 563 385 998 278
400 769 450 202 796 1177 654 1114 576 918 664 440 308 664 888 406 871 566 758 415 405 938 686 529 511 435 1088 1018 356 1015 438 386 858 1031 466 259 309 802 503 464 590 326 394 695 604 367 0 250 758 743 415 1093 645 497 445 377 718 708 216 441 356 392 924 1171 411 1055 180 316 775 812 509 627 716 522 393 893 349 373 375 306 779 719 355 1193 668 882 396 485 363 376 400 615 411 362 239 944 512 1203 287 514 917 605 375 1164 653 683 326 360 699 676 269 460 397 179 1061 499
433 581 201 448 891 1236 425 1007 824 698 788 504 221 530 688 440 900 573 998 397 370 817 859 743 348 624 1211 802 255 948 420 634 811 1165 342 427 174 1026 701 531 793 76 425 780 370 182 250 0 989 727 435 1078 652 584 260 378 885 892 76 628 605 419 905 1086 448 978 329 86 773 970 324 746 793 455 426 957 417 569 624 352 846 555 112 1216 734 645 375 633 118 610 428 861 491 259 12 841 480 1099 453 487 996 506 422 1099 640 687 190 558 468 746 24 427 569 351 1119 432
752 1319 1187 561 655 985 1409 1405 453 1517 533 692 906 1136 1443 751 884 821 87 838 860 1304 347 261 1087 405 701 1597 933 1227 841 398 1075 626 1008 584 950 68 329 686 251 1063 757 659 1273 1023 758 989 0 939 776 1145 844 639 1074 1060 370 295 928 790 436 765 1045 1392 746 1284 672 1028 921 426 1266 545 684 946 753 793 702 441 429 747 734 1232 1071 1105 707 1535 838 487 1082 607 761 466 994 938 981 1267 881 1465 565 872 760 1039 733 1334 893 865 1081 446 1352 693 1002 1148 472 645 907 936
344 543 800 764 370 553 1036 467 1111 745 418 330 505 353 636 338 212 178 1005 337 359 379 607 714 473 591 673 784 473 303 313 853 140 667 419 559 554 926 639 315 692 744 350 298 690 578 743 727 939 0 327 354 109 328 545 1081 600 665 660 1158 859 350 181 472 335 356 579 674 57 612 1025 397 281 281 351 329 404 604 881 436 271 448 698 496 237 834 359 472 706 1025 343 1150 1150 471 732 332 247 533 548 240 391 283 371 439 90 76 917 612 707 254 713 1145 542 599 447 300
25 543 562 454 465 801 812 733 834 744 390 95 224 362 667 24 470 151 821 66 96 580 522 518 328 373 795 820 217 609 65 576 447 758 245 258 283 787 447 115 529 473 25 352 544 336 415 435 776 327 0 678 231 177 347 763 536 571 361 835 574 23 508 772 30 654 255 406 361 599 755 349 362 172 28 522 91 356 596 108 412 456 442 792 300 777 77 299 452 715 18 874 823 218 437 567 119 815 257 115 563 268 52 755 238 269 620 357 604 315 428 833 308 278 684 160
693 780 1135 1094 490 358 1359 411 1404 949 620 663 858 635 832 686 266 527 1224 692 713 480 797 969 796 874 638 951 823 240 668 1154 282 672 756 889 905 1113 900 643 925 1091 699 501 991 922 1093 1078 1145 354 678 0 448 635 878 1435 775 850 1014 1496 1167 701 173 320 682 275 923 1021 318 741 1367 622 474 625 700 357 748 903 1187 787 415 701 1042 211 479 1070 714 750 1049 1351 693 1440 1502 820 1084 408 600 412 873 594 405 599 718 230 444 410 1269 913 984 484 1064 1499 839 940 319 647
245 565 748 656 330 592 992 569 1002 772 339 222 431 365 671 238 249 80 907 255 282 461 523 612 442 485 655 824 407 412 232 744 247 637 374 451 485 835 536 206 594 678 251 234 667 520 645 652 844 109 231 448 0 221 501 993 521 580 582 1053 750 253 281 580 234 464 476 609 130 547 962 312 226 236 252 332 300 496 771 339 242 467 637 564 166 845 277 369 646 917 245 1041 1054 405 656 423 180 639 439 170 386 275 270 548 53 37 841 503 699 186 641 1062 434 494 478 249
164 699 731 460 308 680 981 789 783 905 214 84 391 505 818 159 386 182 696 242 274 668 352 395 502 264 628 973 391 632 234 526 468 586 420 259 450 639 320 61 387 632 172 200 721 509 497 584 639 328 177 635 221 0 525 870 362 404 507 865 536 180 483 801 151 685 316 569 333 421 908 172 219 322 169 396 166 276 556 231 281 606 608 704 173 948 254 153 618 715 172 822 905 393 583 638 251 860 240 241 422 406 165 763 262 252 757 284 779 178 581 948 213 323 563 317
362 327 257 606 801 1091 492 755 1008 476 738 442 169 279 443 366 746 435 1102 284 252 563 862 813 92 672 1134 574 142 717 297 780 598 1101 127 492 139 1097 752 463 843 234 354 689 201 81 445 260 1074 545 347 878 501 525 0 635 879 907 239 871 762 345 708 842 374 740 415 176 599 946 491 697 694 267 357 832 388 633 784 331 732 295 176 1041 629 463 270 631 180 821 353 1048 751 138 270 593 323 848 509 334 882 279 368 865 470 528 428 628 278 646 236 675 607 447 979 252
753 943 463 519 1173 1550 515 1386 735 1025 1042 806 583 909 1038 760 1232 913 1036 743 722 1196 1053 870 725 800 1464 1131 625 1322 767 662 1178 1406 719 637 547 1115 859 831 939 405 745 1070 695 561 377 378 1060 1081 763 1435 993 870 635 0 1086 1067 428 398 623 742 1262 1463 766 1354 556 459 1121 1183 321 1005 1089 823 746 1265 713 738 631 659 1151 928 464 1554 1039 937 721 862 464 498 751 761 153 629 369 1219 835 1478 664 841 1293 882 732 1473 991 1030 219 724 788 1048 400 88 770 557 1432 799
518 1058 1059 577 285 633 1305 1058 710 1265 182 440 730 860 1174 515 517 522 452 602 632 978 37 265 864 286 406 1329 740 872 596 515 729 336 782 466 785 339 236 423 193 947 526 305 1079 852 718 885 370 600 536 775 521 362 879 1086 0 75 811 943 547 534 684 1033 507 929 562 893 573 99 1203 209 326 683 522 422 494 348 556 558 368 963 935 740 363 1311 611 254 946 758 527 739 1072 743 882 932 611 1110 438 600 392 762 510 969 574 533 1031 361 1140 346 890 1173 322 548 544 680
551 1104 1073 551 360 704 1316 1126 647 1309 248 477 751 909 1223 548 591 574 376 638 666 1040 57 215 899 273 460 1378 766 942 634 468 797 386 817 466 805 265 208 462 140 957 558 373 1108 874 708 892 295 665 571 850 580 404 907 1067 75 0 820 899 502 567 756 1104 541 999 564 907 640 152 1204 269 396 727 555 498 519 334 509 579 441 1010 950 814 428 1349 644 276 961 712 561 674 1043 769 887 997 656 1180 439 645 467 810 540 1043 633 596 1028 347 1174 412 898 1155 322 546 618 722
358 567 259 402 815 1162 495 964 792 704 711 428 156 492 681 365 829 502 941 326 301 777 786 678 318 554 1135 806 197 894 350 586 751 1089 295 357 121 963 632 455 725 137 350 704 388 158 216 76 928 660 361 1014 582 507 239 428 811 820 0 631 561 344 840 1037 373 926 260 103 705 895 401 670 717 395 351 883 340 501 581 275 771 529 145 1147 658 666 304 558 155 590 354 831 525 201 76 795 413 1055 382 420 921 456 346 1045 572 617 259 491 483 671 78 486 498 284 1045 372
815 1198 790 406 1120 1517 902 1553 378 1326 968 833 748 1104 1312 821 1251 979 742 848 841 1379 906 683 945 682 1349 1430 796 1444 869 431 1282 1280 906 607 742 856 708 852 759 690 811 1041 997 789 441 628 790 1158 835 1496 1053 865 871 398 943 899 631 0 396 812 1334 1604 823 1487 579 713 1182 1042 711 941 1066 961 809 1242 753 630 390 729 1133 1156 739 1565 1034 1266 830 787 744 188 818 394 262 802 616 1383 943 1640 624 943 1250 1046 787 1591 1071 1090 562 616 1094 1036 652 464 686 559 1405 938
549 1063 807 159 746 1140 1005 1303 260 1236 591 533 598 915 1188 552 908 690 417 613 621 1154 510 286 806 303 954 1330 639 1161 628 39 996 884 740 315 623 493 315 544 362 682 549 681 943 692 356 605 436 859 574 1167 750 536 762 623 547 502 561 396 0 553 1020 1329 551 1212 354 664 869 646 846 570 708 737 545 876 483 264 22 491 775 994 705 1207 689 1219 602 422 715 211 555 300 563 644 595 1140 693 1381 318 690 875 833 521 1298 782 785 662 254 1034 686 624 711 328 322 1034 718
16 554 552 431 476 818 802 755 813 753 395 96 213 377 679 22 490 173 808 73 99 601 519 505 332 360 804 831 210 632 79 556 470 765 250 237 272 777 435 120 519 460 8 364 544 329 392 419 765 350 23 701 253 180 345 742 534 567 344 812 553 0 531 795 30 677 232 394 383 600 741 353 375 189 12 538 71 340 576 85 427 469 431 812 314 782 77 292 441 692 9 854 801 212 421 589 140 837 237 137 577 285 33 778 261 291 602 340 607 328 413 813 294 255 701 174
524 641 965 935 411 440 1194 389 1264 826 512 501 684 478 710 518 177 358 1119 519 540 383 700 845 628 736 645 844 650 194 495 1009 127 659 585 730 731 1022 772 483 810 918 530 385 831 749 924 905 1045 181 508 173 281 483 708 1262 684 756 840 1334 1020 531 0 348 514 250 757 848 152 670 1195 504 361 452 531 308 581 758 1040 617 316 555 869 342 346 935 540 612 876 1195 523 1302 1331 647 910 315 427 428 716 421 370 432 550 289 271 243 1095 767 833 356 890 1326 694 775 357 474
794 631 1085 1224 758 675 1273 126 1583 749 859 796 885 564 637 789 522 639 1464 757 766 297 1048 1182 751 1063 954 721 841 168 735 1324 333 982 744 1022 916 1370 1108 785 1153 1076 797 732 891 907 1171 1086 1392 472 772 320 580 801 842 1463 1033 1104 1037 1604 1329 795 348 0 787 117 1027 1012 475 1017 1325 848 708 650 799 644 859 1077 1351 875 665 584 1019 514 687 887 775 943 1023 1486 790 1622 1558 836 1094 250 661 92 1014 661 701 581 822 94 547 548 1268 1084 854 699 1066 1513 1014 1050 638 674
14 573 583 437 446 791 833 752 811 774 365 67 244 391 697 8 465 156 792 96 125 603 493 488 357 344 774 850 241 623 95 553 460 735 275 237 302 756 417 90 499 490 23 333 572 359 411 448 746 335 30 682 234 151 374 766 507 541 373 823 551 30 514 787 0 670 244 424 364 571 770 323 345 201 21 510 71 328 574 106 398 486 461 788 285 807 104 269 471 698 21 851 821 242 449 588 144 833 233 139 548 297 36 768 247 272 630 329 633 298 442 838 278 265 673 190
676 559 988 1107 661 631 1186 142 1465 701 752 678 773 465 585 671 428 522 1354 640 650 228 942 1069 649 948 883 690 729 57 618 1207 216 904 636 904 806 1265 994 667 1042 972 679 626 805 802 1055 978 1284 356 654 275 464 685 740 1354 929 999 926 1487 1212 677 250 117 670 0 909 906 363 920 1228 739 603 536 681 557 741 960 1233 758 565 499 916 486 577 833 659 828 921 1368 672 1505 1445 725 986 164 544 181 896 544 618 471 704 127 429 433 1162 967 778 590 959 1406 898 933 576 560
235 709 519 210 616 997 754 982 610 885 489 262 247 566 834 241 693 400 692 275 276 819 534 418 452 294 915 977 286 865 294 368 703 861 385 97 282 704 372 285 465 398 231 515 608 354 180 329 672 579 255 923 476 316 415 556 562 564 260 579 354 232 757 1027 244 909 0 356 606 651 641 450 535 396 229 712 175 240 376 152 598 640 400 1015 488 879 260 316 411 464 238 651 589 291 324 814 367 1067 124 366 737 489 208 1011 491 514 470 231 693 495 338 637 241 31 880 375
410 494 166 505 871 1199 413 929 893 614 780 487 182 452 601 416 858 532 1043 358 328 738 870 775 266 646 1198 717 202 879 379 690 748 1156 271 450 124 1060 726 512 819 69 401 758 290 104 316 86 1028 674 406 1021 609 569 176 459 893 907 103 713 664 394 848 1012 424 906 356 0 723 973 352 738 769 396 403 926 407 596 685 341 818 470 43 1169 707 567 338 639 54 686 403 932 577 204 98 765 431 1021 474 440 969 436 404 1029 590 641 255 587 386 721 62 501 587 382 1083 375
375 599 853 783 327 496 1091 485 1116 800 392 349 551 411 690 368 155 209 991 379 403 417 583 707 529 591 620 836 521 307 355 860 156 617 472 577 602 904 632 331 679 793 381 268 746 629 775 773 921 57 361 318 130 333 599 1121 573 640 705 1182 869 383 152 475 364 363 606 723 0 577 1075 376 248 333 382 274 430 610 890 469 227 504 749 445 214 891 401 469 757 1043 375 1155 1184 519 777 363 293 544 564 285 337 340 400 431 133 92 963 618 764 229 760 1187 546 624 390 351
584 1101 1138 676 259 559 1386 1054 800 1309 214 504 804 902 1214 579 495 562 512 664 695 992 136 361 923 383 309 1368 810 863 655 613 732 238 842 557 861 382 336 483 287 1030 592 315 1143 925 812 970 426 612 599 741 547 421 946 1183 99 152 895 1042 646 600 670 1017 571 920 651 973 577 0 1291 252 330 732 589 383 568 445 654 633 356 1004 1014 681 381 1365 676 337 1025 857 593 827 1171 812 967 941 660 1099 529 649 340 804 580 947 600 553 1122 459 1199 362 973 1269 415 640 481 732
756 732 240 705 1215 1552 193 1228 1013 764 1112 829 533 763 803 762 1211 885 1261 710 681 1035 1175 1037 580 931 1536 867 555 1208 732 881 1089 1489 611 738 477 1311 1005 855 1095 283 747 1103 459 446 509 324 1266 1025 755 1367 962 908 491 321 1203 1204 401 711 846 741 1195 1325 770 1228 641 352 1075 1291 0 1071 1116 744 749 1277 742 873 861 676 1167 748 326 1521 1055 654 690 953 319 776 750 1045 475 557 325 1075 783 1321 765 792 1318 771 746 1354 942 994 184 861 536 1069 328 293 882 657 1436 724
336 852 901 540 179 575 1151 861 788 1059 42 256 562 653 967 331 356 314 616 414 445 771 211 346 671 266 466 1122 564 682 403 549 531 418 590 369 621 529 278 233 306 799 345 121 892 681 627 746 545 397 349 622 312 172 697 1005 209 269 670 941 570 353 504 848 323 739 450 738 376 252 1071 0 148 480 342 306 331 312 586 397 210 756 778 637 162 1112 426 153 788 772 345 823 1020 565 745 728 408 920 343 397 308 555 336 793 364 327 912 325 946 148 746 1087 255 448 465 480
360 791 923 660 107 462 1173 731 933 999 151 289 587 591 897 353 208 265 758 416 448 661 339 494 649 406 440 1050 576 546 399 690 404 414 574 470 645 662 426 263 453 835 368 27 876 696 716 793 684 281 362 474 226 219 694 1089 326 396 717 1066 708 375 361 708 345 603 535 769 248 330 1116 148 0 444 367 178 381 444 725 443 67 693 804 500 65 1069 434 285 814 904 366 969 1121 576 794 610 376 784 447 364 204 499 371 649 278 225 972 456 917 48 788 1167 383 540 345 451
198 377 520 605 552 824 759 592 997 582 518 255 239 189 498 197 478 179 993 123 120 423 674 689 206 546 884 653 199 500 110 742 356 859 140 422 280 954 617 265 697 465 195 444 433 297 522 455 946 281 172 625 236 322 267 823 683 727 395 961 737 189 452 650 201 536 396 396 333 732 744 480 444 0 199 568 259 529 759 246 474 286 417 778 379 632 135 463 425 860 189 1038 909 195 461 422 72 680 425 83 621 96 222 651 203 261 644 529 473 398 439 880 480 424 712 23
7 566 562 426 467 812 812 761 805 765 383 85 223 388 690 14 486 173 797 85 111 608 507 493 344 349 794 843 222 636 89 548 473 755 262 230 282 765 423 109 508 468 3 355 556 340 393 426 753 351 28 700 252 169 357 746 522 555 351 809 545 12 531 799 21 681 229 403 382 589 749 342 367 199 0 531 62 329 568 87 419 480 441 808 307 795 89 280 451 687 9 846 802 223 428 595 148 842 229 144 569 295 24 781 262 289 609 330 619 320 421 817 283 251 695 185
524 872 1074 837 140 284 1320 697 1091 1075 289 461 744 680 965 517 134 398 874 568 598 675 448 641 775 573 347 1110 727 502 547 855 402 352 706 648 801 758 579 435 587 994 533 201 999 845 893 957 793 329 522 357 332 396 832 1265 422 498 883 1242 876 538 308 644 510 557 712 926 274 383 1277 306 178 568 531 0 554 616 893 613 114 776 958 332 226 1162 588 456 968 1076 529 1124 1300 726 959 613 508 730 626 498 64 600 539 569 372 311 1140 628 1027 217 950 1342 556 718 167 581
66 620 571 365 475 838 820 823 742 815 373 93 235 447 745 70 522 225 742 139 159 671 475 440 387 296 794 896 246 694 149 485 531 750 306 167 292 717 373 119 460 467 66 365 589 357 349 417 702 404 91 748 300 166 388 713 494 519 340 753 483 71 581 859 71 741 175 407 430 568 742 331 381 259 62 554 0 271 505 66 440 537 447 845 327 837 137 243 458 627 72 783 760 249 416 658 210 904 166 207 586 356 38 838 317 338 591 271 658 337 415 788 229 194 720 244
330 890 759 235 490 887 994 1060 506 1083 338 291 465 717 1015 331 643 444 473 411 429 925 315 180 649 62 737 1166 492 908 419 251 743 674 572 145 510 466 132 296 224 638 333 418 832 583 373 569 441 604 356 903 496 276 633 738 348 334 501 630 264 340 758 1077 328 960 240 596 610 445 873 312 444 529 329 616 271 0 283 308 511 808 639 945 425 1094 407 160 650 460 339 545 729 497 563 903 472 1134 124 465 620 625 306 1040 533 528 695 14 911 422 578 825 64 218 777 514
571 1086 826 179 761 1155 1022 1325 237 1259 606 555 620 938 1210 575 926 712 406 636 644 1177 519 294 828 319 963 1352 661 1183 651 41 1018 893 762 338 645 488 327 566 369 701 571 699 964 714 375 624 429 881 596 1187 771 556 784 631 556 509 581 390 22 576 1040 1351 574 1233 376 685 890 654 861 586 725 759 568 893 505 283 0 514 792 1017 725 1224 708 1241 625 440 735 202 578 278 566 667 614 1162 716 1403 340 712 891 856 543 1319 804 806 677 273 1055 705 643 719 347 345 1049 741
94 585 505 359 539 895 754 830 751 774 439 153 172 424 710 101 572 259 782 124 130 669 537 485 341 342 860 859 188 715 142 499 554 816 263 181 227 767 422 180 512 401 87 428 532 294 306 352 747 436 108 787 339 231 331 659 558 579 275 729 491 85 617 875 106 758 152 341 469 633 676 397 443 246 87 613 66 308 514 0 499 507 381 895 386 787 111 305 392 616 93 792 715 192 352 662 215 915 190 214 647 342 73 862 347 377 528 305 605 398 349 732 276 178 778 226
412 803 968 727 100 398 1217 698 998 1009 205 347 635 605 903 405 150 297 811 461 492 645 386 555 681 473 413 1053 621 508 441 756 378 398 609 536 693 707 489 321 510 885 421 93 907 740 779 846 734 271 412 415 242 281 732 1151 368 441 771 1133 775 427 316 665 398 565 598 818 227 356 1167 210 67 474 419 114 440 511 792 499 0 705 851 433 113 1087 480 352 861 971 417 1033 1186 621 848 589 410 744 513 398 151 517 426 601 289 231 1028 523 942 103 840 1227 450 604 281 484
480 97 508 848 797 987 688 481 1251 305 791 541 412 102 212 481 658 442 1277 397 380 289 957 974 210 830 1116 367 365 493 391 1005 427 1103 256 689 413 1240 903 551 984 524 476 700 306 374 719 555 1232 448 456 701 467 606 295 928 963 1010 529 1156 994 469 555 584 486 499 640 470 504 1004 748 756 693 286 480 776 537 808 1017 507 705 0 465 896 632 387 401 749 466 1087 471 1292 1047 359 565 337 355 573 697 365 837 200 502 627 416 474 716 807 283 651 531 963 763 672 889 296
447 480 124 546 907 1230 373 932 931 587 820 525 217 456 582 453 887 563 1086 390 359 739 913 818 269 690 1235 692 231 891 411 731 765 1195 286 494 158 1104 770 550 863 59 438 794 258 120 355 112 1071 698 442 1042 637 608 176 464 935 950 145 739 705 431 869 1019 461 916 400 43 749 1014 326 778 804 417 441 958 447 639 725 381 851 465 0 1194 741 533 371 681 10 721 440 969 590 232 124 770 458 1025 518 467 1003 450 442 1040 616 669 252 631 355 756 88 499 631 426 1114 398
801 980 1297 1159 469 172 1531 617 1422 1156 621 753 995 820 1039 794 322 644 1190 820 846 690 769 972 966 904 498 1161 967 451 796 1187 468 549 915 963 1047 1063 911 729 915 1239 808 526 1173 1075 1193 1216 1105 496 792 211 564 704 1041 1554 740 814 1147 1565 1207 812 342 514 788 486 1015 1169 445 681 1521 637 500 778 808 332 845 945 1224 895 433 896 1194 0 531 1272 842 785 1202 1404 803 1456 1604 965 1220 618 738 606 942 730 348 770 822 420 578 529 1406 957 1175 529 1205 1625 883 1026 200 797
300 729 860 628 173 510 1109 699 925 937 181 234 525 529 837 293 218 200 777 352 384 615 371 499 584 395 505 991 512 520 334 675 369 479 508 431 583 690 426 208 466 774 308 68 811 632 668 734 707 237 300 479 166 173 629 1039 363 428 658 1034 689 314 346 687 285 577 488 707 214 381 1055 162 65 379 307 226 327 425 708 386 113 632 741 531 0 1005 370 270 751 879 305 962 1077 512 735 569 310 758 410 299 262 435 313 635 220 172 915 435 852 19 728 1115 361 496 393 386
797 294 479 1061 1175 1372 505 764 1458 146 1150 872 633 482 250 800 1045 807 1566 711 683 604 1299 1273 450 1130 1499 228 601 842 715 1241 808 1482 532 955 597 1554 1209 888 1298 577 791 1072 278 527 882 645 1535 834 777 1070 845 948 463 937 1311 1349 666 1266 1219 782 935 887 807 833 879 567 891 1365 654 1112 1069 632 795 1162 837 1094 1241 787 1087 387 533 1272 1005 0 705 1075 526 1254 788 1497 1084 597 657 671 704 844 971 715 1223 570 811 953 797 856 723 1090 186 1024 621 937 1064 910 1276 632
93 483 489 469 538 862 738 724 862 679 467 171 156 314 608 96 525 197 879 21 22 559 597 577 255 433 870 759 142 619 45 610 463 834 172 290 213 852 509 192 595 406 85 426 467 262 396 375 838 359 77 714 277 254 270 721 611 644 304 830 602 77 540 775 104 659 260 338 401 676 690 426 434 135 89 588 137 407 625 111 480 401 371 842 370 705 0 370 381 724 83 903 794 142 379 555 116 810 296 120 631 230 106 768 269 312 564 406 529 386 365 786 366 288 746 115
278 840 805 386 333 729 1051 938 654 1043 185 208 477 651 962 275 487 335 543 365 392 821 232 243 625 124 602 1116 490 774 363 405 613 546 543 225 532 491 167 199 236 693 284 258 832 599 485 633 487 472 299 750 369 153 631 862 254 276 558 787 422 292 612 943 269 828 316 639 469 337 953 153 285 463 280 456 243 160 440 305 352 749 681 785 270 1075 370 0 692 620 287 691 870 493 630 789 395 1006 198 386 462 553 264 899 414 396 786 172 899 265 636 945 101 307 618 455
457 479 113 556 917 1238 362 935 940 582 830 535 227 459 579 463 895 572 1097 400 369 742 924 829 272 701 1246 687 240 896 420 741 772 1205 292 505 168 1115 781 560 874 59 448 804 252 127 363 118 1082 706 452 1049 646 618 180 464 946 961 155 744 715 441 876 1023 471 921 411 54 757 1025 319 788 814 425 451 968 458 650 735 392 861 466 10 1202 751 526 381 692 0 729 450 978 592 241 130 774 467 1028 529 476 1012 455 453 1045 624 677 250 642 350 766 95 497 642 437 1123 405
692 1143 798 261 950 1346 956 1446 238 1294 796 695 675 1022 1263 697 1097 849 564 740 740 1283 721 496 883 507 1165 1394 722 1321 759 243 1157 1095 831 466 684 671 525 711 572 682 690 878 977 743 376 610 607 1025 715 1351 917 715 821 498 758 712 590 188 211 692 1195 1486 698 1368 464 686 1043 857 776 772 904 860 687 1076 627 460 202 616 971 1087 721 1404 879 1254 724 620 729 0 697 268 399 728 598 1279 830 1530 478 829 1080 952 664 1463 942 954 603 448 1073 878 633 579 521 437 1237 838
9 558 561 436 467 809 811 751 815 757 386 88 222 378 681 13 481 165 806 77 104 598 513 502 338 358 795 835 219 627 80 558 464 756 255 240 281 773 432 111 515 469 7 354 551 337 400 428 761 343 18 693 245 172 353 751 527 561 354 818 555 9 523 790 21 672 238 403 375 593 750 345 366 189 9 529 72 339 578 93 417 471 440 803 305 788 83 287 450 697 0 856 809 220 430 585 138 833 239 134 567 286 34 772 254 283 612 340 613 318 422 822 292 261 692 176
849 1358 1056 445 987 1368 1223 1600 40 1525 835 829 889 1216 1482 852 1176 985 395 914 922 1454 704 485 1099 567 1131 1621 933 1453 929 299 1288 1056 1036 616 909 535 545 838 548 936 849 942 1219 975 615 861 466 1150 874 1440 1041 822 1048 761 739 674 831 394 300 854 1302 1622 851 1505 651 932 1155 827 1045 823 969 1038 846 1124 783 545 278 792 1033 1292 969 1456 962 1497 903 691 978 268 856 0 647 939 850 1439 994 1677 617 990 1112 1134 821 1586 1076 1074 870 538 1313 955 883 839 608 620 1270 1019
809 1070 606 495 1195 1583 668 1488 625 1166 1054 851 673 1017 1172 816 1282 975 960 815 799 1303 1037 834 838 789 1466 1272 718 1409 839 602 1258 1403 821 653 646 1054 837 874 908 533 803 1100 834 673 411 491 994 1150 823 1502 1054 905 751 153 1072 1043 525 262 563 801 1331 1558 821 1445 589 577 1184 1171 475 1020 1121 909 802 1300 760 729 566 715 1186 1047 590 1604 1077 1084 794 870 592 399 809 647 0 723 481 1320 911 1580 678 914 1320 979 786 1560 1059 1092 361 715 928 1083 515 204 771 581 1467 885
229 419 347 493 681 997 596 765 898 594 607 309 53 302 543 234 654 330 969 160 128 582 725 676 161 534 1012 686 5 692 179 660 552 976 104 359 84 959 614 332 705 274 220 568 340 119 362 259 938 471 218 820 405 393 138 629 743 769 201 802 644 212 647 836 242 725 291 204 519 812 557 565 576 195 223 726 249 497 667 192 621 359 232 965 512 597 142 493 241 728 220 939 723 0 265 596 226 856 374 235 772 255 232 843 386 437 448 492 414 528 243 685 469 323 881 173
435 592 211 438 891 1238 431 1016 813 710 786 505 226 540 700 442 904 576 989 400 374 827 855 736 358 618 1210 814 261 956 424 624 817 1163 350 422 181 1019 695 531 788 86 426 780 382 192 239 12 981 732 437 1084 656 583 270 369 882 887 76 616 595 421 910 1094 449 986 324 98 777 967 325 745 794 461 428 959 416 563 614 352 848 565 124 1220 735 657 379 630 130 598 430 850 481 265 0 850 485 1108 448 492 997 514 423 1107 644 691 185 552 480 748 36 420 565 345 1121 438
591 394 834 1020 690 746 1025 170 1398 544 750 612 647 314 427 587 478 459 1330 539 542 71 939 1033 501 901 957 543 601 172 519 1140 212 965 500 825 674 1256 957 607 1018 827 592 629 643 660 944 841 1267 332 567 408 423 638 593 1219 932 997 795 1383 1140 589 315 250 588 164 814 765 363 941 1075 728 610 422 595 613 658 903 1162 662 589 337 770 618 569 671 555 789 774 1279 585 1439 1320 596 850 0 449 259 821 451 677 341 619 291 375 402 1020 907 613 586 820 1266 844 841 671 445
145 448 568 571 484 772 812 616 953 654 446 189 258 255 567 142 428 112 931 96 113 460 603 627 273 484 816 722 229 503 73 696 347 789 199 378 309 886 553 196 631 501 144 374 500 340 512 480 881 247 119 600 180 251 323 835 611 656 413 943 693 140 427 661 144 544 367 431 293 660 783 408 376 72 148 508 210 472 716 215 410 355 458 738 310 704 116 395 467 830 138 994 911 226 485 449 0 700 377 11 559 157 172 652 159 210 670 474 543 329 467 898 420 392 658 75
838 607 1081 1269 839 768 1255 93 1637 701 933 848 907 569 595 833 605 691 1535 793 799 286 1124 1248 756 1124 1045 663 861 237 772 1378 393 1071 759 1070 933 1446 1173 839 1223 1083 840 807 875 918 1203 1099 1465 533 815 412 639 860 848 1478 1110 1180 1055 1640 1381 837 428 92 833 181 1067 1021 544 1099 1321 920 784 680 842 730 904 1134 1403 915 744 573 1025 606 758 844 810 1006 1028 1530 833 1677 1580 856 1108 259 700 0 1064 701 789 601 866 186 600 610 1276 1140 829 771 1078 1523 1072 1092 730 703
232 775 639 220 517 907 877 985 577 964 379 218 341 610 901 235 626 374 594 303 317 837 409 305 529 172 800 1050 370 847 315 319 682 744 453 27 386 591 251 233 344 520 232 424 708 458 287 453 565 548 257 873 439 240 509 664 438 439 382 624 318 237 716 1014 233 896 124 474 564 529 765 343 447 425 229 626 166 124 340 190 513 697 518 942 410 971 296 198 529 478 239 617 678 374 448 821 377 1064 0 372 642 522 204 987 467 475 593 118 787 413 460 747 117 110 792 408
140 458 578 569 472 762 823 618 949 664 434 180 266 264 577 137 419 101 923 99 118 464 592 619 284 476 805 732 237 501 75 692 344 778 210 374 317 877 545 187 622 509 141 363 511 350 514 487 872 240 115 594 170 241 334 841 600 645 420 943 690 137 421 661 139 544 366 440 285 649 792 397 364 83 144 498 207 465 712 214 398 365 467 730 299 715 120 386 476 829 134 990 914 235 492 451 11 701 372 0 548 166 168 650 152 201 677 468 555 317 475 905 413 391 648 86
562 934 1120 848 129 267 1368 758 1080 1137 284 494 787 740 1027 555 198 447 843 612 643 740 421 627 828 572 283 1174 772 563 593 852 467 289 758 667 845 721 570 467 568 1036 571 222 1054 891 917 996 760 391 563 405 386 422 882 1293 392 467 921 1250 875 577 370 701 548 618 737 969 337 340 1318 308 204 621 569 64 586 620 891 647 151 837 1003 348 262 1223 631 462 1012 1080 567 1112 1320 772 997 677 559 789 642 548 0 658 575 623 429 368 1176 633 1085 249 990 1371 563 740 159 632
294 296 536 699 605 836 762 511 1093 504 590 346 306 98 412 293 494 242 1088 219 213 333 756 783 196 640 931 567 260 443 207 839 318 912 165 519 335 1044 711 353 788 503 292 503 406 332 605 506 1039 283 268 599 275 406 279 882 762 810 456 1046 833 285 432 581 297 471 489 436 340 804 771 555 499 96 295 600 356 625 856 342 517 200 450 770 435 570 230 553 455 952 286 1134 979 255 514 341 157 601 522 166 658 0 319 593 229 289 691 626 427 455 487 934 575 518 730 115
28 587 565 402 469 821 815 785 781 785 378 82 226 411 711 33 499 192 775 105 128 633 494 472 360 328 793 864 230 658 112 524 495 752 279 205 285 746 403 109 489 467 27 357 568 345 375 422 733 371 52 718 270 165 368 732 510 540 346 787 521 33 550 822 36 704 208 404 400 580 746 336 371 222 24 539 38 306 543 73 426 502 442 822 313 811 106 264 453 664 34 821 786 232 423 619 172 866 204 168 575 319 0 803 283 308 601 307 634 325 418 805 261 229 704 208
775 684 1114 1202 689 582 1314 210 1547 818 800 768 890 592 704 770 453 614 1408 748 761 351 987 1134 775 1022 868 798 848 150 725 1290 308 899 758 997 926 1308 1061 754 1100 1095 779 675 933 925 1164 1099 1334 439 755 230 548 763 865 1473 969 1043 1045 1591 1298 778 289 94 768 127 1011 1029 431 947 1354 793 649 651 781 569 838 1040 1319 862 601 627 1040 420 635 953 768 899 1045 1463 772 1586 1560 843 1107 291 652 186 987 650 623 593 803 0 521 513 1285 1048 904 646 1080 1527 977 1033 550 675
256 514 722 680 380 620 963 527 1037 721 393 249 418 315 618 250 275 93 955 248 270 410 576 657 405 527 702 771 388 379 224 778 214 687 343 476 469 886 581 238 643 660 261 287 628 497 653 640 893 90 238 444 53 262 470 991 574 633 572 1071 782 261 271 547 247 429 491 590 133 600 942 364 278 203 262 372 317 533 804 347 289 416 616 578 220 797 269 414 624 942 254 1076 1059 386 644 375 159 600 467 152 429 229 283 521 0 60 830 539 656 239 627 1056 472 512 509 220
283 572 778 693 324 563 1020 543 1035 778 351 258 466 374 674 276 218 117 930 290 316 445 538 638 465 515 643 825 439 379 267 777 216 629 401 488 519 854 563 242 617 711 289 237 689 551 683 687 865 76 269 410 37 252 528 1030 533 596 617 1090 785 291 243 548 272 433 514 641 92 553 994 327 225 261 289 311 338 528 806 377 231 474 669 529 172 856 312 396 677 954 283 1074 1092 437 691 402 210 610 475 201 368 289 308 513 60 0 876 536 716 190 675 1098 465 532 451 276
616 726 244 521 1066 1421 353 1183 837 806 953 682 411 706 819 623 1088 761 1076 585 559 991 1002 855 520 755 1379 912 445 1135 609 697 1000 1329 526 565 364 1127 826 708 915 193 608 957 475 360 326 190 1081 917 620 1269 841 757 428 219 1031 1028 259 562 662 602 1095 1268 630 1162 470 255 963 1122 184 912 972 644 609 1140 591 695 677 528 1028 716 252 1406 915 723 564 786 250 603 612 870 361 448 185 1020 670 1276 593 677 1176 691 601 1285 830 876 0 683 569 926 205 247 709 483 1304 622
331 889 750 221 503 900 984 1066 499 1080 352 295 459 718 1014 333 654 450 476 411 428 929 328 188 646 75 751 1164 488 915 419 242 750 688 569 137 504 474 144 301 235 629 334 430 826 576 360 558 446 612 357 913 503 284 628 724 361 347 491 616 254 340 767 1084 329 967 231 587 618 459 861 325 456 529 330 628 271 14 273 305 523 807 631 957 435 1090 406 172 642 448 340 538 715 492 552 907 474 1140 118 468 633 626 307 1048 539 536 683 0 906 433 568 811 74 207 790 514
622 222 325 875 1024 1258 431 740 1273 237 986 699 447 356 267 626 919 652 1381 537 508 556 1126 1090 276 948 1354 343 418 775 544 1054 707 1331 358 770 411 1373 1028 717 1118 405 615 917 97 341 699 468 1352 707 604 984 699 779 278 788 1140 1174 483 1094 1034 607 833 854 633 778 693 386 764 1199 536 946 917 473 619 1027 658 911 1055 605 942 283 355 1175 852 186 529 899 350 1073 613 1313 928 414 480 613 543 829 787 555 1085 427 634 904 656 716 569 906 0 871 443 799 882 724 1154 468
313 749 875 630 155 502 1125 714 919 957 164 244 539 549 857 306 221 218 764 368 400 633 354 489 602 389 488 1010 528 534 350 671 384 460 526 434 598 675 417 218 454 788 321 48 829 648 676 746 693 254 315 484 186 178 646 1048 346 412 671 1036 686 328 356 699 298 590 495 721 229 362 1069 148 48 398 320 217 337 422 705 398 103 651 756 529 19 1024 386 265 766 878 318 955 1083 528 748 586 329 771 413 317 249 455 325 646 239 190 926 433 871 0 741 1124 359 502 385 404
428 556 185 466 887 1228 417 986 845 674 787 501 209 509 663 435 890 563 1012 387 359 796 864 754 325 632 1210 778 240 930 409 651 794 1165 322 435 159 1038 710 527 803 60 419 775 346 160 269 24 1002 713 428 1064 641 581 236 400 890 898 78 652 624 413 890 1066 442 959 338 62 760 973 328 746 788 439 421 950 415 578 643 349 840 531 88 1205 728 621 365 636 95 633 422 883 515 243 36 820 467 1078 460 475 990 487 418 1080 627 675 205 568 443 741 0 446 576 360 1111 417
824 969 475 607 1253 1626 482 1430 814 1035 1125 881 642 953 1058 831 1303 981 1124 808 786 1238 1140 958 766 887 1548 1140 681 1376 832 750 1236 1491 769 720 601 1203 947 907 1027 440 817 1149 711 605 460 427 1148 1145 833 1499 1062 948 675 88 1173 1155 486 464 711 813 1326 1513 838 1406 637 501 1187 1269 293 1087 1167 880 817 1342 788 825 719 732 1227 963 499 1625 1115 937 786 945 497 579 822 839 204 685 420 1266 898 1523 747 905 1371 934 805 1527 1056 1098 247 811 799 1124 446 0 855 639 1508 857
283 848 753 285 434 831 993 1000 570 1045 285 234 442 670 973 283 580 385 513 367 388 869 293 211 615 66 696 1125 465 845 372 315 681 636 535 144 492 490 145 237 236 635 287 357 808 563 397 569 472 542 308 839 434 213 607 770 322 322 498 686 328 294 694 1014 278 898 241 587 546 415 882 255 383 480 283 556 229 64 347 276 450 763 631 883 361 1064 366 101 642 521 292 608 771 469 565 844 420 1072 117 413 563 575 261 977 472 465 709 74 882 359 576 855 0 226 719 468
257 741 544 180 618 1002 776 1009 579 917 485 276 279 596 865 262 705 420 663 303 305 847 519 393 484 274 909 1009 317 887 321 336 725 854 417 83 312 678 350 298 442 421 254 519 638 385 179 351 645 599 278 940 494 323 447 557 548 546 284 559 322 255 775 1050 265 933 31 382 624 640 657 448 540 424 251 718 194 218 345 178 604 672 426 1026 496 910 288 307 437 437 261 620 581 323 345 841 392 1092 110 391 740 518 229 1033 512 532 483 207 724 502 360 639 226 0 886 403
688 982 1226 1002 288 117 1470 717 1238 1176 442 627 903 800 1061 681 236 551 992 725 755 740 575 785 915 731 319 1199 883 528 704 1011 478 359 852 815 959 863 729 601 725 1152 696 368 1136 998 1061 1119 907 447 684 319 478 563 979 1432 544 618 1045 1405 1034 701 357 638 673 576 880 1083 390 481 1436 465 345 712 695 167 720 777 1049 778 281 889 1114 200 393 1276 746 618 1123 1237 692 1270 1467 881 1121 671 658 730 792 648 159 730 704 550 509 451 1304 790 1154 385 1111 1508 719 886 0 727
184 384 502 584 559 840 743 615 978 588 518 247 215 203 507 184 494 187 981 105 98 445 670 678 198 533 891 661 177 524 95 724 379 865 125 404 258 945 607 259 688 444 181 450 424 278 499 432 936 300 160 647 249 317 252 799 680 722 372 938 718 174 474 674 190 560 375 375 351 732 724 480 451 23 185 581 244 514 741 226 484 296 398 797 386 632 115 455 405 838 176 1019 885 173 438 445 75 703 408 86 632 115 208 675 220 276 622 514 468 404 417 857 468 403 727 0
