0 313 1139 524 1570 1324 946 889 1244 1513 1280 1255 1275 941 1233 1555
313 0 1337 555 1540 1338 1259 751 931 1757 1226 1439 1315 988 926 1721
1139 1337 0 850 1102 2385 1071 2028 2132 2032 2394 2034 696 637 2179 2338
524 555 850 0 1046 1835 1199 1304 1283 1960 1759 1758 769 437 1329 2064
1570 1540 1102 1046 0 2868 2039 2273 1868 2929 2766 2786 411 667 1978 3095
1324 1338 2385 1835 2868 0 1626 731 1691 1252 290 770 2598 2264 1570 807
946 1259 1071 1199 2039 1626 0 1600 2186 964 1749 1057 1638 1392 2162 1334
889 751 2028 1304 2273 731 1600 0 970 1663 523 1208 2066 1739 859 1393
1244 931 2132 1283 1868 1691 2186 970 0 2541 1441 2129 1842 1597 143 2348
1513 1757 2032 1960 2929 1252 964 1663 2541 0 1504 487 2548 2263 2466 549
1280 1226 2394 1759 2766 290 1749 523 1441 1504 0 1016 2529 2196 1313 1091
1255 1439 2034 1758 2786 770 1057 1208 2129 487 1016 0 2439 2124 2041 311
1275 1315 696 769 411 2598 1638 2066 1842 2548 2529 2439 0 334 1929 2750
941 988 637 437 667 2264 1392 1739 1597 2263 2196 2124 334 0 1669 2435
1233 926 2179 1329 1978 1570 2162 859 143 2466 1313 2041 1929 1669 0 2248
1555 1721 2338 2064 3095 807 1334 1393 2348 549 1091 311 2750 2435 2248 0
