0 34 737 21 831 722 131 700 292 39 775 486 132 713 483 299 196 514 517 157 841 744 144 798 405 166 627 121 153 671 302 460 646 118 246 514 492 573 687 546 749 735 296 632 610 535 453 155 348 260 384 650 479 842 355 637 6 456 748 258 736 597 515 369 252 205 697 465 534 453 764 483 777 643 863 614 462 218
34 0 761 26 801 754 143 731 259 72 742 520 166 728 454 311 217 527 516 136 808 776 161 803 438 143 628 153 176 637 267 447 678 145 217 526 515 602 669 574 763 704 262 660 606 503 482 173 340 236 404 638 464 828 341 606 40 423 717 255 760 605 530 395 276 203 731 469 524 461 766 449 811 639 870 605 428 207
737 761 0 759 1230 352 821 303 992 702 1456 465 664 1220 955 924 544 1074 517 895 1344 838 805 1398 450 904 1275 630 775 1325 958 698 812 745 831 338 937 244 862 215 241 1193 984 168 1290 1246 796 588 632 997 365 740 731 883 1083 1106 732 1150 1218 610 10 1189 283 827 803 627 540 466 658 416 529 1161 532 592 466 1317 1104 945
21 26 759 0 828 741 119 719 275 59 757 503 145 704 480 287 218 503 533 135 833 751 136 783 423 145 610 141 150 655 289 470 653 119 243 534 488 594 694 568 770 730 280 653 592 515 456 176 361 238 406 661 488 852 334 632 26 438 742 273 758 584 536 369 250 220 712 483 546 473 782 466 792 658 882 594 448 197
831 801 1230 828 0 1415 923 1374 646 857 620 1249 953 1463 349 1069 866 1269 714 808 195 1572 951 1451 1156 797 1260 913 975 503 577 536 1477 947 584 892 1304 1218 402 1155 1064 118 623 1234 1193 669 1284 843 630 792 934 523 501 510 922 199 836 600 127 702 1236 1305 952 1194 1073 725 1467 765 574 819 822 558 1530 677 978 1138 485 882
722 754 352 741 1415 0 752 50 1013 683 1497 259 603 984 1092 792 578 880 751 865 1489 514 725 1192 319 878 1108 601 687 1386 1008 887 514 673 905 571 717 199 1097 269 582 1352 1014 217 1145 1256 570 615 784 966 481 988 922 1161 1007 1256 716 1178 1373 719 341 997 504 641 670 710 202 678 881 620 844 1202 180 862 809 1193 1168 884
131 143 821 119 923 752 0 738 317 143 777 498 158 585 581 168 304 384 647 135 910 681 32 667 434 149 499 193 69 692 358 590 579 79 347 631 381 630 812 617 860 819 331 698 489 523 373 269 479 222 488 780 607 971 263 725 131 467 829 389 819 465 624 273 153 336 690 592 665 576 893 502 776 774 987 502 505 133
700 731 303 719 1374 50 738 0 989 660 1473 256 586 1001 1055 788 547 889 704 846 1453 550 712 1204 304 859 1112 578 675 1359 980 844 542 658 874 523 729 155 1052 223 532 1314 989 166 1147 1235 582 586 743 949 440 942 879 1113 997 1218 694 1154 1335 682 293 1006 456 646 665 675 241 633 836 574 794 1176 228 814 759 1191 1139 871
292 259 992 275 646 1013 317 989 0 331 483 778 420 817 343 434 455 623 640 183 603 999 350 818 698 169 626 413 384 381 83 496 897 373 196 713 677 856 654 820 954 533 25 908 571 254 690 411 441 145 627 672 494 832 283 448 298 164 538 404 993 659 735 586 469 371 986 620 589 635 883 191 1068 730 1014 534 189 240
39 72 702 59 857 683 143 660 331 0 815 448 98 713 508 304 166 516 505 193 873 715 147 809 366 204 643 82 146 709 338 464 619 106 273 489 481 534 695 509 721 763 334 594 631 574 431 127 347 297 353 651 485 846 385 665 33 495 777 252 701 605 486 354 242 199 659 449 533 433 750 522 739 634 844 639 499 247
775 742 1456 757 620 1497 777 1473 483 815 0 1260 901 1118 572 839 933 964 1030 645 448 1440 809 1018 1181 631 848 896 847 145 499 843 1337 845 624 1148 1076 1337 883 1298 1380 520 484 1386 762 257 1129 891 847 556 1093 961 823 1050 599 516 781 319 500 847 1458 945 1184 1018 914 829 1464 1035 930 1066 1239 297 1547 1075 1389 684 354 661
486 520 465 503 1249 259 498 256 778 448 1260 0 359 761 909 533 383 635 664 618 1298 409 470 955 92 632 856 368 432 1157 784 751 359 422 698 516 482 221 983 265 632 1172 782 298 890 1013 336 410 632 717 369 891 784 1082 750 1073 480 941 1190 548 458 753 460 390 411 523 219 586 771 531 828 969 292 796 841 935 945 630
132 166 664 145 953 603 158 586 420 98 901 359 0 663 604 278 176 474 548 261 971 619 141 784 284 274 632 57 115 801 434 536 524 81 371 498 410 472 772 458 716 861 426 539 634 654 342 157 414 363 343 718 561 915 422 762 126 582 875 315 661 574 482 278 182 266 566 482 596 455 783 611 647 683 861 655 594 289
713 728 1220 704 1463 984 585 1001 817 713 1118 761 663 0 1142 417 839 201 1211 666 1405 564 569 234 770 675 287 720 567 1101 888 1174 500 609 920 1149 283 978 1397 1006 1342 1350 840 1057 375 885 425 819 1060 671 984 1364 1192 1556 551 1264 712 897 1353 966 1213 172 1120 405 480 913 811 1146 1246 1116 1445 943 892 1344 1513 459 990 584
483 454 955 480 349 1092 581 1055 343 508 572 909 604 1142 0 735 526 943 473 477 397 1223 608 1160 816 467 969 564 629 427 261 279 1127 599 237 622 963 902 334 845 835 263 317 929 914 476 936 499 324 483 622 392 254 513 626 164 487 374 282 372 960 993 672 848 728 386 1128 497 360 541 668 349 1195 503 819 874 257 558
299 311 924 287 1069 792 168 788 434 304 839 533 278 417 735 0 450 216 809 260 1037 603 156 508 494 272 355 330 165 779 493 758 501 206 506 776 245 707 979 710 993 960 453 782 366 582 295 421 647 300 621 949 775 1140 248 869 298 554 968 555 920 301 760 184 123 502 688 750 833 729 1052 596 777 939 1138 402 621 194
196 217 544 218 866 578 304 547 455 166 933 383 176 839 526 450 0 651 373 352 918 730 300 958 290 360 800 120 284 813 435 390 646 244 327 327 580 405 629 365 556 789 450 453 794 708 492 43 266 453 188 560 420 757 550 691 192 617 808 171 544 749 320 447 359 140 601 306 436 279 606 635 669 510 687 805 593 413
514 527 1074 503 1269 880 384 889 623 516 964 635 474 201 943 216 651 0 1018 466 1219 554 370 324 625 476 235 530 372 930 692 974 465 413 719 969 174 840 1196 858 1174 1156 646 918 297 718 312 627 862 479 807 1165 991 1356 373 1069 513 717 1161 769 1068 117 945 248 293 716 734 956 1048 930 1257 762 821 1150 1333 370 802 386
517 516 517 533 714 751 647 704 640 505 1030 664 548 1211 473 809 373 1018 0 638 839 1062 653 1315 580 639 1144 490 646 887 575 195 990 604 444 185 954 552 350 481 363 686 622 546 1123 872 860 391 199 715 295 237 224 419 847 606 516 764 712 262 524 1110 251 821 730 313 859 78 141 134 250 759 900 138 373 1117 681 720
157 136 895 135 808 865 135 846 183 193 645 618 261 666 477 260 352 466 638 0 782 815 167 706 545 14 522 272 203 558 233 541 714 199 257 660 499 726 743 702 899 700 199 787 489 394 506 310 449 103 540 731 551 913 209 609 162 332 708 376 894 523 667 402 285 327 818 596 627 594 888 367 902 752 999 478 372 88
841 808 1344 833 195 1489 910 1453 603 873 448 1298 971 1405 397 1037 918 1219 839 782 0 1584 941 1363 1207 769 1176 941 970 354 551 648 1485 949 603 1006 1280 1300 567 1242 1200 155 583 1325 1101 552 1282 888 717 741 1019 680 615 696 854 237 847 510 127 770 1349 1239 1060 1183 1063 781 1517 878 706 927 982 465 1587 828 1139 1037 417 843
744 776 838 751 1572 514 681 550 999 715 1440 409 619 564 1223 603 730 554 1062 815 1584 0 648 797 483 829 783 660 616 1369 1035 1120 102 634 989 925 389 606 1359 665 1034 1479 1012 673 851 1182 311 741 996 888 770 1280 1150 1475 850 1381 739 1142 1493 902 829 650 870 422 531 863 312 984 1156 933 1237 1181 368 1197 1248 923 1186 781
144 161 805 136 951 725 32 712 350 147 809 470 141 569 608 156 300 370 653 167 941 648 0 662 408 182 499 184 38 725 389 605 547 60 372 627 355 608 830 598 852 849 363 678 495 554 342 268 491 253 479 794 623 987 285 753 142 499 859 399 803 457 617 243 122 346 659 595 678 576 897 535 745 782 986 513 537 160
798 803 1398 783 1451 1192 667 1204 818 809 1018 955 784 234 1160 508 958 324 1315 706 1363 797 662 0 948 711 191 838 674 1030 898 1245 729 715 962 1283 475 1163 1449 1182 1494 1333 843 1242 262 816 622 930 1143 677 1124 1436 1257 1619 534 1258 798 856 1332 1056 1392 211 1263 571 609 1003 1031 1258 1327 1237 1559 901 1114 1441 1645 334 966 618
405 438 450 423 1156 319 434 304 698 366 1181 92 284 770 816 494 290 625 580 545 1207 483 408 948 0 558 834 285 372 1075 699 659 420 355 608 443 487 216 893 236 586 1079 700 294 858 937 349 319 540 647 287 804 692 996 693 981 399 862 1098 455 444 741 392 377 370 431 311 502 683 450 757 888 381 714 784 896 860 567
166 143 904 145 797 878 149 859 169 204 631 632 274 675 467 272 360 476 639 14 769 829 182 711 558 0 526 283 217 543 221 538 728 213 250 666 511 737 738 713 905 688 185 798 490 381 520 317 448 93 548 728 547 908 207 597 171 318 696 378 903 530 673 416 299 330 832 599 625 598 889 353 916 751 1001 478 358 94
627 628 1275 610 1260 1108 499 1112 626 643 848 856 632 287 969 355 800 235 1144 522 1176 783 499 191 834 526 0 682 517 849 707 1063 698 556 775 1127 409 1050 1262 1059 1348 1143 652 1127 89 633 545 767 966 486 975 1254 1073 1434 343 1067 628 667 1141 883 1270 135 1114 466 471 831 968 1092 1147 1076 1392 712 1056 1267 1486 173 775 434
121 153 630 141 913 601 193 578 413 82 896 368 57 720 564 330 120 530 490 272 941 660 184 838 285 283 682 0 165 790 415 482 568 125 337 445 467 454 719 431 668 824 415 516 680 656 394 99 358 375 295 662 507 859 452 726 115 577 840 260 628 629 433 335 239 212 582 425 539 399 726 603 660 625 807 695 577 315
153 176 775 150 975 687 69 675 384 146 847 432 115 567 629 165 284 372 646 203 970 616 38 674 372 217 517 165 0 761 419 610 515 41 392 610 339 574 839 567 831 874 396 644 519 592 312 256 493 292 458 798 630 992 321 778 150 535 886 398 772 465 596 219 99 345 621 586 679 563 887 571 707 778 972 541 570 198
671 637 1325 655 503 1386 692 1359 381 709 145 1157 801 1101 427 779 813 930 887 558 354 1369 725 1030 1075 543 849 790 761 0 378 699 1267 753 495 1011 1023 1218 739 1175 1241 394 375 1263 768 217 1058 773 708 482 965 816 678 908 557 377 677 226 377 715 1328 929 1049 949 838 701 1367 896 785 929 1094 190 1448 930 1244 698 222 590
302 267 958 289 577 1008 358 980 83 338 499 784 434 888 261 493 435 692 575 233 551 1035 389 898 699 221 707 415 419 378 0 420 935 401 133 663 732 840 571 799 902 467 57 886 654 299 731 394 377 222 594 592 415 749 364 377 307 194 474 355 960 735 692 631 512 331 997 562 514 583 814 203 1076 657 948 617 161 305
460 447 698 470 536 887 590 844 496 464 843 751 536 1174 279 758 390 974 195 541 648 1120 605 1245 659 538 1063 482 610 699 420 0 1037 570 303 359 943 688 238 622 558 496 473 699 1028 705 875 386 124 597 405 191 35 382 740 413 462 597 521 222 703 1052 417 814 706 269 962 231 94 283 400 585 1016 239 546 1009 502 629
646 678 812 653 1477 514 579 542 897 619 1337 359 524 500 1127 501 646 465 990 714 1485 102 547 729 420 728 698 568 515 1267 935 1037 0 535 893 863 295 572 1275 624 992 1382 911 644 762 1080 209 653 912 786 703 1201 1066 1398 749 1284 641 1040 1395 816 804 567 812 319 429 775 322 913 1077 864 1177 1079 395 1127 1200 831 1085 679
118 145 745 119 947 673 79 658 373 106 845 422 81 609 599 206 244 413 604 199 949 634 60 715 355 213 556 125 41 753 401 570 535 0 362 570 375 550 801 539 793 848 383 619 555 593 337 215 452 295 420 758 591 952 342 752 114 530 861 357 742 507 558 251 136 304 619 544 638 522 846 562 703 736 931 574 556 212
246 217 831 243 584 905 347 874 196 273 624 698 371 920 237 506 327 719 444 257 603 989 372 962 608 250 775 337 392 495 133 303 893 362 0 530 728 728 487 682 768 489 177 769 733 432 700 291 245 296 470 486 305 660 441 391 251 327 504 223 834 780 561 612 492 206 915 429 395 449 687 332 989 534 818 708 273 345
514 526 338 534 892 571 631 523 713 489 1148 516 498 1149 622 776 327 969 185 660 1006 925 627 1283 443 666 1127 445 610 1011 663 359 863 570 530 0 876 375 536 302 241 855 699 362 1120 961 762 362 304 753 167 421 393 590 867 769 511 857 880 308 344 1072 66 746 676 343 694 128 325 82 314 862 727 292 364 1128 794 731
492 515 937 488 1304 717 381 729 677 481 1076 482 410 283 963 245 580 174 954 499 1280 389 355 475 487 511 409 467 339 1023 732 943 295 375 728 876 0 696 1176 723 1061 1198 696 775 468 821 147 567 823 545 710 1128 966 1324 477 1105 489 799 1207 725 930 285 843 132 239 674 562 884 1006 849 1179 841 649 1090 1239 536 865 439
573 602 244 594 1218 199 630 155 856 534 1337 221 472 978 902 707 405 840 552 726 1300 606 608 1163 216 737 1050 454 574 1218 840 688 572 550 728 375 696 0 898 72 428 1159 853 78 1073 1106 553 446 588 830 284 790 723 965 893 1064 567 1020 1181 530 237 956 309 592 584 526 331 479 682 420 663 1039 353 667 649 1109 997 761
687 669 862 694 402 1097 812 1052 654 695 883 983 772 1397 334 979 629 1196 350 743 567 1359 830 1449 893 738 1262 719 839 739 571 238 1275 801 487 536 1176 898 0 828 673 416 629 896 1218 811 1113 625 363 780 624 125 211 179 926 374 689 709 444 461 869 1265 601 1048 937 506 1190 419 216 477 420 683 1238 281 576 1187 592 832
546 574 215 568 1155 269 617 223 820 509 1298 265 458 1006 845 710 365 858 481 702 1242 665 598 1182 236 713 1059 431 567 1175 799 622 624 539 682 302 723 72 828 0 368 1099 816 87 1077 1073 584 408 527 806 223 719 658 893 880 1006 541 983 1122 475 210 973 236 611 589 477 400 409 612 350 592 1000 425 595 584 1107 953 745
749 763 241 770 1064 582 860 532 954 721 1380 632 716 1342 835 993 556 1174 363 899 1200 1034 852 1494 586 905 1348 668 831 1241 902 558 992 793 768 241 1061 428 673 368 0 1045 940 372 1348 1201 932 594 533 993 373 548 587 665 1104 969 746 1096 1072 549 252 1282 235 937 884 585 755 344 494 319 296 1098 760 392 227 1361 1027 967
735 704 1193 730 118 1352 819 1314 533 763 520 1172 861 1350 263 960 789 1156 686 700 155 1479 849 1333 1079 688 1143 824 874 394 467 496 1382 848 489 855 1198 1159 416 1099 1045 0 510 1181 1075 551 1186 762 572 678 876 526 462 556 806 98 740 482 28 633 1198 1190 911 1092 971 649 1391 727 551 777 828 439 1458 672 984 1020 367 771
296 262 984 280 623 1014 331 989 25 334 484 782 426 840 317 453 450 646 622 199 583 1012 363 843 700 185 652 415 396 375 57 473 911 383 177 699 696 853 629 816 940 510 0 904 597 263 705 407 423 170 619 648 470 807 309 424 302 167 515 390 985 684 724 602 483 360 992 604 567 621 863 188 1073 709 995 560 174 261
632 660 168 653 1234 217 698 166 908 594 1386 298 539 1057 929 782 453 918 546 787 1325 673 678 1242 294 798 1127 516 644 1263 886 699 644 619 769 362 775 78 896 87 372 1181 904 0 1149 1160 632 496 608 891 307 782 734 949 961 1089 627 1071 1205 561 160 1035 295 670 659 564 383 478 682 420 627 1088 390 650 597 1182 1041 827
610 606 1290 592 1193 1145 489 1147 571 631 762 890 634 375 914 366 794 297 1123 489 1101 851 495 262 858 490 89 680 519 768 654 1028 762 555 733 1120 468 1073 1218 1077 1348 1075 597 1149 0 553 595 758 938 437 975 1217 1036 1392 292 1003 612 595 1072 860 1286 215 1113 505 489 809 1017 1075 1115 1064 1372 639 1106 1241 1474 84 708 403
535 503 1246 515 669 1256 523 1235 254 574 257 1013 654 885 476 582 708 718 872 394 552 1182 554 816 937 381 633 656 592 217 299 705 1080 593 432 961 821 1106 811 1073 1201 551 263 1160 553 0 871 664 676 300 881 859 694 989 347 500 540 108 542 652 1247 713 987 760 657 623 1212 861 798 881 1105 127 1297 944 1243 486 219 403
453 482 796 456 1284 570 373 582 690 431 1129 336 342 425 936 295 492 312 860 506 1282 311 342 622 349 520 545 394 312 1058 731 875 209 337 700 762 147 553 1113 584 932 1186 705 632 595 871 0 489 751 576 595 1052 901 1249 543 1089 448 831 1197 653 789 428 723 111 221 607 423 786 928 745 1072 870 511 998 1120 655 879 469
155 173 588 176 843 615 269 586 411 127 891 410 157 819 499 421 43 627 391 310 888 741 268 930 319 317 767 99 256 773 394 386 653 215 291 362 567 446 625 408 594 762 407 496 758 664 489 0 262 410 230 563 413 761 510 663 151 574 780 164 588 722 360 435 338 122 629 329 440 308 630 593 700 525 718 766 553 372
348 340 632 361 630 784 479 743 441 347 847 632 414 1060 324 647 266 862 199 449 717 996 491 1143 540 448 966 358 493 708 377 124 912 452 245 304 823 588 363 527 533 572 423 608 938 676 751 262 0 519 304 305 154 501 655 480 349 569 596 98 636 945 349 692 587 148 846 188 186 221 445 567 904 303 572 926 494 535
260 236 997 238 792 966 222 949 145 297 556 717 363 671 483 300 453 479 715 103 741 888 253 677 647 93 486 375 292 482 222 597 786 295 296 753 545 830 780 806 993 678 170 891 437 300 576 410 519 0 640 783 602 955 145 593 265 255 682 458 996 514 763 467 358 413 912 680 687 683 964 296 998 821 1082 412 324 107
384 404 365 406 934 481 488 440 627 353 1093 369 343 984 622 621 188 807 295 540 1019 770 479 1124 287 548 975 295 458 965 594 405 703 420 470 167 710 284 624 223 373 876 619 307 975 881 595 230 304 640 0 526 440 713 739 782 381 785 899 254 366 913 138 580 515 264 566 217 409 163 478 797 614 427 529 990 743 601
650 638 740 661 523 988 780 942 672 651 961 891 718 1364 392 949 560 1165 237 731 680 1280 794 1436 804 728 1254 662 798 816 592 191 1201 758 486 421 1128 790 125 719 548 526 648 782 1217 859 1052 563 305 783 526 0 181 197 927 470 652 753 554 403 748 1243 487 997 892 453 1092 312 124 370 302 734 1136 156 458 1195 645 820
479 464 731 488 501 922 607 879 494 485 823 784 561 1192 254 775 420 991 224 551 615 1150 623 1257 692 547 1073 507 630 678 415 35 1066 591 305 393 966 723 211 658 587 462 470 734 1036 694 901 413 154 602 440 181 0 364 746 381 481 586 489 250 737 1066 452 837 727 294 996 265 107 318 417 572 1051 253 565 1014 486 639
842 828 883 852 510 1161 971 1113 832 846 1050 1082 915 1556 513 1140 757 1356 419 913 696 1475 987 1619 996 908 1434 859 992 908 749 382 1398 952 660 590 1324 965 179 893 665 556 807 949 1392 989 1249 761 501 955 713 197 364 0 1100 534 844 888 583 599 892 1431 657 1193 1087 649 1277 496 321 553 374 862 1316 298 512 1364 770 1001
355 341 1083 334 922 1007 263 997 283 385 599 750 422 551 626 248 550 373 847 209 854 850 285 534 693 207 343 452 321 557 364 740 749 342 441 867 477 893 926 880 1104 806 309 961 292 347 543 510 655 145 739 927 746 1100 0 727 358 346 807 586 1081 385 870 432 349 537 925 806 828 803 1097 391 1013 958 1208 270 441 137
637 606 1106 632 199 1256 725 1218 448 665 516 1073 762 1264 164 869 691 1069 606 609 237 1381 753 1258 981 597 1067 726 778 377 377 413 1284 752 391 769 1105 1064 374 1006 969 98 424 1089 1003 500 1089 663 480 593 782 470 381 534 727 0 642 418 117 536 1111 1107 823 996 876 551 1292 642 477 690 768 379 1360 608 924 952 297 683
6 40 732 26 836 716 131 694 298 33 781 480 126 712 487 298 192 513 516 162 847 739 142 798 399 171 628 115 150 677 307 462 641 114 251 511 489 567 689 541 746 740 302 627 612 540 448 151 349 265 381 652 481 844 358 642 0 462 754 258 731 597 511 366 249 205 691 464 535 451 763 489 771 643 861 617 468 221
456 423 1150 438 600 1178 467 1154 164 495 319 941 582 897 374 554 617 717 764 332 510 1142 499 856 862 318 667 577 535 226 194 597 1040 530 327 857 799 1020 709 983 1096 482 167 1071 595 108 831 574 569 255 785 753 586 888 346 418 462 0 478 549 1151 729 886 723 611 524 1147 755 690 777 996 45 1230 836 1136 537 122 363
748 717 1218 742 127 1373 829 1335 538 777 500 1190 875 1353 282 968 808 1161 712 708 127 1493 859 1332 1098 696 1141 840 886 377 474 521 1395 861 504 880 1207 1181 444 1122 1072 28 515 1205 1072 542 1197 780 596 682 899 554 489 583 807 117 754 478 0 654 1224 1192 936 1102 982 669 1409 752 578 802 856 434 1478 700 1012 1015 366 777
258 255 610 273 702 719 389 682 404 252 847 548 315 966 372 555 171 769 262 376 770 902 399 1056 455 378 883 260 398 715 355 222 816 357 223 308 725 530 461 475 549 633 390 561 860 652 653 164 98 458 254 403 250 599 586 536 258 549 654 0 612 855 337 594 490 53 765 222 281 231 512 556 828 384 624 855 494 458
736 760 10 758 1236 341 819 293 993 701 1458 458 661 1213 960 920 544 1068 524 894 1349 829 803 1392 444 903 1270 628 772 1328 960 703 804 742 834 344 930 237 869 210 252 1198 985 160 1286 1247 789 588 636 996 366 748 737 892 1081 1111 731 1151 1224 612 0 1184 288 821 799 629 530 472 665 421 539 1163 521 600 477 1314 1106 944
597 605 1189 584 1305 997 465 1006 659 605 945 753 574 172 993 301 749 117 1110 523 1239 650 457 211 741 530 135 629 465 929 735 1052 567 507 780 1072 285 956 1265 973 1282 1190 684 1035 215 713 428 722 945 514 913 1243 1066 1431 385 1107 597 729 1192 855 1184 0 1052 364 398 802 848 1051 1130 1029 1353 774 934 1239 1436 297 827 436
515 530 283 536 952 504 624 456 735 486 1184 460 482 1120 672 760 320 945 251 667 1060 870 617 1263 392 673 1114 433 596 1049 692 417 812 558 561 66 843 309 601 236 235 911 724 295 1113 987 723 360 349 763 138 487 452 657 870 823 511 886 936 337 288 1052 0 715 654 363 631 188 389 133 367 893 662 358 396 1125 830 733
369 395 827 369 1194 641 273 646 586 354 1018 390 278 405 848 184 447 248 821 402 1183 422 243 571 377 416 466 335 219 949 631 814 319 251 612 746 132 592 1048 611 937 1092 602 670 505 760 111 435 692 467 580 997 837 1193 432 996 366 723 1102 594 821 364 715 0 120 544 515 752 874 717 1047 762 604 958 1109 559 775 360
252 276 803 250 1073 670 153 665 469 242 914 411 182 480 728 123 359 293 730 285 1063 531 122 609 370 299 471 239 99 838 512 706 429 136 492 676 239 584 937 589 884 971 483 659 489 657 221 338 587 358 515 892 727 1087 349 876 249 611 982 490 799 398 654 120 0 438 575 665 771 637 965 649 664 864 1040 526 657 253
205 203 627 220 725 710 336 675 371 199 829 523 266 913 386 502 140 716 313 327 781 863 346 1003 431 330 831 212 345 701 331 269 775 304 206 343 674 526 506 477 585 649 360 564 809 623 607 122 148 413 264 453 294 649 537 551 205 524 669 53 629 802 363 544 438 0 742 269 333 270 563 534 809 437 671 805 479 407
697 731 540 712 1467 202 690 241 986 659 1464 219 566 811 1128 688 601 734 859 818 1517 312 659 1031 311 832 968 582 621 1367 997 962 322 619 915 694 562 331 1190 400 755 1391 992 383 1017 1212 423 629 846 912 566 1092 996 1277 925 1292 691 1147 1409 765 530 848 631 515 575 742 0 781 976 724 992 1177 89 984 979 1074 1159 817
465 469 466 483 765 678 592 633 620 449 1035 586 482 1146 497 750 306 956 78 596 878 984 595 1258 502 599 1092 425 586 896 562 231 913 544 429 128 884 479 419 409 344 727 604 478 1075 861 786 329 188 680 217 312 265 496 806 642 464 755 752 222 472 1051 188 752 665 269 781 0 203 58 301 755 824 214 402 1074 683 675
534 524 658 546 574 881 665 836 589 533 930 771 596 1246 360 833 436 1048 141 627 706 1156 678 1327 683 625 1147 539 679 785 514 94 1077 638 395 325 1006 682 216 612 494 551 567 682 1115 798 928 440 186 687 409 124 107 321 828 477 535 690 578 281 665 1130 389 874 771 333 976 203 0 262 309 678 1023 146 458 1099 593 714
453 461 416 473 819 620 576 574 635 433 1066 531 455 1116 541 729 279 930 134 594 927 933 576 1237 450 598 1076 399 563 929 583 283 864 522 449 82 849 420 477 350 319 777 621 420 1064 881 745 308 221 683 163 370 318 553 803 690 451 777 802 231 421 1029 133 717 637 270 724 58 262 0 329 780 766 264 410 1067 712 669
764 766 529 782 822 844 893 794 883 750 1239 828 783 1445 668 1052 606 1257 250 888 982 1237 897 1559 757 889 1392 726 887 1094 814 400 1177 846 687 314 1179 663 420 592 296 828 863 627 1372 1105 1072 630 445 964 478 302 417 374 1097 768 763 996 856 512 539 1353 367 1047 965 563 992 301 309 329 0 986 1014 164 156 1367 902 970
483 449 1161 466 558 1202 502 1176 191 522 297 969 611 943 349 596 635 762 759 367 465 1181 535 901 888 353 712 603 571 190 203 585 1079 562 332 862 841 1039 683 1000 1098 439 188 1088 639 127 870 593 567 296 797 734 572 862 391 379 489 45 434 556 1163 774 893 762 649 534 1177 755 678 780 986 0 1259 825 1128 581 91 404
777 811 532 792 1530 180 776 228 1068 739 1547 292 647 892 1195 777 669 821 900 902 1587 368 745 1114 381 916 1056 660 707 1448 1076 1016 395 703 989 727 649 353 1238 425 760 1458 1073 390 1106 1297 511 700 904 998 614 1136 1051 1316 1013 1360 771 1230 1478 828 521 934 662 604 664 809 89 824 1023 766 1014 1259 0 1019 987 1163 1237 904
643 639 592 658 677 862 774 814 730 634 1075 796 683 1344 503 939 510 1150 138 752 828 1197 782 1441 714 751 1267 625 778 930 657 239 1127 736 534 292 1090 667 281 595 392 672 709 650 1241 944 998 525 303 821 427 156 253 298 958 608 643 836 700 384 600 1239 358 958 864 437 984 214 146 264 164 825 1019 0 317 1229 740 837
863 870 466 882 978 809 987 759 1014 844 1389 841 861 1513 819 1138 687 1333 373 999 1139 1248 986 1645 784 1001 1486 807 972 1244 948 546 1200 931 818 364 1239 649 576 584 227 984 995 597 1474 1243 1120 718 572 1082 529 458 565 512 1208 924 861 1136 1012 624 477 1436 396 1109 1040 671 979 402 458 410 156 1128 987 317 0 1475 1047 1077
614 605 1317 594 1138 1193 502 1191 534 639 684 935 655 459 874 402 805 370 1117 478 1037 923 513 334 896 478 173 695 541 698 617 1009 831 574 708 1128 536 1109 1187 1107 1361 1020 560 1182 84 486 655 766 926 412 990 1195 1014 1364 270 952 617 537 1015 855 1314 297 1125 559 526 805 1074 1074 1099 1067 1367 581 1163 1229 1475 0 655 398
462 428 1104 448 485 1168 505 1139 189 499 354 945 594 990 257 621 593 802 681 372 417 1186 537 966 860 358 775 577 570 222 161 502 1085 556 273 794 865 997 592 953 1027 367 174 1041 708 219 879 553 494 324 743 645 486 770 441 297 468 122 366 494 1106 827 830 775 657 479 1159 683 593 712 902 91 1237 740 1047 655 0 427
218 207 945 197 882 884 133 871 240 247 661 630 289 584 558 194 413 386 720 88 843 781 160 618 567 94 434 315 198 590 305 629 679 212 345 731 439 761 832 745 967 771 261 827 403 403 469 372 535 107 601 820 639 1001 137 683 221 363 777 458 944 436 733 360 253 407 817 675 714 669 970 404 904 837 1077 398 427 0
