0 218 338 298 138 519 1067 92 23 1691 1257 472 1520 540 782 736
218 0 167 262 350 712 1129 191 218 1535 1407 296 1670 411 977 594
338 167 0 424 477 855 1040 269 347 1586 1570 377 1833 246 1014 427
298 262 424 0 346 593 1351 353 278 1408 1196 265 1455 671 1055 846
138 350 477 346 0 382 1105 219 132 1754 1135 570 1397 672 709 868
519 712 855 593 382 0 1348 602 508 1898 778 857 1035 1054 717 1250
1067 1129 1040 1351 1105 1348 0 998 1090 2621 2101 1411 2341 897 803 924
92 191 269 353 219 602 998 0 112 1713 1348 479 1611 453 785 649
23 218 347 278 132 508 1090 112 0 1674 1240 460 1503 556 795 751
1691 1535 1586 1408 1754 1898 2621 1713 1674 0 2076 1238 2249 1734 2463 1776
1257 1407 1570 1196 1135 778 2101 1348 1240 2076 0 1434 263 1795 1368 1990
472 296 377 265 570 857 1411 479 460 1238 1434 0 1689 594 1254 728
1520 1670 1833 1455 1397 1035 2341 1611 1503 2249 263 1689 0 2059 1586 2253
540 411 246 671 672 1054 897 453 556 1734 1795 594 2059 0 1064 196
782 977 1014 1055 709 717 803 785 795 2463 1368 1254 1586 1064 0 1219
736 594 427 846 868 1250 924 649 751 1776 1990 728 2253 196 1219 0
