0 445 1532 1198 279 669 118 1438 1707 1382 74 341 1450 388 201 717
445 0 1193 776 707 863 562 1167 1898 1109 516 776 1165 597 422 1055
1532 1193 0 1181 1686 1389 1617 289 1959 290 1578 1863 1874 1788 1374 2229
1198 776 1181 0 1474 1596 1317 1334 2572 1285 1273 1494 692 1169 1198 1628
279 707 1686 1474 0 554 167 1550 1521 1498 206 244 1719 566 325 710
669 863 1389 1596 554 0 636 1181 1051 1141 637 798 2024 1053 503 1265
118 562 1617 1317 167 636 0 1506 1650 1452 45 246 1552 426 247 671
1438 1167 289 1334 1550 1181 1506 0 1674 58 1472 1750 2012 1740 1259 2152
1707 1898 1959 2572 1521 1051 1650 1674 0 1669 1663 1741 3064 2076 1554 2176
1382 1109 290 1285 1498 1141 1452 58 1669 0 1417 1696 1961 1682 1204 2096
74 516 1578 1273 206 637 45 1472 1663 1417 0 285 1518 416 216 694
341 776 1863 1494 244 798 246 1750 1741 1696 285 0 1638 419 492 466
1450 1165 1874 692 1719 2024 1552 2012 3064 1961 1518 1638 0 1225 1541 1568
388 597 1788 1169 566 1053 426 1740 2076 1682 416 419 1225 0 582 473
201 422 1374 1198 325 503 247 1259 1554 1204 216 492 1541 582 0 909
717 1055 2229 1628 710 1265 671 2152 2176 2096 694 466 1568 473 909 0
