0 519 1476 318 0 817 201 1386 749 1604 1233 1198 629 376 1461 823
519 0 1512 665 519 1281 646 1898 445 2121 1141 1717 949 868 1108 439
1476 1512 0 1178 1476 2100 1321 2314 1957 2400 2626 1943 961 1376 1118 1219
318 665 1178 0 318 981 142 1418 1009 1600 1548 1151 317 291 1349 798
0 519 1476 318 0 817 201 1386 749 1604 1233 1198 628 376 1461 823
817 1281 2100 981 817 0 852 704 1285 963 1333 744 1138 728 2277 1638
201 646 1321 142 201 852 0 1333 937 1530 1432 1096 432 226 1446 857
1386 1898 2314 1418 1386 704 1333 0 1973 261 2019 390 1426 1127 2767 2188
749 445 1957 1009 749 1285 937 1973 0 2220 717 1876 1321 1124 1456 832
1604 2121 2400 1600 1604 963 1530 261 2220 0 2281 468 1564 1313 2940 2387
1233 1141 2626 1548 1233 1333 1432 2019 717 2281 0 2061 1862 1544 2166 1550
1198 1717 1943 1151 1198 744 1096 390 1876 468 2061 0 1096 872 2479 1947
629 949 961 317 628 1138 432 1426 1321 1564 1862 1096 0 418 1401 972
376 868 1376 291 376 728 226 1127 1124 1313 1544 872 418 0 1640 1075
1461 1108 1118 1349 1461 2277 1446 2767 1456 2940 2166 2479 1401 1640 0 671
823 439 1219 798 823 1638 857 2188 832 2387 1550 1947 972 1075 671 0
