0 625 1680 1381 1447 641 1537 11 37 615 507 1535 876 542 845 1396
625 0 2070 887 1356 505 1233 636 654 680 394 2126 1385 1000 1234 1368
1680 2070 0 2206 3116 2311 3207 1674 1645 2292 1682 1027 852 1139 848 1233
1381 887 2206 0 2135 1374 1861 1391 1395 1565 886 2629 1818 1474 1547 1075
1447 1356 3116 2135 0 886 500 1451 1480 832 1676 2739 2279 1986 2292 2701
641 505 2311 1374 886 0 898 648 678 214 790 2135 1517 1173 1465 1815
1537 1233 3207 1861 500 898 0 1544 1574 963 1611 2984 2412 2071 2360 2598
11 636 1674 1391 1451 648 1544 0 29 620 516 1524 868 537 841 1399
37 654 1645 1395 1480 678 1574 29 0 649 515 1499 839 508 812 1381
615 680 2292 1565 832 214 963 620 649 0 897 2023 1469 1157 1461 1914
507 394 1682 886 1676 790 1611 516 515 897 0 1832 1050 666 860 1026
1535 2126 1027 2629 2739 2135 2984 1524 1499 2023 1832 0 811 1170 1101 1946
876 1385 852 1818 2279 1517 2412 868 839 1469 1050 811 0 386 311 1214
542 1000 1139 1474 1986 1173 2071 537 508 1157 666 1170 386 0 308 1068
845 1234 848 1547 2292 1465 2360 841 812 1461 860 1101 311 308 0 907
1396 1368 1233 1075 2701 1815 2598 1399 1381 1914 1026 1946 1214 1068 907 0
