0 951 357 1657 282 1706 635 559 1356 1270 768 1644 955 1246 1416 18
951 0 1290 864 1114 1870 1447 1510 2308 1043 1710 1156 1210 2043 1218 948
357 1290 0 2015 226 1901 625 282 1038 1587 515 1982 1191 922 1517 368
1657 864 2015 0 1887 1720 1946 2174 2948 863 2328 589 1374 2857 2002 1647
282 1114 226 1887 0 1970 783 507 1252 1551 740 1915 1228 981 1300 300
1706 1870 1901 1720 1970 0 1346 1818 2260 891 1789 1172 761 2773 2957 1688
635 1447 625 1946 783 1346 0 475 1047 1284 466 1732 750 1429 2047 624
559 1510 282 2174 507 1818 475 0 797 1644 232 2069 1172 955 1797 562
1356 2308 1038 2948 1252 2260 1047 797 0 2331 619 2778 1789 998 2439 1359
1270 1043 1587 863 1551 891 1284 1644 2331 0 1732 454 573 2507 2225 1254
768 1710 515 2328 740 1789 466 232 619 1732 0 2172 1215 1033 2027 768
1644 1156 1982 589 1915 1172 1732 2069 2778 454 2172 0 1027 2891 2374 1630
955 1210 1191 1374 1228 761 750 1172 1789 573 1215 1027 0 2100 2212 937
1246 2043 922 2857 981 2773 1429 955 998 2507 1033 2891 2100 0 1687 1261
1416 1218 1517 2002 1300 2957 2047 1797 2439 2225 2027 2374 2212 1687 0 1429
18 948 368 1647 300 1688 624 562 1359 1254 768 1630 937 1261 1429 0
