0 693 44 73 1420 460 129 1718 804 1254 762 943 408 378 1235 342
693 0 716 752 754 878 567 2361 1476 1947 1361 306 859 761 1336 399
44 716 0 36 1434 496 148 1682 772 1233 720 973 367 342 1200 378
73 752 36 0 1468 502 184 1647 735 1198 689 1009 357 343 1199 413
1420 754 1434 1468 0 1627 1291 2971 2149 2663 1973 681 1461 1363 1548 1153
460 878 496 502 1627 0 517 1919 1010 1272 1091 1008 859 838 1696 494
129 567 148 184 1291 517 0 1821 917 1381 844 827 421 361 1198 248
1718 2361 1682 1647 2971 1919 1821 0 923 835 1005 2644 1519 1619 1765 2060
804 1476 772 735 2149 1010 917 923 0 577 303 1744 705 796 1324 1147
1254 1947 1233 1198 2663 1272 1381 835 577 0 867 2181 1263 1346 1887 1573
762 1361 720 689 1973 1091 844 1005 303 867 0 1651 514 614 1023 1092
943 306 973 1009 681 1008 827 2644 1744 2181 1651 0 1159 1063 1621 608
408 859 367 357 1461 859 421 1519 705 1263 514 1159 0 100 852 657
378 761 342 343 1363 838 361 1619 796 1346 614 1063 100 0 858 583
1235 1336 1200 1199 1548 1696 1198 1765 1324 1887 1023 1621 852 858 0 1366
342 399 378 413 1153 494 248 2060 1147 1573 1092 608 657 583 1366 0
