0 766 1676 605 922 169 1408 362 827 564 629 198 1344 910 1263 288
766 0 2420 170 899 908 1971 602 447 233 1305 767 1835 1527 2022 1032
1676 2420 0 2272 2402 1579 981 1988 2483 2239 1449 1655 1198 1541 783 1481
605 170 2272 0 798 741 1871 435 403 69 1134 629 1749 1358 1855 864
922 899 2402 798 0 909 2320 576 480 739 969 1093 2266 1017 1764 963
169 908 1579 741 909 0 1414 409 903 692 461 337 1377 746 1113 124
1408 1971 981 1871 2320 1414 0 1770 2204 1866 1583 1274 233 1821 1385 1385
362 602 1988 435 576 409 1770 0 495 368 715 518 1700 924 1478 510
827 447 2483 403 480 903 2204 495 0 370 1169 929 2104 1319 1957 1005
564 233 2239 69 739 692 1866 368 370 0 1073 609 1752 1293 1804 813
629 1305 1449 1134 969 461 1583 715 1169 1073 0 789 1611 296 801 357
198 767 1655 629 1093 337 1274 518 929 609 789 0 1187 1080 1334 432
1344 1835 1198 1749 2266 1377 233 1700 2104 1752 1611 1187 0 1870 1525 1368
910 1527 1541 1358 1017 746 1821 924 1319 1293 296 1080 1870 0 800 650
1263 2022 783 1855 1764 1113 1385 1478 1957 1804 801 1334 1525 800 0 991
288 1032 1481 864 963 124 1385 510 1005 813 357 432 1368 650 991 0
