0 183 137 102 224 466 314 79 87 1412 1123 722 709 105 1715 1259
183 0 235 284 291 619 464 159 96 1241 1216 737 891 246 1536 1396
137 235 0 141 87 558 416 83 165 1378 998 586 693 236 1699 1161
102 284 141 0 219 417 276 144 187 1496 1057 706 607 136 1806 1170
224 291 87 219 0 633 496 161 239 1352 927 498 709 323 1683 1112
466 619 558 417 633 0 155 541 538 1859 1310 1092 529 375 2141 1297
314 464 416 276 496 155 0 390 382 1704 1253 974 575 219 1990 1289
79 159 83 144 161 541 390 0 81 1352 1082 653 741 184 1662 1242
87 96 165 187 239 538 382 81 0 1330 1163 721 795 163 1629 1321
1412 1241 1378 1496 1352 1859 1704 1352 1330 0 1896 1311 2061 1488 371 2256
1123 1216 998 1057 927 1310 1253 1082 1163 1896 0 605 920 1193 2267 415
722 737 586 706 498 1092 974 653 721 1311 605 0 957 821 1679 944
709 891 693 607 709 529 575 741 795 2061 920 957 0 688 2390 800
105 246 236 136 323 375 219 184 163 1488 1193 821 688 0 1780 1300
1715 1536 1699 1806 1683 2141 1990 1662 1629 371 2267 1679 2390 1780 0 2624
1259 1396 1161 1170 1112 1297 1289 1242 1321 2256 415 944 800 1300 2624 0
