0 674 668 1479 849 282 1444 828 1411 1168 1593 19 493 1356 1625 1584
674 0 636 2095 491 949 2034 1500 778 979 1178 671 1041 1969 1791 1989
668 636 0 2093 332 900 2080 1357 1017 499 1814 650 674 1547 1156 1390
1479 2095 2093 0 2325 1206 158 778 2868 2568 2512 1491 1501 1394 2631 2186
849 491 332 2325 0 1119 2294 1625 685 491 1627 835 985 1877 1372 1696
282 949 900 1206 1119 0 1182 551 1694 1391 1764 291 475 1174 1707 1548
1444 2034 2080 158 2294 1182 0 816 2812 2564 2389 1458 1519 1502 2684 2272
828 1500 1357 778 1625 551 816 0 2234 1812 2234 834 728 847 1869 1498
1411 778 1017 2868 685 1694 2812 2234 0 956 1426 1403 1653 2560 1923 2348
1168 979 499 2568 491 1391 2564 1812 956 0 2111 1149 1090 1837 966 1438
1593 1178 1814 2512 1627 1764 2389 2234 1426 2111 0 1604 2078 2935 2969 3126
19 671 650 1491 835 291 1458 834 1403 1149 1604 0 479 1349 1605 1568
493 1041 674 1501 985 475 1519 728 1653 1090 2078 479 0 929 1239 1097
1356 1969 1547 1394 1877 1174 1502 847 2560 1837 2935 1349 929 0 1443 846
1625 1791 1156 2631 1372 1707 2684 1869 1923 966 2969 1605 1239 1443 0 690
1584 1989 1390 2186 1696 1548 2272 1498 2348 1438 3126 1568 1097 846 690 0
