0 896 571 130 1448 1662 1170 701 216 196 1208 1532 463 1564 43 946
896 0 1439 771 2226 2328 1507 655 864 865 1249 697 475 1807 873 1196
571 1439 0 700 1270 1191 1470 1246 725 578 1300 2098 971 1860 607 1340
130 771 700 0 1528 1769 1147 592 185 237 1209 1402 362 1533 101 899
1448 2226 1270 1528 0 2188 1128 1671 1380 1609 2546 2683 1890 1324 1445 1296
1662 2328 1191 1769 2188 0 2657 2361 1863 1553 1435 3024 1877 3043 1705 2529
1170 1507 1470 1147 1128 2657 0 851 966 1363 2355 1737 1400 397 1135 310
701 655 1246 592 1671 2361 851 0 520 821 1654 1014 650 1164 658 541
216 864 725 185 1380 1863 966 520 0 399 1393 1439 519 1356 175 731
196 865 578 237 1609 1553 1363 821 399 0 1012 1540 392 1755 228 1129
1208 1249 1300 1209 2546 1435 2355 1654 1393 1012 0 1867 1004 2737 1236 2092
1532 697 2098 1402 2683 3024 1737 1014 1439 1540 1867 0 1163 1914 1501 1452
463 475 971 362 1890 1877 1400 650 519 392 1004 1163 0 1762 453 1114
1564 1807 1860 1533 1324 3043 397 1164 1356 1755 2737 1914 1762 0 1528 648
43 873 607 101 1445 1705 1135 658 175 228 1236 1501 453 1528 0 907
946 1196 1340 899 1296 2529 310 541 731 1129 2092 1452 1114 648 907 0
