0 1181 1301 612 183 1052 50 417 613 756 468 1205 395 1076 1062 0
1181 0 2178 1155 1169 850 1224 1598 1359 456 825 1929 1008 1237 271 1181
1301 2178 0 1899 1470 1498 1301 1127 1835 1896 1736 2268 1206 2370 1941 1301
612 1155 1899 0 432 1436 602 842 218 719 393 790 908 471 1178 613
183 1169 1470 432 0 1170 169 481 434 719 375 1043 543 900 1091 184
1052 850 1498 1436 1170 0 1101 1379 1559 866 1048 2191 668 1749 579 1051
50 1224 1301 602 169 1101 0 375 585 793 491 1167 442 1069 1109 51
417 1598 1127 842 481 1379 375 0 728 1169 851 1153 718 1305 1471 417
613 1359 1835 218 434 1559 585 728 0 912 559 632 971 595 1360 614
756 456 1896 719 719 866 793 1169 912 0 368 1507 689 907 465 755
468 825 1736 393 375 1048 491 851 559 368 0 1178 599 734 801 468
1205 1929 2268 790 1043 2191 1167 1153 632 1507 1178 0 1587 819 1968 1205
395 1008 1206 908 543 668 442 718 971 689 599 1587 0 1324 815 394
1076 1237 2370 471 900 1749 1069 1305 595 907 734 819 1324 0 1356 1076
1062 271 1941 1178 1091 579 1109 1471 1360 465 801 1968 815 1356 0 1061
0 1181 1301 613 184 1051 51 417 614 755 468 1205 394 1076 1061 0
