0 294 730 1059 1526 974 219 596 204 931 677 771 1696 1138 194 1726
294 0 604 1200 1717 1184 298 880 482 1212 715 650 1920 854 421 1431
730 604 0 1775 1484 1068 522 1267 922 1337 1317 1223 1757 748 922 1445
1059 1200 1775 0 2269 1746 1278 804 905 1385 545 901 2312 1951 866 2311
1526 1717 1484 2269 0 556 1419 1465 1519 912 2132 2297 322 2232 1620 2929
974 1184 1068 1746 556 0 887 946 962 500 1577 1743 736 1798 1063 2484
219 298 522 1278 1419 887 0 756 400 960 879 913 1624 1031 412 1668
596 880 1267 804 1465 946 756 0 397 600 782 1092 1522 1733 473 2292
204 482 922 905 1519 962 400 397 0 816 616 811 1653 1335 109 1901
931 1212 1337 1385 912 500 960 600 816 0 1360 1621 927 1984 924 2628
677 715 1317 545 2132 1577 879 782 616 1360 0 383 2249 1409 523 1778
771 650 1223 901 2297 1743 913 1092 811 1621 383 0 2457 1121 702 1410
1696 1920 1757 2312 322 736 1624 1522 1653 927 2249 2457 0 2503 1760 3197
1138 854 748 1951 2232 1798 1031 1733 1335 1984 1409 1121 2503 0 1274 697
194 421 922 866 1620 1063 412 473 109 924 523 702 1760 1274 0 1818
1726 1431 1445 2311 2929 2484 1668 2292 1901 2628 1778 1410 3197 697 1818 0
