0 945 399 1567 112 493 172 526 1539 501 483 299 502 333 1173 363 1594
945 0 1275 2136 921 1406 823 522 2479 1365 1129 965 1262 1015 859 1158 669
399 1275 0 1724 366 494 572 917 1309 592 312 649 193 297 1258 599 1883
1567 2136 1724 0 1679 1233 1526 1641 1508 1134 1989 1315 1916 1871 2702 1204 2765
112 921 366 1679 0 573 243 556 1587 598 384 406 428 229 1074 474 1552
493 1406 494 1233 573 0 583 919 1081 130 781 479 687 695 1643 298 2069
172 823 572 1526 243 583 0 362 1658 553 626 211 666 469 1178 363 1486
526 522 917 1641 556 919 362 0 2000 860 895 452 977 743 1127 648 1190
1539 2479 1309 1508 1587 1081 1658 2000 0 1151 1601 1555 1443 1605 2563 1363 3133
501 1365 592 1134 598 130 553 860 1151 0 858 408 782 754 1672 213 2033
483 1129 312 1989 384 781 626 895 1601 858 0 782 163 157 962 805 1677
299 965 649 1315 406 479 211 452 1555 408 782 0 786 632 1388 195 1635
502 1262 193 1916 428 687 666 977 1443 782 163 786 0 248 1122 769 1830
333 1015 297 1871 229 695 469 743 1605 754 157 632 248 0 971 673 1598
1173 859 1258 2702 1074 1643 1178 1127 2563 1672 962 1388 1122 971 0 1525 996
363 1158 599 1204 474 298 363 648 1363 213 805 195 769 673 1525 0 1827
1594 669 1883 2765 1552 2069 1486 1190 3133 2033 1677 1635 1830 1598 996 1827 0
