0 1473 508 3 957 1224 1151 1555 87 335 1577 1137 119 1184 1487 1715
1473 0 1279 1474 2245 2310 2267 1188 1555 1770 2046 987 1590 2423 1002 3013
508 1279 0 505 967 1060 1658 1063 580 616 1143 1325 595 1687 1635 1733
3 1474 505 0 954 1221 1153 1553 87 332 1573 1141 118 1185 1491 1712
957 2245 967 954 0 407 1700 1794 927 641 1203 2094 899 1585 2441 777
1224 2310 1060 1221 407 0 2092 1644 1218 957 871 2325 1196 1988 2659 779
1151 2267 1658 1153 1700 2092 0 2684 1085 1206 2674 1425 1078 249 1707 2216
1555 1188 1063 1553 1794 1644 2684 0 1635 1665 1022 1897 1654 2738 2069 2423
87 1555 580 87 927 1218 1085 1635 0 288 1618 1180 35 1107 1532 1673
335 1770 616 332 641 957 1206 1665 288 0 1469 1467 258 1168 1819 1384
1577 2046 1143 1573 1203 871 2674 1022 1618 1469 0 2429 1616 2633 2703 1586
1137 987 1325 1141 2094 2325 1425 1897 1180 1467 2429 0 1213 1630 354 2852
119 1590 595 118 899 1196 1078 1654 35 258 1616 1213 0 1092 1566 1641
1184 2423 1687 1185 1585 1988 249 2738 1107 1168 2633 1630 1092 0 1928 2036
1487 1002 1635 1491 2441 2659 1707 2069 1532 1819 2703 354 1566 1928 0 3203
1715 3013 1733 1712 777 779 2216 2423 1673 1384 1586 2852 1641 2036 3203 0
