0 1218 790 554 1180 312 394 241 129 468 974 280 661 372 969 901
1218 0 1883 1772 1933 1144 1114 1273 1299 1302 1434 1132 598 861 318 1820
790 1883 0 513 1668 739 771 626 663 1157 863 754 1285 1132 1695 322
554 1772 513 0 1157 721 795 568 484 736 1184 711 1204 921 1519 796
1180 1933 1668 1157 0 1492 1572 1403 1260 748 2149 1459 1626 1259 1615 1925
312 1144 739 721 1492 0 84 153 266 767 672 35 546 455 962 733
394 1114 771 795 1572 84 0 228 350 842 603 113 518 489 954 728
241 1273 626 568 1403 153 228 0 143 709 746 148 678 512 1069 679
129 1299 663 484 1260 266 350 143 0 577 889 245 721 479 1068 773
468 1302 1157 736 748 767 842 709 577 0 1438 733 895 521 993 1335
974 1434 863 1184 2149 672 603 746 889 1438 0 707 938 1071 1390 596
280 1132 754 711 1459 35 113 148 245 733 707 0 535 424 943 760
661 598 1285 1204 1626 546 518 678 721 895 938 535 0 374 458 1237
372 861 1132 921 1259 455 489 512 479 521 1071 424 374 0 598 1181
969 318 1695 1519 1615 962 954 1069 1068 993 1390 943 458 598 0 1682
901 1820 322 796 1925 733 728 679 773 1335 596 760 1237 1181 1682 0
