0 1341 813 1427 1727 134 1062 642 1629 787 1389 399 1368 1136 650 740
1341 0 1695 2473 1785 1469 847 713 2714 1764 2601 1347 159 2422 703 970
813 1695 0 778 2533 755 1765 1055 1021 1547 978 453 1642 941 1064 1485
1427 2473 778 0 3122 1318 2470 1817 245 1981 441 1174 2420 702 1828 2162
1727 1785 2533 3122 0 1815 978 1719 3297 1223 2979 2089 1937 2650 1715 1101
134 1469 755 1318 1815 0 1189 763 1513 799 1261 395 1490 1002 772 863
1062 847 1765 2470 978 1189 0 791 2683 1083 2450 1315 987 2180 784 333
642 713 1055 1817 1719 763 791 0 2051 1226 1903 653 727 1710 10 629
1629 2714 1021 245 3297 1513 2683 2051 0 2127 411 1403 2663 748 2061 2369
787 1764 1547 1981 1223 799 1083 1226 2127 0 1780 1182 1851 1440 1230 813
1389 2601 978 441 2979 1261 2450 1903 411 1780 0 1254 2573 351 1913 2123
399 1347 453 1174 2089 395 1315 653 1403 1182 1254 0 1326 1091 663 1032
1368 159 1642 2420 1937 1490 987 727 2663 1851 2573 1326 0 2414 718 1077
1136 2422 941 702 2650 1002 2180 1710 748 1440 351 1091 2414 0 1720 1848
650 703 1064 1828 1715 772 784 10 2061 1230 1913 663 718 1720 0 627
740 970 1485 2162 1101 863 333 629 2369 813 2123 1032 1077 1848 627 0
