0 135 711 99 885 307 1012 892 1599 1092 34 1369 1002 1669 877 744
135 0 617 164 974 374 1141 826 1497 1206 118 1473 1131 1790 765 748
711 617 0 644 1590 991 1498 278 888 1799 716 2081 1682 2023 213 1312
99 164 644 0 969 404 990 807 1533 1155 128 1441 1044 1629 823 843
885 974 1590 969 0 602 1099 1776 2471 368 876 525 545 1756 1735 587
307 374 991 404 602 0 1053 1193 1869 864 288 1111 846 1745 1133 474
1012 1141 1498 990 1099 1053 0 1508 2300 935 1040 1229 650 695 1710 1460
892 826 278 807 1776 1193 1508 0 793 1945 905 2242 1793 1953 383 1556
1599 1497 888 1533 2471 1869 2300 793 0 2688 1602 2968 2562 2706 739 2128
1092 1206 1799 1155 368 864 935 1945 2688 0 1093 318 286 1518 1969 953
34 118 716 128 876 288 1040 905 1602 1093 0 1366 1013 1700 875 715
1369 1473 2081 1441 525 1111 1229 2242 2968 318 1366 0 582 1760 2239 1079
1002 1131 1682 1044 545 846 650 1793 2562 286 1013 582 0 1241 1868 1070
1669 1790 2023 1629 1756 1745 695 1953 2706 1518 1700 1760 1241 0 2235 2155
877 765 213 823 1735 1133 1710 383 739 1969 875 2239 1868 2235 0 1397
744 748 1312 843 587 474 1460 1556 2128 953 715 1079 1070 2155 1397 0
