0 1681 334 649 1519 821 1648 1022 508 1697 493 1244 1135 798 1499 448
1681 0 1729 1036 1873 1775 1960 2478 1713 3364 1239 2733 805 885 2292 1529
334 1729 0 716 1213 495 1972 789 182 1774 703 1036 1323 896 1832 228
649 1036 716 0 1390 929 1634 1499 749 2344 312 1749 659 183 1708 557
1519 1873 1213 1390 0 732 3009 1339 1032 2774 1628 1527 1993 1519 2987 1078
821 1775 495 929 732 0 2417 780 314 2099 1062 1024 1589 1105 2318 428
1648 1960 1972 1634 3009 2417 0 2618 2125 2511 1381 2797 1212 1550 562 1990
1022 2478 789 1499 1339 780 2618 0 765 1466 1480 255 2111 1682 2350 953
508 1713 182 749 1032 314 2125 765 0 1897 807 1020 1392 933 2007 193
1697 3364 1774 2344 2774 2099 2511 1466 1897 0 2128 1371 2704 2480 2005 2003
493 1239 703 312 1628 1062 1381 1480 807 2128 0 1716 643 369 1406 638
1244 2733 1036 1749 1527 1024 2797 255 1020 1371 1716 0 2352 1931 2492 1207
1135 805 1323 659 1993 1589 1212 2111 1392 2704 643 2352 0 489 1490 1203
798 885 896 183 1519 1105 1550 1682 933 2480 369 1931 489 0 1683 740
1499 2292 1832 1708 2987 2318 562 2350 2007 2005 1406 2492 1490 1683 0 1914
448 1529 228 557 1078 428 1990 953 193 2003 638 1207 1203 740 1914 0
