0 1111 1441 584 136 1144 1214 1615 1286 1152 1072 966 1546 312 257 1306 563
1111 0 544 1531 1061 517 2296 2421 2280 2040 2181 1937 2431 1206 979 403 1195
1441 544 0 1704 1436 333 2514 2907 2412 2119 2496 2078 2478 1424 1389 151 1671
584 1531 1704 0 718 1372 812 1891 750 569 921 409 966 333 841 1599 1106
136 1061 1436 718 0 1157 1311 1549 1407 1285 1124 1093 1677 446 127 1294 436
1144 517 333 1372 1157 0 2183 2673 2079 1788 2180 1744 2152 1099 1128 260 1445
1214 2296 2514 812 1311 2183 0 1730 398 678 488 519 787 1101 1432 2404 1530
1615 2421 2907 1891 1549 2673 1730 0 2098 2243 1243 1997 2494 1851 1549 2756 1236
1286 2280 2412 750 1407 2079 398 2098 0 348 862 342 396 1082 1534 2320 1713
1152 2040 2119 569 1285 1788 678 2243 348 0 1060 247 400 890 1409 2038 1652
1072 2181 2496 921 1124 2180 488 1243 862 1060 0 833 1258 1092 1225 2367 1211
966 1937 2078 409 1093 1744 519 1997 342 247 833 0 593 743 1220 1982 1435
1546 2431 2478 966 1677 2152 787 2494 396 400 1258 593 0 1290 1803 2407 2028
312 1206 1424 333 446 1099 1101 1851 1082 890 1092 743 1290 0 555 1307 875
257 979 1389 841 127 1128 1432 1549 1534 1409 1225 1220 1803 555 0 1243 367
1306 403 151 1599 1294 260 2404 2756 2320 2038 2367 1982 2407 1307 1243 0 1520
563 1195 1671 1106 436 1445 1530 1236 1713 1652 1211 1435 2028 875 367 1520 0
