0 366 323 237 766 482 728 500 750 263 38 702 69 587 718 407 703 220 812 490 824 720 395 115 304 57 684 427 616 155 773 117 860 666 782 406 136 277 365 39 792 160 431 211 823 782 788 422 58 571 90 453 72 533 536 448 719 607 852 271 268 849 711 560 730 292 129 601 863 240 471 266 795 350 137 326 599 553
366 0 689 134 495 833 1090 504 492 581 399 588 435 903 881 723 429 439 1008 158 968 915 761 314 641 308 404 381 733 521 1087 422 573 304 1037 721 266 90 730 358 492 335 87 171 1110 1110 422 788 407 714 454 436 319 894 401 759 369 304 496 606 608 968 666 771 369 251 300 672 568 579 317 515 870 608 292 213 463 783
323 689 0 558 1060 233 420 673 1026 222 290 931 254 375 696 288 989 389 770 806 805 661 72 405 202 380 985 671 665 167 537 296 1144 990 636 291 439 601 63 337 1096 421 751 531 626 523 1111 98 286 606 238 654 379 238 780 288 1039 918 1174 205 193 851 897 520 1053 578 414 725 1163 202 751 361 847 341 423 624 833 491
237 134 558 0 602 714 965 441 548 447 268 636 305 771 781 618 493 353 951 255 875 808 631 210 527 180 512 388 643 391 956 288 647 439 917 617 132 63 602 235 609 246 194 92 984 977 554 657 274 616 327 375 202 770 389 627 502 419 630 493 493 882 690 657 503 231 167 653 685 463 366 426 796 482 160 222 455 665
766 495 1060 602 0 1119 1391 994 830 1023 804 319 828 1351 1376 962 764 689 1013 547 1464 1408 1125 661 930 719 91 417 1228 906 1537 862 843 337 1518 959 723 539 1080 737 81 639 519 567 1578 1548 419 1150 822 1209 830 926 695 1204 859 1209 258 193 320 902 909 1462 457 1259 332 482 759 618 109 885 312 747 1361 1080 754 440 910 1267
482 833 233 714 1119 0 272 900 1225 455 461 926 421 548 919 169 1182 434 590 969 1026 877 200 520 195 536 1056 703 898 348 669 498 1339 1116 820 173 615 742 170 478 1169 513 907 662 781 632 1246 194 466 838 392 875 514 96 992 499 1149 1008 1286 229 225 1076 859 745 1176 661 599 658 1227 255 808 371 1078 574 608 713 1048 713
728 1090 420 965 1391 272 0 1076 1446 623 700 1191 661 563 991 434 1410 706 744 1218 1088 931 352 783 465 785 1329 976 1014 578 609 716 1565 1380 818 438 854 1000 366 732 1441 780 1159 922 738 549 1509 328 700 954 637 1065 770 196 1198 584 1418 1280 1555 497 492 1147 1114 834 1442 931 831 905 1500 520 1081 644 1180 717 841 983 1248 795
500 504 673 441 994 900 1076 0 444 455 493 1076 523 643 418 882 443 713 1312 464 484 477 731 573 770 481 903 827 255 565 792 420 568 724 650 882 395 494 736 532 978 625 475 524 760 843 776 752 475 264 558 68 534 910 191 531 814 800 905 742 735 472 1131 381 778 668 380 1073 1054 713 804 766 366 366 376 663 203 414
750 492 1026 548 830 1225 1446 444 0 835 765 1037 804 1079 838 1155 68 902 1495 340 876 907 1094 757 1054 702 754 870 678 877 1235 731 125 494 1091 1154 613 556 1083 763 781 795 407 633 1204 1283 465 1119 758 702 836 415 740 1260 263 955 583 660 613 1021 1018 843 1138 825 517 743 626 1164 846 990 787 974 712 781 617 706 241 858
263 581 222 447 1023 455 623 455 835 0 226 963 216 327 507 476 806 442 950 664 617 489 276 378 368 305 939 688 451 181 514 162 957 885 523 478 315 504 285 298 1044 418 623 458 559 530 991 297 205 394 233 442 335 455 579 186 950 856 1077 351 341 656 961 333 949 555 280 825 1117 330 735 454 636 127 288 587 626 315
38 399 290 268 804 461 700 493 765 226 0 738 39 549 690 398 721 241 820 517 798 690 362 151 292 91 722 462 594 123 734 88 878 701 746 398 154 312 335 72 830 194 461 248 785 743 821 389 23 547 71 450 110 506 544 410 755 645 888 259 255 825 743 529 765 330 139 626 901 229 510 278 775 317 148 365 605 521
702 588 931 636 319 926 1191 1076 1037 963 738 0 747 1274 1401 759 969 543 709 706 1501 1414 985 587 760 674 333 275 1273 806 1454 817 1079 588 1485 754 719 581 933 665 399 545 652 562 1519 1450 703 1006 760 1240 736 1009 632 1020 989 1143 536 393 630 740 750 1514 138 1255 608 424 750 324 412 733 272 575 1432 1051 749 416 1050 1253
69 435 254 305 828 421 661 523 804 216 39 747 0 531 699 363 760 231 794 556 807 693 326 168 255 126 747 472 611 86 715 107 917 735 740 363 194 346 297 90 856 203 499 279 772 721 857 353 48 561 34 483 132 467 580 396 787 673 921 223 218 837 745 533 799 349 178 618 926 193 528 259 793 320 186 387 641 522
587 903 375 771 1351 548 563 643 1079 327 549 1274 531 0 435 657 1065 736 1131 969 526 369 360 699 578 632 1267 1002 493 468 186 490 1204 1203 272 660 639 830 410 619 1372 734 936 786 251 210 1303 356 530 438 539 663 659 488 816 143 1273 1183 1397 579 567 587 1257 301 1267 879 604 1097 1445 572 1059 725 635 308 611 914 844 259
718 881 696 781 1376 919 991 418 838 507 690 1401 699 435 0 976 851 930 1455 874 110 82 718 827 872 732 1285 1130 163 686 497 602 955 1134 281 979 681 843 752 757 1371 877 873 842 413 566 1194 727 666 167 725 477 781 884 607 421 1221 1186 1320 858 847 157 1426 175 1191 976 650 1316 1448 837 1141 954 210 383 651 989 601 205
407 723 288 618 962 169 434 882 1155 476 398 759 363 657 976 0 1105 294 482 870 1087 947 298 410 111 453 904 545 927 318 801 462 1261 988 922 4 542 634 246 391 1016 389 804 551 903 773 1122 307 412 871 328 845 417 265 942 576 1013 865 1150 139 146 1129 690 800 1046 522 535 490 1071 170 655 222 1112 603 543 576 1003 775
703 429 989 493 764 1182 1410 443 68 806 721 969 760 1065 851 1105 0 846 1435 275 896 916 1058 703 1007 653 687 804 689 836 1227 693 156 429 1094 1104 567 497 1044 714 716 739 343 576 1203 1272 409 1084 716 706 791 405 689 1221 253 937 519 592 556 973 971 867 1070 824 455 680 583 1099 782 943 720 920 739 762 574 642 249 854
220 439 389 353 689 434 706 713 902 442 241 543 231 736 930 294 846 0 607 593 1038 925 446 148 242 232 622 283 835 270 913 330 999 693 964 291 322 355 397 183 735 107 524 272 984 907 829 469 264 788 209 661 180 516 723 612 719 574 856 213 221 1066 521 765 752 228 333 386 796 197 376 76 1015 552 338 282 788 753
812 1008 770 951 1013 590 744 1312 1495 950 820 709 794 1131 1455 482 1435 607 0 1166 1566 1428 771 755 583 837 996 668 1395 778 1259 901 1581 1184 1401 479 929 938 724 781 1089 709 1095 862 1370 1221 1320 774 840 1341 760 1264 786 671 1330 1058 1171 1007 1293 599 609 1606 578 1280 1228 757 936 396 1115 622 785 546 1580 1077 942 802 1395 1255
490 158 806 255 547 969 1218 464 340 664 517 706 556 969 874 870 275 593 1166 0 948 921 878 460 782 434 460 529 715 640 1148 519 415 260 1066 869 367 238 853 490 520 487 70 321 1154 1180 334 904 520 709 581 399 457 1023 312 828 349 357 447 747 748 937 800 792 317 409 394 824 595 718 448 669 826 663 385 368 362 811
824 968 805 875 1464 1026 1088 484 876 617 798 1501 807 526 110 1087 896 1038 1566 948 0 157 826 932 983 836 1372 1232 235 797 561 709 987 1208 327 1089 781 936 861 864 1454 982 953 940 459 633 1259 834 774 260 835 548 886 989 664 527 1297 1271 1389 968 958 65 1530 286 1262 1077 751 1425 1531 948 1238 1064 180 493 752 1087 648 313
720 915 661 808 1408 877 931 477 907 489 690 1414 693 369 82 947 916 925 1428 921 157 0 676 832 847 740 1317 1141 229 671 417 603 1026 1180 199 950 699 871 714 759 1407 881 914 861 331 487 1246 683 666 214 717 530 787 835 668 377 1265 1220 1368 835 824 218 1431 160 1238 991 666 1311 1484 817 1160 943 291 373 668 1007 668 174
395 761 72 631 1125 200 352 731 1094 276 362 985 326 360 718 298 1058 446 771 878 826 676 0 473 234 452 1051 730 703 239 505 366 1213 1061 629 302 511 673 54 408 1163 487 823 602 604 482 1183 26 358 643 309 715 450 180 846 299 1110 987 1245 247 236 875 943 545 1125 644 485 763 1229 252 814 410 882 385 494 691 896 513
115 314 405 210 661 520 783 573 757 378 151 587 168 699 827 410 703 148 755 460 932 832 473 0 327 96 582 311 716 245 883 230 857 597 898 408 178 225 434 79 692 52 393 142 937 889 726 499 173 675 169 517 45 586 574 562 639 513 775 292 294 953 599 672 659 181 194 504 761 265 360 217 891 464 197 221 639 667
304 641 202 527 930 195 465 770 1054 368 292 760 255 578 872 111 1007 242 583 782 983 847 234 327 0 354 864 519 818 206 736 351 1164 920 836 113 441 551 180 294 977 317 718 470 828 716 1052 251 303 762 221 735 325 274 836 483 954 814 1091 34 36 1024 711 697 981 466 430 528 1038 64 618 187 1003 496 439 518 896 673
57 308 380 180 719 536 785 481 702 305 91 674 126 632 732 453 653 232 837 434 836 740 452 96 354 0 635 400 620 213 818 146 809 610 815 452 93 220 422 61 742 149 374 157 863 830 730 479 104 579 147 428 53 589 498 491 663 555 796 320 319 857 693 581 673 255 100 600 814 290 432 291 795 377 105 283 563 578
684 404 985 512 91 1056 1329 903 754 939 722 333 747 1267 1285 904 687 622 996 460 1372 1317 1051 582 864 635 0 365 1137 827 1453 777 775 269 1429 901 635 449 1007 657 112 564 430 481 1491 1466 372 1076 739 1118 752 835 615 1138 771 1124 205 103 301 835 842 1371 466 1169 278 406 671 600 179 816 249 685 1270 992 666 361 823 1178
427 381 671 388 417 703 976 827 870 688 462 275 472 1002 1130 545 804 283 668 529 1232 1141 730 311 519 400 365 0 1008 535 1184 542 938 516 1209 541 452 343 681 390 475 270 462 303 1245 1183 653 753 485 972 463 762 356 791 768 869 510 348 639 494 502 1248 303 981 562 158 481 297 527 481 122 333 1174 776 480 171 833 978
616 733 665 643 1228 898 1014 255 678 451 594 1273 611 493 163 927 689 835 1395 715 235 229 703 716 818 620 1137 1008 0 617 602 506 797 975 419 929 556 703 727 654 1219 768 718 711 542 664 1032 718 571 60 641 316 672 880 443 430 1064 1036 1159 798 788 240 1309 192 1031 851 528 1218 1296 773 1007 870 185 325 528 858 439 234
155 521 167 391 906 348 578 565 877 181 123 806 86 468 686 318 836 270 778 640 797 671 239 245 206 213 827 535 617 0 648 150 992 822 695 319 275 433 212 172 937 270 584 365 715 649 943 266 121 563 75 533 215 386 644 342 873 756 1007 182 173 832 792 514 886 424 254 646 1006 156 601 273 802 303 263 466 701 496
773 1087 537 956 1537 669 609 792 1235 514 734 1454 715 186 497 801 1227 913 1259 1148 561 417 505 883 736 818 1453 1184 602 648 0 676 1360 1387 239 805 825 1015 558 804 1558 916 1118 972 130 72 1483 494 715 556 721 821 844 592 974 329 1457 1369 1580 742 730 627 1431 418 1450 1064 789 1263 1631 739 1243 896 708 485 796 1099 996 381
117 422 296 288 862 498 716 420 731 162 88 817 107 490 602 462 693 330 901 519 709 603 366 230 351 146 777 542 506 150 676 0 849 727 669 462 156 342 351 156 881 277 471 295 717 692 838 392 65 458 140 384 185 529 493 347 789 693 918 322 315 736 828 443 791 401 125 715 955 293 578 364 688 234 133 428 550 436
860 573 1144 647 843 1339 1565 568 125 957 878 1079 917 1204 955 1261 156 999 1581 415 987 1026 1213 857 1164 809 775 938 797 992 1360 849 0 506 1212 1260 724 646 1200 871 784 891 485 727 1327 1408 444 1238 872 823 948 541 844 1377 388 1080 586 690 588 1130 1128 950 1190 949 514 824 739 1235 842 1099 845 1073 818 906 730 782 364 982
666 304 990 439 337 1116 1380 724 494 885 701 588 735 1203 1134 988 429 693 1184 260 1208 1180 1061 597 920 610 269 516 975 822 1387 727 506 0 1320 985 570 389 1027 654 287 603 270 459 1402 1412 137 1088 710 969 752 660 612 1184 561 1060 93 195 193 886 890 1196 710 1047 64 468 604 801 355 861 399 768 1082 903 596 414 602 1064
782 1037 636 917 1518 820 818 650 1091 523 746 1485 740 272 281 922 1094 964 1401 1066 327 199 629 898 836 815 1429 1209 419 695 239 669 1212 1320 0 926 795 979 677 819 1526 940 1049 954 133 312 1399 628 724 389 756 694 854 760 841 356 1399 1336 1512 833 821 393 1484 275 1380 1070 759 1340 1602 821 1247 966 487 439 763 1095 849 255
406 721 291 617 959 173 438 882 1154 478 398 754 363 660 979 4 1104 291 479 869 1089 950 302 408 113 452 901 541 929 319 805 462 1260 985 926 0 542 633 250 390 1013 387 802 549 906 777 1120 311 412 873 328 845 415 269 942 579 1010 861 1147 140 147 1132 686 803 1044 519 535 486 1068 170 651 219 1114 606 543 573 1003 777
136 266 439 132 723 615 854 395 613 315 154 719 194 639 681 542 567 322 929 367 781 699 511 178 441 93 635 452 556 275 825 156 724 570 795 542 0 190 487 153 736 229 315 162 856 845 682 537 153 521 223 339 143 661 405 496 634 546 762 407 404 796 753 543 634 295 36 678 811 376 460 383 724 356 31 308 469 547
277 90 601 63 539 742 1000 494 556 504 312 581 346 830 843 634 497 355 938 238 936 871 673 225 551 220 449 343 703 433 1015 342 646 389 979 633 190 0 641 268 547 249 169 83 1045 1035 510 699 321 678 365 427 229 803 425 686 447 357 577 516 518 942 643 720 453 194 226 621 622 488 309 431 854 544 220 173 490 728
365 730 63 602 1080 170 366 736 1083 285 335 933 297 410 752 246 1044 397 724 853 861 714 54 434 180 422 1007 681 727 212 558 351 1200 1027 677 250 487 641 0 373 1120 443 796 568 656 536 1152 73 334 667 276 715 414 178 840 338 1073 946 1208 193 183 909 890 578 1090 601 465 708 1184 200 768 358 908 403 474 649 893 547
39 358 337 235 737 478 732 532 763 298 72 665 90 619 757 391 714 183 781 490 864 759 408 79 294 61 657 390 654 172 804 156 871 654 819 390 153 268 373 0 766 122 429 194 857 811 778 434 95 610 98 483 42 535 559 482 702 584 836 259 258 888 672 599 717 260 155 563 836 229 439 234 833 388 161 297 623 592
792 492 1096 609 81 1169 1441 978 781 1044 830 399 856 1372 1371 1016 716 735 1089 520 1454 1407 1163 692 977 742 112 475 1219 937 1558 881 784 287 1526 1013 736 547 1120 766 0 676 502 586 1592 1572 350 1188 846 1204 862 910 724 1251 832 1229 198 189 241 948 954 1450 537 1262 269 518 772 693 76 929 361 798 1343 1091 766 472 879 1273
160 335 421 246 639 513 780 625 795 418 194 545 203 734 877 389 739 107 709 487 982 881 487 52 317 149 564 270 768 270 916 277 891 603 940 387 229 249 443 122 676 0 418 166 975 919 736 512 217 726 196 569 96 585 621 599 637 503 774 284 288 1004 550 720 664 157 247 451 742 260 331 181 944 510 250 205 686 714
431 87 751 194 519 907 1159 475 407 623 461 652 499 936 873 804 343 524 1095 70 953 914 823 393 718 374 430 462 718 584 1118 471 485 270 1049 802 315 169 796 429 502 418 0 252 1131 1146 368 850 465 706 522 408 393 964 345 794 351 326 463 683 684 947 740 778 332 338 346 756 579 654 388 600 842 634 337 299 402 794
211 171 531 92 567 662 922 524 633 458 248 562 279 786 842 551 576 272 862 321 940 861 602 142 470 157 481 303 711 365 972 295 727 459 954 549 162 83 568 194 586 166 252 0 1011 986 586 629 262 679 293 460 153 726 481 643 508 399 642 435 437 951 606 706 522 144 196 561 659 408 299 348 872 515 193 147 547 709
823 1110 626 984 1578 781 738 760 1204 559 785 1519 772 251 413 903 1203 984 1370 1154 459 331 604 937 828 863 1491 1245 542 715 130 717 1327 1402 133 906 856 1045 656 857 1592 975 1131 1011 0 199 1488 597 765 506 783 799 895 709 949 375 1477 1402 1595 830 818 525 1506 379 1464 1115 820 1348 1667 823 1294 976 620 501 825 1146 962 349
782 1110 523 977 1548 632 549 843 1283 530 743 1450 721 210 566 773 1272 907 1221 1180 633 487 482 889 716 830 1466 1183 664 649 72 692 1408 1412 312 777 845 1035 536 811 1572 919 1146 986 199 0 1513 468 726 616 723 868 852 549 1021 352 1480 1385 1605 726 714 698 1420 476 1476 1070 810 1245 1644 725 1249 884 776 518 817 1108 1046 437
788 422 1111 554 419 1246 1509 776 465 991 821 703 857 1303 1194 1122 409 829 1320 334 1259 1246 1183 726 1052 730 372 653 1032 943 1483 838 444 137 1399 1120 682 510 1152 778 350 736 368 586 1488 1513 0 1210 828 1033 876 717 738 1312 596 1161 167 319 147 1018 1021 1240 831 1123 95 604 713 934 402 992 534 904 1119 997 705 551 625 1144
422 788 98 657 1150 194 328 752 1119 297 389 1006 353 356 727 307 1084 469 774 904 834 683 26 499 251 479 1076 753 718 266 494 392 1238 1088 628 311 537 699 73 434 1188 512 850 629 597 468 1210 0 384 658 336 738 476 162 870 306 1136 1013 1271 266 255 885 962 556 1151 670 512 779 1254 273 839 431 895 402 521 717 920 522
58 407 286 274 822 466 700 475 758 205 23 760 48 530 666 412 716 264 840 520 774 666 358 173 303 104 739 485 571 121 715 65 872 710 724 412 153 321 334 95 846 217 465 262 765 726 828 384 0 524 83 434 130 507 532 390 767 660 898 272 267 801 767 505 774 350 133 650 918 242 530 300 753 294 142 383 592 497
571 714 606 616 1209 838 954 264 702 394 547 1240 561 438 167 871 706 788 1341 709 260 214 643 675 762 579 1118 972 60 563 556 458 823 969 389 873 521 678 667 610 1204 726 706 679 506 616 1033 658 524 0 591 316 630 820 455 370 1055 1018 1156 743 733 278 1271 139 1026 817 491 1173 1281 719 978 820 241 267 492 826 460 180
90 454 238 327 830 392 637 558 836 233 71 736 34 539 725 328 791 209 760 581 835 717 309 169 221 147 752 463 641 75 721 140 948 752 756 328 223 365 276 98 862 196 522 293 783 723 876 336 83 591 0 518 141 442 614 407 801 681 935 189 184 866 728 558 815 349 210 594 930 158 526 229 825 344 218 390 675 544
453 436 654 375 926 875 1065 68 415 442 450 1009 483 663 477 845 405 661 1264 399 548 530 715 517 735 428 835 762 316 533 821 384 541 660 694 845 339 427 715 483 910 569 408 460 799 868 717 738 434 316 518 0 481 892 153 542 749 732 843 705 699 539 1066 421 715 604 328 1013 987 675 736 717 435 370 323 597 186 449
72 319 379 202 695 514 770 534 740 335 110 632 132 659 781 417 689 180 786 457 886 787 450 45 325 53 615 356 672 215 844 185 844 612 854 415 143 229 414 42 724 96 393 153 895 852 738 476 130 630 141 481 0 574 546 521 659 541 794 290 290 908 645 627 675 220 154 547 794 261 399 241 848 419 158 255 611 622
533 894 238 770 1204 96 196 910 1260 455 506 1020 467 488 884 265 1221 516 671 1023 989 835 180 586 274 589 1138 791 880 386 592 529 1377 1184 760 269 661 803 178 535 1251 585 964 726 709 549 1312 162 507 820 442 892 574 0 1018 463 1223 1086 1359 304 298 1042 955 715 1246 738 640 755 1312 325 892 458 1056 564 649 789 1071 680
536 401 780 389 859 992 1198 191 263 579 544 989 580 816 607 942 253 723 1330 312 664 668 846 574 836 498 771 768 443 644 974 493 388 561 841 942 405 425 840 559 832 621 345 481 949 1021 596 870 532 455 614 153 546 1018 0 692 654 667 732 804 799 643 1064 570 609 617 407 1042 906 773 718 788 524 519 399 597 66 600
448 759 288 627 1209 499 584 531 955 186 410 1143 396 143 421 576 937 612 1058 828 527 377 299 562 483 491 1124 869 430 342 329 347 1080 1060 356 579 496 686 338 482 1229 599 794 643 375 352 1161 306 390 370 407 542 521 463 692 0 1129 1040 1253 478 466 579 1133 253 1124 741 460 984 1302 465 920 610 597 174 467 773 727 216
719 369 1039 502 258 1149 1418 814 583 950 755 536 787 1273 1221 1013 519 719 1171 349 1297 1265 1110 639 954 663 205 510 1064 873 1457 789 586 93 1399 1010 634 447 1073 702 198 637 351 508 1477 1480 167 1136 767 1055 801 749 659 1223 654 1129 0 163 136 921 926 1287 666 1128 74 491 669 780 263 897 388 791 1174 977 662 437 696 1144
607 304 918 419 193 1008 1280 800 660 856 645 393 673 1183 1186 865 592 574 1007 357 1271 1220 987 513 814 555 103 348 1036 756 1369 693 690 195 1336 861 546 357 946 584 189 503 326 399 1402 1385 319 1013 660 1018 681 732 541 1086 667 1040 163 0 291 782 788 1269 515 1074 224 348 582 617 265 761 226 643 1167 901 577 297 720 1084
852 496 1174 630 320 1286 1555 905 613 1077 888 630 921 1397 1320 1150 556 856 1293 447 1389 1368 1245 775 1091 796 301 639 1159 1007 1580 918 588 193 1512 1147 762 577 1208 836 241 774 463 642 1595 1605 147 1271 898 1156 935 843 794 1359 732 1253 136 291 0 1058 1062 1374 766 1238 131 627 796 898 274 1034 517 928 1256 1097 788 574 765 1256
271 606 205 493 902 229 497 742 1021 351 259 740 223 579 858 139 973 213 599 747 968 835 247 292 34 320 835 494 798 182 742 322 1130 886 833 140 407 516 193 259 948 284 683 435 830 726 1018 266 272 743 189 705 290 304 804 478 921 782 1058 0 11 1007 696 683 947 434 398 520 1009 30 589 165 983 478 406 486 864 661
268 608 193 493 909 225 492 735 1018 341 255 750 218 567 847 146 971 221 609 748 958 824 236 294 36 319 842 502 788 173 730 315 1128 890 821 147 404 518 183 258 954 288 684 437 818 714 1021 255 267 733 184 699 290 298 799 466 926 788 1062 11 0 997 707 672 951 440 394 532 1016 29 597 175 973 468 402 491 860 650
849 968 851 882 1462 1076 1147 472 843 656 825 1514 837 587 157 1129 867 1066 1606 937 65 218 875 953 1024 857 1371 1248 240 832 627 736 950 1196 393 1132 796 942 909 888 1450 1004 947 951 525 698 1240 885 801 278 866 539 908 1042 643 579 1287 1269 1374 1007 997 0 1548 330 1248 1091 768 1451 1526 985 1247 1095 132 529 767 1098 621 362
711 666 897 690 457 859 1114 1131 1138 961 743 138 745 1257 1426 690 1070 521 578 800 1530 1431 943 599 711 693 466 303 1309 792 1431 828 1190 710 1484 686 753 643 890 672 537 550 740 606 1506 1420 831 962 767 1271 728 1066 645 955 1064 1133 666 515 766 696 707 1548 0 1271 736 462 780 214 549 695 351 536 1477 1061 781 470 1128 1264
560 771 520 657 1259 745 834 381 825 333 529 1255 533 301 175 800 824 765 1280 792 286 160 545 672 697 581 1169 981 192 514 418 443 949 1047 275 803 543 720 578 599 1262 720 778 706 379 476 1123 556 505 139 558 421 627 715 570 253 1128 1074 1238 683 672 330 1271 0 1107 833 509 1152 1339 663 1004 785 345 213 512 851 584 41
730 369 1053 503 332 1176 1442 778 517 949 765 608 799 1267 1191 1046 455 752 1228 317 1262 1238 1125 659 981 673 278 562 1031 886 1450 791 514 64 1380 1044 634 453 1090 717 269 664 332 522 1464 1476 95 1151 774 1026 815 715 675 1246 609 1124 74 224 131 947 951 1248 736 1107 0 525 668 840 329 922 442 826 1132 966 660 471 646 1125
292 251 578 231 482 661 931 668 743 555 330 424 349 879 976 522 680 228 757 409 1077 991 644 181 466 255 406 158 851 424 1064 401 824 468 1070 519 295 194 601 260 518 157 338 144 1115 1070 604 670 350 817 349 604 220 738 617 741 491 348 627 434 440 1091 462 833 525 0 326 427 584 413 179 301 1015 632 325 53 683 832
129 300 414 167 759 599 831 380 626 280 139 750 178 604 650 535 583 333 936 394 751 666 485 194 430 100 671 481 528 254 789 125 739 604 759 535 36 226 465 155 772 247 346 196 820 810 713 512 133 491 210 328 154 640 407 460 669 582 796 398 394 768 780 509 668 326 0 698 847 367 494 389 699 320 9 341 470 512
601 672 725 653 618 658 905 1073 1164 825 626 324 618 1097 1316 490 1099 386 396 824 1425 1311 763 504 528 600 600 297 1218 646 1263 715 1235 801 1340 486 678 621 708 563 693 451 756 561 1348 1245 934 779 650 1173 594 1013 547 755 1042 984 780 617 898 520 532 1451 214 1152 840 427 698 0 721 525 403 374 1395 938 701 458 1108 1139
863 568 1163 685 109 1227 1500 1054 846 1117 901 412 926 1445 1448 1071 782 796 1115 595 1531 1484 1229 761 1038 814 179 527 1296 1006 1631 955 842 355 1602 1068 811 622 1184 836 76 742 579 659 1667 1644 402 1254 918 1281 930 987 794 1312 906 1302 263 265 274 1009 1016 1526 549 1339 329 584 847 721 0 991 419 855 1419 1166 841 540 952 1349
240 579 202 463 885 255 520 713 990 330 229 733 193 572 837 170 943 197 622 718 948 817 252 265 64 290 816 481 773 156 739 293 1099 861 821 170 376 488 200 229 929 260 654 408 823 725 992 273 242 719 158 675 261 325 773 465 897 761 1034 30 29 985 695 663 922 413 367 525 991 0 572 159 958 456 375 464 834 642
471 317 751 366 312 808 1081 804 787 735 510 272 528 1059 1141 655 720 376 785 448 1238 1160 814 360 618 432 249 122 1007 601 1243 578 845 399 1247 651 460 309 768 439 361 331 388 299 1294 1249 534 839 530 978 526 736 399 892 718 920 388 226 517 589 597 1247 351 1004 442 179 494 403 419 572 0 436 1162 808 492 152 780 1005
266 515 361 426 747 371 644 766 974 454 278 575 259 725 954 222 920 76 546 669 1064 943 410 217 187 291 685 333 870 273 896 364 1073 768 966 219 383 431 358 234 798 181 600 348 976 884 904 431 300 820 229 717 241 458 788 610 791 643 928 165 175 1095 536 785 826 301 389 374 855 159 436 0 1053 572 395 355 853 769
795 870 847 796 1361 1078 1180 366 712 636 775 1432 793 635 210 1112 739 1015 1580 826 180 291 882 891 1003 795 1270 1174 185 802 708 688 818 1082 487 1114 724 854 908 833 1343 944 842 872 620 776 1119 895 753 241 825 435 848 1056 524 597 1174 1167 1256 983 973 132 1477 345 1132 1015 699 1395 1419 958 1162 1053 0 509 698 1017 496 384
350 608 341 482 1080 574 717 366 781 127 317 1051 320 308 383 603 762 552 1077 663 493 373 385 464 496 377 992 776 325 303 485 234 906 903 439 606 356 544 403 388 1091 510 634 515 501 518 997 402 294 267 344 370 419 564 519 174 977 901 1097 478 468 529 1061 213 966 632 320 938 1166 456 808 572 509 0 325 656 556 203
137 292 423 160 754 608 841 376 617 288 148 749 186 611 651 543 574 338 942 385 752 668 494 197 439 105 666 480 528 263 796 133 730 596 763 543 31 220 474 161 766 250 337 193 825 817 705 521 142 492 218 323 158 649 399 467 662 577 788 406 402 767 781 512 660 325 9 701 841 375 492 395 698 325 0 339 462 516
326 213 624 222 440 713 983 663 706 587 365 416 387 914 989 576 642 282 802 368 1087 1007 691 221 518 283 361 171 858 466 1099 428 782 414 1095 573 308 173 649 297 472 205 299 147 1146 1108 551 717 383 826 390 597 255 789 597 773 437 297 574 486 491 1098 470 851 471 53 341 458 540 464 152 355 1017 656 339 0 661 853
599 463 833 455 910 1048 1248 203 241 626 605 1050 641 844 601 1003 249 788 1395 362 648 668 896 639 896 563 823 833 439 701 996 550 364 602 849 1003 469 490 893 623 879 686 402 547 962 1046 625 920 592 460 675 186 611 1071 66 727 696 720 765 864 860 621 1128 584 646 683 470 1108 952 834 780 853 496 556 462 661 0 617
553 783 491 665 1267 713 795 414 858 315 521 1253 522 259 205 775 854 753 1255 811 313 174 513 667 673 578 1178 978 234 496 381 436 982 1064 255 777 547 728 547 592 1273 714 794 709 349 437 1144 522 497 180 544 449 622 680 600 216 1144 1084 1256 661 650 362 1264 41 1125 832 512 1139 1349 642 1005 769 384 203 516 853 617 0
