0 1453 1217 322 1047 858 1333 810 754 240 127 1182 143 638 1618 306
1453 0 1022 1382 1371 1864 1878 2020 722 1235 1532 322 1323 1280 1062 1412
1217 1022 0 1383 1835 1999 894 2017 726 997 1206 747 1170 1518 412 972
322 1382 1383 0 729 616 1631 668 771 413 446 1162 248 324 1759 603
1047 1371 1835 729 0 681 2294 948 1110 1062 1174 1311 943 410 2131 1298
858 1864 1999 616 681 0 2184 283 1357 1021 945 1703 847 583 2370 1165
1333 1878 894 1631 2294 2184 0 2082 1347 1238 1239 1570 1384 1897 1152 1030
810 2020 2017 668 948 283 2082 0 1439 1019 863 1823 847 762 2408 1104
754 722 726 771 1110 1357 1347 1439 0 523 818 430 640 820 1037 690
240 1235 997 413 1062 1021 1238 1019 523 0 296 953 175 659 1391 253
127 1532 1206 446 1174 945 1239 863 818 296 0 1248 261 765 1614 244
1182 322 747 1162 1311 1703 1570 1823 430 953 1248 0 1063 1128 886 1108
143 1323 1170 248 943 847 1384 847 640 175 261 1063 0 533 1560 359
638 1280 1518 324 410 583 1897 762 820 659 765 1128 533 0 1856 890
1618 1062 412 1759 2131 2370 1152 2408 1037 1391 1614 886 1560 1856 0 1383
306 1412 972 603 1298 1165 1030 1104 690 253 244 1108 359 890 1383 0
