0 207 1094 623 1041 293 960 1684 926 832 1241 108 500 1704 951 748
207 0 1282 675 838 127 1135 1482 907 982 1034 233 617 1678 1148 543
1094 1282 0 918 2113 1386 1080 2621 1229 1198 2248 1050 762 1737 838 1818
623 675 918 0 1357 802 1382 1726 380 1335 1402 515 223 1118 1263 1083
1041 838 2113 1357 0 755 1838 835 1383 1632 360 1066 1394 2004 1918 295
293 127 1386 802 755 0 1144 1451 1019 971 986 347 742 1785 1185 468
960 1135 1080 1382 1838 1144 0 2594 1758 233 2121 1028 1163 2487 254 1586
1684 1482 2621 1726 835 1451 2594 0 1555 2408 487 1663 1859 1875 2629 1018
926 907 1229 380 1383 1019 1758 1555 0 1699 1328 820 604 778 1644 1155
832 982 1198 1335 1632 971 233 2408 1699 0 1929 916 1128 2453 444 1392
1241 1034 2248 1402 360 986 2121 487 1328 1929 0 1237 1494 1836 2171 536
108 233 1050 515 1066 347 1028 1663 820 916 1237 0 405 1597 995 770
500 617 762 223 1394 742 1163 1859 604 1128 1494 405 0 1327 1039 1105
1704 1678 1737 1118 2004 1785 2487 1875 778 2453 1836 1597 1327 0 2339 1835
951 1148 838 1263 1918 1185 254 2629 1644 444 2171 995 1039 2339 0 1647
748 543 1818 1083 295 468 1586 1018 1155 1392 536 770 1105 1835 1647 0
