0 988 394 257 169 587 960 1671 37 1673 1023 1219 52 315 1401 293
988 0 1353 1214 1153 1215 177 2611 962 685 1368 317 956 675 1384 711
394 1353 0 339 230 491 1344 1442 429 2035 1270 1550 442 681 1425 685
257 1214 339 0 188 732 1163 1417 267 1896 931 1463 268 559 1616 502
169 1153 230 188 0 545 1129 1539 202 1838 1091 1373 213 477 1431 462
587 1215 491 732 545 0 1270 1908 618 1848 1610 1318 632 671 934 755
960 177 1344 1163 1129 1270 0 2531 930 747 1214 482 921 664 1534 669
1671 2611 1442 1417 1539 1908 2531 0 1684 3278 1663 2876 1686 1976 2832 1908
37 962 429 267 202 618 930 1684 0 1648 994 1199 15 295 1417 261
1673 685 2035 1896 1838 1848 747 3278 1648 0 1891 538 1641 1360 1746 1394
1023 1368 1270 931 1091 1610 1214 1663 994 1891 0 1686 981 1083 2364 960
1219 317 1550 1463 1373 1318 482 2876 1199 538 1686 0 1196 904 1259 969
52 956 442 268 213 632 921 1686 15 1641 981 1196 0 291 1427 252
315 675 681 559 477 671 664 1976 295 1360 1083 904 291 0 1282 123
1401 1384 1425 1616 1431 934 1534 2832 1417 1746 2364 1259 1427 1282 0 1404
293 711 685 502 462 755 669 1908 261 1394 960 969 252 123 1404 0
