0 1385 718 548 1097 13 1408 1538 668 1671 376 373 1182 354 1720 185
1385 0 771 1922 618 1374 1340 533 1883 2560 1342 1602 2306 1614 2851 1449
718 771 0 1205 815 710 918 1118 1345 1831 578 848 1839 1033 2392 846
548 1922 1205 0 1638 561 1667 2084 656 1407 667 399 1086 537 1532 571
1097 618 815 1638 0 1084 1676 458 1415 2601 1227 1419 1772 1205 2299 1084
13 1374 710 561 1084 0 1408 1525 670 1682 380 385 1183 354 1723 181
1408 1340 918 1667 1676 1408 0 1847 2074 1466 1057 1275 2588 1762 3116 1587
1538 533 1118 2084 458 1525 1847 0 1870 2950 1619 1838 2203 1663 2716 1538
668 1883 1345 656 1415 670 2074 1870 0 2063 1022 876 514 317 1053 503
1671 2560 1831 1407 2601 1682 1466 2950 2063 0 1393 1299 2471 1881 2839 1816
376 1342 578 667 1227 380 1057 1619 1022 1393 0 279 1535 718 2059 561
373 1602 848 399 1419 385 1275 1838 876 1299 279 0 1373 617 1869 519
1182 2306 1839 1086 1772 1183 2588 2203 514 2471 1535 1373 0 829 554 1011
354 1614 1033 537 1205 354 1762 1663 317 1881 718 617 829 0 1371 187
1720 2851 2392 1532 2299 1723 3116 2716 1053 2839 2059 1869 554 1371 0 1557
185 1449 846 571 1084 181 1587 1538 503 1816 561 519 1011 187 1557 0
