0 1073 643 1404 471 1157 216 697 1326 90 148 182 489 1610 748 126
1073 0 1346 2419 659 721 1089 813 2116 1158 1101 1253 1555 537 1817 968
643 1346 0 1687 979 1689 857 1293 777 604 494 667 816 1839 816 735
1404 2419 1687 0 1760 2193 1331 1728 1788 1341 1456 1228 935 2942 881 1476
471 659 979 1760 0 714 434 353 1735 561 559 634 920 1185 1212 347
1157 721 1689 2193 714 0 1035 495 2449 1243 1266 1288 1523 983 1847 1031
216 1089 857 1331 434 1035 0 547 1515 262 365 261 498 1619 813 180
697 813 1293 1728 353 495 547 0 2020 777 826 806 1029 1268 1355 577
1326 2116 777 1788 1735 2449 1515 2020 0 1256 1195 1265 1232 2591 1000 1443
90 1158 604 1341 561 1243 262 777 1256 0 135 112 414 1696 660 215
148 1101 494 1456 559 1266 365 826 1195 135 0 241 522 1636 723 249
182 1253 667 1228 634 1288 261 806 1265 112 241 0 306 1790 578 289
489 1555 816 935 920 1523 498 1029 1232 414 522 306 0 2091 333 587
1610 537 1839 2942 1185 983 1619 1268 2591 1696 1636 1790 2091 0 2354 1504
748 1817 816 881 1212 1847 813 1355 1000 660 723 578 333 2354 0 866
126 968 735 1476 347 1031 180 577 1443 215 249 289 587 1504 866 0
