0 1574 768 550 787 1046 1093 500 1009 428 990 650 841 736 1112 168
1574 0 1963 1523 1810 1604 2516 1841 723 2001 862 1134 1870 1175 1823 1739
768 1963 0 1317 202 629 594 1182 1612 706 1137 1360 1569 1465 1870 694
550 1523 1317 0 1331 1537 1575 363 817 810 1243 389 391 374 575 647
787 1810 202 1331 0 429 792 1250 1518 829 966 1315 1621 1427 1899 756
1046 1604 629 1537 429 0 1200 1544 1491 1210 746 1410 1879 1530 2111 1074
1093 2516 594 1575 792 1200 0 1313 2074 774 1718 1743 1702 1827 2045 945
500 1841 1182 363 1250 1544 1313 0 1158 543 1426 724 395 732 731 494
1009 723 1612 817 1518 1491 2074 1158 0 1428 846 434 1149 454 1110 1177
428 2001 706 810 829 1210 774 543 1428 0 1363 1038 937 1101 1273 262
990 862 1137 1243 966 746 1718 1426 846 1363 0 953 1635 1063 1754 1121
650 1134 1360 389 1315 1410 1743 724 434 1038 953 0 751 120 805 806
841 1870 1569 391 1621 1879 1702 395 1149 937 1635 751 0 695 351 874
736 1175 1465 374 1427 1530 1827 732 454 1101 1063 120 695 0 706 883
1112 1823 1870 575 1899 2111 2045 731 1110 1273 1754 805 351 706 0 1178
168 1739 694 647 756 1074 945 494 1177 262 1121 806 874 883 1178 0
