0 1645 926 1604 284 1154 479 318 1447 84 273 217 962 544 782 1109
1645 0 2563 3064 1924 2568 2116 1413 2530 1719 1530 1434 1330 1434 865 1067
926 2563 0 921 642 715 510 1212 1572 862 1117 1130 1747 1348 1706 1852
1604 3064 921 0 1358 495 1355 1922 2490 1576 1861 1748 2546 2126 2289 2120
284 1924 642 1358 0 939 246 584 1435 228 507 490 1188 767 1065 1306
1154 2568 715 495 939 0 1002 1469 2234 1138 1422 1276 2113 1692 1801 1634
479 2116 510 1355 246 1002 0 722 1262 399 617 696 1237 837 1250 1550
318 1413 1212 1922 584 1469 722 0 1373 356 119 250 660 264 555 1095
1447 2530 1572 2490 1435 2234 1262 1373 0 1384 1283 1573 1204 1187 1824 2469
84 1719 862 1576 228 1138 399 356 1384 0 285 298 975 553 854 1193
273 1530 1117 1861 507 1422 617 119 1283 285 0 296 691 270 674 1192
217 1434 1130 1748 490 1276 696 250 1573 298 296 0 898 514 577 922
962 1330 1747 2546 1188 2113 1237 660 1204 975 691 898 0 421 758 1518
544 1434 1348 2126 767 1692 837 264 1187 553 270 514 421 0 642 1302
782 865 1706 2289 1065 1801 1250 555 1824 854 674 577 758 642 0 766
1109 1067 1852 2120 1306 1634 1550 1095 2469 1193 1192 922 1518 1302 766 0
