0 512 630 813 1457 439 22 1023 723 1652 793 892 827 1289 1413 256 861
512 0 972 1303 1539 73 532 1517 325 1794 295 478 865 866 1923 629 1103
630 972 0 542 2044 910 632 1131 1271 1073 1155 1105 1449 1424 1192 382 1402
813 1303 542 0 1923 1231 800 671 1537 1436 1551 1566 1459 1921 663 690 1264
1457 1539 2044 1923 0 1523 1446 1495 1336 3104 1748 1996 676 2339 2158 1706 661
439 73 910 1231 1523 0 459 1447 369 1760 361 522 847 917 1850 560 1062
22 532 632 800 1446 459 0 1001 737 1661 814 914 820 1312 1395 263 845
1023 1517 1131 671 1495 1447 1001 0 1632 2107 1808 1913 1253 2306 663 1071 910
723 325 1271 1537 1336 369 737 1632 0 2119 419 678 698 1003 2116 905 1030
1652 1794 1073 1436 3104 1760 1661 2107 2119 0 1825 1629 2477 1720 1887 1398 2473
793 295 1155 1551 1748 361 814 1808 419 1825 0 262 1092 598 2189 861 1374
892 478 1105 1566 1996 522 914 1913 678 1629 262 0 1330 399 2223 885 1581
827 865 1449 1459 676 847 820 1253 698 2477 1092 1330 0 1690 1869 1083 403
1289 866 1424 1921 2339 917 1312 2306 1003 1720 598 399 1690 0 2584 1260 1967
1413 1923 1192 663 2158 1850 1395 663 2116 1887 2189 2223 1869 2584 0 1339 1560
256 629 382 690 1706 560 263 1071 905 1398 861 885 1083 1260 1339 0 1092
861 1103 1402 1264 661 1062 845 910 1030 2473 1374 1581 403 1967 1560 1092 0
