0 441 1134 928 129 427 284 545 60 204 1647 588 1393 1165 404 1700
441 0 1522 1341 499 861 480 808 431 645 1472 1023 1007 1092 123 1416
1134 1522 0 255 1173 907 1347 772 1179 974 1952 840 2218 1433 1430 2238
928 1341 255 0 951 659 1118 670 967 751 1968 585 2120 1433 1262 2209
129 499 1173 951 0 371 183 652 85 200 1774 531 1485 1295 490 1817
427 861 907 659 371 0 495 664 430 233 1974 161 1816 1455 831 2083
284 480 1347 1118 183 495 0 827 224 375 1871 643 1487 1417 517 1873
545 808 772 670 652 664 827 0 605 519 1362 752 1454 826 698 1554
60 431 1179 967 85 430 224 605 0 224 1690 592 1406 1216 411 1731
204 645 974 751 200 233 375 519 224 0 1764 389 1584 1256 604 1855
1647 1472 1952 1968 1774 1974 1871 1362 1690 1764 0 2093 951 538 1381 448
588 1023 840 585 531 161 643 752 592 389 2093 0 1973 1566 992 2223
1393 1007 2218 2120 1485 1816 1487 1454 1406 1584 951 1973 0 1007 994 614
1165 1092 1433 1433 1295 1455 1417 826 1216 1256 538 1566 1007 0 979 816
404 123 1430 1262 490 831 517 698 411 604 1381 992 994 979 0 1356
1700 1416 2238 2209 1817 2083 1873 1554 1731 1855 448 2223 614 816 1356 0
