0 1233 936 1674 1373 158 886 1165 1175 715 1479 192 1634 36 1396 1399
1233 0 428 963 1148 1112 983 2089 84 1898 1765 1095 2627 1269 2052 1332
936 428 0 836 1348 791 560 1669 426 1645 1362 849 2483 971 2023 1498
1674 963 836 0 2102 1515 871 1980 1032 2385 1244 1638 3287 1704 2860 2276
1373 1148 1348 2102 0 1383 1807 2534 1072 1665 2612 1184 1950 1397 1182 207
158 1112 791 1515 1383 0 732 1156 1060 872 1366 226 1791 188 1523 1432
886 983 560 871 1807 732 0 1183 987 1563 817 917 2518 908 2229 1923
1165 2089 1669 1980 2534 1156 1183 0 2067 1323 962 1350 2261 1146 2380 2564
1175 84 426 1032 1072 1060 987 2067 0 1830 1783 1031 2547 1211 1968 1254
715 1898 1645 2385 1665 872 1563 1323 1830 0 1990 807 996 683 1090 1599
1479 1765 1362 1244 2612 1366 817 962 1783 1990 0 1590 2986 1485 2875 2714
192 1095 849 1638 1184 226 917 1350 1031 807 1590 0 1649 221 1314 1219
1634 2627 2483 3287 1950 1791 2518 2261 2547 996 2986 1649 0 1610 812 1789
36 1269 971 1704 1397 188 908 1146 1211 683 1485 221 1610 0 1389 1418
1396 2052 2023 2860 1182 1523 2229 2380 1968 1090 2875 1314 812 1389 0 1002
1399 1332 1498 2276 207 1432 1923 2564 1254 1599 2714 1219 1789 1418 1002 0
