0 19 87 538 754 143 423 676 518 106 827 856 338 30 461 690 323 493 42 599 73 490 211 391 624 804 392 391 549 701 637 365 319 343 431 462 145 285 739 170 801 500 199 765 478 639 710 297 603 519 367 800 117 628 482 464 333 438 575 729 241 87 839 333 236 526 790 515 598 300 805 493 368 92 237 606 531 482
19 0 80 520 773 146 440 663 506 114 810 854 330 26 462 707 303 498 29 587 87 471 205 381 641 821 410 379 555 705 619 351 302 324 416 481 139 301 733 182 784 506 200 784 466 654 692 277 619 500 354 791 126 610 466 473 351 427 558 743 248 76 849 314 236 537 773 503 582 318 815 508 384 74 253 617 543 463
87 80 0 476 779 83 497 711 433 74 755 774 397 107 387 768 296 579 52 514 90 483 124 305 622 878 411 435 636 786 580 284 259 309 458 522 59 363 652 154 729 440 281 797 520 720 694 267 595 500 403 713 91 570 501 552 400 351 581 812 193 19 797 319 160 613 791 559 614 369 893 482 360 71 319 569 616 454
538 520 476 0 1236 516 959 694 264 540 305 765 611 534 581 1222 271 917 497 286 567 340 422 297 1039 1340 870 564 984 1098 108 242 218 237 497 997 449 819 553 607 281 702 641 1260 603 1162 401 280 1000 284 515 526 555 98 479 932 871 300 452 1246 588 463 1077 309 491 1011 564 640 528 838 1262 891 787 446 768 895 1035 219
754 773 779 1236 0 722 514 1367 1090 707 1472 1077 1002 775 774 570 1073 895 781 1157 696 1244 813 975 259 561 368 1088 891 1032 1344 1003 1030 1089 1157 388 791 593 1121 632 1447 668 819 59 1168 629 1465 1045 311 1273 1084 1232 690 1334 1216 799 500 1001 1321 696 650 796 613 1087 748 765 1538 1194 1331 529 955 378 453 836 635 515 703 1232
143 146 83 516 722 0 496 795 428 44 778 716 475 171 318 769 368 631 125 508 94 560 105 298 550 873 354 517 683 839 623 298 307 377 541 500 68 375 612 91 751 360 342 744 603 730 766 339 519 573 486 684 49 613 584 593 392 340 662 825 110 102 713 396 95 646 870 642 697 365 930 406 287 154 339 486 641 521
423 440 497 959 514 496 0 885 923 455 1250 1150 534 425 749 272 722 380 465 1003 412 845 600 793 549 381 333 627 382 534 1056 781 742 749 713 126 543 141 1091 428 1224 715 370 493 697 242 1069 701 565 893 637 1174 447 1047 776 285 108 836 892 339 510 504 910 715 579 266 1103 715 882 131 517 507 439 514 195 699 216 874
676 663 711 694 1367 795 885 0 904 774 945 1393 365 646 1069 1043 507 578 674 958 749 354 791 846 1289 1167 1041 287 632 642 701 773 642 528 256 995 749 776 1207 846 928 1146 550 1361 201 953 414 526 1274 412 309 1207 788 700 232 660 868 883 247 993 905 693 1508 456 859 740 315 173 169 839 860 1166 1042 640 732 1279 801 475
518 506 433 264 1090 428 923 904 0 468 387 506 725 529 353 1195 407 986 476 81 511 558 323 129 863 1301 745 710 1049 1186 349 161 276 380 670 926 381 795 304 508 362 479 685 1124 771 1152 662 396 818 519 662 312 477 340 674 975 820 90 680 1245 452 431 836 458 359 1042 820 812 749 792 1317 719 638 444 752 679 1049 447
106 114 74 540 707 44 455 774 468 0 810 759 444 136 359 728 371 588 99 548 50 556 144 338 548 833 338 492 639 795 646 331 326 383 523 465 92 331 657 79 784 393 302 726 578 687 769 342 521 575 464 728 17 636 569 548 352 381 653 782 134 93 736 393 140 601 864 616 684 324 885 409 286 141 294 505 596 528
827 810 755 305 1472 778 1250 945 387 810 0 755 914 828 736 1517 576 1222 785 335 845 607 674 497 1250 1632 1119 860 1290 1401 249 480 511 543 783 1276 717 1112 540 866 26 862 946 1504 888 1461 568 586 1205 540 812 453 823 251 754 1237 1156 471 697 1547 826 746 1200 611 728 1316 734 921 775 1125 1568 1105 1018 737 1063 1062 1337 493
856 854 774 765 1077 716 1150 1393 506 759 755 0 1154 880 406 1404 886 1347 826 483 808 1058 653 546 818 1479 853 1164 1398 1555 834 620 750 865 1146 1097 716 1062 219 743 742 443 1054 1130 1238 1392 1166 868 767 1023 1120 307 756 826 1160 1305 1042 510 1180 1489 652 784 564 937 620 1351 1326 1279 1246 1028 1634 725 727 823 1039 562 1334 951
338 330 397 611 1002 475 534 365 725 444 914 1154 0 307 782 730 342 320 349 798 409 358 505 626 928 857 678 94 388 486 673 567 452 376 188 636 448 415 1003 506 890 835 185 998 166 648 564 341 917 422 119 1036 456 668 251 365 506 671 370 710 579 382 1175 302 557 452 573 192 349 475 664 812 691 335 368 942 498 436
30 26 107 534 775 171 425 646 529 136 828 880 307 0 488 689 308 472 55 610 103 468 232 405 651 805 415 361 529 679 631 373 317 331 403 472 166 285 759 200 802 529 174 784 448 634 690 283 631 500 338 817 148 623 455 448 340 452 550 723 271 101 869 314 262 512 766 484 571 307 789 521 397 90 234 637 521 467
461 462 387 581 774 318 749 1069 353 359 736 406 782 488 0 1009 579 946 437 402 407 774 280 284 529 1094 477 810 995 1153 683 350 458 570 813 707 334 656 358 337 712 126 660 817 891 991 940 554 481 762 772 462 354 673 842 900 640 283 893 1088 246 400 496 624 226 944 1077 932 945 624 1228 396 352 447 632 326 928 694
690 707 768 1222 570 769 272 1043 1195 728 1517 1404 730 689 1009 0 974 470 733 1276 684 1073 872 1066 710 126 556 825 430 521 1315 1052 1007 1003 919 308 815 405 1358 699 1491 962 601 525 878 92 1291 955 741 1128 846 1444 720 1307 982 383 378 1109 1100 126 778 774 1097 960 850 305 1301 886 1076 403 393 715 678 779 454 911 242 1118
323 303 296 271 1073 368 722 507 407 371 576 886 342 308 579 974 0 646 291 471 376 198 319 339 917 1095 705 308 713 827 346 266 136 33 264 780 303 581 705 450 552 674 378 1087 364 907 398 28 888 204 258 717 388 339 274 664 647 376 313 986 471 278 1052 51 396 745 507 405 367 612 991 775 654 236 527 837 773 159
493 498 579 917 895 631 380 578 986 588 1222 1347 320 472 946 470 646 0 528 1065 539 678 704 870 907 591 664 401 68 207 987 825 731 679 499 507 638 344 1231 614 1198 959 302 872 432 378 874 637 913 742 438 1285 591 981 557 97 423 917 673 415 705 573 1234 613 726 164 855 431 634 409 346 832 732 546 337 1006 229 755
42 29 52 497 781 125 465 674 476 99 785 826 349 55 437 733 291 528 0 557 86 467 176 351 640 846 416 393 585 734 598 323 278 310 424 501 111 327 703 175 759 486 228 795 479 681 684 264 616 491 364 762 115 588 471 503 373 397 558 771 232 46 835 306 210 566 771 517 586 341 844 504 380 55 280 605 572 451
599 587 514 286 1157 508 1003 958 81 548 335 483 798 610 402 1276 471 1065 557 0 592 606 403 210 924 1381 819 778 1128 1264 351 239 346 442 732 1005 462 876 267 586 313 528 765 1193 835 1233 687 463 878 561 729 249 557 343 730 1055 900 168 726 1326 527 512 868 521 436 1123 850 875 798 873 1397 783 707 524 833 727 1130 490
73 87 90 567 696 94 412 749 511 50 845 808 409 103 407 684 376 539 86 592 0 553 189 382 554 792 329 464 590 746 670 369 349 393 503 431 130 284 707 97 818 434 258 711 551 641 771 348 532 577 440 777 52 661 553 498 312 426 643 735 174 104 766 393 190 552 857 588 669 282 835 421 297 139 245 534 547 536
490 471 483 340 1244 560 845 354 558 556 607 1058 358 468 774 1073 198 678 467 606 553 0 517 519 1105 1199 882 278 745 826 358 443 319 204 186 923 498 708 862 636 587 872 476 1253 285 996 224 226 1078 68 239 855 574 356 147 722 786 549 122 1064 666 463 1250 163 594 808 310 315 191 752 1018 965 843 416 654 1035 850 120
211 205 124 422 813 105 600 791 323 144 674 653 505 232 280 872 319 704 176 403 189 517 0 193 622 978 449 529 761 911 531 194 227 319 534 606 65 474 527 192 648 358 404 839 611 831 709 291 587 518 491 590 153 521 567 676 497 236 629 925 167 131 733 358 77 735 827 651 675 469 1016 475 365 171 434 518 735 459
391 381 305 297 975 298 793 846 129 338 497 546 626 405 284 1066 339 870 351 210 382 519 193 0 759 1171 623 624 930 1073 401 75 204 320 599 797 252 666 376 379 471 404 567 1006 694 1023 663 321 716 494 578 415 347 391 613 853 690 47 641 1116 329 305 780 390 233 918 808 735 703 662 1195 612 521 323 624 598 922 424
624 641 622 1039 259 550 549 1289 863 548 1250 818 928 651 529 710 917 907 640 924 554 1105 622 759 0 741 252 1001 923 1080 1148 798 849 927 1054 433 617 566 866 468 1225 416 746 312 1087 740 1316 889 51 1122 986 980 531 1138 1106 821 484 779 1198 826 455 641 390 942 548 815 1412 1119 1222 499 1055 148 263 689 589 255 764 1072
804 821 878 1340 561 873 381 1167 1301 833 1632 1479 857 805 1094 126 1095 591 846 1381 792 1199 978 1171 741 0 625 951 546 621 1434 1162 1123 1124 1045 386 923 520 1448 797 1606 1035 725 508 1003 213 1417 1075 779 1252 972 1539 824 1426 1108 507 480 1213 1227 199 871 886 1131 1083 950 427 1427 1011 1202 509 462 770 751 895 571 963 366 1242
392 410 411 870 368 354 333 1041 745 338 1119 853 678 415 477 556 705 664 416 819 329 882 449 623 252 625 0 754 686 847 978 642 661 720 812 248 423 319 836 263 1093 410 495 390 839 560 1100 677 250 907 742 936 321 968 868 583 247 655 966 655 294 428 579 722 390 589 1182 870 984 255 850 174 126 469 338 366 547 864
391 379 435 564 1088 517 627 287 710 492 860 1164 94 361 810 825 308 401 393 778 464 278 529 624 1001 951 754 0 468 549 614 558 433 339 97 727 479 505 999 561 838 875 269 1085 86 741 474 314 986 345 49 1022 506 610 158 455 595 667 276 801 625 418 1228 260 590 542 478 124 255 563 739 879 755 366 457 997 590 371
549 555 636 984 891 683 382 632 1049 639 1290 1398 388 529 995 430 713 68 585 1128 590 745 761 930 923 546 686 468 0 163 1055 888 797 747 565 508 695 371 1288 660 1265 1001 363 864 495 337 940 705 933 810 506 1345 642 1049 623 103 440 977 738 362 751 631 1262 681 779 131 916 492 696 432 278 858 763 607 373 1037 199 823
701 705 786 1098 1032 839 534 642 1186 795 1401 1555 486 679 1153 521 827 207 734 1264 746 826 911 1073 1080 621 847 549 163 0 1159 1025 925 861 640 658 845 534 1437 820 1377 1163 507 1000 551 433 1000 823 1092 894 594 1488 799 1154 690 266 600 1120 796 422 911 780 1424 789 934 268 948 535 741 593 220 1020 926 750 535 1200 329 919
637 619 580 108 1344 623 1056 701 349 646 249 834 673 631 683 1315 346 987 598 351 670 358 531 401 1148 1434 978 614 1055 1159 0 350 321 315 535 1099 556 915 616 714 229 806 725 1368 640 1251 353 362 1108 292 567 570 661 10 505 1010 971 399 453 1332 697 566 1177 374 600 1092 523 672 531 938 1334 1000 895 545 863 1000 1119 245
365 351 284 242 1003 298 781 773 161 331 480 620 567 373 350 1052 266 825 323 239 369 443 194 75 798 1162 642 558 888 1025 350 0 130 246 528 797 239 648 441 386 453 466 525 1031 625 1004 591 249 758 419 511 468 343 340 540 816 682 110 566 1095 352 279 845 317 254 885 734 666 628 652 1157 651 550 286 602 655 895 349
319 302 259 218 1030 307 742 642 276 326 511 750 452 317 458 1007 136 731 278 346 349 319 227 204 849 1123 661 433 797 925 321 130 0 116 398 779 239 602 570 398 485 562 440 1051 497 949 487 120 814 304 385 588 342 311 410 734 652 240 440 1035 394 245 943 187 304 809 618 538 499 620 1072 702 589 228 552 738 827 238
343 324 309 237 1089 377 749 528 380 383 543 865 376 331 570 1003 33 679 310 442 393 204 319 320 927 1124 720 339 747 861 315 246 116 0 290 804 310 608 680 462 518 669 410 1104 393 937 391 48 896 199 290 689 400 307 295 696 671 355 323 1017 477 292 1049 79 397 777 509 433 382 637 1025 783 664 254 554 837 804 144
431 416 458 497 1157 541 713 256 670 523 783 1146 188 403 813 919 264 499 424 732 503 186 534 599 1054 1045 812 97 565 640 535 528 398 290 0 806 493 585 968 598 762 890 346 1158 106 837 377 278 1034 255 75 980 539 532 63 552 672 638 181 897 652 439 1255 212 602 639 390 144 173 639 835 924 800 386 534 1027 686 290
462 481 522 997 388 500 126 995 926 465 1276 1097 636 472 707 308 780 507 501 1005 431 923 606 797 433 386 248 727 508 658 1099 797 779 804 806 0 558 221 1061 418 1249 654 460 371 801 315 1147 756 455 964 731 1153 454 1090 869 412 136 837 981 408 487 533 807 781 570 389 1196 823 978 170 622 413 370 555 272 609 333 937
145 139 59 449 791 68 543 749 381 92 717 716 448 166 334 815 303 638 111 462 130 498 65 252 617 923 423 479 695 845 556 239 239 310 493 558 0 414 593 159 691 397 339 812 563 771 701 274 585 507 444 655 106 546 532 610 442 297 603 864 168 67 763 334 110 670 808 603 643 413 951 472 354 113 372 540 672 454
285 301 363 819 593 375 141 776 795 331 1112 1062 415 285 656 405 581 344 327 876 284 708 474 666 566 520 319 505 371 534 915 648 602 608 585 221 414 0 983 321 1086 643 238 584 580 357 932 559 570 753 509 1059 326 906 648 268 92 710 761 450 410 369 891 575 464 292 975 603 757 68 574 488 392 374 53 666 272 733
739 733 652 553 1121 612 1091 1207 304 657 540 219 1003 759 358 1358 705 1231 703 267 707 862 527 376 866 1448 836 999 1288 1437 616 441 570 680 968 1061 593 983 0 664 525 452 930 1167 1067 1332 955 690 815 822 953 118 659 609 975 1203 983 332 984 1429 580 657 702 756 519 1259 1117 1108 1053 962 1542 745 710 688 951 627 1253 750
170 182 154 607 632 91 428 846 508 79 866 743 506 200 337 699 450 614 175 586 97 636 192 379 468 797 263 561 660 820 714 386 398 462 598 418 159 321 664 0 840 346 349 653 648 668 848 421 442 654 536 745 62 705 646 563 321 418 732 764 91 172 669 473 152 607 944 685 761 298 891 330 206 221 295 436 593 606
801 784 729 281 1447 751 1224 928 362 784 26 742 890 802 712 1491 552 1198 759 313 818 587 648 471 1225 1606 1093 838 1265 1377 229 453 485 518 762 1249 691 1086 525 840 0 839 920 1478 868 1435 556 561 1180 521 790 442 796 231 735 1212 1130 446 680 1521 800 720 1180 588 702 1290 724 901 759 1098 1543 1080 993 711 1037 1039 1312 473
500 506 440 702 668 360 715 1146 479 393 862 443 835 529 126 962 674 959 486 528 434 872 358 404 416 1035 410 875 1001 1163 806 466 562 669 890 654 397 643 452 346 839 0 693 714 960 955 1049 647 365 865 841 564 383 796 925 902 610 408 986 1052 260 457 381 715 287 935 1179 999 1033 600 1216 294 284 508 629 199 910 801
199 200 281 641 819 342 370 550 685 302 946 1054 185 174 660 601 378 302 228 765 258 476 404 567 746 725 495 269 363 507 725 525 440 410 346 460 339 238 930 349 920 693 0 816 349 530 699 363 736 527 270 983 310 717 409 293 326 614 522 607 432 273 1011 360 435 370 736 377 518 294 633 635 516 244 188 778 394 517
765 784 797 1260 59 744 493 1361 1124 726 1504 1130 998 784 817 525 1087 872 795 1193 711 1253 839 1006 312 508 390 1085 864 1000 1368 1031 1051 1104 1158 371 812 584 1167 653 1478 714 816 0 1164 588 1475 1059 363 1285 1084 1277 709 1358 1218 775 492 1035 1325 651 679 813 672 1099 777 736 1542 1188 1332 522 913 421 486 850 629 568 671 1247
478 466 520 603 1168 603 697 201 771 578 888 1238 166 448 891 878 364 432 479 835 551 285 611 694 1087 1003 839 86 495 551 640 625 497 393 106 801 563 580 1067 648 868 960 349 1164 0 791 449 376 1073 354 119 1082 592 636 140 499 672 735 245 843 711 503 1315 314 673 584 424 41 201 641 755 966 842 451 534 1084 638 394
639 654 720 1162 629 730 242 953 1152 687 1461 1392 648 634 991 92 907 378 681 1233 641 996 831 1023 740 213 560 741 337 433 1251 1004 949 937 837 315 771 357 1332 668 1435 955 530 588 791 0 1211 889 767 1052 765 1413 681 1244 899 293 350 1067 1018 97 752 725 1121 890 817 213 1215 798 991 370 326 728 675 725 401 924 152 1047
710 692 694 401 1465 766 1069 414 662 769 568 1166 564 690 940 1291 398 874 684 687 771 224 709 663 1316 1417 1100 474 940 1000 353 591 487 391 377 1147 701 932 955 848 556 1049 699 1475 449 1211 0 427 1286 194 445 920 786 357 317 929 1011 681 204 1274 868 676 1431 378 787 1016 169 464 263 977 1204 1173 1053 631 879 1225 1062 249
297 277 267 280 1045 339 701 526 396 342 586 868 341 283 554 955 28 637 264 463 348 226 291 321 889 1075 677 314 705 823 362 249 120 48 278 756 274 559 690 421 561 647 363 1059 376 889 427 0 859 233 266 707 359 354 294 652 623 359 339 970 443 249 1025 70 368 731 536 417 391 589 982 746 626 209 506 809 757 187
603 619 595 1000 311 519 565 1274 818 521 1205 767 917 631 481 741 888 913 616 878 532 1078 587 716 51 779 250 986 933 1092 1108 758 814 896 1034 455 585 570 815 442 1180 365 736 363 1073 767 1286 859 0 1093 968 929 505 1098 1086 830 492 735 1174 855 420 614 355 915 511 829 1386 1106 1201 504 1077 113 236 663 588 205 781 1040
519 500 500 284 1273 573 893 412 519 575 540 1023 422 500 762 1128 204 742 491 561 577 68 518 494 1122 1252 907 345 810 894 292 419 304 199 255 964 507 753 822 654 521 865 527 1285 354 1052 194 233 1093 0 304 807 592 291 215 783 828 520 167 1123 675 482 1246 185 596 869 315 384 244 794 1084 979 859 438 699 1036 908 72
367 354 403 515 1084 486 637 309 662 464 812 1120 119 338 772 846 258 438 364 729 440 239 491 578 986 972 742 49 506 594 567 511 385 290 75 731 444 509 953 536 790 841 270 1084 119 765 445 266 968 304 0 973 479 562 138 485 597 620 255 829 596 385 1199 211 554 571 465 160 248 564 780 859 735 333 459 970 616 325
800 791 713 526 1232 684 1174 1207 312 728 453 307 1036 817 462 1444 717 1285 762 249 777 855 590 415 980 1539 936 1022 1345 1488 570 468 588 689 980 1153 655 1059 118 745 442 564 983 1277 1082 1413 920 707 929 807 973 0 733 564 979 1265 1066 368 973 1508 667 715 819 768 595 1326 1087 1123 1047 1043 1606 855 812 738 1023 744 1325 737
117 126 91 555 690 49 447 788 477 17 823 756 456 148 354 720 388 591 115 557 52 574 153 347 531 824 321 506 642 799 661 343 342 400 539 454 106 326 659 62 796 383 310 709 592 681 786 359 505 592 479 733 0 651 585 549 343 389 670 776 123 110 722 411 140 600 881 630 700 316 884 392 269 158 291 491 593 545
628 610 570 98 1334 613 1047 700 340 636 251 826 668 623 673 1307 339 981 588 343 661 356 521 391 1138 1426 968 610 1049 1154 10 340 311 307 532 1090 546 906 609 705 231 796 717 1358 636 1244 357 354 1098 291 562 564 651 0 503 1003 962 390 453 1325 687 557 1167 368 590 1085 527 670 531 929 1328 990 885 536 854 990 1112 241
482 466 501 479 1216 584 776 232 674 569 754 1160 251 455 842 982 274 557 471 730 553 147 567 613 1106 1108 868 158 623 690 505 540 410 295 63 869 532 648 975 646 735 925 409 1218 140 899 317 294 1086 215 138 979 585 503 0 614 734 650 118 959 694 482 1295 223 639 700 327 168 115 701 889 975 850 430 596 1070 749 263
464 473 552 932 799 593 285 660 975 548 1237 1305 365 448 900 383 664 97 503 1055 498 722 676 853 821 507 583 455 103 266 1010 816 734 696 552 412 610 268 1203 563 1212 902 293 775 499 293 929 652 830 783 485 1265 549 1003 614 0 337 900 732 345 655 549 1158 637 688 86 924 504 700 328 342 754 660 530 272 934 140 788
333 351 400 871 500 392 108 868 820 352 1156 1042 506 340 640 378 647 423 373 900 312 786 497 690 484 480 247 595 440 600 971 682 652 671 672 136 442 92 983 321 1130 610 326 492 672 350 1011 623 492 828 597 1066 343 962 734 337 0 732 845 447 402 409 826 646 472 342 1061 695 845 34 611 421 340 426 138 607 305 803
438 427 351 300 1001 340 836 883 90 381 471 510 671 452 283 1109 376 917 397 168 426 549 236 47 779 1213 655 667 977 1120 399 110 240 355 638 837 297 710 332 418 446 408 614 1035 735 1067 681 359 735 520 620 368 389 390 650 900 732 0 671 1161 362 351 777 427 268 964 831 776 736 705 1242 634 549 370 669 606 968 448
575 558 581 452 1321 662 892 247 680 653 697 1180 370 550 893 1100 313 673 558 726 643 122 629 641 1198 1227 966 276 738 796 453 566 440 323 181 981 603 761 984 732 680 986 522 1325 245 1018 204 339 1174 167 255 973 670 453 118 732 845 671 0 1077 771 562 1363 271 704 818 216 261 78 812 1000 1062 938 511 709 1143 867 235
729 743 812 1246 696 825 339 993 1245 782 1547 1489 710 723 1088 126 986 415 771 1326 735 1064 925 1116 826 199 655 801 362 422 1332 1095 1035 1017 897 408 864 450 1429 764 1521 1052 607 651 843 97 1274 970 855 1123 829 1508 776 1325 959 345 447 1161 1077 0 849 815 1210 966 912 259 1268 845 1045 466 270 821 771 813 492 1017 214 1122
241 248 193 588 650 110 510 905 452 134 826 652 579 271 246 778 471 705 232 527 174 666 167 329 455 871 294 625 751 911 697 352 394 477 652 487 168 410 580 91 800 260 432 679 711 752 868 443 420 675 596 667 123 687 694 655 402 362 771 849 0 212 603 503 98 698 977 750 807 382 981 308 198 265 386 375 682 620
87 76 19 463 796 102 504 693 431 93 746 784 382 101 400 774 278 573 46 512 104 463 131 305 641 886 428 418 631 780 566 279 245 292 439 533 67 369 657 172 720 457 273 813 503 725 676 249 614 482 385 715 110 557 482 549 409 351 562 815 212 0 815 300 174 613 772 542 595 378 891 501 379 52 323 588 618 436
839 849 797 1077 613 713 910 1508 836 736 1200 564 1175 869 496 1097 1052 1234 835 868 766 1250 733 780 390 1131 579 1228 1262 1424 1177 845 943 1049 1255 807 763 891 702 669 1180 381 1011 672 1315 1121 1431 1025 355 1246 1199 819 722 1167 1295 1158 826 777 1363 1210 603 815 0 1091 658 1168 1559 1353 1406 830 1426 405 503 868 898 233 1126 1182
333 314 319 309 1087 396 715 456 458 393 611 937 302 314 624 960 51 613 306 521 393 163 358 390 942 1083 722 260 681 789 374 317 187 79 212 781 334 575 756 473 588 715 360 1099 314 890 378 70 915 185 211 768 411 368 223 637 646 427 271 966 503 300 1091 0 433 720 473 354 321 611 959 801 679 254 521 873 752 158
236 236 160 491 748 95 579 859 359 140 728 620 557 262 226 850 396 726 210 436 190 594 77 233 548 950 390 590 779 934 600 254 304 397 602 570 110 464 519 152 702 287 435 777 673 817 787 368 511 596 554 595 140 590 639 688 472 268 704 912 98 174 658 433 0 741 904 713 748 448 1024 401 296 223 431 440 733 537
526 537 613 1011 765 646 266 740 1042 601 1316 1351 452 512 944 305 745 164 566 1123 552 808 735 918 815 427 589 542 131 268 1092 885 809 777 639 389 670 292 1259 607 1290 935 370 736 584 213 1016 731 829 869 571 1326 600 1085 700 86 342 964 818 259 698 613 1168 720 741 0 1009 588 786 342 284 763 679 599 311 949 67 872
790 773 791 564 1538 870 1103 315 820 864 734 1326 573 766 1077 1301 507 855 771 850 857 310 827 808 1412 1427 1182 478 916 948 523 734 618 509 390 1196 808 975 1117 944 724 1179 736 1542 424 1215 169 536 1386 315 465 1087 881 527 327 924 1061 831 216 1268 977 772 1559 473 904 1009 0 424 224 1027 1163 1274 1150 723 923 1345 1063 384
515 503 559 640 1194 642 715 173 812 616 921 1279 192 484 932 886 405 431 517 875 588 315 651 735 1119 1011 870 124 492 535 672 666 538 433 144 823 603 603 1108 685 901 999 377 1188 41 798 464 417 1106 384 160 1123 630 670 168 504 695 776 261 845 750 542 1353 354 713 588 424 0 207 665 744 1000 877 490 559 1121 645 428
598 582 614 528 1331 697 882 169 749 684 775 1246 349 571 945 1076 367 634 586 798 669 191 675 703 1222 1202 984 255 696 741 531 628 499 382 173 978 643 757 1053 761 759 1033 518 1332 201 991 263 391 1201 244 248 1047 700 531 115 700 845 736 78 1045 807 595 1406 321 748 786 224 207 0 812 951 1090 966 543 707 1182 839 310
300 318 369 838 529 365 131 839 792 324 1125 1028 475 307 624 403 612 409 341 873 282 752 469 662 499 509 255 563 432 593 938 652 620 637 639 170 413 68 962 298 1098 600 294 522 641 370 977 589 504 794 564 1043 316 929 701 328 34 705 812 466 382 378 830 611 448 342 1027 665 812 0 617 426 337 393 106 608 311 769
805 815 893 1262 955 930 517 860 1317 885 1568 1634 664 789 1228 393 991 346 844 1397 835 1018 1016 1195 1055 462 850 739 278 220 1334 1157 1072 1025 835 622 951 574 1542 891 1543 1216 633 913 755 326 1204 982 1077 1084 780 1606 884 1328 889 342 611 1242 1000 270 981 891 1426 959 1024 284 1163 744 951 617 0 1024 951 872 595 1216 306 1100
493 508 482 891 378 406 507 1166 719 409 1105 725 812 521 396 715 775 832 504 783 421 965 475 612 148 770 174 879 858 1020 1000 651 702 783 924 413 472 488 745 330 1080 294 635 421 966 728 1173 746 113 979 859 855 392 990 975 754 421 634 1062 821 308 501 405 801 401 763 1274 1000 1090 426 1024 0 124 551 500 196 721 927
368 384 360 787 453 287 439 1042 638 286 1018 727 691 397 352 678 654 732 380 707 297 843 365 521 263 751 126 755 763 926 895 550 589 664 800 370 354 392 710 206 993 284 516 486 842 675 1053 626 236 859 735 812 269 885 850 660 340 549 938 771 198 379 503 679 296 679 1150 877 966 337 951 124 0 427 395 274 645 809
92 74 71 446 836 154 514 640 444 141 737 823 335 90 447 779 236 546 55 524 139 416 171 323 689 895 469 366 607 750 545 286 228 254 386 555 113 374 688 221 711 508 244 850 451 725 631 209 663 438 333 738 158 536 430 530 426 370 511 813 265 52 868 254 223 599 723 490 543 393 872 551 427 0 325 640 609 396
237 253 319 768 635 339 195 732 752 294 1063 1039 368 234 632 454 527 337 280 833 245 654 434 624 589 571 338 457 373 535 863 602 552 554 534 272 372 53 951 295 1037 629 188 629 534 401 879 506 588 699 459 1023 291 854 596 272 138 669 709 492 386 323 898 521 431 311 923 559 707 106 595 500 395 325 0 669 302 679
606 617 569 895 515 486 699 1279 679 505 1062 562 942 637 326 911 837 1006 605 727 534 1035 518 598 255 963 366 997 1037 1200 1000 655 738 837 1027 609 540 666 627 436 1039 199 778 568 1084 924 1225 809 205 1036 970 744 491 990 1070 934 607 606 1143 1017 375 588 233 873 440 949 1345 1121 1182 608 1216 196 274 640 669 0 912 975
531 543 616 1035 703 641 216 801 1049 596 1337 1334 498 521 928 242 773 229 572 1130 547 850 735 922 764 366 547 590 199 329 1119 895 827 804 686 333 672 272 1253 593 1312 910 394 671 638 152 1062 757 781 908 616 1325 593 1112 749 140 305 968 867 214 682 618 1126 752 733 67 1063 645 839 311 306 721 645 609 302 912 0 907
482 463 454 219 1232 521 874 475 447 528 493 951 436 467 694 1118 159 755 451 490 536 120 459 424 1072 1242 864 371 823 919 245 349 238 144 290 937 454 733 750 606 473 801 517 1247 394 1047 249 187 1040 72 325 737 545 241 263 788 803 448 235 1122 620 436 1182 158 537 872 384 428 310 769 1100 927 809 396 679 975 907 0
