0 620 946 170 496 124 1526 1131 190 281 258 1642 974 87 649 495
620 0 1566 737 956 524 1838 1479 762 848 502 1306 772 573 1253 989
946 1566 0 861 875 1053 1426 1230 819 749 1136 2416 1750 996 358 748
170 737 861 0 331 215 1621 969 275 340 274 1623 946 258 613 570
496 956 875 331 0 495 1896 639 590 633 456 1543 886 583 754 851
124 524 1053 215 495 0 1630 1109 312 404 143 1521 856 150 768 613
1526 1838 1426 1621 1896 1630 0 2483 1351 1281 1774 3111 2474 1480 1226 1051
1131 1479 1230 969 639 1109 2483 0 1226 1260 1028 1537 1052 1217 1272 1466
190 762 819 275 590 312 1351 1226 0 92 448 1832 1164 193 491 308
281 848 749 340 633 404 1281 1260 92 0 538 1922 1252 284 409 230
258 502 1136 274 456 143 1774 1028 448 538 0 1384 715 294 877 754
1642 1306 2416 1623 1543 1521 3111 1537 1832 1922 1384 0 676 1661 2232 2134
974 772 1750 946 886 856 2474 1052 1164 1252 715 676 0 1002 1556 1470
87 573 996 258 583 150 1480 1217 193 284 294 1661 1002 0 681 474
649 1253 358 613 754 768 1226 1272 491 409 877 2232 1556 681 0 391
495 989 748 570 851 613 1051 1466 308 230 754 2134 1470 474 391 0
