0 1544 446 1422 1660 451 1055 1452 1015 557 264 818 1570 707 1207 1329
1544 0 1757 2855 1814 1096 2595 2980 1261 1550 1768 2303 2512 2187 931 2600
446 1757 0 1099 2107 768 931 1262 1452 999 571 971 1938 456 1167 1595
1422 2855 1099 0 2922 1841 637 483 2390 1838 1339 1216 2360 715 2176 1807
1660 1814 2107 2922 0 1507 2350 2742 722 1120 1617 1774 1073 2255 2305 1536
451 1096 768 1841 1507 0 1507 1902 789 612 673 1221 1716 1136 931 1621
1055 2595 931 637 2350 1507 0 413 1895 1327 876 592 1723 488 2099 1171
1452 2980 1262 483 2742 1902 413 0 2307 1739 1287 968 2037 807 2420 1451
1015 1261 1452 2390 722 789 1895 2307 0 568 1051 1395 1257 1684 1598 1449
557 1550 999 1838 1120 612 1327 1739 568 0 504 842 1105 1146 1544 1053
264 1768 571 1339 1617 673 876 1287 1051 504 0 557 1369 641 1472 1076
818 2303 971 1216 1774 1221 592 968 1395 842 557 0 1154 733 2018 663
1570 2512 1938 2360 1073 1716 1723 2037 1257 1105 1369 1154 0 1854 2648 600
707 2187 456 715 2255 1136 488 807 1684 1146 641 733 1854 0 1621 1397
1207 931 1167 2176 2305 931 2099 2420 1598 1544 1472 2018 2648 1621 0 2519
1329 2600 1595 1807 1536 1621 1171 1451 1449 1053 1076 663 600 1397 2519 0
