0 60 348 423 347 596 748 187 699 808 462 857 84 496 34 584 5 579 106 757 820 530 350 630 798 262 830 511 94 860 376 758 284 517 499 220 686 445 664 380 486 784 792 210 582 385 290 750 48 539 778 764 299 520 678 71 429 587 783 490 256 330 183 83 561 575 118 584 664 71 460 603 675 227 252 481 0 248
60 0 340 381 288 650 798 234 739 829 470 854 42 438 29 637 61 570 76 774 776 540 325 653 858 266 890 558 39 809 436 735 225 477 463 230 720 454 691 355 473 753 803 251 584 446 236 728 59 491 814 784 352 502 651 28 369 532 759 481 275 331 240 75 543 634 162 565 631 93 417 543 636 282 262 540 61 298
348 340 0 671 367 611 1036 516 553 540 161 1195 299 457 352 862 353 230 264 470 567 229 652 978 961 605 936 817 365 1031 526 423 351 768 765 145 1021 792 436 680 809 1060 482 266 250 572 493 1051 301 357 601 1111 597 833 360 368 520 733 1078 141 155 54 367 269 875 660 287 895 937 418 701 673 922 357 126 597 348 333
423 381 671 0 372 1010 925 469 1120 1197 823 616 404 449 393 811 420 879 432 1135 897 894 139 599 1128 295 1196 698 342 450 766 979 343 98 98 599 738 379 1067 129 250 390 1152 632 921 754 179 397 440 622 1196 693 580 231 879 357 270 241 416 796 650 681 597 450 266 970 540 276 267 378 37 351 256 647 630 872 424 671
347 288 367 372 0 888 1077 516 903 905 528 975 265 149 318 921 349 536 262 832 544 595 421 868 1142 471 1162 835 269 667 708 609 64 458 469 370 967 645 802 440 586 750 833 472 597 727 208 768 318 257 960 988 639 587 508 293 155 370 786 463 424 400 508 296 627 895 409 641 632 370 391 309 594 536 390 808 348 539
596 650 611 1010 888 0 718 567 289 566 535 1275 648 1021 630 572 597 707 637 583 1166 538 909 927 427 764 346 621 689 1455 262 942 839 1097 1073 527 865 869 426 937 994 1331 664 417 623 305 886 1271 597 965 376 1047 508 1044 922 667 1008 1183 1310 664 479 557 414 605 1076 124 492 1101 1221 632 1047 1183 1251 368 517 181 595 354
748 798 1036 925 1077 718 0 563 1002 1259 1070 785 832 1224 769 175 744 1238 853 1253 1565 1113 786 426 425 644 576 241 809 1329 556 1457 1012 960 921 892 270 565 1103 798 737 1043 1323 774 1194 495 930 940 792 1287 1092 474 450 791 1395 787 1104 1166 982 1160 886 994 669 825 798 594 755 817 982 708 953 1251 1057 686 911 559 747 718
187 234 516 469 516 567 563 0 743 907 602 749 270 665 205 405 183 742 294 870 1007 664 349 469 666 197 727 324 247 919 308 936 452 545 516 375 504 325 752 376 428 764 917 300 728 286 400 705 234 725 832 604 125 477 861 224 566 681 744 655 392 487 203 269 510 508 234 535 655 146 505 731 692 253 402 410 187 289
699 739 553 1120 903 289 1002 743 0 286 416 1488 720 1009 728 848 703 550 696 322 1037 380 1047 1166 707 926 599 880 778 1539 487 764 870 1216 1199 540 1126 1067 180 1077 1163 1481 406 489 449 546 966 1438 680 899 92 1293 725 1206 774 763 1047 1247 1474 541 485 509 548 673 1244 413 581 1268 1362 757 1156 1212 1375 495 516 446 699 463
808 829 540 1197 905 566 1259 907 286 0 379 1653 798 975 828 1095 812 417 766 83 879 310 1154 1364 991 1064 886 1108 864 1571 713 573 891 1296 1287 600 1350 1230 159 1184 1294 1581 146 612 323 775 1024 1557 774 819 229 1497 923 1329 615 857 1060 1273 1588 456 554 518 704 754 1369 686 697 1392 1458 876 1230 1206 1452 657 569 700 808 619
462 470 161 823 528 535 1070 602 416 379 0 1319 434 610 475 895 467 177 400 312 636 71 793 1072 928 725 878 871 501 1192 524 412 511 921 916 242 1094 905 279 822 943 1211 333 308 127 580 648 1195 420 483 452 1207 657 972 387 498 681 894 1224 131 210 141 418 394 1013 611 370 1035 1088 534 855 832 1077 387 210 569 462 354
857 854 1195 616 975 1275 785 749 1488 1653 1319 0 895 1065 845 793 852 1423 930 1609 1512 1387 559 374 1169 594 1298 691 829 769 1016 1565 933 558 530 1077 515 423 1500 537 393 399 1649 1041 1438 969 766 292 900 1232 1578 317 769 388 1470 826 886 788 315 1335 1112 1185 952 928 349 1181 958 339 433 785 610 933 523 1002 1109 1096 857 1038
84 42 299 404 265 648 832 270 720 798 434 895 0 414 65 669 88 529 35 740 738 504 359 695 876 308 901 594 67 821 446 692 205 501 490 197 761 496 663 388 511 783 767 238 545 462 247 761 53 455 793 826 384 538 608 68 362 538 791 440 246 294 246 46 579 640 156 601 660 134 439 537 660 282 229 549 85 294
496 438 457 449 149 1021 1224 665 1009 975 610 1065 414 0 468 1070 499 575 408 897 449 670 531 996 1290 606 1306 982 418 636 854 588 214 518 539 495 1104 770 890 544 688 793 884 608 654 875 322 831 466 200 1058 1110 788 679 486 442 179 358 842 518 546 500 653 442 716 1036 553 726 684 519 458 242 629 679 509 951 497 679
34 29 352 393 318 630 769 205 728 828 475 845 65 468 0 608 33 583 95 775 803 544 326 632 830 252 863 530 59 827 410 754 254 487 471 233 696 439 687 356 468 758 807 239 592 418 256 728 55 519 805 764 323 500 672 37 395 553 760 494 275 339 217 83 541 609 147 563 637 69 429 569 646 261 265 515 34 280
584 637 862 811 921 572 175 405 848 1095 895 793 669 1070 608 0 581 1063 688 1085 1396 939 672 419 377 518 506 118 652 1238 385 1282 857 859 822 718 308 486 937 689 656 987 1153 599 1020 324 790 894 626 1122 940 510 284 713 1221 629 963 1046 937 985 711 819 494 658 728 453 583 750 909 551 842 1119 975 511 736 401 583 542
5 61 353 420 349 597 744 183 703 812 467 852 88 499 33 581 0 584 110 762 824 535 346 625 797 257 829 507 93 858 376 763 286 514 496 225 681 440 668 376 481 780 797 214 587 385 289 746 53 542 782 759 296 516 683 70 429 586 779 495 261 335 184 88 556 576 121 579 660 66 457 603 672 229 257 481 4 250
579 570 230 879 536 707 1238 742 550 417 177 1423 529 575 583 1063 584 0 494 334 487 174 876 1207 1106 836 1052 1030 594 1198 698 235 541 975 976 367 1243 1023 382 903 1036 1269 309 465 102 753 700 1269 531 404 561 1341 812 1057 224 598 689 903 1293 89 356 254 574 500 1098 787 508 1118 1147 649 907 814 1123 551 340 747 579 520
106 76 264 432 262 637 853 294 696 766 400 930 35 408 95 688 110 494 0 708 713 471 392 728 882 342 901 617 101 843 446 659 205 530 521 166 790 531 634 421 545 814 733 222 511 467 269 795 62 433 767 859 404 572 576 103 371 555 824 405 217 259 246 34 613 635 148 635 691 165 467 545 689 276 197 546 107 283
757 774 470 1135 832 583 1253 870 322 83 312 1609 740 897 775 1085 762 334 708 0 796 241 1099 1333 1011 1017 915 1090 807 1500 700 493 821 1233 1227 543 1328 1188 156 1128 1243 1521 84 570 243 762 960 1502 720 738 285 1467 895 1275 533 802 987 1202 1532 378 500 453 668 698 1316 697 651 1339 1398 827 1167 1130 1389 624 511 699 757 586
820 776 567 897 544 1166 1565 1007 1037 879 636 1512 738 449 803 1396 824 487 713 796 0 657 965 1408 1528 1008 1500 1331 775 1028 1090 314 598 967 988 693 1494 1188 868 982 1128 1237 743 824 589 1131 751 1280 774 290 1047 1531 1115 1124 265 793 628 788 1289 505 720 620 913 740 1162 1225 816 1173 1131 870 907 646 1071 914 686 1164 820 896
530 540 229 894 595 538 1113 664 380 310 71 1387 504 670 544 939 535 174 471 241 657 0 863 1133 946 792 884 921 572 1260 560 405 581 993 987 310 1149 971 225 893 1012 1282 263 365 87 619 719 1266 489 531 404 1268 711 1042 397 568 749 963 1295 164 275 213 473 464 1083 625 433 1105 1159 601 926 897 1148 438 278 594 530 402
350 325 652 139 421 909 786 349 1047 1154 793 559 359 531 326 672 346 876 392 1099 965 863 0 475 996 161 1072 559 291 576 655 1006 375 196 166 555 605 250 1014 30 166 434 1126 559 902 636 213 403 380 679 1128 581 452 181 911 297 365 379 434 788 600 652 506 400 222 857 467 243 316 289 169 478 342 557 587 759 350 586
630 653 978 599 868 927 426 469 1166 1364 1072 374 695 996 632 419 625 1207 728 1333 1408 1133 475 0 795 400 924 320 643 941 680 1387 810 601 562 841 165 226 1206 473 362 625 1385 768 1198 625 674 517 679 1117 1258 134 443 407 1304 629 838 834 559 1118 862 954 665 713 401 824 703 415 580 563 616 950 664 708 869 746 630 746
798 858 961 1128 1142 427 425 666 707 991 928 1169 876 1290 830 377 797 1106 882 1011 1528 946 996 795 0 835 155 489 887 1573 443 1341 1081 1192 1158 839 668 848 854 1018 1013 1353 1091 708 1033 415 1064 1264 824 1287 784 876 548 1070 1306 862 1223 1348 1307 1048 808 908 639 848 1090 321 741 1113 1266 796 1162 1393 1323 622 843 364 797 634
262 266 605 295 471 764 644 197 926 1064 725 594 308 606 252 518 257 836 342 1017 1008 792 161 400 835 0 911 409 248 737 505 998 411 357 325 483 498 189 915 184 236 567 1054 453 844 481 291 513 306 717 1012 526 291 282 910 239 465 527 550 746 518 592 378 336 317 704 366 342 458 191 328 607 498 431 514 607 262 464
830 890 936 1196 1162 346 576 727 599 886 878 1298 901 1306 863 506 829 1052 901 915 1500 884 1072 924 155 911 0 608 923 1646 455 1288 1105 1268 1237 830 808 951 761 1096 1108 1452 998 703 970 448 1111 1370 848 1279 668 1014 620 1164 1264 898 1259 1403 1412 1004 790 882 655 866 1188 276 753 1212 1358 841 1232 1433 1407 627 827 354 829 630
511 558 817 698 835 621 241 324 880 1108 871 691 594 982 530 118 507 1030 617 1090 1331 921 559 320 489 409 608 0 568 1121 396 1241 771 743 705 672 245 367 949 574 537 869 1152 565 998 335 690 777 556 1049 973 428 220 594 1172 546 864 936 819 948 674 780 455 590 609 511 531 631 790 467 728 1014 856 483 694 442 510 519
94 39 365 342 269 689 809 247 778 864 501 829 67 418 59 652 93 594 101 807 775 572 291 643 887 248 923 568 0 770 470 750 204 439 426 264 719 437 728 321 444 717 834 291 613 477 197 694 98 487 853 772 370 470 662 25 336 494 724 505 311 361 277 110 512 669 201 533 595 101 378 509 598 320 296 575 94 337
860 809 1031 450 667 1455 1329 919 1539 1571 1192 769 821 636 827 1238 858 1198 843 1500 1028 1260 576 941 1573 737 1646 1121 770 0 1216 1223 681 381 416 1000 1102 764 1459 554 593 371 1500 1059 1264 1204 574 478 867 835 1606 989 1028 539 1121 789 512 297 454 1129 1054 1057 1040 868 540 1420 971 526 364 823 414 395 277 1087 1027 1322 860 1107
376 436 526 766 708 262 556 308 487 713 524 1016 446 854 410 385 376 698 446 700 1090 560 655 680 443 505 455 396 470 1216 0 928 650 848 821 397 641 606 554 683 732 1072 767 266 644 62 662 1009 392 844 580 806 247 783 881 446 805 958 1048 629 370 476 200 412 815 203 300 840 963 395 803 979 998 179 404 106 375 193
758 735 423 979 609 942 1457 936 764 573 412 1565 692 588 754 1282 763 235 659 493 314 405 1006 1387 1341 998 1288 1241 750 1223 928 0 638 1068 1077 568 1441 1187 587 1030 1172 1358 433 683 322 981 806 1376 709 388 760 1519 1020 1183 102 760 744 945 1395 299 571 463 788 675 1224 1023 710 1241 1241 824 1000 827 1200 772 547 981 758 744
284 225 351 343 64 839 1012 452 870 891 511 933 205 214 254 857 286 541 205 821 598 581 375 810 1081 411 1105 771 204 681 650 638 0 436 441 330 905 589 779 396 541 730 828 422 593 667 168 740 258 308 931 932 574 547 539 228 177 383 760 462 386 376 450 238 588 840 353 603 609 305 368 346 581 481 353 751 285 487
517 477 768 98 458 1097 960 545 1216 1296 921 558 501 518 487 859 514 975 530 1233 967 993 196 601 1192 357 1268 743 439 381 848 1068 436 0 39 697 751 397 1165 173 239 294 1250 726 1018 831 275 313 536 702 1292 679 648 200 967 452 339 240 328 893 748 780 687 547 223 1051 634 224 173 467 68 377 159 737 728 953 517 763
499 463 765 98 469 1073 921 516 1199 1287 916 530 490 539 471 822 496 976 521 1227 988 987 166 562 1158 325 1237 705 426 416 821 1077 441 39 0 687 712 358 1154 140 200 294 1246 710 1016 803 276 299 522 717 1277 641 616 162 977 437 359 277 318 893 737 774 666 535 189 1024 617 192 171 446 81 410 178 716 718 926 500 743
220 230 145 599 370 527 892 375 540 600 242 1077 197 495 233 718 225 367 166 543 693 310 555 841 839 483 830 672 264 1000 397 568 330 697 687 0 878 665 468 584 702 980 573 131 362 438 432 958 178 450 606 975 452 732 503 258 507 707 988 280 55 113 224 154 773 554 142 795 858 292 633 676 855 221 32 480 220 204
686 720 1021 738 967 865 270 504 1126 1350 1094 515 761 1104 696 308 681 1243 790 1328 1494 1149 605 165 668 498 808 245 719 1102 641 1441 905 751 712 878 0 358 1191 608 514 790 1388 785 1221 581 787 683 735 1205 1219 208 437 564 1365 701 958 977 724 1157 889 989 676 770 562 751 735 577 743 627 759 1084 825 711 903 686 686 748
445 454 792 379 645 869 565 325 1067 1230 905 423 496 770 439 486 440 1023 531 1188 1188 971 250 226 848 189 951 367 437 764 606 1187 589 397 358 665 358 0 1077 250 172 504 1231 618 1027 566 448 419 491 898 1156 342 361 228 1099 428 612 619 461 933 695 776 528 522 242 788 538 265 424 374 401 727 493 578 695 696 445 615
664 691 436 1067 802 426 1103 752 180 159 279 1500 663 890 687 937 668 382 634 156 868 225 1014 1206 854 915 761 949 728 1459 554 587 779 1165 1154 468 1191 1077 0 1044 1148 1445 237 462 279 616 899 1415 634 757 180 1338 764 1185 603 718 953 1163 1448 390 416 402 549 618 1225 541 550 1248 1323 730 1101 1109 1323 501 437 546 664 463
380 355 680 129 440 937 798 376 1077 1184 822 537 388 544 356 689 376 903 421 1128 982 893 30 473 1018 184 1096 574 321 554 683 1030 396 173 140 584 608 250 1044 0 146 404 1155 590 930 663 231 373 410 697 1158 573 476 154 934 327 373 370 404 816 630 681 535 430 196 885 498 215 286 320 155 477 315 587 617 787 381 616
486 473 809 250 586 994 737 428 1163 1294 943 393 511 688 468 656 481 1036 545 1243 1128 1012 166 362 1013 236 1108 537 444 593 732 1172 541 239 200 702 514 172 1148 146 0 344 1276 686 1057 700 377 277 523 844 1248 444 498 56 1077 444 514 474 316 948 742 805 615 548 82 925 597 107 253 417 260 600 320 667 734 829 486 700
784 753 1060 390 750 1331 1043 764 1481 1581 1211 399 783 793 758 987 780 1269 814 1521 1237 1282 434 625 1353 567 1452 869 717 371 1072 1358 730 294 294 980 790 504 1445 404 344 0 1541 994 1311 1043 569 113 811 986 1562 645 842 290 1257 726 619 455 83 1187 1028 1069 938 827 264 1268 901 240 123 724 362 605 166 990 1012 1171 784 1020
792 803 482 1152 833 664 1323 917 406 146 333 1649 767 884 807 1153 797 309 733 84 743 263 1126 1385 1091 1054 998 1152 834 1500 767 433 828 1250 1246 573 1388 1231 237 1155 1276 1541 0 617 235 829 975 1528 752 713 366 1519 952 1305 485 831 988 1203 1556 370 536 474 720 727 1346 776 692 1368 1418 863 1183 1121 1404 678 541 773 792 641
210 251 266 632 472 417 774 300 489 612 308 1041 238 608 239 599 214 465 222 570 824 365 559 768 708 453 703 565 291 1059 266 683 422 726 710 131 785 618 462 590 686 994 617 0 436 307 485 957 193 580 568 903 349 725 625 274 593 776 991 385 112 220 109 193 764 429 92 788 874 271 668 767 885 91 140 350 210 73
582 584 250 921 597 623 1194 728 449 323 127 1438 545 654 592 1020 587 102 511 243 589 87 902 1198 1033 844 970 998 613 1264 644 322 593 1018 1016 362 1221 1027 279 930 1057 1311 235 436 0 702 742 1302 538 496 459 1333 784 1082 324 612 752 967 1329 136 336 252 545 510 1124 712 495 1145 1188 654 951 889 1170 514 331 680 582 479
385 446 572 754 727 305 495 286 546 775 580 969 462 875 418 324 385 753 467 762 1131 619 636 625 415 481 448 335 477 1204 62 981 667 831 803 438 581 566 616 663 700 1043 829 307 702 0 663 975 409 878 638 749 205 753 930 452 814 956 1015 681 416 523 225 432 783 224 327 808 938 393 790 986 978 216 447 129 385 238
290 236 493 179 208 886 930 400 966 1024 648 766 247 322 256 790 289 700 269 960 751 719 213 674 1064 291 1111 690 197 574 662 806 168 275 276 432 787 448 899 231 377 569 975 485 742 663 0 572 292 466 1037 788 524 379 708 219 174 296 594 617 485 507 474 293 420 864 397 435 447 270 208 330 429 517 461 768 291 535
750 728 1051 397 768 1271 940 705 1438 1557 1195 292 761 831 728 894 746 1269 795 1502 1280 1266 403 517 1264 513 1370 777 694 478 1009 1376 740 313 299 958 683 419 1415 373 277 113 1528 957 1302 975 572 0 783 1015 1522 532 771 232 1277 700 652 517 42 1183 1003 1054 891 803 195 1199 866 170 153 685 378 666 236 943 990 1105 751 975
48 59 301 440 318 597 792 234 680 774 420 900 53 466 55 626 53 531 62 720 774 489 380 679 824 306 848 556 98 867 392 709 258 536 522 178 735 491 634 410 523 811 752 193 538 409 292 783 0 496 756 812 341 555 630 84 415 587 815 442 220 285 193 35 596 586 105 618 689 117 476 590 695 230 210 495 49 243
539 491 357 622 257 965 1287 725 899 819 483 1232 455 200 519 1122 542 404 433 738 290 531 679 1117 1287 717 1279 1049 487 835 844 388 308 702 717 450 1205 898 757 697 844 986 713 580 496 878 466 1015 496 0 934 1240 838 844 286 506 366 558 1029 368 489 409 654 463 883 1003 553 896 872 584 637 439 823 665 452 930 539 653
778 814 601 1196 960 376 1092 832 92 229 452 1578 793 1058 805 940 782 561 767 285 1047 404 1128 1258 784 1012 668 973 853 1606 580 760 931 1292 1277 606 1219 1156 180 1158 1248 1562 366 568 459 638 1037 1522 756 934 0 1386 817 1290 782 840 1108 1313 1557 568 552 561 633 746 1328 501 660 1352 1442 838 1231 1270 1451 581 579 538 778 547
764 784 1111 693 988 1047 474 604 1293 1497 1207 317 826 1110 764 510 759 1341 859 1467 1531 1268 581 134 876 526 1014 428 772 989 806 1519 932 679 641 975 208 342 1338 573 444 645 1519 903 1333 749 788 532 812 1240 1386 0 574 479 1434 760 946 918 570 1252 996 1088 799 846 462 939 838 470 626 695 705 1044 715 842 1004 866 763 880
299 352 597 580 639 508 450 125 725 923 657 769 384 788 323 284 296 812 404 895 1115 711 452 443 548 291 620 220 370 1028 247 1020 574 648 616 452 437 361 764 476 498 842 952 349 784 205 524 771 341 838 817 574 0 552 952 345 691 801 812 728 456 560 239 375 580 428 310 605 741 269 615 855 788 274 474 335 298 311
520 502 833 231 587 1044 791 477 1206 1329 972 388 538 679 500 713 516 1057 572 1275 1124 1042 181 407 1070 282 1164 594 470 539 783 1183 547 200 162 732 564 228 1185 154 56 290 1305 725 1082 753 379 232 555 844 1290 479 552 0 1086 474 502 440 268 969 775 832 659 577 41 978 635 63 196 454 233 572 265 711 764 881 521 743
678 651 360 879 508 922 1395 861 774 615 387 1470 608 486 672 1221 683 224 576 533 265 397 911 1304 1306 910 1264 1172 662 1121 881 102 539 967 977 503 1365 1099 603 934 1077 1257 485 625 324 930 708 1277 630 286 782 1434 952 1086 0 674 641 842 1295 259 514 406 727 595 1127 993 642 1143 1140 742 900 725 1098 716 486 943 679 691
71 28 368 357 293 667 787 224 763 857 498 826 68 442 37 629 70 598 103 802 793 568 297 629 862 239 898 546 25 789 446 760 228 452 437 258 701 428 718 327 444 726 831 274 612 452 219 700 84 506 840 760 345 474 674 0 361 516 731 508 303 360 254 103 515 646 183 537 605 78 393 534 611 298 290 551 71 317
429 369 520 270 155 1008 1104 566 1047 1060 681 886 362 179 395 963 429 689 371 987 628 749 365 838 1223 465 1259 864 336 512 805 744 177 339 359 507 958 612 953 373 514 619 988 593 752 814 174 652 415 366 1108 946 691 502 641 361 0 215 664 618 563 550 607 403 537 1001 517 547 507 427 278 175 457 644 531 909 430 654
587 532 733 241 370 1183 1166 681 1247 1273 894 788 538 358 553 1046 586 903 555 1202 788 963 379 834 1348 527 1403 936 494 297 958 945 383 240 277 707 977 619 1163 370 474 455 1203 776 967 956 296 517 587 558 1313 918 801 440 842 516 215 0 517 833 762 760 771 583 463 1160 692 463 364 563 218 149 289 814 733 1064 588 830
783 759 1078 416 786 1310 982 744 1474 1588 1224 315 791 842 760 937 779 1293 824 1532 1289 1295 434 559 1307 550 1412 819 724 454 1048 1395 760 328 318 988 724 461 1448 404 316 83 1556 991 1329 1015 594 42 815 1029 1557 570 812 268 1295 731 664 517 0 1209 1034 1082 927 834 233 1240 899 208 158 719 394 667 230 980 1020 1145 784 1011
490 481 141 796 463 664 1160 655 541 456 131 1335 440 518 494 985 495 89 405 378 505 164 788 1118 1048 746 1004 948 505 1129 629 299 462 893 893 280 1157 933 390 816 948 1187 370 385 136 681 617 1183 442 368 568 1252 728 969 259 508 618 833 1209 0 274 168 493 411 1011 734 422 1031 1064 560 825 753 1042 473 254 685 490 444
256 275 155 650 424 479 886 392 485 554 210 1112 246 546 275 711 261 356 217 500 720 275 600 862 808 518 790 674 311 1054 370 571 386 748 737 55 889 695 416 630 742 1028 536 112 336 416 485 1003 220 489 552 996 456 775 514 303 563 762 1034 274 0 108 219 201 816 514 159 838 906 327 684 731 906 202 38 445 256 178
330 331 54 681 400 557 994 487 509 518 141 1185 294 500 339 819 335 254 259 453 620 213 652 954 908 592 882 780 361 1057 476 463 376 780 774 113 989 776 402 681 805 1069 474 220 252 523 507 1054 285 409 561 1088 560 832 406 360 550 760 1082 168 108 0 325 257 873 606 254 895 946 402 713 708 935 310 86 544 330 285
183 240 367 597 508 414 669 203 548 704 418 952 246 653 217 494 184 574 246 668 913 473 506 665 639 378 655 455 277 1040 200 788 450 687 666 224 676 528 549 535 615 938 720 109 545 225 474 891 193 654 633 799 239 659 727 254 607 771 927 493 219 325 0 211 696 393 102 720 822 220 635 782 843 52 241 302 182 86
83 75 269 450 296 605 825 269 673 754 394 928 46 442 83 658 88 500 34 698 740 464 400 713 848 336 866 590 110 868 412 675 238 547 535 154 770 522 618 430 548 827 727 193 510 432 293 803 35 463 746 846 375 577 595 103 403 583 834 411 201 257 211 0 619 601 114 641 705 150 485 578 706 242 187 512 84 251
561 543 875 266 627 1076 798 510 1244 1369 1013 349 579 716 541 728 556 1098 613 1316 1162 1083 222 401 1090 317 1188 609 512 540 815 1224 588 223 189 773 562 242 1225 196 82 264 1346 764 1124 783 420 195 596 883 1328 462 580 41 1127 515 537 463 233 1011 816 873 696 619 0 1007 674 25 184 494 264 599 263 748 805 912 561 781
575 634 660 970 895 124 594 508 413 686 611 1181 640 1036 609 453 576 787 635 697 1225 625 857 824 321 704 276 511 669 1420 203 1023 840 1051 1024 554 751 788 541 885 925 1268 776 429 712 224 864 1199 586 1003 501 939 428 978 993 646 1001 1160 1240 734 514 606 393 601 1007 0 487 1032 1162 598 1007 1176 1200 359 551 98 574 357
118 162 287 540 409 492 755 234 581 697 370 958 156 553 147 583 121 508 148 651 816 433 467 703 741 366 753 531 201 971 300 710 353 634 617 142 735 538 550 498 597 901 692 92 495 327 397 866 105 553 660 838 310 635 642 183 517 692 899 422 159 254 102 114 674 487 0 698 781 180 576 692 793 128 168 399 117 138
584 565 895 276 641 1101 817 535 1268 1392 1035 339 601 726 563 750 579 1118 635 1339 1173 1105 243 415 1113 342 1212 631 533 526 840 1241 603 224 192 795 577 265 1248 215 107 240 1368 788 1145 808 435 170 618 896 1352 470 605 63 1143 537 547 463 208 1031 838 895 720 641 25 1032 698 0 165 517 271 602 249 773 827 937 584 805
664 631 937 267 632 1221 982 655 1362 1458 1088 433 660 684 637 909 660 1147 691 1398 1131 1159 316 580 1266 458 1358 790 595 364 963 1241 609 173 171 858 743 424 1323 286 253 123 1418 874 1188 938 447 153 689 872 1442 626 741 196 1140 605 507 364 158 1064 906 946 822 705 184 1162 781 165 0 605 241 513 92 874 889 1065 664 902
71 93 418 378 370 632 708 146 757 876 534 785 134 519 69 551 66 649 165 827 870 601 289 563 796 191 841 467 101 823 395 824 305 467 446 292 627 374 730 320 417 724 863 271 654 393 270 685 117 584 838 695 269 454 742 78 427 563 719 560 327 402 220 150 494 598 180 517 605 0 415 596 624 270 323 501 71 297
460 417 701 37 391 1047 953 505 1156 1230 855 610 439 458 429 842 457 907 467 1167 907 926 169 616 1162 328 1232 728 378 414 803 1000 368 68 81 633 759 401 1101 155 260 362 1183 668 951 790 208 378 476 637 1231 705 615 233 900 393 278 218 394 825 684 713 635 485 264 1007 576 271 241 415 0 339 222 684 663 909 460 707
603 543 673 351 309 1183 1251 731 1212 1206 832 933 537 242 569 1119 603 814 545 1130 646 897 478 950 1393 607 1433 1014 509 395 979 827 346 377 410 676 1084 727 1109 477 600 605 1121 767 889 986 330 666 590 439 1270 1044 855 572 725 534 175 149 667 753 731 708 782 578 599 1176 692 602 513 596 339 0 439 819 698 1084 603 829
675 636 922 256 594 1251 1057 692 1375 1452 1077 523 660 629 646 975 672 1123 689 1389 1071 1148 342 664 1323 498 1407 856 598 277 998 1200 581 159 178 855 825 493 1323 315 320 166 1404 885 1170 978 429 236 695 823 1451 715 788 265 1098 611 457 289 230 1042 906 935 843 706 263 1200 793 249 92 624 222 439 0 894 886 1102 676 920
227 282 357 647 536 368 686 253 495 657 387 1002 282 679 261 511 229 551 276 624 914 438 557 708 622 431 627 483 320 1087 179 772 481 737 716 221 711 578 501 587 667 990 678 91 514 216 517 943 230 665 581 842 274 711 716 298 644 814 980 473 202 310 52 242 748 359 128 773 874 270 684 819 894 0 231 272 227 37
252 262 126 630 390 517 911 402 516 569 210 1109 229 509 265 736 257 340 197 511 686 278 587 869 843 514 827 694 296 1027 404 547 353 728 718 32 903 695 437 617 734 1012 541 140 331 447 461 990 210 452 579 1004 474 764 486 290 531 733 1020 254 38 86 241 187 805 551 168 827 889 323 663 698 886 231 0 481 252 210
481 540 597 872 808 181 559 410 446 700 569 1096 549 951 515 401 481 747 546 699 1164 594 759 746 364 607 354 442 575 1322 106 981 751 953 926 480 686 696 546 787 829 1171 773 350 680 129 768 1105 495 930 538 866 335 881 943 551 909 1064 1145 685 445 544 302 512 912 98 399 937 1065 501 909 1084 1102 272 481 0 480 277
0 61 348 424 348 595 747 187 699 808 462 857 85 497 34 583 4 579 107 757 820 530 350 630 797 262 829 510 94 860 375 758 285 517 500 220 686 445 664 381 486 784 792 210 582 385 291 751 49 539 778 763 298 521 679 71 430 588 784 490 256 330 182 84 561 574 117 584 664 71 460 603 676 227 252 480 0 247
248 298 333 671 539 354 718 289 463 619 354 1038 294 679 280 542 250 520 283 586 896 402 586 746 634 464 630 519 337 1107 193 744 487 763 743 204 748 615 463 616 700 1020 641 73 479 238 535 975 243 653 547 880 311 743 691 317 654 830 1011 444 178 285 86 251 781 357 138 805 902 297 707 829 920 37 210 277 247 0
