0 1435 1221 874 1031 342 792 1721 140 197 915 711 861 401 311 997
1435 0 237 1798 1532 1548 915 1137 1545 1593 520 1619 2045 1187 1499 1579
1221 237 0 1562 1307 1316 798 1036 1338 1388 327 1382 1808 1009 1267 1482
874 1798 1562 0 434 533 1540 1466 954 987 1384 195 369 1224 564 1872
1031 1532 1307 434 0 747 1503 1037 1150 1197 1211 406 802 1281 749 1975
342 1548 1316 533 747 0 1073 1589 426 464 1057 381 555 716 51 1340
792 915 798 1540 1503 1073 0 1718 837 866 508 1346 1627 402 1024 685
1721 1137 1036 1466 1037 1589 1718 0 1861 1918 1220 1383 1828 1741 1562 2379
140 1545 1338 954 1150 426 837 1861 0 57 1024 806 888 435 407 937
197 1593 1388 987 1197 464 866 1918 57 0 1073 845 900 464 450 922
915 520 327 1384 1211 1057 508 1220 1024 1073 0 1193 1582 682 1005 1191
711 1619 1382 195 406 381 1346 1383 806 845 1193 0 461 1041 401 1702
861 2045 1808 369 802 555 1627 1828 888 900 1582 461 0 1258 605 1823
401 1187 1009 1224 1281 716 402 1741 435 464 682 1041 1258 0 672 698
311 1499 1267 564 749 51 1024 1562 407 450 1005 401 605 672 0 1307
997 1579 1482 1872 1975 1340 685 2379 937 922 1191 1702 1823 698 1307 0
