0 528 513 71 137 37 330 326 315 210 505 288 827 146 98 549 235 489 652 184 754 668 827 225 444 658 572 308 655 632 584 787 758 276 75 796 817 450 660 796 753 376 627 661 558 271 750 456 522 2 75 663 41 475 41 453 814 7 644 441 203 254 73 647 144 82 442 801 749 303 721 215 494 300 31 91 123 124
528 0 526 458 666 552 600 688 213 684 1032 380 1330 427 433 722 500 110 731 700 227 1174 883 698 615 527 940 694 1127 1121 897 1316 760 700 543 1229 967 877 955 1298 641 357 1006 771 1040 627 713 977 974 528 490 768 545 646 490 616 1007 536 1171 695 366 293 529 984 499 581 211 281 634 799 654 403 453 241 498 574 527 653
513 526 0 471 597 550 809 833 451 721 906 651 1273 560 493 218 691 417 1083 559 652 1117 1259 486 897 974 1085 818 784 808 439 1136 1159 789 583 823 440 962 1166 1244 1090 195 1141 244 729 773 241 769 632 511 551 241 488 168 510 902 1299 516 1029 260 554 519 447 1159 618 595 316 764 240 576 208 312 74 392 504 605 401 579
71 458 471 0 208 102 344 362 244 269 576 253 897 114 41 534 234 418 650 246 683 738 827 270 447 626 618 348 707 688 597 858 749 324 118 839 807 505 695 866 727 318 676 640 612 301 711 522 567 71 80 641 89 456 42 455 835 78 716 436 155 192 90 689 150 143 372 732 702 359 678 162 444 228 44 145 123 195
137 666 597 208 0 117 363 314 452 154 368 395 700 265 234 585 306 625 694 87 892 541 862 176 487 748 518 287 553 521 564 650 811 240 145 710 836 379 630 670 832 489 564 703 454 281 822 327 438 137 188 706 130 522 176 496 809 130 507 464 328 387 163 601 226 107 572 937 837 208 802 331 592 436 168 124 199 17
37 552 550 102 117 0 304 292 339 173 480 286 795 149 119 581 217 518 630 179 779 636 804 236 421 650 535 272 655 628 606 765 739 239 46 802 847 413 625 764 741 413 590 694 557 239 786 443 527 39 72 696 68 509 62 430 783 34 619 470 212 270 107 611 127 45 474 821 786 303 758 252 532 329 58 55 157 107
330 600 809 344 363 304 0 111 438 235 595 220 788 249 316 876 120 623 330 450 811 648 501 529 123 425 340 135 905 865 909 874 448 175 257 1069 1147 300 371 758 488 635 406 984 807 89 1050 645 801 333 267 986 370 799 314 133 491 332 718 771 272 337 404 387 194 274 629 806 1029 571 1013 497 772 470 323 255 452 368
326 688 833 362 314 292 111 0 509 164 492 311 678 294 345 873 188 699 399 401 906 537 556 490 212 532 263 31 830 785 877 766 526 82 251 1000 1137 193 334 647 587 674 326 987 732 64 1073 559 739 328 282 989 360 801 323 222 496 325 611 760 336 408 399 328 222 251 691 908 1063 512 1040 523 805 531 329 236 449 324
315 213 451 244 452 339 438 509 0 479 819 230 1124 224 220 603 323 191 652 488 439 967 822 493 489 523 770 509 928 918 741 1102 715 506 333 1043 871 689 809 1093 639 255 834 680 839 444 679 765 779 315 280 678 332 521 277 493 898 322 958 546 172 101 318 825 300 370 194 489 630 592 629 219 391 60 284 364 322 439
210 684 721 269 154 173 235 164 479 0 380 345 645 257 271 732 225 668 557 238 911 490 719 330 357 652 370 134 671 630 718 667 680 85 153 839 988 241 476 614 722 585 421 849 573 146 954 410 575 212 203 852 233 665 227 367 655 206 513 614 318 391 273 450 186 128 637 935 958 348 929 426 705 483 227 124 321 167
505 1032 906 576 368 480 595 492 819 380 0 723 373 615 599 821 605 993 878 359 1259 230 1012 420 705 1021 513 463 440 377 695 288 1007 420 493 620 1013 381 658 346 1079 839 516 939 368 510 1101 180 438 505 543 944 496 786 542 714 871 497 139 700 680 746 523 592 555 453 937 1298 1141 334 1095 688 920 804 535 463 548 382
288 380 651 253 395 286 220 311 230 345 723 0 975 142 211 763 127 406 433 466 595 825 608 514 259 373 559 321 941 915 849 1011 513 336 250 1084 1037 503 583 944 475 461 626 857 844 253 888 721 810 290 215 857 326 680 250 263 668 294 858 677 104 135 341 606 171 289 424 600 851 589 844 356 601 274 262 273 375 390
827 1330 1273 897 700 795 788 678 1124 645 373 975 0 902 909 1194 847 1311 972 716 1556 159 1053 787 860 1187 532 659 744 678 1059 313 1094 639 792 907 1378 491 653 31 1212 1189 490 1312 700 725 1473 542 788 828 844 1316 830 1158 857 868 847 821 285 1073 964 1037 863 573 831 757 1269 1575 1511 707 1466 1031 1281 1122 853 761 896 717
146 427 560 114 265 149 249 294 224 257 615 142 902 0 75 643 130 415 539 327 654 746 716 371 340 514 557 290 801 777 712 903 635 282 122 942 918 466 615 871 613 386 620 746 704 229 801 592 668 148 77 746 184 563 107 347 738 153 753 549 65 134 199 620 75 163 398 684 780 449 763 249 522 238 120 152 237 257
98 433 493 41 234 119 316 345 220 271 599 211 909 75 0 568 201 401 615 281 659 751 792 310 414 585 605 335 746 726 638 883 711 316 118 880 842 500 675 878 686 329 665 672 651 282 734 554 608 98 68 673 125 488 57 421 807 105 738 473 114 156 131 673 125 152 365 703 719 396 699 181 461 213 66 149 164 222
549 722 218 534 585 581 876 873 603 732 821 763 1194 643 568 0 768 616 1183 520 867 1047 1360 428 982 1118 1102 852 609 644 230 1012 1275 812 624 621 274 964 1205 1168 1229 366 1149 120 572 821 292 659 468 546 609 124 513 83 562 989 1364 549 928 124 659 645 475 1183 682 621 512 975 366 489 307 407 289 543 553 636 425 569
235 500 691 234 306 217 120 188 323 225 605 127 847 130 201 768 0 512 418 387 719 698 595 453 213 441 446 195 860 827 819 892 523 208 172 1014 1041 377 490 816 526 515 511 873 761 127 932 620 741 238 163 874 276 689 209 221 608 239 738 668 153 222 304 502 91 202 512 728 909 512 893 379 652 352 220 183 350 306
489 110 417 418 625 518 623 699 191 668 993 406 1311 415 401 616 512 0 797 647 282 1152 957 632 659 616 958 700 1050 1049 798 1272 839 697 518 1142 857 880 989 1279 732 254 1023 661 967 635 604 921 894 489 466 658 498 541 455 661 1062 496 1132 596 363 290 475 1010 491 553 103 367 529 736 546 329 343 189 461 550 464 611
652 731 1083 650 694 630 330 399 652 557 878 433 972 539 615 1183 418 797 0 781 890 864 177 860 208 276 439 431 1229 1185 1236 1132 129 482 583 1397 1457 510 346 945 251 894 490 1284 1131 414 1321 959 1130 655 582 1284 693 1103 628 199 290 655 981 1086 530 567 723 418 508 603 841 836 1281 900 1276 783 1034 703 639 585 768 699
184 700 559 246 87 179 450 401 488 238 359 466 716 327 281 520 387 647 781 0 922 559 949 95 573 826 593 373 475 449 480 626 898 324 218 626 762 448 710 687 914 479 634 640 378 368 773 277 354 183 251 644 157 465 225 583 893 177 494 397 387 437 172 677 302 185 582 977 799 125 758 330 565 462 214 204 189 82
754 227 652 683 892 779 811 906 439 911 1259 595 1556 654 659 867 719 282 890 922 0 1401 1020 912 809 644 1150 915 1332 1331 1067 1542 891 923 770 1421 1081 1097 1151 1525 744 526 1217 889 1250 847 783 1199 1177 754 718 885 768 800 716 808 1177 762 1398 866 592 519 750 1188 725 809 374 126 682 1016 721 611 578 460 724 801 743 878
668 1174 1117 738 541 636 648 537 967 490 230 825 159 746 751 1047 698 1152 864 559 1401 0 966 633 732 1060 437 516 645 578 925 296 991 490 634 818 1243 361 573 128 1095 1029 410 1166 586 579 1322 409 664 669 687 1170 670 1007 698 740 782 661 191 924 808 881 704 495 676 599 1110 1423 1356 558 1312 872 1124 964 694 603 737 558
827 883 1259 827 862 804 501 556 822 719 1012 608 1053 716 792 1360 595 957 177 949 1020 966 0 1031 383 378 529 587 1386 1338 1410 1249 130 639 757 1557 1634 633 400 1030 297 1068 564 1461 1289 580 1496 1110 1295 830 758 1462 868 1280 804 374 241 830 1103 1263 707 741 899 480 684 775 1008 952 1453 1066 1449 960 1208 875 815 757 945 868
225 698 486 270 176 236 529 490 493 330 420 514 787 371 310 428 453 632 860 95 912 633 1031 0 651 883 689 463 438 424 387 665 973 416 281 571 666 544 805 759 977 433 730 548 346 452 689 299 297 224 300 552 187 377 263 660 985 220 546 304 423 461 181 772 364 256 555 979 723 104 679 303 501 456 251 275 171 165
444 615 897 447 487 421 123 212 489 357 705 259 860 340 414 982 213 659 208 573 809 732 383 651 0 328 361 242 1029 988 1027 976 324 290 374 1193 1255 371 342 831 374 713 426 1086 930 211 1137 766 925 447 375 1087 485 903 422 9 409 447 821 881 343 394 516 383 302 394 684 784 1107 695 1096 589 853 532 432 376 562 492
658 527 974 626 748 650 425 532 523 652 1021 373 1187 514 585 1118 441 616 276 826 644 1060 378 883 328 0 672 559 1301 1268 1220 1299 247 601 608 1452 1390 699 609 1158 116 779 732 1202 1202 511 1198 1059 1178 660 583 1201 697 1035 621 319 563 663 1143 1043 474 473 714 671 524 641 686 574 1137 951 1145 712 912 583 634 623 749 746
572 940 1085 618 518 535 340 263 770 370 513 559 532 557 605 1102 446 958 439 593 1150 437 529 689 361 672 0 270 932 875 1070 723 561 296 502 1113 1354 149 145 507 684 934 66 1220 844 328 1322 649 880 574 540 1223 600 1036 577 367 359 569 583 983 598 669 641 85 484 491 954 1138 1319 677 1293 780 1062 794 581 480 690 533
308 694 818 348 287 272 135 31 509 134 463 321 659 290 335 852 195 700 431 373 915 516 587 463 242 559 270 0 799 753 851 739 557 51 235 969 1114 182 353 629 616 664 331 966 701 67 1057 528 708 310 269 969 340 781 308 252 522 306 583 737 336 410 379 340 215 230 688 921 1050 482 1026 510 793 528 313 217 429 298
655 1127 784 707 553 655 905 830 928 671 440 941 744 801 746 609 860 1050 1229 475 1332 645 1386 438 1029 1301 932 799 0 66 396 472 1352 747 694 180 694 787 1074 728 1384 818 946 699 98 817 897 283 156 653 726 706 620 620 695 1039 1282 648 462 524 858 898 619 1016 778 659 961 1408 975 351 916 723 832 887 684 677 606 554
632 1121 808 688 521 628 865 785 918 630 377 915 678 777 726 644 827 1049 1185 449 1331 578 1338 424 988 1268 875 753 66 0 442 409 1310 702 665 243 748 732 1018 661 1348 826 887 741 82 776 935 229 176 631 700 747 600 647 673 997 1227 625 395 550 836 881 603 958 748 628 964 1403 1008 329 950 720 850 880 662 646 595 524
584 897 439 597 564 606 909 877 741 718 695 849 1059 712 638 230 819 798 1236 480 1067 925 1410 387 1027 1220 1070 851 396 442 0 837 1342 804 653 390 319 922 1191 1036 1324 544 1106 304 381 837 505 517 279 581 656 311 542 273 611 1036 1373 581 778 202 746 755 515 1155 728 636 697 1165 593 397 531 522 503 684 600 654 474 553
787 1316 1136 858 650 765 874 766 1102 667 288 1011 313 903 883 1012 892 1272 1132 626 1542 296 1249 665 976 1299 723 739 472 409 837 0 1261 700 780 615 1152 622 864 309 1349 1098 703 1121 456 791 1303 367 557 787 830 1126 774 995 826 985 1075 780 155 900 968 1033 797 788 844 740 1208 1585 1360 564 1308 956 1161 1084 818 751 814 663
758 760 1159 749 811 739 448 526 715 680 1007 513 1094 635 711 1275 523 839 129 898 891 991 130 973 324 247 561 557 1352 1310 1342 1261 0 607 692 1518 1550 639 455 1069 170 966 608 1371 1254 535 1393 1085 1250 761 685 1371 800 1193 731 315 344 762 1110 1184 616 641 826 531 614 716 896 821 1344 1019 1345 869 1104 770 742 698 870 816
276 700 789 324 240 239 175 82 506 85 420 336 639 282 316 812 208 697 482 324 923 490 639 416 290 601 296 51 747 702 804 700 607 0 207 917 1071 184 393 608 662 642 352 928 650 91 1026 478 657 278 248 931 305 743 282 299 569 273 544 696 335 410 345 372 206 195 677 936 1024 432 997 485 767 519 286 184 394 251
75 543 583 118 145 46 257 251 333 153 493 250 792 122 118 624 172 518 583 218 770 634 757 281 374 608 502 235 694 665 653 780 692 207 0 844 892 387 586 761 697 436 559 736 596 196 822 472 570 77 52 738 113 550 75 383 739 75 631 515 187 253 149 575 84 40 484 805 817 343 791 278 560 331 79 31 198 140
796 1229 823 839 710 802 1069 1000 1043 839 620 1084 907 942 880 621 1014 1142 1397 626 1421 818 1557 571 1193 1452 1113 969 180 243 390 615 1518 917 844 0 630 967 1254 893 1541 896 1127 686 270 983 888 463 274 794 870 692 758 655 835 1203 1460 790 631 568 994 1027 749 1196 928 812 1046 1508 981 502 919 828 882 995 823 831 728 708
817 967 440 807 836 847 1147 1137 871 988 1013 1037 1378 918 842 274 1041 857 1457 762 1081 1243 1634 666 1255 1390 1354 1114 694 748 319 1152 1550 1071 892 630 0 1211 1464 1355 1502 623 1397 196 695 1087 334 836 596 814 880 199 779 356 833 1262 1631 817 1098 377 934 918 743 1437 954 886 756 1198 447 701 388 681 514 810 824 901 695 822
450 877 962 505 379 413 300 193 689 241 381 503 491 466 500 964 377 880 510 448 1097 361 633 544 371 699 149 182 787 732 922 622 639 184 387 967 1211 0 286 461 735 823 186 1082 697 250 1195 503 730 453 432 1085 474 901 463 379 495 447 472 842 517 591 514 235 390 368 862 1102 1199 528 1169 665 945 703 465 361 561 395
660 955 1166 695 630 625 371 334 809 476 658 583 653 615 675 1205 490 989 346 710 1151 573 400 805 342 609 145 353 1074 1018 1191 864 455 393 586 1254 1464 286 0 630 598 1001 164 1320 984 393 1407 790 1015 663 615 1322 693 1134 657 343 213 659 728 1089 643 708 733 79 550 583 1000 1123 1394 804 1373 855 1136 842 663 570 783 643
796 1298 1244 866 670 764 758 647 1093 614 346 944 31 871 878 1168 816 1279 945 687 1525 128 1030 759 831 1158 507 629 728 661 1036 309 1069 608 761 893 1355 461 630 0 1185 1158 466 1286 681 694 1445 518 767 797 813 1290 799 1131 826 839 827 790 266 1046 932 1005 833 550 799 726 1238 1544 1482 680 1438 1001 1252 1091 822 729 866 687
753 641 1090 727 832 741 488 587 639 722 1079 475 1212 613 686 1229 526 732 251 914 744 1095 297 977 374 116 684 616 1384 1348 1324 1349 170 662 697 1541 1502 735 598 1185 0 894 738 1315 1285 577 1314 1133 1267 755 677 1314 793 1146 719 364 512 757 1195 1151 578 583 813 668 613 728 803 664 1254 1039 1261 822 1028 698 731 710 850 832
376 357 195 318 489 413 635 674 255 585 839 461 1189 386 329 366 515 254 894 479 526 1029 1068 433 713 779 934 664 818 826 544 1098 966 642 436 896 623 823 1001 1158 894 0 993 428 744 611 428 733 661 374 394 427 363 288 360 718 1120 381 972 342 369 327 326 1002 452 457 152 621 394 537 383 160 140 196 358 462 292 472
627 1006 1141 676 564 590 406 326 834 421 516 626 490 620 665 1149 511 1023 490 634 1217 410 564 730 426 732 66 331 946 887 1106 703 608 352 559 1127 1397 186 164 466 738 993 0 1268 861 391 1376 664 904 630 599 1271 654 1085 635 431 372 624 571 1028 662 734 694 85 546 545 1018 1205 1376 710 1349 838 1120 857 638 536 742 580
661 771 244 640 703 694 984 987 680 849 939 857 1312 746 672 120 873 661 1284 640 889 1166 1461 548 1086 1202 1220 966 699 741 304 1121 1371 928 736 686 196 1082 1320 1286 1315 428 1268 0 673 932 202 774 569 658 717 6 626 185 671 1093 1474 662 1042 244 755 733 588 1300 790 736 560 1004 300 608 237 501 318 619 663 750 538 687
558 1040 729 612 454 557 807 732 839 573 368 844 700 704 651 572 761 967 1131 378 1250 586 1289 346 930 1202 844 701 98 82 381 456 1254 650 596 270 695 697 984 681 1285 744 861 673 0 719 864 197 104 557 628 679 525 570 599 940 1190 552 415 473 762 805 525 928 679 560 882 1322 934 254 877 639 770 799 588 578 516 456
271 627 773 301 281 239 89 64 444 146 510 253 725 229 282 821 127 635 414 368 847 579 580 452 211 511 328 67 817 776 837 791 535 91 196 983 1087 250 393 694 577 611 391 932 719 0 1013 556 716 274 221 934 308 747 264 221 543 271 636 710 272 344 345 391 158 202 626 854 1001 486 979 462 743 466 271 186 395 288
750 713 241 711 822 786 1050 1073 679 954 1101 888 1473 801 734 292 932 604 1321 773 783 1322 1496 689 1137 1198 1322 1057 897 935 505 1303 1393 1026 822 888 334 1195 1407 1445 1314 428 1376 202 864 1013 0 946 760 747 792 196 722 314 749 1143 1540 752 1213 404 794 755 681 1397 859 831 515 906 113 766 61 553 288 622 743 841 633 805
456 977 769 522 327 443 645 559 765 410 180 721 542 592 554 659 620 921 959 277 1199 409 1110 299 766 1059 649 528 283 229 517 367 1085 478 472 463 836 503 790 518 1133 733 664 774 197 556 946 0 258 456 515 779 433 633 498 776 998 449 268 542 655 711 448 732 550 432 850 1254 997 196 946 597 793 738 488 447 458 335
522 974 632 567 438 527 801 739 779 575 438 810 788 668 608 468 741 894 1130 354 1177 664 1295 297 925 1178 880 708 156 176 279 557 1250 657 570 274 596 730 1015 767 1267 661 904 569 104 716 760 258 0 520 596 575 485 470 561 935 1214 516 504 374 721 756 477 965 654 539 805 1255 832 230 774 570 677 735 549 558 459 436
2 528 511 71 137 39 333 328 315 212 505 290 828 148 98 546 238 489 655 183 754 669 830 224 447 660 574 310 653 631 581 787 761 278 77 794 814 453 663 797 755 374 630 658 557 274 747 456 520 0 77 660 38 472 42 455 817 7 645 438 205 255 71 649 146 84 440 801 747 302 719 213 492 299 31 94 120 124
75 490 551 80 188 72 267 282 280 203 543 215 844 77 68 609 163 466 582 251 718 687 758 300 375 583 540 269 726 700 656 830 685 248 52 870 880 432 615 813 677 394 599 717 628 221 792 515 596 77 0 719 115 532 46 384 757 80 683 506 140 202 141 609 73 91 434 755 781 374 758 241 523 279 57 83 186 180
663 768 241 641 706 696 986 989 678 852 944 857 1316 746 673 124 874 658 1284 644 885 1170 1462 552 1087 1201 1223 969 706 747 311 1126 1371 931 738 692 199 1085 1322 1290 1314 427 1271 6 679 934 196 779 575 660 719 0 628 187 673 1094 1476 663 1047 248 755 733 589 1302 791 738 557 1001 294 612 230 501 315 618 664 752 539 690
41 545 488 89 130 68 370 360 332 233 496 326 830 184 125 513 276 498 693 157 768 670 868 187 485 697 600 340 620 600 542 774 800 305 113 758 779 474 693 799 793 363 654 626 525 308 722 433 485 38 115 628 0 440 76 494 851 38 634 402 237 281 40 677 185 110 442 821 726 271 695 203 474 309 64 123 89 114
475 646 168 456 522 509 799 801 521 665 786 680 1158 563 488 83 689 541 1103 465 800 1007 1280 377 903 1035 1036 781 620 647 273 995 1193 743 550 655 356 901 1134 1131 1146 288 1085 185 570 747 314 633 470 472 532 187 440 0 486 910 1288 476 900 96 577 562 402 1115 605 550 437 904 366 451 313 324 230 461 477 564 352 506
41 490 510 42 176 62 314 323 277 227 542 250 857 107 57 562 209 455 628 225 716 698 804 263 422 621 577 308 695 673 611 826 731 282 75 835 833 463 657 826 719 360 635 671 599 264 749 498 561 42 46 673 76 486 0 430 802 49 681 459 162 212 95 649 120 101 413 761 742 344 717 203 485 266 12 102 140 164
453 616 902 455 496 430 133 222 493 367 714 263 868 347 421 989 221 661 199 583 808 740 374 660 9 319 367 252 1039 997 1036 985 315 299 383 1203 1262 379 343 839 364 718 431 1093 940 221 1143 776 935 455 384 1094 494 910 430 0 405 455 830 889 349 398 524 386 310 404 687 781 1112 704 1101 595 858 537 441 385 570 501
814 1007 1299 835 809 783 491 496 898 655 871 668 847 738 807 1364 608 1062 290 893 1177 782 241 985 409 563 359 522 1282 1227 1373 1075 344 569 739 1460 1631 495 213 827 512 1120 372 1474 1190 543 1540 998 1214 817 757 1476 851 1288 802 405 0 814 941 1254 750 803 888 287 685 745 1092 1126 1514 997 1501 988 1259 942 811 729 938 820
7 536 516 78 130 34 332 325 322 206 497 294 821 153 105 549 239 496 655 177 762 661 830 220 447 663 569 306 648 625 581 780 762 273 75 790 817 447 659 790 757 381 624 662 552 271 752 449 516 7 80 663 38 476 49 455 814 0 637 440 210 261 74 645 147 79 448 808 752 297 724 220 498 307 38 89 124 117
644 1171 1029 716 507 619 718 611 958 513 139 858 285 753 738 928 738 1132 981 494 1398 191 1103 546 821 1143 583 583 462 395 778 155 1110 544 631 631 1098 472 728 266 1195 972 571 1042 415 636 1213 268 504 645 683 1047 634 900 681 830 941 637 0 810 818 885 661 654 692 592 1074 1437 1261 452 1212 824 1048 943 674 601 683 521
441 695 260 436 464 470 771 760 546 614 700 677 1073 549 473 124 668 596 1086 397 866 924 1263 304 881 1043 983 737 524 550 202 900 1184 696 515 568 377 842 1089 1046 1151 342 1028 244 473 710 404 542 374 438 506 248 402 96 459 889 1254 440 810 0 573 571 367 1064 579 508 495 963 462 366 407 332 314 488 449 524 319 449
203 366 554 155 328 212 272 336 172 318 680 104 964 65 114 659 153 363 530 387 592 808 707 423 343 474 598 336 858 836 746 968 616 335 187 994 934 517 643 932 578 369 662 755 762 272 794 655 721 205 140 755 237 577 162 349 750 210 818 573 0 74 245 655 133 228 358 619 763 507 752 253 509 198 174 217 275 320
254 293 519 192 387 270 337 408 101 391 746 135 1037 134 156 645 222 290 567 437 519 881 741 461 394 473 669 410 898 881 755 1033 641 410 253 1027 918 591 708 1005 583 327 734 733 805 344 755 711 756 255 202 733 281 562 212 398 803 261 885 571 74 0 279 723 206 293 293 552 715 552 709 239 466 138 223 284 299 376
73 529 447 90 163 107 404 399 318 273 523 341 863 199 131 475 304 475 723 172 750 704 899 181 516 714 641 379 619 603 515 797 826 345 149 749 743 514 733 833 813 326 694 588 525 345 681 448 477 71 141 589 40 402 95 524 888 74 661 367 245 279 0 717 214 150 413 807 686 274 655 168 435 289 84 162 50 145
647 984 1159 689 601 611 387 328 825 450 592 606 573 620 673 1183 502 1010 418 677 1188 495 480 772 383 671 85 340 1016 958 1155 788 531 372 575 1196 1437 235 79 550 668 1002 85 1300 928 391 1397 732 965 649 609 1302 677 1115 649 386 287 645 654 1064 655 723 717 0 550 567 1013 1167 1391 762 1367 851 1133 853 654 555 767 615
144 499 618 150 226 127 194 222 300 186 555 171 831 75 125 682 91 491 508 302 725 676 684 364 302 524 484 215 778 748 728 844 614 206 84 928 954 390 550 799 613 452 546 790 679 158 859 550 654 146 73 791 185 605 120 310 685 147 692 579 133 206 214 550 0 119 473 749 844 428 824 306 585 313 130 102 260 223
82 581 595 143 107 45 274 251 370 128 453 289 757 163 152 621 202 553 603 185 809 599 775 256 394 641 491 230 659 628 636 740 716 195 40 812 886 368 583 726 728 457 545 736 560 202 831 432 539 84 91 738 110 550 101 404 745 79 592 508 228 293 150 567 119 0 514 845 831 310 803 297 577 365 99 18 199 104
442 211 316 372 572 474 629 691 194 637 937 424 1269 398 365 512 512 103 841 582 374 1110 1008 555 684 686 954 688 961 964 697 1208 896 677 484 1046 756 862 1000 1238 803 152 1018 560 882 626 515 850 805 440 434 557 442 437 413 687 1092 448 1074 495 358 293 413 1013 473 514 0 468 451 660 460 253 243 160 416 514 393 556
801 281 764 732 937 821 806 908 489 935 1298 600 1575 684 703 975 728 367 836 977 126 1423 952 979 784 574 1138 921 1408 1403 1165 1585 821 936 805 1508 1198 1102 1123 1544 664 621 1205 1004 1322 854 906 1254 1255 801 755 1001 821 904 761 781 1126 808 1437 963 619 552 807 1167 749 845 468 0 807 1080 844 685 689 522 770 836 808 925
749 634 240 702 837 786 1029 1063 630 958 1141 851 1511 780 719 366 909 529 1281 799 682 1356 1453 723 1107 1137 1319 1050 975 1008 593 1360 1344 1024 817 981 447 1199 1394 1482 1254 394 1376 300 934 1001 113 997 832 747 781 294 726 366 742 1112 1514 752 1261 462 763 715 686 1391 844 831 451 807 0 809 63 540 258 578 738 840 640 819
303 799 576 359 208 303 571 512 592 348 334 589 707 449 396 489 512 736 900 125 1016 558 1066 104 695 951 677 482 351 329 397 564 1019 432 343 502 701 528 804 680 1039 537 710 608 254 486 766 196 230 302 374 612 271 451 344 704 997 297 452 366 507 552 274 762 428 310 660 1080 809 0 761 407 598 558 333 329 273 206
721 654 208 678 802 758 1013 1040 629 929 1095 844 1466 763 699 307 893 546 1276 758 721 1312 1449 679 1096 1145 1293 1026 916 950 531 1308 1345 997 791 919 388 1169 1373 1438 1261 383 1349 237 877 979 61 946 774 719 758 230 695 313 717 1101 1501 724 1212 407 752 709 655 1367 824 803 460 844 63 761 0 518 243 574 712 813 608 784
215 403 312 162 331 252 497 523 219 426 688 356 1031 249 181 407 379 329 783 330 611 872 960 303 589 712 780 510 723 720 522 956 869 485 278 828 681 665 855 1001 822 160 838 501 639 462 553 597 570 213 241 501 203 324 203 595 988 220 824 332 253 239 168 851 306 297 253 685 540 407 518 0 282 168 200 303 141 313
494 453 74 444 592 532 772 805 391 705 920 601 1281 522 461 289 652 343 1034 565 578 1124 1208 501 853 912 1062 793 832 850 503 1161 1104 767 560 882 514 945 1136 1252 1028 140 1120 318 770 743 288 793 677 492 523 315 474 230 485 858 1259 498 1048 314 509 466 435 1133 585 577 243 689 258 598 243 282 0 334 481 584 392 574
300 241 392 228 436 329 470 531 60 483 804 274 1122 238 213 543 352 189 703 462 460 964 875 456 532 583 794 528 887 880 684 1084 770 519 331 995 810 703 842 1091 698 196 857 619 799 466 622 738 735 299 279 618 309 461 266 537 942 307 943 488 198 138 289 853 313 365 160 522 578 558 574 168 334 0 271 362 285 422
31 498 504 44 168 58 323 329 284 227 535 262 853 120 66 553 220 461 639 214 724 694 815 251 432 634 581 313 684 662 600 818 742 286 79 823 824 465 663 822 731 358 638 663 588 271 743 488 549 31 57 664 64 477 12 441 811 38 674 449 174 223 84 654 130 99 416 770 738 333 712 200 481 271 0 103 129 155
91 574 605 145 124 55 255 236 364 124 463 273 761 152 149 636 183 550 585 204 801 603 757 275 376 623 480 217 677 646 654 751 698 184 31 831 901 361 570 729 710 462 536 750 578 186 841 447 558 94 83 752 123 564 102 385 729 89 601 524 217 284 162 555 102 18 514 836 840 329 813 303 584 362 103 0 212 123
123 527 401 123 199 157 452 449 322 321 548 375 896 237 164 425 350 464 768 189 743 737 945 171 562 749 690 429 606 595 474 814 870 394 198 728 695 561 783 866 850 292 742 538 516 395 633 458 459 120 186 539 89 352 140 570 938 124 683 319 275 299 50 767 260 199 393 808 640 273 608 141 392 285 129 212 0 182
124 653 579 195 17 107 368 324 439 167 382 390 717 257 222 569 306 611 699 82 878 558 868 165 492 746 533 298 554 524 553 663 816 251 140 708 822 395 643 687 832 472 580 687 456 288 805 335 436 124 180 690 114 506 164 501 820 117 521 449 320 376 145 615 223 104 556 925 819 206 784 313 574 422 155 123 182 0
