0 1287 186 585 1352 1593 428 1258 1342 902 450 1209 523 321 1458 1635
1287 0 1406 1194 2231 2621 1125 2026 1791 2027 1590 2392 1703 1440 1155 348
186 1406 0 767 1170 1644 613 1086 1503 718 538 1036 340 446 1644 1755
585 1194 767 0 1937 1426 176 1841 806 1461 512 1724 1085 422 921 1504
1352 2231 1170 1937 0 2472 1778 243 2649 584 1622 706 882 1586 2786 2541
1593 2621 1644 1426 2472 0 1517 2520 1145 1891 1146 1870 1704 1292 1993 2925
428 1125 613 176 1778 1517 0 1674 981 1322 482 1606 943 351 1038 1453
1258 2026 1086 1841 243 2520 1674 0 2588 645 1582 870 850 1525 2651 2327
1342 1791 1503 806 2649 1145 981 2588 0 2111 1034 2288 1767 1064 884 2023
902 2027 718 1461 584 1891 1322 645 2111 0 1076 376 379 1069 2359 2366
450 1590 538 512 1622 1146 482 1582 1034 1076 0 1275 740 154 1417 1925
1209 2392 1036 1724 706 1870 1606 870 2288 376 1275 0 701 1308 2641 2734
523 1703 340 1085 882 1704 943 850 1767 379 740 701 0 707 1979 2049
321 1440 446 422 1586 1292 351 1525 1064 1069 154 1308 707 0 1343 1778
1458 1155 1644 921 2786 1993 1038 2651 884 2359 1417 2641 1979 1343 0 1280
1635 348 1755 1504 2541 2925 1453 2327 2023 2366 1925 2734 2049 1778 1280 0
