0 1429 849 194 266 198 572 875 253 1225 1227 986 637 760 37 597 1049
1429 0 1311 1262 1344 1625 1426 2297 1426 333 2326 655 1906 1945 1396 1382 509
849 1311 0 881 1043 922 322 1377 1074 1311 1052 656 830 1607 818 275 1236
194 1262 881 0 163 387 654 1060 215 1041 1400 880 821 797 177 665 861
266 1344 1043 163 0 411 804 1045 81 1093 1492 1020 895 650 273 818 903
198 1625 922 387 411 0 611 677 362 1423 1104 1157 500 709 228 650 1246
572 1426 322 654 804 611 0 1065 817 1348 907 804 538 1312 547 54 1230
875 2297 1377 1060 1045 677 1065 0 973 2100 920 1785 562 909 904 1119 1921
253 1426 1074 215 81 362 817 973 0 1175 1459 1090 858 582 271 837 984
1225 333 1311 1041 1093 1423 1348 2100 1175 0 2254 702 1772 1657 1197 1314 196
1227 2326 1052 1400 1492 1104 907 920 1459 2254 0 1686 604 1700 1229 946 2126
986 655 656 880 1020 1157 804 1785 1090 702 1686 0 1323 1671 949 755 688
637 1906 830 821 895 500 538 562 858 1772 604 1323 0 1126 645 592 1619
760 1945 1607 797 650 709 1312 909 582 1657 1700 1671 1126 0 794 1345 1460
37 1396 818 177 273 228 547 904 271 1197 1229 949 645 794 0 569 1023
597 1382 275 665 818 650 54 1119 837 1314 946 755 592 1345 569 0 1200
1049 509 1236 861 903 1246 1230 1921 984 196 2126 688 1619 1460 1023 1200 0
