0 437 1404 425 962 1004 1180 1076 919 1676 913 165 631 112 1187 1412
437 0 1754 265 1352 944 873 1106 1198 2063 943 594 580 378 1065 996
1404 1754 0 1828 479 2340 1998 1196 605 394 2195 1250 1386 1401 2546 2475
425 265 1828 0 1388 691 1131 1331 1319 2101 678 587 812 436 833 1190
962 1352 479 1388 0 1865 1762 1101 452 714 1717 801 1101 980 2073 2179
1004 944 2340 691 1865 0 1755 2018 1917 2542 199 1121 1503 1067 217 1654
1180 873 1998 1131 1762 1755 0 871 1399 2379 1794 1274 668 1071 1821 545
1076 1106 1196 1331 1101 2018 871 0 656 1590 1967 1049 525 980 2163 1405
919 1198 605 1319 452 1917 1399 656 0 980 1806 798 782 883 2106 1869
1676 2063 394 2101 714 2542 2379 1590 980 0 2378 1514 1750 1694 2755 2841
913 943 2195 678 1717 199 1794 1967 1806 2378 0 1009 1467 992 409 1751
165 594 1250 587 801 1121 1274 1049 798 1514 1009 0 669 225 1314 1548
631 580 1386 812 1101 1503 668 525 782 1750 1467 669 0 521 1641 1091
112 378 1401 436 980 1067 1071 980 883 1694 992 225 521 0 1239 1323
1187 1065 2546 833 2073 217 1821 2163 2106 2755 409 1314 1641 1239 0 1654
1412 996 2475 1190 2179 1654 545 1405 1869 2841 1751 1548 1091 1323 1654 0
