0 387 510 1262 1197 361 1528 1206 1302 1642 1178 248 1174 1481 688 1039
387 0 733 1246 1075 41 1140 821 1662 1875 858 171 1469 1406 823 964
510 733 0 858 1703 692 1749 1487 1451 1150 1200 690 1483 1118 1172 731
1262 1246 858 0 2321 1212 1758 1649 2287 1120 1038 1317 2341 281 1948 309
1197 1075 1703 2321 0 1110 1469 1158 1806 2837 1696 1032 1376 2467 726 2033
361 41 692 1212 1110 0 1167 853 1647 1833 859 166 1465 1376 835 933
1528 1140 1749 1758 1469 1167 0 354 2771 2752 722 1297 2499 1727 1751 1469
1206 821 1487 1649 1158 853 354 0 2424 2554 689 967 2145 1675 1397 1343
1302 1662 1451 2287 1806 1647 2771 2424 0 1973 2480 1492 478 2560 1119 2181
1642 1875 1150 1120 2837 1833 2752 2554 1973 0 2073 1840 2249 1337 2228 1325
1178 858 1200 1038 1696 859 722 689 2480 2073 0 1025 2324 1010 1666 760
248 171 690 1317 1032 166 1297 967 1492 1840 1025 0 1299 1502 677 1054
1174 1469 1483 2341 1376 1465 2499 2145 478 2249 2324 1299 0 2595 758 2175
1481 1406 1118 281 2467 1376 1727 1675 2560 1337 1010 1502 2595 0 2158 447
688 823 1172 1948 726 835 1751 1397 1119 2228 1666 677 758 2158 0 1711
1039 964 731 309 2033 933 1469 1343 2181 1325 760 1054 2175 447 1711 0
