0 351 18 448 702 547 417 458 274 14 791 1022 1455 61 1146 934
351 0 364 609 442 554 667 666 626 337 795 1126 1464 412 1345 747
18 364 0 432 720 537 424 467 263 30 779 1034 1442 53 1153 953
448 609 432 0 1048 242 817 878 494 452 403 1458 1025 453 1533 1332
702 442 720 1048 0 989 809 760 947 690 1219 984 1873 750 1302 330
547 554 537 242 989 0 958 1004 684 544 251 1564 927 576 1688 1302
417 667 424 817 809 958 0 86 363 423 1195 654 1843 382 729 898
458 666 467 878 760 1004 86 0 442 461 1246 582 1902 431 694 826
274 626 263 494 947 684 363 442 0 289 893 1017 1510 214 1045 1134
14 337 30 452 690 544 423 461 289 0 790 1022 1456 75 1151 924
791 795 779 403 1219 251 1195 1246 893 790 0 1812 676 815 1921 1539
1022 1126 1034 1458 984 1564 654 582 1017 1022 1812 0 2477 1006 384 830
1455 1464 1442 1025 1873 927 1843 1902 1510 1456 676 2477 0 1472 2555 2199
61 412 53 453 750 576 382 431 214 75 815 1006 1472 0 1111 969
1146 1345 1153 1533 1302 1688 729 694 1045 1151 1921 384 2555 1111 0 1196
934 747 953 1332 330 1302 898 826 1134 924 1539 830 2199 969 1196 0
