0 944 189 1083 1711 755 1466 1 293 1264 906 411 190 1098 764 396
944 0 804 1440 2576 1121 2395 945 875 327 295 1354 956 1893 180 1330
189 804 0 1211 1898 866 1590 190 157 1130 817 564 339 1138 629 531
1083 1440 1211 0 1505 354 2007 1083 1359 1617 1178 1187 893 2008 1320 1245
1711 2576 1898 1505 0 1602 1174 1709 1950 2856 2416 1389 1632 1754 2403 1455
755 1121 866 354 1602 0 1878 755 1018 1333 883 937 566 1759 986 982
1466 2395 1590 2007 1174 1878 0 1464 1541 2721 2370 1061 1527 774 2219 1070
1 945 190 1083 1709 755 1464 0 293 1265 907 409 190 1097 766 394
293 875 157 1359 1950 1018 1541 293 0 1201 931 573 473 1026 710 522
1264 327 1130 1617 2856 1333 2721 1265 1201 0 450 1675 1259 2216 502 1654
906 295 817 1178 2416 883 2370 907 931 450 0 1309 858 1953 289 1301
411 1354 564 1187 1389 937 1061 409 573 1675 1309 0 473 825 1175 75
190 956 339 893 1632 566 1527 190 473 1259 858 473 0 1243 778 487
1098 1893 1138 2008 1754 1759 774 1097 1026 2216 1953 825 1243 0 1735 777
764 180 629 1320 2403 986 2219 766 710 502 289 1175 778 1735 0 1152
396 1330 531 1245 1455 982 1070 394 522 1654 1301 75 487 777 1152 0
