0 1284 927 1384 1204 1307 772 1028 284 1415 353 575 1469 841 527 883
1284 0 2036 226 757 2335 530 2195 1177 1838 1622 919 2683 598 775 960
927 2036 0 2192 1621 391 1604 1304 1204 2214 637 1121 1485 1729 1393 1810
1384 226 2192 0 983 2507 612 2228 1235 1742 1733 1092 2723 600 858 902
1204 757 1621 983 0 1828 830 2232 1271 2281 1441 632 2665 1035 929 1412
1307 2335 391 2507 1828 0 1941 1639 1588 2602 1028 1417 1741 2083 1746 2190
772 530 1604 612 830 1941 0 1667 647 1461 1121 573 2153 214 248 582
1028 2195 1304 2228 2232 1639 1667 0 1024 1222 878 1603 498 1628 1432 1410
284 1177 1204 1235 1271 1588 647 1024 0 1160 593 691 1506 648 408 610
1415 1838 2214 1742 2281 2602 1461 1222 1160 0 1586 1810 1619 1281 1366 891
353 1622 637 1733 1441 1028 1121 878 593 1586 0 817 1243 1194 878 1202
575 919 1121 1092 632 1417 573 1603 691 1810 817 0 2032 765 481 1038
1469 2683 1485 2723 2665 1741 2153 498 1506 1619 1243 2032 0 2123 1913 1907
841 598 1729 600 1035 2083 214 1628 648 1281 1194 765 2123 0 337 390
527 775 1393 858 929 1746 248 1432 408 1366 878 481 1913 337 0 557
883 960 1810 902 1412 2190 582 1410 610 891 1202 1038 1907 390 557 0
