0 820 881 1590 594 42 160 1264 950 1144 1233 1341 449 391 518 1403
820 0 1684 1975 459 861 674 483 1626 1430 640 878 503 1128 558 2024
881 1684 0 1825 1346 838 1012 2088 488 1209 2103 1978 1318 777 1365 1332
1590 1975 1825 0 2076 1590 1694 2431 2236 2704 1786 2796 1520 1260 1434 640
594 459 1346 2076 0 624 438 750 1205 976 1084 752 581 981 684 1979
42 861 838 1590 624 0 196 1303 915 1133 1274 1367 490 372 556 1385
160 674 1012 1694 438 196 0 1107 1019 1099 1137 1188 380 542 471 1546
1264 483 2088 2431 750 1303 1107 0 1947 1569 834 647 987 1600 1038 2507
950 1626 488 2236 1205 915 1019 1947 0 761 2156 1695 1391 1044 1468 1795
1144 1430 1209 2704 976 1133 1099 1569 761 0 2061 1114 1447 1443 1550 2387
1233 640 2103 1786 1084 1274 1137 834 2156 2061 0 1434 785 1392 741 2037
1341 878 1978 2796 752 1367 1188 647 1695 1114 1434 0 1275 1730 1365 2731
449 503 1318 1520 581 490 380 987 1391 1447 785 1275 0 652 106 1522
391 1128 777 1260 981 372 542 1600 1044 1443 1392 1730 652 0 660 1013
518 558 1365 1434 684 556 471 1038 1468 1550 741 1365 106 660 0 1470
1403 2024 1332 640 1979 1385 1546 2507 1795 2387 2037 2731 1522 1013 1470 0
