0 1229 1632 369 312 1285 49 894 1340 1483 1700 691 828 99 1080 1321 624
1229 0 1226 1596 918 1757 1277 1980 1601 2632 847 939 2052 1204 432 2546 611
1632 1226 0 1874 1420 2717 1655 1845 789 2453 585 941 2199 1686 1594 2764 1242
369 1596 1874 0 679 1378 320 642 1436 1151 2018 953 460 416 1440 963 988
312 918 1420 679 0 1342 360 1128 1277 1753 1418 515 1135 309 809 1634 311
1285 1757 2717 1378 1342 0 1300 2014 2604 2390 2553 1857 1642 1189 1340 1753 1474
49 1277 1655 320 360 1300 0 851 1339 1434 1737 714 779 132 1130 1275 671
894 1980 1845 642 1128 2014 851 0 1183 660 2163 1108 515 981 1937 1008 1386
1340 1601 789 1436 1277 2604 1339 1183 0 1723 1298 795 1631 1427 1825 2177 1279
1483 2632 2453 1151 1753 2390 1434 660 1723 0 2811 1768 754 1554 2558 851 2030
1700 847 585 2018 1418 2553 1737 2163 1298 2811 0 1085 2417 1723 1274 2970 1146
691 939 941 953 515 1857 714 1108 795 1768 1085 0 1332 749 1061 1889 489
828 2052 2199 460 1135 1642 779 515 1631 754 2417 1332 0 875 1899 565 1441
99 1204 1686 416 309 1189 132 981 1427 1554 1723 749 875 0 1024 1341 614
1080 432 1594 1440 809 1340 1130 1937 1825 2558 1274 1061 1899 1024 0 2336 590
1321 2546 2764 963 1634 1753 1275 1008 2177 851 2970 1889 565 1341 2336 0 1945
624 611 1242 988 311 1474 671 1386 1279 2030 1146 489 1441 614 590 1945 0
