0 617 505 1631 705 450 1469 55 30 88 425 333 326 508 1192 1296
617 0 1086 2123 1215 233 2086 567 591 613 690 709 712 110 1643 1428
505 1086 0 1559 763 876 1036 561 521 562 841 724 431 984 1227 1611
1631 2123 1559 0 928 2048 1255 1652 1662 1581 1438 1416 1860 2023 491 1216
705 1215 763 928 0 1122 1159 724 735 652 562 508 961 1111 494 929
450 233 876 2048 1122 0 1895 412 420 475 663 643 482 171 1584 1492
1469 2086 1036 1255 1159 1895 0 1521 1495 1489 1622 1521 1467 1977 1281 2039
55 567 561 1652 724 412 1521 0 46 74 396 314 356 457 1204 1272
30 591 521 1662 735 420 1495 46 0 104 437 350 312 482 1220 1312
88 613 562 1581 652 475 1489 74 104 0 337 246 414 502 1130 1208
425 690 841 1438 562 663 1622 396 437 337 0 116 750 597 954 877
333 709 724 1416 508 643 1521 314 350 246 116 0 659 607 943 963
326 712 431 1860 961 482 1467 356 312 414 750 659 0 624 1456 1622
508 110 984 2023 1111 171 1977 457 482 502 597 607 624 0 1546 1373
1192 1643 1227 491 494 1584 1281 1204 1220 1130 954 943 1456 1546 0 823
1296 1428 1611 1216 929 1492 2039 1272 1312 1208 877 963 1622 1373 823 0
