0 206 470 39 1230 970 780 40 201 489 586 746 60 407 404 510
206 0 593 219 1310 1134 573 221 214 476 788 796 182 442 279 655
470 593 0 501 767 1176 1085 430 386 350 665 1169 442 861 857 835
39 219 501 0 1264 938 789 77 239 528 569 707 98 369 387 475
1230 1310 767 1264 0 1833 1666 1189 1097 871 1320 1933 1192 1628 1588 1578
970 1134 1176 938 1833 0 1634 987 1158 1405 519 659 1028 798 1108 484
780 573 1085 789 1666 1634 0 793 718 811 1354 1124 751 842 527 1153
40 221 430 77 1189 987 793 0 173 455 586 784 44 447 438 536
201 214 386 239 1097 1158 718 173 0 294 733 937 141 589 491 710
489 476 350 528 871 1405 811 455 294 0 932 1231 431 883 751 984
586 788 665 569 1320 519 1354 586 733 932 0 771 631 655 886 375
746 796 1169 707 1933 659 1124 784 937 1231 771 0 801 354 621 399
60 182 442 98 1192 1028 751 44 141 431 631 801 0 457 417 571
407 442 861 369 1628 798 842 447 589 883 655 354 457 0 314 336
404 279 857 387 1588 1108 527 438 491 751 886 621 417 314 0 632
510 655 835 475 1578 484 1153 536 710 984 375 399 571 336 632 0
