0 505 1060 1521 99 1005 936 1339 593 1250 739 1429 131 893 122 810
505 0 1482 1889 432 1475 1251 1478 119 1751 1020 1739 613 390 562 564
1060 1482 0 1851 1083 1133 406 2127 1519 987 1498 1921 929 1816 1105 1402
1521 1889 1851 0 1619 718 2066 870 2006 981 878 278 1523 2234 1406 2329
99 432 1083 1619 0 1103 921 1411 510 1338 824 1522 181 814 214 711
1005 1475 1133 718 1103 0 1360 1173 1581 407 711 811 957 1861 918 1795
936 1251 406 2066 921 1360 0 2184 1261 1313 1543 2087 817 1536 1021 1053
1339 1478 2127 870 1411 1173 2184 0 1592 1573 641 593 1415 1722 1222 2024
593 119 1519 2006 510 1581 1261 1592 0 1844 1139 1858 689 307 663 472
1250 1751 987 981 1338 407 1313 1573 1844 0 1110 1148 1167 2141 1191 1975
739 1020 1498 878 824 711 1543 641 1139 1110 0 720 794 1356 616 1504
1429 1739 1921 278 1522 811 2087 593 1858 1148 720 0 1455 2061 1308 2219
131 613 929 1523 181 957 817 1415 689 1167 794 1455 0 995 204 837
893 390 1816 2234 814 1861 1536 1722 307 2141 1356 2061 995 0 951 593
122 562 1105 1406 214 918 1021 1222 663 1191 616 1308 204 951 0 923
810 564 1402 2329 711 1795 1053 2024 472 1975 1504 2219 837 593 923 0
