0 1227 90 850 265 1182 819 1526 672 1711 1711 113 262 632 386 1568
1227 0 1138 2073 1280 789 1952 2212 715 1713 808 1267 1113 603 1028 1268
90 1138 0 937 305 1102 903 1536 586 1664 1623 153 247 547 353 1500
850 2073 937 0 897 1880 609 1419 1449 2084 2469 808 1034 1483 1160 2130
265 1280 305 897 0 1379 675 1775 851 1969 1863 372 166 681 271 1798
1182 789 1102 1880 1379 0 2002 1546 530 925 611 1149 1242 859 1238 510
819 1952 903 609 675 2002 0 1955 1489 2437 2523 860 841 1356 927 2365
1526 2212 1536 1419 1775 1546 1955 0 1530 1052 2099 1412 1781 1868 1888 1410
672 715 586 1449 851 530 1489 1530 0 1274 1040 661 712 400 713 987
1711 1713 1664 2084 1969 925 2437 1052 1274 0 1262 1625 1884 1673 1934 500
1711 808 1623 2469 1863 611 2523 2099 1040 1262 0 1700 1707 1226 1666 763
113 1267 153 808 372 1149 860 1412 661 1625 1700 0 374 688 494 1507
262 1113 247 1034 166 1242 841 1781 712 1884 1707 374 0 515 130 1680
632 603 547 1483 681 859 1356 1868 400 1673 1226 688 515 0 446 1355
386 1028 353 1160 271 1238 927 1888 713 1934 1666 494 130 446 0 1698
1568 1268 1500 2130 1798 510 2365 1410 987 500 763 1507 1680 1355 1698 0
