0 529 510 529 1327 1422 1605 986 802 1311 955 1694 1511 1201 560 380
529 0 936 780 1855 1644 1251 508 1324 1807 875 1321 1777 707 948 212
510 936 0 967 1041 1774 2108 1438 739 1287 855 1768 1032 1643 882 856
529 780 967 0 1435 906 1365 1011 819 1149 1464 2093 1999 1214 247 569
1327 1855 1041 1435 0 1774 2798 2302 616 682 1874 2806 1484 2518 1200 1699
1422 1644 1774 906 1774 0 1628 1698 1267 1166 2369 2963 2782 1850 895 1446
1605 1251 2108 1365 2798 1628 0 795 2184 2465 2078 2099 3026 714 1609 1258
986 508 1438 1011 2302 1698 795 0 1728 2148 1283 1405 2269 216 1241 607
802 1324 739 819 616 1267 2184 1728 0 552 1575 2441 1591 1944 584 1143
1311 1807 1287 1149 682 1166 2465 2148 552 0 2128 2983 2045 2357 908 1607
955 875 855 1464 1874 2369 2078 1283 1575 2128 0 944 1102 1415 1514 993
1694 1321 1768 2093 2806 2963 2099 1405 2441 2983 944 0 1920 1395 2228 1526
1511 1777 1032 1999 1484 2782 3026 2269 1591 2045 1102 1920 0 2439 1904 1784
1201 707 1643 1214 2518 1850 714 216 1944 2357 1415 1395 2439 0 1449 821
560 948 882 247 1200 895 1609 1241 584 908 1514 2228 1904 1449 0 737
380 212 856 569 1699 1446 1258 607 1143 1607 993 1526 1784 821 737 0
