0 190 1173 343 237 139 900 361 781 1154 825 137 325 399 1014 1332
190 0 991 236 420 236 965 404 893 1207 716 326 138 302 1153 1505
1173 991 0 875 1369 1218 1804 1310 1821 1990 666 1310 853 1049 2109 2341
343 236 875 0 498 447 1199 638 1112 1443 488 466 201 516 1356 1499
237 420 1369 498 0 316 958 504 778 1218 930 139 547 622 951 1095
139 236 1218 447 316 0 766 221 664 1018 936 178 368 313 917 1398
900 965 1804 1199 958 766 0 561 266 259 1681 853 1061 767 490 1748
361 404 1310 638 504 221 561 0 512 806 1120 368 506 274 799 1532
781 893 1821 1112 778 664 266 512 0 489 1600 699 1011 774 304 1485
1154 1207 1990 1443 1218 1018 259 806 489 0 1919 1111 1293 982 608 1965
825 716 666 488 930 936 1681 1120 1600 1919 0 935 628 954 1839 1735
137 326 1310 466 139 178 853 368 699 1111 935 0 463 489 907 1222
325 138 853 201 547 368 1061 506 1011 1293 628 463 0 329 1280 1616
399 302 1049 516 622 313 767 274 774 982 954 489 329 0 1069 1711
1014 1153 2109 1356 951 917 490 799 304 608 1839 907 1280 1069 0 1410
1332 1505 2341 1499 1095 1398 1748 1532 1485 1965 1735 1222 1616 1711 1410 0
