0 359 994 1225 646 1138 182 686 1657 1105 973 1646 986 6 783 1093
359 0 881 1080 397 1385 541 796 2009 842 996 1623 1326 364 1124 1132
994 881 0 239 523 1162 1090 1643 2435 1583 371 2502 1479 1000 1677 468
1225 1080 239 0 696 1338 1327 1860 2667 1714 534 2688 1698 1232 1916 586
646 397 523 696 0 1347 803 1193 2276 1066 746 1991 1456 653 1424 880
1138 1385 1162 1338 1347 0 1035 1715 1584 2220 804 2710 585 1139 1207 769
182 541 1090 1327 803 1035 0 701 1481 1258 1007 1691 818 177 621 1114
686 796 1643 1860 1193 1715 701 0 1596 939 1659 994 1363 681 779 1780
1657 2009 2435 2667 2276 1584 1481 1596 0 2520 2190 2271 1021 1651 892 2227
1105 842 1583 1714 1066 2220 1258 939 2520 0 1796 1140 2075 1106 1654 1933
973 996 371 534 746 804 1007 1659 2190 1796 0 2593 1191 978 1518 136
1646 1623 2502 2688 1991 2710 1691 994 2271 1140 2593 0 2324 1643 1664 2722
986 1326 1479 1698 1456 585 818 1363 1021 2075 1191 2324 0 983 693 1214
6 364 1000 1232 653 1139 177 681 1651 1106 978 1643 983 0 777 1098
783 1124 1677 1916 1424 1207 621 779 892 1654 1518 1664 693 777 0 1597
1093 1132 468 586 880 769 1114 1780 2227 1933 136 2722 1214 1098 1597 0
