0 84 628 173 1515 558 158 176 870 235 457 299 333 1203 653 1087
84 0 544 256 1565 587 233 201 955 253 388 222 369 1119 737 1171
628 544 0 800 1893 987 755 684 1496 705 291 389 828 607 1281 1712
173 256 800 0 1462 496 135 205 703 249 624 452 280 1368 480 919
1515 1565 1893 1462 0 1919 1369 1656 1241 1708 1602 1770 1734 2477 1361 1259
558 587 987 496 1919 0 626 386 899 333 949 609 226 1409 660 1081
158 233 755 135 1369 626 0 289 744 344 541 454 404 1345 547 959
176 201 684 205 1656 386 289 0 875 58 580 300 168 1211 637 1088
870 955 1496 703 1241 899 744 875 0 892 1280 1155 826 2071 246 216
235 253 705 249 1708 333 344 58 892 0 622 317 126 1212 649 1102
457 388 291 624 1602 949 541 580 1280 622 0 367 746 891 1088 1493
299 222 389 452 1770 609 454 300 1155 317 367 0 439 917 925 1371
333 369 828 280 1734 226 404 168 826 126 746 439 0 1317 580 1030
1203 1119 607 1368 2477 1409 1345 1211 2071 1212 891 917 1317 0 1843 2287
653 737 1281 480 1361 660 547 637 246 649 1088 925 580 1843 0 453
1087 1171 1712 919 1259 1081 959 1088 216 1102 1493 1371 1030 2287 453 0
