0 279 776 1566 1610 659 1490 886 815 138 389 1281 144 1478 66 910
279 0 553 1558 1362 821 1380 1138 539 165 549 1552 418 1202 227 1168
776 553 0 2006 841 1375 1705 1662 508 708 799 1904 877 816 750 1491
1566 1558 2006 0 2569 1077 572 1476 1586 1496 1948 2371 1635 2174 1523 2193
1610 1362 841 2569 0 2163 2127 2495 1010 1526 1620 2717 1718 471 1578 2301
659 821 1375 1077 2163 0 1231 505 1207 674 972 1326 656 1928 652 1116
1490 1380 1705 572 2127 1231 0 1720 1220 1380 1876 2550 1599 1695 1431 2289
886 1138 1662 1476 2495 505 1720 0 1618 972 1028 903 797 2326 917 828
815 539 508 1586 1010 1207 1220 1618 0 686 1047 2091 957 720 757 1703
138 165 708 1496 1526 674 1380 972 686 0 497 1417 282 1365 73 1049
389 549 799 1948 1620 972 1876 1028 1047 497 0 1105 320 1601 444 693
1281 1552 1904 2371 2717 1326 2550 903 2091 1417 1105 0 1136 2702 1344 415
144 418 877 1635 1718 656 1599 797 957 282 320 1136 0 1609 209 767
1478 1202 816 2174 471 1928 1695 2326 720 1365 1601 2702 1609 0 1430 2294
66 227 750 1523 1578 652 1431 917 757 73 444 1344 209 1430 0 976
910 1168 1491 2193 2301 1116 2289 828 1703 1049 693 415 767 2294 976 0
