0 4 1091 829 1627 436 1438 1302 1031 1370 1176 1248 1508 517 921 761 1069
4 0 1089 830 1628 432 1434 1300 1035 1371 1174 1248 1505 520 924 763 1068
1091 1089 0 907 2683 832 833 211 1808 2429 1974 2201 2029 1079 1343 994 479
829 830 907 0 2353 989 1654 1070 980 2102 2004 2061 2289 389 446 125 524
1627 1628 2683 2353 0 1867 2729 2887 1804 256 1048 637 1560 1965 2192 2246 2692
436 432 832 989 1867 0 1008 1027 1450 1618 1160 1368 1327 821 1234 974 1001
1438 1434 833 1654 2729 1008 0 823 2398 2501 1789 2134 1610 1687 2044 1708 1308
1302 1300 211 1070 2887 1027 823 0 2000 2634 2150 2393 2168 1276 1514 1167 585
1031 1035 1808 980 1804 1450 2398 2000 0 1597 1934 1789 2404 733 574 861 1501
1370 1371 2429 2102 256 1618 2501 2634 1597 0 892 489 1436 1714 1955 1996 2435
1176 1174 1974 2004 1048 1160 1789 2150 1934 892 0 411 560 1680 2052 1937 2150
1248 1248 2201 2061 637 1368 2134 2393 1789 489 411 0 947 1698 2019 1974 2300
1508 1505 2029 2289 1560 1327 1610 2168 2404 1436 560 947 0 2024 2428 2248 2315
517 520 1079 389 1965 821 1687 1276 733 1714 1680 1698 2024 0 416 282 830
921 924 1343 446 2192 1234 2044 1514 574 1955 2052 2019 2428 416 0 349 968
761 763 994 125 2246 974 1708 1167 861 1996 1937 1974 2248 282 349 0 640
1069 1068 479 524 2692 1001 1308 585 1501 2435 2150 2300 2315 830 968 640 0
