0 906 319 1709 434 161 1229 296 1594 777 1426 27 1501 158 764 1399
906 0 991 1968 795 919 650 1001 981 706 1503 883 841 874 1560 766
319 991 0 1390 738 159 1131 32 1472 1054 1129 336 1706 183 569 1300
1709 1968 1390 0 2107 1548 1556 1416 1619 2366 512 1725 2809 1561 1294 1628
434 795 738 2107 0 580 1320 720 1690 366 1772 410 1155 556 1183 1476
161 919 159 1548 580 0 1153 140 1509 904 1268 177 1586 45 668 1324
1229 650 1131 1556 1320 1153 0 1157 371 1334 1046 1217 1396 1117 1625 170
296 1001 32 1416 720 140 1157 0 1499 1042 1160 315 1705 170 561 1326
1594 981 1472 1619 1690 1509 371 1499 0 1682 1113 1583 1628 1475 1928 217
777 706 1054 2366 366 904 1334 1042 1682 0 1981 751 809 872 1539 1465
1426 1503 1129 512 1772 1268 1046 1160 1113 1981 0 1434 2341 1268 1252 1115
27 883 336 1725 410 177 1217 315 1583 751 1434 0 1474 167 792 1386
1501 841 1706 2809 1155 1586 1396 1705 1628 809 2341 1474 0 1544 2254 1446
158 874 183 1561 556 45 1117 170 1475 872 1268 167 1544 0 711 1288
764 1560 569 1294 1183 668 1625 561 1928 1539 1252 792 2254 711 0 1787
1399 766 1300 1628 1476 1324 170 1326 217 1465 1115 1386 1446 1288 1787 0
