0 1634 393 571 154 959 759 1577 883 7 1450 618 812 1441 1595 843
1634 0 1306 1699 1715 2264 1974 2850 1047 1628 3020 1216 2152 677 1948 1254
393 1306 0 487 531 1036 1072 1663 494 386 1716 238 1166 1050 1730 856
571 1699 487 0 713 569 1323 1185 689 566 1363 483 1349 1279 2143 1314
154 1715 531 713 0 1048 610 1650 1026 161 1442 764 657 1569 1490 805
959 2264 1036 569 1048 0 1592 630 1233 958 898 1051 1547 1797 2538 1793
759 1974 1072 1323 610 1592 0 2143 1547 765 1731 1310 200 2012 1022 758
1577 2850 1663 1185 1650 630 2143 0 1804 1577 828 1656 2063 2325 3128 2418
883 1047 494 689 1026 1233 1547 1804 0 876 2051 269 1655 597 2066 1160
7 1628 386 566 161 958 765 1577 876 0 1454 610 819 1434 1598 843
1450 3020 1716 1363 1442 898 1731 828 2051 1454 0 1821 1589 2642 2753 2241
618 1216 238 483 764 1051 1310 1656 269 610 1821 0 1405 856 1923 1026
812 2152 1166 1349 657 1547 200 2063 1655 819 1589 1405 0 2151 1173 954
1441 677 1050 1279 1569 1797 2012 2325 597 1434 2642 856 2151 0 2305 1447
1595 1948 1730 2143 1490 2538 1022 3128 2066 1598 2753 1923 1173 2305 0 906
843 1254 856 1314 805 1793 758 2418 1160 843 2241 1026 954 1447 906 0
