0 1434 1085 224 473 1410 1561 1457 793 859 495 925 1615 633 1 316
1434 0 674 1210 968 1711 2858 879 2226 1808 1808 1719 1889 1775 1433 1454
1085 674 0 890 751 1042 2640 1350 1815 1188 1559 1076 2140 1619 1084 970
224 1210 890 0 254 1364 1750 1281 1016 927 669 954 1578 749 223 378
473 968 751 254 0 1429 1932 1056 1265 1112 856 1107 1501 877 472 596
1410 1711 1042 1364 1429 0 2800 2340 1762 755 1866 590 2925 2041 1410 1104
1561 2858 2640 1750 1932 2800 0 2470 1058 2062 1082 2214 1797 1083 1561 1771
1457 879 1350 1281 1056 2340 2470 0 2170 2162 1599 2139 1084 1453 1456 1650
793 2226 1815 1016 1265 1762 1058 2170 0 1013 612 1172 1998 837 794 850
859 1808 1188 927 1112 755 2062 2162 1013 0 1218 171 2474 1430 859 556
495 1808 1559 669 856 1866 1082 1599 612 1218 0 1328 1404 240 496 765
925 1719 1076 954 1107 590 2214 2139 1172 171 1328 0 2526 1527 925 609
1615 1889 2140 1578 1501 2925 1797 1084 1998 2474 1404 2526 0 1166 1615 1922
633 1775 1619 749 877 2041 1083 1453 837 1430 240 1527 1166 0 633 937
1 1433 1084 223 472 1410 1561 1456 794 859 496 925 1615 633 0 317
316 1454 970 378 596 1104 1771 1650 850 556 765 609 1922 937 317 0
