0 102 673 130 45 79 110 747 670 414 517 335 68 445 439 112 753 32 865 524 353 766 406 494 708 607 505 376 760 202 619 282 576 568 119 469 757 578 21 11 325 582 686 264 524 645 651 385 311 653 831 454 378 114 386 42 814 721 515 561 43 147 136 69 596 550 4 794 76 665 508 575 648 387 370 263 5 492
102 0 677 136 94 98 77 664 672 416 454 279 129 423 439 34 650 126 967 461 412 842 323 441 642 681 434 477 799 278 573 280 642 670 129 366 768 487 96 106 386 527 775 181 539 546 618 438 291 629 928 538 479 212 487 121 888 798 413 527 93 170 116 167 642 625 103 710 172 648 557 486 549 288 472 309 107 393
673 677 0 550 630 744 749 648 18 1084 437 463 741 279 1109 711 976 650 1061 432 409 1342 560 384 491 1201 490 845 1419 537 1240 397 419 835 560 772 1430 652 692 684 973 385 1206 586 1198 1025 1293 370 968 180 1261 1027 711 728 715 714 587 568 874 1202 712 525 561 711 1250 487 669 683 718 143 1160 1060 784 844 831 433 670 717
130 136 550 0 84 194 201 648 546 534 401 220 197 314 559 169 717 118 904 407 282 886 316 372 592 728 397 456 890 173 710 154 513 607 10 432 882 495 146 142 454 460 793 190 650 647 752 305 419 522 922 568 414 223 423 172 762 676 501 662 164 35 34 187 726 504 126 695 195 536 637 609 584 397 448 175 128 435
45 94 630 84 0 114 132 709 627 454 474 292 113 399 479 116 735 43 880 481 327 809 369 450 665 651 464 404 806 185 647 237 554 582 73 449 800 544 62 57 371 537 725 230 567 639 683 356 345 607 865 495 390 150 398 87 797 706 503 593 81 105 91 109 642 534 42 756 117 620 553 580 620 382 397 230 45 465
79 98 744 194 114 0 46 762 740 340 551 373 42 504 365 80 724 110 910 558 432 744 421 536 739 583 532 403 706 280 540 348 654 616 184 446 688 583 58 70 288 622 682 279 457 597 571 465 232 712 842 444 432 142 440 56 890 796 477 481 36 219 189 103 547 626 83 807 105 727 461 512 637 341 400 341 84 481
110 77 749 201 132 46 0 729 745 339 529 356 88 499 362 48 679 142 956 536 459 778 391 518 715 617 506 450 722 311 514 352 685 661 192 403 690 547 91 105 318 603 722 251 461 550 552 489 218 706 885 484 477 188 485 99 924 831 431 461 72 231 188 148 567 660 113 775 150 724 483 469 596 294 446 362 116 440
747 664 648 648 709 762 729 0 631 1011 272 432 793 476 1024 683 415 752 1518 270 795 1506 341 327 162 1345 254 1105 1427 791 997 579 962 1230 656 406 1341 193 751 756 1048 275 1434 484 1141 574 1081 783 874 469 1570 1201 1046 859 1053 780 1191 1141 482 1009 756 661 623 817 1286 1000 745 47 824 508 1208 697 247 567 1095 716 749 332
670 672 18 546 627 740 745 631 0 1081 421 452 739 268 1105 706 961 648 1074 417 415 1347 547 369 473 1205 474 850 1419 539 1233 393 433 845 556 759 1427 636 689 682 974 368 1212 576 1195 1012 1286 377 963 162 1270 1031 718 728 722 711 604 584 861 1196 709 522 557 710 1250 500 666 665 717 125 1160 1049 768 834 836 434 667 703
414 416 1084 534 454 340 339 1011 1081 0 851 689 346 839 27 383 834 440 1031 859 752 594 696 848 1027 453 819 530 419 593 299 688 956 777 524 621 351 818 393 402 238 930 619 570 130 637 283 788 137 1046 822 418 641 395 647 375 1170 1071 592 212 373 559 526 392 300 913 418 1051 386 1064 252 486 824 460 537 674 417 685
517 454 437 401 474 551 529 272 421 851 0 182 574 209 869 481 539 515 1246 7 522 1284 167 59 191 1125 54 851 1251 527 915 310 695 962 411 360 1199 215 527 528 838 84 1195 281 980 605 986 511 715 285 1317 969 780 623 787 556 932 876 463 902 536 407 383 584 1096 729 515 318 591 321 1012 671 347 477 841 446 518 293
335 279 463 220 292 373 356 432 452 689 182 0 394 184 709 309 580 333 1094 188 392 1102 131 162 373 943 178 675 1078 361 792 164 599 802 229 325 1040 300 345 346 658 248 1014 128 815 577 854 392 556 369 1140 787 615 441 623 374 849 779 423 766 356 230 201 402 920 617 333 479 409 395 834 597 413 381 665 297 336 291
68 129 741 197 113 42 88 793 739 346 574 394 0 512 373 118 765 93 868 581 412 714 452 555 764 553 558 361 693 255 565 351 629 574 187 486 688 617 51 57 263 642 645 308 456 639 591 446 251 720 802 409 392 101 400 28 861 766 519 502 38 216 199 64 530 597 72 839 64 733 443 552 675 383 358 327 71 519
445 423 279 314 399 504 499 476 268 839 209 184 512 0 862 456 727 430 1059 209 331 1184 288 150 356 1030 249 714 1205 379 969 168 486 786 325 498 1190 413 461 457 767 209 1072 308 960 752 1026 312 713 208 1170 863 617 528 623 487 723 667 600 937 477 302 315 498 1041 524 441 520 506 224 952 781 542 565 702 278 443 451
439 439 1109 559 479 365 362 1024 1105 27 869 709 373 862 0 405 836 466 1054 877 779 602 712 868 1044 464 837 555 410 620 278 712 984 803 549 631 330 831 419 428 262 949 633 589 118 636 257 815 154 1068 838 438 668 423 674 401 1198 1099 597 190 398 584 550 419 301 940 443 1064 413 1087 261 482 832 468 562 700 443 697
112 34 711 169 116 80 48 683 706 383 481 309 118 456 405 0 648 140 975 489 441 823 344 471 667 662 458 477 770 302 540 314 670 678 161 368 735 503 99 112 365 555 762 203 507 533 584 468 257 662 921 525 490 212 498 118 914 823 406 493 89 202 150 168 615 650 113 729 172 681 531 465 557 275 473 339 117 400
753 650 976 717 735 724 679 415 961 834 539 580 765 727 836 648 0 774 1615 543 965 1411 450 593 556 1255 487 1126 1242 890 707 739 1179 1317 719 286 1104 325 746 757 963 599 1387 529 951 220 798 970 718 817 1562 1150 1124 861 1132 767 1429 1358 252 750 738 747 683 816 1134 1193 753 421 820 855 1075 383 194 395 1121 861 758 290
32 126 650 118 43 110 142 752 648 440 515 333 93 430 466 140 774 0 842 521 322 769 413 489 706 611 507 361 777 170 650 264 544 544 107 489 780 588 52 39 337 577 682 274 548 672 681 355 341 637 821 453 353 108 361 65 782 689 539 591 74 128 132 69 611 518 28 799 77 648 521 605 663 414 354 234 26 508
865 967 1061 904 880 910 956 1518 1074 1031 1246 1094 868 1059 1054 975 1615 842 0 1249 728 710 1213 1196 1416 698 1264 518 1018 737 1329 938 643 298 900 1329 1184 1392 876 863 793 1268 540 1095 1035 1507 1308 749 1040 1186 400 624 491 767 482 858 590 539 1380 1243 887 879 937 808 902 573 864 1565 805 1168 856 1414 1488 1249 517 801 860 1339
524 461 432 407 481 558 536 270 417 859 7 188 581 209 877 489 543 521 1249 0 525 1291 175 58 185 1131 61 857 1259 532 923 314 695 965 417 367 1207 219 533 535 845 76 1201 289 988 611 994 512 723 279 1322 975 784 629 791 562 931 876 470 910 543 413 389 590 1104 730 521 316 598 316 1019 678 351 485 846 450 525 300
353 412 409 282 327 432 459 795 415 752 522 392 412 331 779 441 965 322 728 525 0 934 522 469 687 796 547 435 1034 159 972 228 231 458 286 690 1076 691 374 362 594 539 797 442 847 921 1003 40 662 480 863 622 306 360 311 384 481 398 771 913 396 246 314 360 865 228 349 841 365 471 776 891 805 678 421 108 348 674
766 842 1342 886 809 744 778 1506 1347 594 1284 1102 714 1184 602 823 1411 769 710 1291 934 0 1166 1258 1475 161 1272 500 344 814 853 1016 1030 624 876 1164 550 1325 758 756 460 1346 177 1023 513 1227 793 973 694 1381 338 320 648 662 647 729 1140 1049 1160 767 752 887 901 700 314 958 769 1552 692 1383 342 1081 1366 1018 514 921 765 1213
406 323 560 316 369 421 391 341 547 696 167 131 452 288 712 344 450 413 1213 175 522 1166 0 191 331 1005 125 771 1104 476 747 294 730 918 323 211 1040 179 410 415 709 251 1093 143 826 465 819 523 559 434 1234 859 728 519 736 439 980 910 314 736 414 336 287 476 955 748 404 388 483 467 874 511 283 310 762 424 408 164
494 441 384 372 450 536 518 327 369 848 59 162 555 150 868 471 593 489 1196 58 469 1258 191 0 226 1101 106 814 1241 485 931 265 637 914 382 397 1199 271 506 506 819 87 1163 279 976 647 999 456 714 243 1278 941 736 596 743 534 873 818 501 913 517 374 358 559 1083 673 492 372 566 277 997 702 403 500 803 398 495 336
708 642 491 592 665 739 715 162 473 1027 191 373 764 356 1044 667 556 706 1416 185 687 1475 331 226 0 1316 209 1040 1434 712 1060 491 831 1138 602 472 1371 263 717 719 1027 147 1386 464 1157 684 1137 669 890 311 1504 1160 961 814 968 746 1050 1007 566 1058 726 597 574 775 1282 876 706 191 783 349 1199 784 369 618 1029 623 709 396
607 681 1201 728 651 583 617 1345 1205 453 1125 943 553 1030 464 662 1255 611 698 1131 796 161 1005 1101 1316 0 1111 374 321 667 731 862 915 547 718 1004 490 1164 598 596 299 1188 181 862 392 1076 680 837 541 1231 390 174 529 505 530 569 1051 956 1004 642 591 732 742 541 214 846 610 1391 534 1235 205 934 1206 861 388 774 606 1052
505 434 490 397 464 532 506 254 474 819 54 178 558 249 837 458 487 507 1264 61 547 1272 125 106 209 1111 0 853 1225 536 870 326 731 976 406 307 1165 165 513 515 820 134 1189 255 949 550 943 539 682 339 1318 960 791 615 798 542 971 912 410 860 520 408 375 574 1073 761 503 302 581 376 990 619 296 430 843 463 507 239
376 477 845 456 404 403 450 1105 850 530 851 675 361 714 555 477 1126 361 518 857 435 500 771 814 1040 374 853 0 658 335 823 553 541 247 449 844 760 948 381 371 294 899 363 634 565 998 813 474 523 899 465 206 155 265 157 358 695 597 881 739 388 444 483 310 498 474 376 1152 305 896 421 897 1023 744 14 438 372 868
760 799 1419 890 806 706 722 1427 1419 419 1251 1078 693 1205 410 770 1242 777 1018 1259 1034 344 1104 1241 1434 321 1225 658 0 885 588 1041 1190 861 880 1040 215 1235 744 748 445 1326 483 970 292 1034 509 1075 553 1413 676 454 811 690 814 718 1352 1254 1007 514 729 905 893 711 169 1128 764 1469 703 1425 259 873 1243 879 671 986 762 1104
202 278 537 173 185 280 311 791 539 593 527 361 255 379 620 302 890 170 737 532 159 814 476 485 712 667 536 335 885 0 819 220 374 442 172 606 918 655 222 209 441 568 694 362 688 816 847 196 506 567 794 494 254 202 261 228 613 521 673 758 244 143 208 201 716 349 198 839 206 569 626 765 752 562 323 107 196 606
619 573 1240 710 647 540 514 997 1233 299 915 792 565 969 278 540 707 650 1329 923 972 853 747 931 1060 731 870 823 588 819 0 849 1194 1070 702 593 411 810 598 611 536 999 906 663 340 487 91 1003 318 1161 1113 717 919 644 926 591 1425 1329 519 89 576 743 689 626 540 1162 623 1029 623 1187 526 324 767 441 828 877 624 670
282 280 397 154 237 348 352 579 393 688 310 164 351 168 712 314 739 264 938 314 228 1016 294 265 491 862 326 553 1041 220 849 0 440 651 164 472 1036 463 300 294 601 347 908 231 805 714 897 230 570 373 1015 695 470 360 478 324 692 618 561 807 318 136 164 331 876 454 278 626 339 383 786 708 577 488 541 137 280 449
576 642 419 513 554 654 685 962 433 956 695 599 629 486 984 670 1179 544 643 695 231 1030 730 637 831 915 731 541 1190 374 1194 440 0 446 517 912 1260 888 597 583 770 689 870 667 1038 1149 1219 213 879 560 883 747 385 561 385 603 252 181 997 1131 618 477 545 571 1024 77 572 1005 575 536 939 1122 1010 909 527 338 571 889
568 670 835 607 582 616 661 1230 845 777 962 802 574 786 803 678 1317 544 298 965 458 624 918 914 1138 547 976 247 861 442 1070 651 446 0 602 1030 990 1097 579 566 541 991 451 797 807 1211 1060 486 765 935 436 414 192 473 184 563 515 426 1083 987 592 583 639 513 715 369 567 1278 511 922 649 1125 1191 954 241 515 563 1041
119 129 560 10 73 184 192 656 556 524 411 229 187 325 549 161 719 107 900 417 286 876 323 382 602 718 406 449 880 172 702 164 517 602 0 434 872 501 136 131 443 470 784 194 640 646 744 310 410 533 914 558 410 213 418 161 766 679 501 653 153 40 37 177 715 506 115 703 185 546 627 605 589 395 440 180 118 439
469 366 772 432 449 446 403 406 759 621 360 325 486 498 631 368 286 489 1329 367 690 1164 211 397 472 1004 307 844 1040 606 593 472 912 1030 434 0 939 216 463 473 706 441 1123 248 749 253 675 699 489 641 1288 884 838 578 846 486 1164 1088 103 602 456 463 397 534 911 919 469 441 538 675 841 314 203 164 839 584 473 77
757 768 1430 882 800 688 690 1341 1427 351 1199 1040 688 1190 330 735 1104 780 1184 1207 1076 550 1040 1199 1371 490 1165 760 215 918 411 1036 1260 990 872 939 0 1148 737 745 490 1279 668 920 232 887 323 1115 484 1397 871 576 903 716 907 716 1449 1350 888 354 718 904 876 724 281 1207 761 1379 717 1415 341 723 1134 775 772 1009 760 1010
578 487 652 495 544 583 547 193 636 818 215 300 617 413 831 503 325 588 1392 219 691 1325 179 271 263 1164 165 948 1235 655 810 463 888 1097 501 216 1148 0 579 586 865 275 1262 314 948 421 892 688 682 492 1409 1026 907 692 915 607 1132 1069 303 817 581 515 465 648 1096 912 577 233 654 531 1020 522 131 375 940 598 581 140
21 96 692 146 62 58 91 751 689 393 527 345 51 461 419 99 746 52 876 533 374 758 410 506 717 598 513 381 744 222 598 300 597 579 136 463 737 579 0 14 312 593 683 267 505 632 629 407 289 669 832 449 391 116 399 28 834 741 505 539 21 167 149 71 581 570 25 798 76 683 493 558 645 374 376 284 26 489
11 106 684 142 57 70 105 756 682 402 528 346 57 457 428 112 757 39 863 535 362 756 415 506 719 596 515 371 748 209 611 294 583 566 131 473 745 586 14 0 314 593 678 273 513 645 641 394 301 664 824 445 378 107 386 30 820 727 517 552 34 159 147 62 584 556 15 803 68 677 496 572 654 387 365 273 14 498
325 386 973 454 371 288 318 1048 974 238 838 658 263 767 262 365 963 337 793 845 594 460 709 819 1027 299 820 294 445 441 536 601 770 541 443 706 490 865 312 314 0 906 426 567 275 795 520 634 267 974 614 196 420 245 425 284 963 863 710 450 301 465 461 269 276 716 328 1093 261 983 186 667 906 567 302 541 326 753
582 527 385 460 537 622 603 275 368 930 84 248 642 209 949 555 599 577 1268 76 539 1346 251 87 147 1188 134 899 1326 568 999 347 689 991 470 441 1279 275 593 593 906 0 1249 359 1058 682 1070 522 795 217 1362 1028 816 683 823 622 916 868 543 986 604 461 446 646 1169 732 579 316 654 256 1083 753 404 561 888 477 582 371
686 775 1206 793 725 682 722 1434 1212 619 1195 1014 645 1072 633 762 1387 682 540 1201 797 177 1093 1163 1386 181 1189 363 483 694 906 908 870 451 784 1123 668 1262 683 678 426 1249 0 951 571 1221 860 835 689 1261 209 238 498 574 496 655 967 877 1135 816 681 788 814 617 395 796 688 1481 610 1259 381 1088 1318 991 376 800 684 1163
264 181 586 190 230 279 251 484 576 570 281 128 308 308 589 203 529 274 1095 289 442 1023 143 279 464 862 255 634 970 362 663 231 667 797 194 248 920 314 267 273 567 359 951 0 699 483 725 453 435 498 1095 716 605 378 613 296 919 840 331 637 271 218 157 334 818 671 263 531 341 524 735 481 394 262 627 335 267 244
524 539 1198 650 567 457 461 1141 1195 130 980 815 456 960 118 507 951 548 1035 988 847 513 826 976 1157 392 949 565 292 688 340 805 1038 807 640 749 232 948 505 513 275 1058 571 699 0 747 288 885 267 1168 780 410 695 486 701 483 1238 1138 715 253 486 672 645 492 201 988 528 1181 485 1184 190 589 951 586 574 777 527 815
645 546 1025 647 639 597 550 574 1012 637 605 577 639 752 636 533 220 672 1507 611 921 1227 465 647 684 1076 550 998 1034 816 487 714 1149 1211 646 253 887 421 632 645 795 682 1221 483 747 0 578 936 535 889 1407 990 1023 739 1032 648 1401 1320 154 533 619 681 612 698 937 1148 646 594 701 925 886 164 327 258 996 813 650 311
651 618 1293 752 683 571 552 1081 1286 283 986 854 591 1026 257 584 798 681 1308 994 1003 793 819 999 1137 680 943 813 509 847 91 897 1219 1060 744 675 323 892 629 641 520 1070 860 725 288 578 0 1036 340 1223 1069 687 922 661 928 618 1442 1345 605 90 607 783 734 648 479 1181 655 1114 644 1248 478 415 854 519 820 913 655 751
385 438 370 305 356 465 489 783 377 788 511 392 446 312 815 468 970 355 749 512 40 973 523 456 669 837 539 474 1075 196 1003 230 213 486 310 699 1115 688 407 394 634 522 835 453 885 936 1036 0 696 449 898 662 342 399 346 418 466 388 784 946 428 269 334 396 906 224 381 828 402 438 816 912 806 696 460 129 380 679
311 291 968 419 345 232 218 874 963 137 715 556 251 713 154 257 718 341 1040 723 662 694 559 714 890 541 682 523 553 506 318 570 879 765 410 489 484 682 289 301 267 795 689 435 267 535 340 696 0 918 882 464 605 326 612 278 1107 1011 469 251 267 448 406 309 422 844 315 915 305 938 358 399 693 332 526 574 315 551
653 629 180 522 607 712 706 469 162 1046 285 369 720 208 1068 662 817 637 1186 279 480 1381 434 243 311 1231 339 899 1413 567 1161 373 560 935 533 641 1397 492 669 664 974 217 1261 498 1168 889 1223 449 918 0 1343 1060 785 732 790 695 756 725 744 1135 685 508 523 704 1248 619 649 502 712 39 1159 945 622 739 886 461 651 577
831 928 1261 922 865 842 885 1570 1270 822 1317 1140 802 1170 838 921 1562 821 400 1322 863 338 1234 1278 1504 390 1318 465 676 794 1113 1015 883 436 914 1288 871 1409 832 824 614 1362 209 1095 780 1407 1069 898 882 1343 0 418 558 717 552 806 923 846 1311 1023 835 910 947 762 603 806 833 1617 756 1335 590 1281 1477 1168 475 891 828 1321
454 538 1027 568 495 444 484 1201 1031 418 969 787 409 863 438 525 1150 453 624 975 622 320 859 941 1160 174 960 206 454 494 717 695 747 414 558 884 576 1026 449 445 196 1028 238 716 410 990 687 662 464 1060 418 0 362 345 363 420 898 800 898 628 445 568 586 385 301 680 456 1247 378 1063 236 863 1080 755 220 602 452 925
378 479 711 414 390 432 477 1046 718 641 780 615 392 617 668 490 1124 353 491 784 306 648 728 736 961 529 791 155 811 254 919 470 385 192 410 838 903 907 391 378 420 816 498 605 695 1023 922 342 605 785 558 362 0 292 8 377 546 447 892 842 405 391 447 328 649 318 377 1093 327 778 568 944 999 765 141 339 373 848
114 212 728 223 150 142 188 859 728 395 623 441 101 528 423 212 861 108 767 629 360 662 519 596 814 505 615 265 690 202 644 360 561 473 213 578 716 692 116 107 245 683 574 378 486 739 661 399 326 732 717 345 292 0 300 93 782 685 617 574 122 226 240 45 522 520 115 907 40 740 431 653 761 483 260 297 111 605
386 487 715 423 398 440 485 1053 722 647 787 623 400 623 674 498 1132 361 482 791 311 647 736 743 968 530 798 157 814 261 926 478 385 184 418 846 907 915 399 386 425 823 496 613 701 1032 928 346 612 790 552 363 8 300 0 386 542 443 900 849 413 399 455 336 652 317 385 1101 335 783 572 953 1007 774 143 345 381 857
42 121 714 172 87 56 99 780 711 375 556 374 28 487 401 118 767 65 858 562 384 729 439 534 746 569 542 358 718 228 591 324 603 563 161 486 716 607 28 30 284 622 655 296 483 648 618 418 278 695 806 420 377 93 386 0 836 742 524 529 29 189 177 50 554 572 46 827 53 708 466 567 671 391 354 299 44 514
814 888 587 762 797 890 924 1191 604 1170 932 849 861 723 1198 914 1429 782 590 931 481 1140 980 873 1050 1051 971 695 1352 613 1425 692 252 515 766 1164 1449 1132 834 820 963 916 967 919 1238 1401 1442 466 1107 756 923 898 546 782 542 836 0 99 1250 1357 855 727 795 799 1194 264 811 1232 802 724 1114 1371 1256 1159 682 589 809 1140
721 798 568 676 706 796 831 1141 584 1071 876 779 766 667 1099 823 1358 689 539 876 398 1049 910 818 1007 956 912 597 1254 521 1329 618 181 426 679 1088 1350 1069 741 727 863 868 877 840 1138 1320 1345 388 1011 725 846 800 447 685 443 742 99 0 1170 1259 761 641 710 703 1095 173 718 1184 706 697 1015 1284 1190 1074 584 506 715 1067
515 413 874 501 503 477 431 482 861 592 463 423 519 600 597 406 252 539 1380 470 771 1160 314 501 566 1004 410 881 1007 673 519 561 997 1083 501 103 888 303 505 517 710 543 1135 331 715 154 605 784 469 744 1311 898 892 617 900 524 1250 1170 0 540 495 535 466 574 890 999 516 511 578 779 827 218 249 143 878 663 520 173
561 527 1202 662 593 481 461 1009 1196 212 902 766 502 937 190 493 750 591 1243 910 913 767 736 913 1058 642 860 739 514 758 89 807 1131 987 653 602 354 817 539 552 450 986 816 637 253 533 90 946 251 1135 1023 628 842 574 849 529 1357 1259 540 0 517 692 644 560 454 1095 565 1043 556 1159 436 369 789 442 745 823 565 677
43 93 712 164 81 36 72 756 709 373 536 356 38 477 398 89 738 74 887 543 396 752 414 517 726 591 520 388 729 244 576 318 618 592 153 456 718 581 21 34 301 604 681 271 486 619 607 428 267 685 835 445 405 122 413 29 855 761 495 517 0 186 163 79 567 591 47 802 82 700 480 541 642 362 383 306 48 486
147 170 525 35 105 219 231 661 522 559 407 230 216 302 584 202 747 128 879 413 246 887 336 374 597 732 408 444 905 143 743 136 477 583 40 463 904 515 167 159 465 461 788 218 672 681 783 269 448 508 910 568 391 226 399 189 727 641 535 692 186 0 68 196 740 468 143 709 204 519 650 644 609 433 435 140 145 462
136 116 561 34 91 189 188 623 557 526 383 201 199 315 550 150 683 132 937 389 314 901 287 358 574 742 375 483 893 208 689 164 545 639 37 397 876 465 149 147 461 446 814 157 645 612 734 334 406 523 947 586 447 240 455 177 795 710 466 644 163 68 0 201 730 537 133 670 208 539 642 577 552 364 475 206 136 401
69 167 711 187 109 103 148 817 710 392 584 402 64 498 419 168 816 69 808 590 360 700 476 559 775 541 574 310 711 201 626 331 571 513 177 534 724 648 71 62 269 646 617 334 492 698 648 396 309 704 762 385 328 45 336 50 799 703 574 560 79 196 201 0 544 536 71 864 7 715 454 616 716 441 305 285 67 560
596 642 1250 726 642 547 567 1286 1250 300 1096 920 530 1041 301 615 1134 611 902 1104 865 314 955 1083 1282 214 1073 498 169 716 540 876 1024 715 715 911 281 1096 581 584 276 1169 395 818 201 937 479 906 422 1248 603 301 649 522 652 554 1194 1095 890 454 567 740 730 544 0 964 600 1329 536 1259 90 783 1115 754 511 817 597 970
550 625 487 504 534 626 660 1000 500 913 729 617 597 524 940 650 1193 518 573 730 228 958 748 673 876 846 761 474 1128 349 1162 454 77 369 506 919 1207 912 570 556 716 732 796 671 988 1148 1181 224 844 619 806 680 318 520 317 572 264 173 999 1095 591 468 537 536 964 0 546 1044 539 597 880 1111 1030 901 460 335 544 902
4 103 669 126 42 83 113 745 666 418 515 333 72 441 443 113 753 28 864 521 349 769 404 492 706 610 503 376 764 198 623 278 572 567 115 469 761 577 25 15 328 579 688 263 528 646 655 381 315 649 833 456 377 115 385 46 811 718 516 565 47 143 133 71 600 546 0 792 78 662 511 577 647 388 370 259 4 491
794 710 683 695 756 807 775 47 665 1051 318 479 839 520 1064 729 421 799 1565 316 841 1552 388 372 191 1391 302 1152 1469 839 1029 626 1005 1278 703 441 1379 233 798 803 1093 316 1481 531 1181 594 1114 828 915 502 1617 1247 1093 907 1101 827 1232 1184 511 1043 802 709 670 864 1329 1044 792 0 871 541 1251 723 268 604 1143 764 796 369
76 172 718 195 117 105 150 824 717 386 591 409 64 506 413 172 820 77 805 598 365 692 483 566 783 534 581 305 703 206 623 339 575 511 185 538 717 654 76 68 261 654 610 341 485 701 644 402 305 712 756 378 327 40 335 53 802 706 578 556 82 204 208 7 536 539 78 871 0 722 447 617 721 444 300 291 74 565
665 648 143 536 620 727 724 508 125 1064 321 395 733 224 1087 681 855 648 1168 316 471 1383 467 277 349 1235 376 896 1425 569 1187 383 536 922 546 675 1415 531 683 677 983 256 1259 524 1184 925 1248 438 938 39 1335 1063 778 740 783 708 724 697 779 1159 700 519 539 715 1259 597 662 541 722 0 1169 977 661 769 883 462 663 613
508 557 1160 637 553 461 483 1208 1160 252 1012 834 443 952 261 531 1075 521 856 1019 776 342 874 997 1199 205 990 421 259 626 526 786 939 649 627 841 341 1020 493 496 186 1083 381 735 190 886 478 816 358 1159 590 236 568 431 572 466 1114 1015 827 436 480 650 642 454 90 880 511 1251 447 1169 0 738 1045 688 433 727 509 897
575 486 1060 609 580 512 469 697 1049 486 671 597 552 781 482 465 383 605 1414 678 891 1081 511 702 784 934 619 897 873 765 324 708 1122 1125 605 314 723 522 558 572 667 753 1088 481 589 164 415 912 399 945 1281 863 944 653 953 567 1371 1284 218 369 541 644 577 616 783 1111 577 723 617 977 738 0 456 219 897 784 580 389
648 549 784 584 620 637 596 247 768 824 347 413 675 542 832 557 194 663 1488 351 805 1366 283 403 369 1206 296 1023 1243 752 767 577 1010 1191 589 203 1134 131 645 654 906 404 1318 394 951 327 854 806 693 622 1477 1080 999 761 1007 671 1256 1190 249 789 642 609 552 716 1115 1030 647 268 721 661 1045 456 0 364 1017 707 651 156
387 288 844 397 382 341 294 567 834 460 477 381 383 565 468 275 395 414 1249 485 678 1018 310 500 618 861 430 744 879 562 441 488 909 954 395 164 775 375 374 387 567 561 991 262 586 258 519 696 332 739 1168 755 765 483 774 391 1159 1074 143 442 362 433 364 441 754 901 388 604 444 769 688 219 364 0 741 570 392 235
370 472 831 448 397 400 446 1095 836 537 841 665 358 702 562 473 1121 354 517 846 421 514 762 803 1029 388 843 14 671 323 828 541 527 241 440 839 772 940 376 365 302 888 376 627 574 996 820 460 526 886 475 220 141 260 143 354 682 584 878 745 383 435 475 305 511 460 370 1143 300 883 433 897 1017 741 0 425 366 862
263 309 433 175 230 341 362 716 434 674 446 297 327 278 700 339 861 234 801 450 108 921 424 398 623 774 463 438 986 107 877 137 338 515 180 584 1009 598 284 273 541 477 800 335 777 813 913 129 574 461 891 602 339 297 345 299 589 506 663 823 306 140 206 285 817 335 259 764 291 462 727 784 707 570 425 0 258 571
5 107 670 128 45 84 116 749 667 417 518 336 71 443 443 117 758 26 860 525 348 765 408 495 709 606 507 372 762 196 624 280 571 563 118 473 760 581 26 14 326 582 684 267 527 650 655 380 315 651 828 452 373 111 381 44 809 715 520 565 48 145 136 67 597 544 4 796 74 663 509 580 651 392 366 258 0 495
492 393 717 435 465 481 440 332 703 685 293 291 519 451 697 400 290 508 1339 300 674 1213 164 336 396 1052 239 868 1104 606 670 449 889 1041 439 77 1010 140 489 498 753 371 1163 244 815 311 751 679 551 577 1321 925 848 605 857 514 1140 1067 173 677 486 462 401 560 970 902 491 369 565 613 897 389 156 235 862 571 495 0
