0 234 685 1402 1212 243 320 1250 309 462 413 725 994 102 1465 1384
234 0 909 1398 1291 14 514 1459 223 680 400 950 915 322 1592 1605
685 909 0 1391 1456 920 413 582 855 230 1005 481 1566 638 1526 698
1402 1398 1391 0 2607 1411 1226 1452 1175 1309 1784 1828 2308 1475 2809 1687
1212 1291 1456 2607 0 1283 1401 1954 1489 1386 901 1012 792 1132 420 1942
243 14 920 1411 1283 0 527 1471 236 692 390 955 901 327 1587 1616
320 514 413 1226 1401 527 0 944 442 185 716 649 1301 323 1582 1097
1250 1459 582 1452 1954 1471 944 0 1360 788 1587 942 2146 1215 1936 234
309 223 855 1175 1489 236 442 1360 0 627 615 1010 1137 410 1765 1530
462 680 230 1309 1386 692 185 788 627 0 814 521 1391 429 1519 924
413 400 1005 1784 901 390 716 1587 615 814 0 840 584 394 1233 1684
725 950 481 1828 1012 955 649 942 1010 521 840 0 1301 629 1046 952
994 915 1566 2308 792 901 1301 2146 1137 1391 584 1301 0 978 1211 2219
102 322 638 1475 1132 327 323 1215 410 429 394 629 978 0 1371 1334
1465 1592 1526 2809 420 1587 1582 1936 1765 1519 1233 1046 1211 1371 0 1873
1384 1605 698 1687 1942 1616 1097 234 1530 924 1684 952 2219 1334 1873 0
