0 731 136 1356 982 323 157 1208 784 1237 1667 321 1300 809 907 237
731 0 687 627 257 784 880 780 1395 1206 1061 1008 2024 805 668 502
136 687 0 1301 926 201 269 1250 914 1340 1565 444 1381 673 780 190
1356 627 1301 0 374 1362 1507 913 2002 1549 681 1634 2651 1179 940 1123
982 257 926 374 0 996 1134 818 1651 1355 844 1265 2279 892 690 748
323 784 201 1362 996 0 409 1420 1050 1540 1536 581 1409 531 693 345
157 880 269 1507 1134 409 0 1299 648 1248 1823 176 1145 930 1049 393
1208 780 1250 913 818 1420 1299 0 1505 674 1582 1331 2288 1578 1446 1075
784 1395 914 2002 1651 1050 648 1505 0 1134 2420 471 807 1577 1692 991
1237 1206 1340 1549 1355 1540 1248 674 1134 0 2185 1186 1937 1885 1836 1231
1667 1061 1565 681 844 1536 1823 1582 2420 2185 0 1984 2940 1126 876 1438
321 1008 444 1634 1265 581 176 1331 471 1186 1984 0 1022 1106 1224 546
1300 2024 1381 2651 2279 1409 1145 2288 807 1937 2940 1022 0 1904 2101 1537
809 805 673 1179 892 531 930 1578 1577 1885 1126 1106 1904 0 259 682
907 668 780 940 690 693 1049 1446 1692 1836 876 1224 2101 259 0 722
237 502 190 1123 748 345 393 1075 991 1231 1438 546 1537 682 722 0
