0 1009 902 1289 1346 886 1369 536 1591 1120 457 778 1045 1277 670 1326 705
1009 0 1561 2173 1762 1086 2319 484 2445 2126 1453 1142 1019 2169 1131 1929 1597
902 1561 0 1798 2196 1788 1724 1244 924 1091 990 1676 1938 722 1565 2099 425
1289 2173 1798 0 1027 1320 297 1704 1850 929 881 1169 1545 1572 1113 700 1376
1346 1762 2196 1027 0 676 1321 1429 2608 1759 1246 648 799 2288 713 344 1861
886 1086 1788 1320 676 0 1557 786 2406 1713 1024 166 232 2081 272 878 1550
1369 2319 1724 297 1321 1557 0 1838 1640 733 921 1398 1787 1389 1326 997 1299
536 484 1244 1704 1429 786 1838 0 2063 1656 971 781 825 1765 733 1534 1184
1591 2445 924 1850 2608 2406 1640 2063 0 921 1398 2259 2603 326 2142 2397 887
1120 2126 1091 929 1759 1713 733 1656 921 0 721 1549 1937 655 1441 1510 699
457 1453 990 881 1246 1024 921 971 1398 721 0 869 1238 1072 753 1111 617
778 1142 1676 1169 648 166 1398 781 2259 1549 869 0 398 1933 117 787 1414
1045 1019 1938 1545 799 232 1787 825 2603 1937 1238 398 0 2280 497 1055 1733
1277 2169 722 1572 2288 2081 1389 1765 326 655 1072 1933 2280 0 1816 2087 581
670 1131 1565 1113 713 272 1326 733 2142 1441 753 117 497 1816 0 805 1297
1326 1929 2099 700 344 878 997 1534 2397 1510 1111 787 1055 2087 805 0 1725
705 1597 425 1376 1861 1550 1299 1184 887 699 617 1414 1733 581 1297 1725 0
