0 407 1030 231 315 12 326 531 1323 1265 508 913 1663 373 1139 1288
407 0 918 638 486 394 423 338 1670 1519 476 1010 2066 780 774 1569
1030 918 0 1169 745 1024 708 1256 1551 1147 522 496 2429 1263 772 2310
231 638 1169 0 424 243 472 715 1156 1177 662 953 1433 142 1362 1147
315 486 745 424 0 313 79 752 1199 1035 246 603 1777 527 1031 1567
12 394 1024 243 313 0 321 522 1333 1271 501 913 1676 386 1127 1296
326 423 708 472 79 321 0 708 1275 1095 190 623 1850 586 953 1603
531 338 1256 715 752 522 708 0 1853 1776 803 1325 2049 843 996 1373
1323 1670 1551 1156 1199 1333 1275 1853 0 507 1353 1056 1203 1061 2163 1824
1265 1519 1147 1177 1035 1271 1095 1776 507 0 1102 660 1675 1137 1847 2105
508 476 522 662 246 501 190 803 1353 1102 0 536 2018 773 819 1792
913 1010 496 953 603 913 623 1325 1056 660 536 0 2011 998 1194 2080
1663 2066 2429 1433 1777 1676 1850 2049 1203 1675 2018 2011 0 1293 2789 1133
373 780 1263 142 527 386 586 843 1061 1137 773 998 1293 0 1498 1082
1139 774 772 1362 1031 1127 953 996 2163 1847 819 1194 2789 1498 0 2337
1288 1569 2310 1147 1567 1296 1603 1373 1824 2105 1792 2080 1133 1082 2337 0
