0 1722 1538 339 1374 851 1031 1540 1500 1112 905 1653 878 1479 15 129 1084
1722 0 1674 2020 2869 2305 769 3038 3096 2791 2527 891 973 1244 1716 1675 2801
1538 1674 0 1560 1757 1367 1633 3037 2078 2018 2376 2298 1016 438 1548 1410 2181
339 2020 1560 0 1047 562 1360 1482 1160 781 819 1993 1112 1595 352 346 786
1374 2869 1757 1047 0 568 2326 2015 333 575 1481 3005 1895 2028 1388 1332 834
851 2305 1367 562 568 0 1760 1873 802 650 1241 2448 1334 1555 866 787 832
1031 769 1633 1360 2326 1760 0 2269 2503 2141 1770 719 627 1305 1022 1020 2111
1540 3038 3037 1482 2015 1873 2269 0 1850 1441 662 2563 2383 3019 1534 1658 1182
1500 3096 2078 1160 333 802 2503 1850 0 466 1397 3153 2129 2329 1512 1485 691
1112 2791 2018 781 575 650 2141 1441 466 0 937 2756 1851 2187 1123 1125 259
905 2527 2376 819 1481 1241 1770 662 1397 937 0 2205 1775 2374 902 1016 711
1653 891 2298 1993 3005 2448 719 2563 3153 2756 2205 0 1329 1922 1641 1675 2683
878 973 1016 1112 1895 1334 627 2383 2129 1851 1775 1329 0 745 878 790 1897
1479 1244 438 1595 2028 1555 1305 3019 2329 2187 2374 1922 745 0 1485 1360 2310
15 1716 1548 352 1388 866 1022 1534 1512 1123 902 1641 878 1485 0 140 1092
129 1675 1410 346 1332 787 1020 1658 1485 1125 1016 1675 790 1360 140 0 1127
1084 2801 2181 786 834 832 2111 1182 691 259 711 2683 1897 2310 1092 1127 0
