0 1582 258 289 907 228 915 563 635 1704 1026 355 768 1682 989 1726
1582 0 1344 1545 2304 1756 1130 1843 2095 3179 2211 1699 814 464 1731 1573
258 1344 0 259 1147 478 685 756 881 1878 1071 409 532 1485 888 1690
289 1545 259 0 1165 495 690 851 889 1643 813 157 753 1724 700 1938
907 2304 1147 1165 0 679 1822 461 276 1723 1607 1141 1549 2252 1811 1760
228 1756 478 495 679 0 1144 376 407 1650 1122 510 951 1810 1178 1702
915 1130 685 690 1822 1144 0 1441 1551 2145 1112 791 635 1467 600 2104
563 1843 756 851 461 376 1441 0 303 1890 1488 884 1098 1801 1547 1451
635 2095 881 889 276 407 1551 303 0 1625 1368 867 1314 2086 1539 1741
1704 3179 1878 1643 1723 1650 2145 1890 1625 0 1068 1486 2397 3363 1644 3334
1026 2211 1071 813 1607 1122 1112 1488 1368 1068 0 680 1502 2472 575 2744
355 1699 409 157 1141 510 791 884 867 1486 680 0 910 1881 674 2063
768 814 532 753 1549 951 635 1098 1314 2397 1502 910 0 976 1139 1470
1682 464 1485 1724 2252 1810 1467 1801 2086 3363 2472 1881 976 0 2053 1184
989 1731 888 700 1811 1178 600 1547 1539 1644 575 674 1139 2053 0 2546
1726 1573 1690 1938 1760 1702 2104 1451 1741 3334 2744 2063 1470 1184 2546 0
