0 751 141 1063 890 211 1137 121 212 886 1654 1026 1547 413 1356 457
751 0 684 459 348 747 736 632 540 141 1294 1705 2272 856 2047 399
141 684 0 1044 875 329 1003 146 188 823 1698 1157 1589 305 1482 463
1063 459 1044 0 173 971 1124 944 864 361 862 1853 2610 1274 2193 608
890 348 875 173 0 799 1068 772 693 300 946 1695 2437 1115 2036 435
211 747 329 971 799 0 1257 204 262 865 1479 960 1657 622 1301 374
1137 736 1003 1124 1068 1257 0 1064 995 772 1987 2160 2352 928 2482 1041
121 632 146 944 772 204 1064 0 92 765 1561 1116 1668 451 1452 342
212 540 188 864 693 262 995 92 0 674 1512 1201 1753 477 1538 274
886 141 823 361 300 865 772 765 674 0 1220 1817 2412 996 2160 501
1654 1294 1698 862 946 1479 1987 1561 1512 1220 0 2059 3091 1985 2351 1244
1026 1705 1157 1853 1695 960 2160 1116 1201 1817 2059 0 1223 1300 343 1316
1547 2272 1589 2610 2437 1657 2352 1668 1753 2412 3091 1223 0 1469 1181 2002
413 856 305 1274 1115 622 928 451 477 996 1985 1300 1469 0 1597 741
1356 2047 1482 2193 2036 1301 2482 1452 1538 2160 2351 343 1181 1597 0 1660
457 399 463 608 435 374 1041 342 274 501 1244 1316 2002 741 1660 0
