0 94 1541 565 1071 32 911 1535 819 1375 944 921 1729 11 411 766
94 0 1522 647 1059 126 855 1588 849 1344 1003 934 1674 98 429 732
1541 1522 0 1979 474 1551 816 3030 906 264 1164 2457 694 1553 1156 804
565 647 1979 0 1507 536 1455 1053 1119 1857 1062 736 2263 556 835 1274
1071 1059 474 1507 0 1080 508 2556 481 384 796 1991 908 1083 682 380
32 126 1551 536 1080 0 933 1515 814 1390 928 916 1750 30 412 782
911 855 816 1455 508 933 0 2443 783 572 1120 1757 818 922 672 248
1535 1588 3030 1053 2556 1515 2443 0 2169 2895 2072 835 3262 1523 1877 2295
819 849 906 1119 481 814 783 2169 0 865 340 1713 1382 830 422 540
1375 1344 264 1857 384 1390 572 2895 865 0 1171 2276 545 1387 1021 612
944 1003 1164 1062 796 928 1120 2072 340 1171 0 1745 1704 952 630 874
921 934 2457 736 1991 916 1757 835 1713 2276 1745 0 2561 909 1328 1664
1729 1674 694 2263 908 1750 818 3262 1382 545 1704 2561 0 1739 1446 993
11 98 1553 556 1083 30 922 1523 830 1387 952 909 1739 0 422 777
411 429 1156 835 682 412 672 1877 422 1021 630 1328 1446 422 0 453
766 732 804 1274 380 782 248 2295 540 612 874 1664 993 777 453 0
