0 858 73 266 925 1423 773 408 451 413 1223 245 660 1520 327 714
858 0 859 595 656 624 1631 590 1304 445 1936 936 983 677 532 1559
73 859 0 264 875 1405 775 455 471 417 1174 318 587 1529 327 700
266 595 264 0 723 1158 1036 292 717 153 1404 416 629 1264 62 965
925 656 875 723 0 762 1568 948 1328 683 1575 1132 558 1167 696 1437
1423 624 1405 1158 762 0 2176 1212 1873 1026 2320 1542 1300 543 1100 2077
773 1631 775 1036 1568 2176 0 1131 349 1186 821 776 1084 2292 1099 175
408 590 455 292 948 1212 1131 0 784 265 1629 369 922 1187 278 1103
451 1304 471 717 1328 1873 349 784 0 860 1028 427 924 1954 777 366
413 445 417 153 683 1026 1186 265 860 0 1548 518 713 1111 91 1118
1223 1936 1174 1404 1575 2320 821 1629 1028 1548 0 1372 1021 2605 1460 686
245 936 318 416 1132 1542 776 369 427 518 1372 0 905 1555 459 772
660 983 587 629 558 1300 1084 922 924 713 1021 905 0 1622 654 931
1520 677 1529 1264 1167 543 2292 1187 1954 1111 2605 1555 1622 0 1201 2230
327 532 327 62 696 1100 1099 278 777 91 1460 459 654 1201 0 1028
714 1559 700 965 1437 2077 175 1103 366 1118 686 772 931 2230 1028 0
