0 614 1496 1192 1480 771 1520 54 190 897 1303 518 1489 1390 363 1606 241
614 0 1791 1091 2076 1351 1708 625 712 1203 1840 335 1832 1666 837 1848 445
1496 1791 0 2685 2069 1101 2941 1545 1642 2302 891 1457 153 2755 1775 2981 1701
1192 1091 2685 0 2022 1853 803 1147 1075 743 2408 1368 2682 913 998 991 987
1480 2076 2069 2022 0 1052 1637 1457 1364 1279 1225 1983 1951 1376 1264 1540 1634
771 1351 1101 1853 1052 0 1914 788 801 1298 554 1130 1019 1702 855 1925 1009
1520 1708 2941 803 1637 1914 0 1465 1339 639 2421 1896 2895 260 1180 194 1415
54 625 1545 1147 1457 788 1465 0 137 842 1327 557 1535 1335 311 1551 221
190 712 1642 1075 1364 801 1339 137 0 710 1353 685 1622 1201 173 1419 270
897 1203 2302 743 1279 1298 639 842 710 0 1827 1324 2260 494 545 709 832
1303 1840 891 2408 1225 554 2421 1327 1353 1827 0 1572 754 2192 1409 2410 1544
518 335 1457 1368 1983 1130 1896 557 685 1324 1572 0 1504 1813 850 2014 491
1489 1832 153 2682 1951 1019 2895 1535 1622 2260 754 1504 0 2700 1745 2926 1705
1390 1666 2755 913 1376 1702 260 1335 1201 494 2192 1813 2700 0 1032 225 1322
363 837 1775 998 1264 855 1180 311 173 545 1409 850 1745 1032 0 1252 394
1606 1848 2981 991 1540 1925 194 1551 1419 709 2410 2014 2926 225 1252 0 1525
241 445 1701 987 1634 1009 1415 221 270 832 1544 491 1705 1322 394 1525 0
