0 419 989 1039 817 422 1524 383 567 347 958 595 1268 130 806 577
419 0 1313 1362 1227 824 1109 399 748 116 1378 716 1073 328 1069 432
989 1313 0 1474 941 932 2372 1366 625 1199 739 1489 2253 1118 299 1567
1039 1362 1474 0 542 672 2298 1004 1464 1345 825 752 1491 1058 1503 1146
817 1227 941 542 0 403 2301 989 1056 1164 302 893 1737 899 1013 1192
422 824 932 672 403 0 1901 605 793 767 604 592 1424 496 878 816
1524 1109 2372 2298 2301 1901 0 1325 1756 1206 2480 1546 1127 1415 2095 1154
383 399 1366 1004 989 605 1325 0 932 436 1209 317 887 265 1189 214
567 748 625 1464 1056 793 1756 932 0 631 1029 1161 1785 667 339 1094
347 116 1199 1345 1164 767 1206 436 631 0 1296 748 1179 288 953 516
958 1378 739 825 302 604 2480 1209 1029 1296 0 1163 2009 1065 890 1420
595 716 1489 752 893 592 1546 317 1161 748 1163 0 846 519 1366 399
1268 1073 2253 1491 1737 1424 1127 887 1785 1179 2009 846 0 1142 2069 694
130 328 1118 1058 899 496 1415 265 667 288 1065 519 1142 0 927 449
806 1069 299 1503 1013 878 2095 1189 339 953 890 1366 2069 927 0 1374
577 432 1567 1146 1192 816 1154 214 1094 516 1420 399 694 449 1374 0
