0 1071 1665 827 1539 343 257 156 15 244 761 794 689 91 1542 234
1071 0 821 1457 2329 816 1327 1066 1085 935 1727 1492 755 1163 1848 837
1665 821 0 1654 2470 1523 1913 1590 1680 1619 2111 1724 1558 1749 1691 1451
827 1457 1654 0 873 1097 859 677 831 1045 559 88 1443 817 749 889
1539 2329 2470 873 0 1867 1438 1425 1536 1783 828 839 2221 1488 984 1680
343 816 1523 1097 1867 0 560 442 351 124 1104 1083 354 421 1756 212
257 1327 1913 859 1438 560 0 332 242 438 616 802 871 167 1606 491
156 1066 1590 677 1425 442 332 0 165 371 687 651 796 190 1386 263
15 1085 1680 831 1536 351 242 165 0 248 754 797 695 77 1549 248
244 935 1619 1045 1783 124 438 371 248 0 1002 1022 447 310 1733 211
761 1727 2111 559 828 1104 616 687 754 1002 0 471 1449 693 1234 949
794 1492 1724 88 839 1083 802 651 797 1022 471 0 1433 775 817 878
689 755 1558 1443 2221 354 871 796 695 447 1449 1433 0 757 2072 554
91 1163 1749 817 1488 421 167 190 77 310 693 775 757 0 1548 326
1542 1848 1691 749 984 1756 1606 1386 1549 1733 1234 817 2072 1548 0 1544
234 837 1451 889 1680 212 491 263 248 211 949 878 554 326 1544 0
