0 158 1677 383 14 1321 417 1331 697 199 1070 996 581 1673 1445 643
158 0 1637 230 149 1381 572 1406 724 133 1210 885 607 1535 1413 487
1677 1637 0 1681 1665 994 1928 3001 1054 1769 2571 959 2243 2581 242 1710
383 230 1681 0 376 1551 781 1472 877 234 1381 829 641 1310 1474 260
14 149 1665 376 0 1315 429 1344 688 199 1084 982 591 1669 1433 635
1321 1381 994 1551 1315 0 1351 2455 676 1498 1855 1301 1875 2790 811 1722
417 572 1928 781 429 1351 0 1112 877 555 679 1378 614 2002 1687 1040
1331 1406 3001 1472 1344 2455 1112 0 1970 1290 750 2285 831 2090 2764 1632
697 724 1054 877 688 676 877 1970 0 850 1518 777 1277 2122 812 1047
199 133 1769 234 199 1498 555 1290 850 0 1148 995 478 1479 1546 486
1070 1210 2571 1381 1084 1855 679 750 1518 1148 0 2055 906 2413 2328 1619
996 885 959 829 982 1301 1378 2285 777 995 2055 0 1462 1636 814 781
581 607 2243 641 591 1875 614 831 1277 478 906 1462 0 1510 2016 810
1673 1535 2581 1310 1669 2790 2002 2090 2122 1479 2413 1636 1510 0 2451 1084
1445 1413 242 1474 1433 811 1687 2764 812 1546 2328 814 2016 2451 0 1525
643 487 1710 260 635 1722 1040 1632 1047 486 1619 781 810 1084 1525 0
