0 561 1282 588 1328 1630 124 298 1467 943 627 200 927 1320 292 247
561 0 1614 96 870 1839 455 776 1315 481 978 612 1393 1191 841 528
1282 1614 0 1562 1831 490 1285 1441 1243 2094 662 1098 1777 1147 1286 1528
588 96 1562 0 791 1768 472 828 1220 548 940 607 1455 1096 877 591
1328 870 1831 791 0 1823 1203 1601 870 1036 1398 1265 2237 836 1619 1380
1630 1839 490 1768 1823 0 1602 1838 1058 2316 1012 1432 2239 1017 1696 1875
124 455 1285 472 1203 1602 0 414 1367 870 623 190 1048 1222 416 291
298 776 1441 828 1601 1838 414 0 1762 1051 828 467 637 1614 165 264
1467 1315 1243 1220 870 1058 1367 1762 0 1698 1138 1301 2357 148 1695 1645
943 481 2094 548 1036 2316 870 1051 1698 0 1450 1053 1569 1592 1170 792
627 978 662 940 1398 1012 623 828 1138 1450 0 437 1300 996 693 874
200 612 1098 607 1265 1432 190 467 1301 1053 437 0 1061 1153 397 443
927 1393 1777 1455 2237 2239 1048 637 2357 1569 1300 1061 0 2209 664 865
1320 1191 1147 1096 836 1017 1222 1614 148 1592 996 1153 2209 0 1546 1502
292 841 1286 877 1619 1696 416 165 1695 1170 693 397 664 1546 0 381
247 528 1528 591 1380 1875 291 264 1645 792 874 443 865 1502 381 0
