0 725 611 780 259 645 268 237 77 685 431 351 558 43 325 851 60 786 471 286 748 292 701 118 849 784 148 425 362 227 667 589 347 279 196 843 55 784 685 710 634 222 4 720 443 162 712 534 683 548 572 534 341 327 212 190 467 798 786 627 162 8 680 729 786 66 165 27 716 8 460 726 784 172 400 722 93 75
725 0 1109 624 676 114 457 942 757 1389 983 999 930 705 596 1535 669 1398 1188 623 1465 832 1420 630 209 472 751 1137 1019 675 765 1272 1072 859 728 1560 670 1482 157 213 1310 517 721 1395 417 630 70 1168 1044 1264 1253 648 858 766 692 621 1067 529 290 1274 576 725 536 1306 1329 791 691 736 616 728 752 747 1474 634 1068 306 709 742
611 1109 0 1372 870 1081 764 677 669 901 181 823 1145 654 930 567 615 1168 509 894 883 871 839 711 1125 867 747 468 319 472 1278 904 598 841 802 950 636 993 990 1193 395 771 610 442 692 557 1061 952 196 530 385 1142 917 929 466 546 948 838 1286 997 636 603 1264 1164 221 577 496 583 1312 618 367 573 1020 778 822 925 703 676
780 624 1372 0 543 525 624 867 748 1211 1199 824 533 737 457 1600 761 1072 1198 500 1316 644 1285 667 831 1057 684 1167 1141 907 249 1069 1031 688 628 1403 742 1277 751 413 1398 602 780 1482 830 817 684 921 1394 1270 1336 274 630 549 909 832 812 1108 367 1018 738 786 113 960 1563 834 876 806 68 776 1105 1240 1251 608 892 898 699 736
259 676 870 543 0 571 287 331 210 738 690 335 336 216 99 1057 266 722 656 57 829 156 790 176 849 887 141 623 607 453 408 609 494 188 85 922 241 823 694 585 855 211 260 938 552 364 689 494 936 730 792 281 183 104 446 390 391 916 638 600 304 267 455 636 1042 300 401 287 476 252 687 917 809 106 406 781 168 199
645 114 1081 525 571 0 378 852 669 1294 942 899 816 620 487 1475 592 1290 1115 516 1374 728 1331 542 320 540 655 1066 961 627 653 1173 989 757 628 1470 590 1385 226 136 1251 429 641 1337 405 569 161 1065 1036 1192 1193 534 751 658 641 566 961 594 231 1171 507 646 431 1197 1299 712 634 659 511 647 738 778 1375 538 969 376 619 654
268 457 764 624 287 378 0 488 302 938 602 563 615 247 261 1103 214 987 737 257 1009 424 964 177 594 600 309 688 592 291 598 828 615 438 304 1105 213 1034 432 454 880 76 264 967 269 210 448 743 770 813 820 447 462 391 297 217 652 630 538 845 135 269 512 910 969 334 275 281 570 270 482 659 1029 203 627 499 258 288
237 942 677 867 331 852 488 0 185 450 505 149 487 242 429 737 297 563 333 385 523 234 479 312 1080 1020 202 311 363 435 692 352 164 193 248 618 286 548 916 895 550 424 242 628 681 393 937 313 803 403 489 595 268 323 416 419 277 1031 958 397 398 241 785 523 800 189 374 242 799 231 644 931 547 317 173 959 232 200
77 757 669 748 210 669 302 185 0 636 487 281 487 60 292 860 126 716 467 248 707 217 663 127 895 851 78 427 397 304 615 531 322 202 133 803 107 733 731 721 651 240 81 736 507 236 751 464 752 543 588 491 266 261 289 265 392 867 790 561 221 84 654 655 833 91 242 99 682 68 536 802 729 149 335 780 53 15
685 1389 901 1211 738 1294 938 450 636 0 782 404 705 693 835 622 745 332 392 796 113 590 107 761 1531 1455 638 437 615 852 986 143 365 552 668 191 735 102 1367 1323 570 872 689 598 1123 831 1386 296 1080 382 543 942 588 682 831 854 400 1460 1376 227 847 687 1154 396 918 628 797 684 1144 679 1020 1316 118 756 332 1406 681 650
431 983 181 1199 690 942 602 505 487 782 0 653 965 474 753 587 438 1022 398 715 784 691 737 534 1027 811 566 347 168 316 1098 763 447 662 621 861 459 880 879 1045 373 601 430 446 576 392 942 793 306 442 335 964 737 748 305 385 780 793 1135 849 469 423 1093 1008 367 396 328 403 1137 437 298 572 901 599 659 838 522 494
351 999 823 824 335 899 563 149 281 404 653 0 375 341 431 821 406 435 428 392 499 187 464 389 1157 1132 254 421 506 569 619 274 259 148 271 591 389 488 995 921 658 491 356 728 788 514 1004 183 952 485 601 550 193 281 551 541 128 1148 972 282 502 357 757 381 934 320 506 364 756 343 787 1069 475 366 71 1056 310 291
558 930 1145 533 336 816 615 487 487 705 965 375 0 521 361 1196 584 539 802 358 816 273 792 507 1126 1212 410 791 844 776 290 562 631 304 366 895 560 757 985 780 1030 543 561 1102 884 692 961 408 1239 861 971 304 227 238 766 719 309 1245 795 494 638 566 508 428 1285 572 719 584 473 550 1012 1252 728 440 425 1092 469 484
43 705 654 737 216 620 247 242 60 693 474 341 521 0 282 887 69 775 502 242 762 260 716 81 838 791 114 458 404 257 623 591 369 252 156 857 48 791 673 679 673 192 44 758 447 181 696 524 723 579 610 491 309 287 244 210 450 808 752 621 161 51 638 713 830 100 197 71 673 38 492 750 788 128 396 720 52 49
325 596 930 457 99 487 261 429 292 835 753 431 361 282 0 1149 315 803 750 44 928 248 889 219 779 851 233 715 685 487 356 704 591 283 181 1021 294 919 630 491 943 198 325 1027 530 395 616 583 978 825 880 212 265 170 484 417 476 885 540 689 323 332 362 710 1112 377 443 352 391 320 712 917 904 154 503 731 242 279
851 1535 567 1600 1057 1475 1103 737 860 622 587 821 1196 887 1149 0 893 954 404 1105 538 970 518 968 1604 1399 917 434 516 862 1428 713 574 927 972 552 902 670 1450 1556 225 1071 853 142 1150 907 1504 841 758 336 282 1331 998 1061 845 913 903 1378 1636 822 969 847 1512 1006 436 787 844 831 1533 852 883 1134 711 1009 773 1422 913 875
60 669 615 761 266 592 214 297 126 745 438 406 584 69 315 893 0 842 522 280 808 328 761 96 789 726 182 474 392 191 667 649 406 321 218 903 24 845 625 663 674 178 55 760 384 112 654 590 670 599 612 527 376 347 181 141 518 741 742 685 101 58 657 782 802 122 135 67 699 66 427 681 844 164 458 661 117 118
786 1398 1168 1072 722 1290 987 563 716 332 1022 435 539 775 803 954 842 0 674 774 431 568 439 818 1571 1566 681 704 856 998 826 267 574 548 683 467 824 312 1413 1284 882 911 791 921 1222 948 1412 252 1328 687 845 833 539 632 979 976 334 1583 1315 173 936 791 1044 113 1220 750 936 797 1012 778 1206 1495 270 784 390 1485 742 725
471 1188 509 1198 656 1115 737 333 467 392 398 428 802 502 750 404 522 674 0 705 385 567 338 584 1289 1146 517 57 238 550 1024 407 172 524 571 464 526 486 1127 1181 231 693 475 300 844 565 1168 491 688 76 180 927 596 657 529 580 527 1140 1255 510 612 469 1111 689 547 405 511 456 1130 471 665 957 511 616 391 1131 521 482
286 623 894 500 57 516 257 385 248 796 715 392 358 242 44 1105 280 774 705 0 886 212 847 185 800 854 188 671 643 459 386 666 546 245 137 980 258 881 648 528 899 186 286 983 526 367 638 549 948 780 836 248 234 145 454 391 444 886 580 655 299 293 407 685 1073 335 412 313 433 280 688 904 867 116 464 741 200 236
748 1465 883 1316 829 1374 1009 523 707 113 784 499 816 762 928 538 808 431 385 886 0 686 48 835 1598 1500 720 438 621 895 1095 254 408 646 755 95 801 132 1433 1411 522 947 752 536 1176 884 1458 408 1070 353 507 1045 689 780 873 905 509 1500 1467 340 909 749 1255 505 873 687 844 744 1249 743 1042 1337 173 837 428 1462 756 722
292 832 871 644 156 728 424 234 217 590 691 187 273 260 248 970 328 568 567 212 686 0 650 270 1002 1019 146 545 575 517 457 457 395 43 121 778 304 672 845 739 784 347 296 863 677 440 844 337 967 634 724 369 48 95 504 469 234 1043 786 443 401 300 572 486 1017 299 457 316 576 283 752 1009 656 221 259 923 211 217
701 1420 839 1285 790 1331 964 479 663 107 737 464 792 716 889 518 761 439 338 847 48 650 0 790 1551 1451 677 390 573 846 1067 234 360 609 714 141 755 161 1386 1369 485 903 706 504 1128 836 1413 387 1025 310 466 1013 655 745 825 857 484 1452 1428 330 862 703 1221 503 836 640 796 697 1217 697 993 1289 197 794 393 1414 711 678
118 630 711 667 176 542 177 312 127 761 534 389 507 81 219 968 96 818 584 185 835 270 790 0 771 751 137 540 479 277 572 652 448 275 150 930 75 857 608 597 752 113 116 838 408 187 625 570 763 661 690 431 315 268 270 213 486 773 671 672 132 123 564 748 896 181 227 141 604 116 510 746 852 70 451 667 80 112
849 209 1125 831 849 320 594 1080 895 1531 1027 1157 1126 838 779 1604 789 1571 1289 800 1598 1002 1551 771 0 342 903 1235 1094 747 973 1423 1194 1024 890 1693 796 1628 164 418 1381 665 845 1462 454 725 165 1333 1026 1363 1328 853 1033 946 766 709 1236 401 483 1437 689 848 745 1485 1346 911 778 854 825 854 758 671 1624 790 1221 208 852 881
784 472 867 1057 887 540 600 1020 851 1455 811 1132 1212 791 851 1399 726 1566 1146 854 1500 1019 1451 751 342 0 888 1089 921 604 1136 1372 1093 1027 897 1591 743 1556 317 673 1184 676 779 1258 344 627 401 1315 733 1211 1141 993 1060 992 626 602 1237 59 760 1411 630 780 953 1499 1080 831 657 778 1032 791 515 342 1561 798 1185 165 825 840
148 751 747 684 141 655 309 202 78 638 566 254 410 114 233 917 182 681 517 188 720 146 677 137 903 888 0 483 470 371 540 522 359 141 58 815 158 731 741 692 714 237 151 797 544 294 752 434 829 592 651 421 194 182 358 323 349 908 755 536 261 156 594 611 909 169 311 173 617 139 606 864 723 117 318 804 66 74
425 1137 468 1167 623 1066 688 311 427 437 347 421 791 458 715 434 474 704 57 671 438 545 390 540 1235 1089 483 0 183 494 1002 437 162 504 538 519 479 533 1073 1136 239 647 428 317 789 511 1115 506 642 127 180 899 578 632 473 525 530 1083 1211 535 561 422 1078 711 527 359 456 408 1099 425 608 901 556 576 394 1074 481 442
362 1019 319 1141 607 961 592 363 397 615 168 506 844 404 685 516 392 856 238 643 621 575 573 479 1094 921 470 183 0 348 1011 595 281 540 528 702 406 713 937 1047 291 570 363 376 641 391 988 633 472 293 234 888 617 646 329 397 630 911 1130 683 457 356 1042 846 442 308 327 337 1076 366 428 719 733 533 502 921 443 408
227 675 472 907 453 627 291 435 304 852 316 569 776 257 487 862 191 998 550 459 895 517 846 277 747 604 371 494 348 0 843 779 488 506 410 986 216 954 588 728 637 306 223 721 295 92 641 747 492 620 583 698 566 539 21 74 690 607 819 833 169 219 797 950 680 248 62 207 850 236 235 500 962 347 608 580 308 301
667 765 1278 249 408 653 598 692 615 986 1098 619 290 623 356 1428 667 826 1024 386 1095 457 1067 572 973 1136 540 1002 1011 843 0 843 853 500 482 1177 644 1044 859 577 1240 548 668 1320 851 751 812 691 1334 1092 1179 150 431 370 839 772 585 1179 564 782 678 675 255 713 1449 707 798 695 197 660 1066 1255 1016 502 682 991 576 606
589 1272 904 1069 609 1173 828 352 531 143 763 274 562 591 704 713 649 267 407 666 254 457 234 652 1423 1372 522 437 595 779 843 0 318 421 544 334 636 215 1260 1195 619 759 594 664 1033 745 1274 154 1068 423 580 801 451 545 759 770 257 1382 1243 109 750 593 1014 294 954 540 720 594 1003 583 969 1263 201 638 204 1310 571 544
347 1072 598 1031 494 989 615 164 322 365 447 259 631 369 591 574 406 574 172 546 408 395 360 448 1194 1093 359 162 281 488 853 318 0 352 410 502 402 468 1029 1043 399 561 352 472 767 475 1060 355 753 239 341 759 424 487 467 497 369 1096 1111 402 504 348 949 566 683 283 436 340 963 344 657 953 479 467 234 1054 375 338
279 859 841 688 188 757 438 193 202 552 662 148 304 252 283 927 321 548 524 245 646 43 609 275 1024 1027 141 504 540 506 500 421 352 0 134 738 299 635 865 774 743 363 283 821 683 434 868 309 943 591 682 413 77 139 492 462 213 1049 824 415 402 286 615 472 982 277 444 300 619 270 738 1003 621 236 220 937 207 205
196 728 802 628 85 628 304 248 133 668 621 271 366 156 181 972 218 683 571 137 755 121 714 150 890 897 58 538 528 410 482 544 410 134 0 849 194 757 730 656 771 228 198 854 555 327 735 442 879 645 708 363 165 130 400 355 348 921 713 547 282 204 540 605 966 225 353 223 560 188 646 894 746 101 340 804 104 126
843 1560 950 1403 922 1470 1105 618 803 191 861 591 895 857 1021 552 903 467 464 980 95 778 141 930 1693 1591 815 519 702 986 1177 334 502 738 849 0 896 155 1528 1505 573 1043 848 573 1270 978 1554 487 1140 422 567 1133 779 871 965 999 592 1591 1561 407 1004 844 1345 555 920 782 937 839 1336 839 1127 1421 197 932 519 1556 851 818
55 670 636 742 241 590 213 286 107 735 459 389 560 48 294 902 24 824 526 258 801 304 755 75 796 743 158 479 406 216 644 636 402 299 194 896 0 834 632 657 684 169 51 770 400 135 658 572 694 602 622 506 352 323 206 164 498 759 734 668 114 56 639 762 820 121 160 71 679 57 452 705 833 141 443 674 93 98
784 1482 993 1277 823 1385 1034 548 733 102 880 488 757 791 919 670 845 312 486 881 132 672 161 857 1628 1556 731 533 713 954 1044 215 468 635 757 155 834 0 1464 1409 646 966 789 665 1224 932 1482 355 1175 467 626 1012 665 760 933 955 465 1562 1458 263 946 787 1226 400 997 729 899 785 1211 778 1121 1418 43 848 417 1506 776 747
685 157 990 751 694 226 432 916 731 1367 879 995 985 673 630 1450 625 1413 1127 648 1433 845 1386 608 164 317 741 1073 937 588 859 1260 1029 865 730 1528 632 1464 0 356 1225 504 680 1308 302 562 88 1173 908 1201 1171 728 878 793 607 547 1078 374 442 1276 525 683 652 1330 1211 746 617 689 732 689 625 593 1460 630 1059 152 689 717
710 213 1193 413 585 136 454 895 721 1323 1045 921 780 679 491 1556 663 1284 1181 528 1411 739 1369 597 418 673 692 1136 1047 728 577 1195 1043 774 656 1505 657 1409 356 0 1335 488 707 1421 533 660 278 1074 1160 1258 1274 481 754 658 740 661 966 728 96 1180 590 713 333 1184 1407 776 726 728 411 710 860 914 1395 578 992 508 667 705
634 1310 395 1398 855 1251 880 550 651 570 373 658 1030 673 943 225 674 882 231 899 522 784 485 752 1381 1184 714 239 291 637 1240 619 399 743 771 573 684 646 1225 1335 0 852 636 86 926 682 1279 719 591 195 62 1133 818 870 619 688 759 1167 1416 727 746 630 1306 910 350 572 619 613 1331 637 671 937 680 797 623 1201 703 665
222 517 771 602 211 429 76 424 240 872 601 491 543 192 198 1071 178 911 693 186 947 347 903 113 665 676 237 647 570 306 548 759 561 363 228 1043 169 966 504 488 852 0 219 938 341 215 515 668 796 770 790 399 385 315 307 231 576 705 565 772 136 225 493 833 968 288 274 240 544 222 519 719 960 126 556 576 191 225
4 721 610 780 260 641 264 242 81 689 430 356 561 44 325 853 55 791 475 286 752 296 706 116 845 779 151 428 363 223 668 594 352 283 198 848 51 789 680 707 636 219 0 722 438 157 708 538 681 551 574 535 345 329 208 185 472 793 783 632 157 6 679 734 786 70 161 27 715 13 456 721 789 171 405 717 94 78
720 1395 442 1482 938 1337 967 628 736 598 446 728 1102 758 1027 142 760 921 300 983 536 863 504 838 1462 1258 797 317 376 721 1320 664 472 821 854 573 770 665 1308 1421 86 938 722 0 1008 768 1363 775 637 248 148 1215 895 950 704 774 823 1239 1502 773 832 716 1390 958 351 658 704 699 1414 722 744 1000 702 883 689 1280 788 749
443 417 692 830 552 405 269 681 507 1123 576 788 884 447 530 1150 384 1222 844 526 1176 677 1128 408 454 344 544 789 641 295 851 1033 767 683 555 1270 400 1224 302 533 926 341 438 1008 0 292 369 971 632 916 874 701 719 656 315 270 893 366 630 1068 286 439 718 1155 913 495 335 439 788 450 335 411 1226 457 843 287 480 497
162 630 557 817 364 569 210 393 236 831 392 514 692 181 395 907 112 948 565 367 884 440 836 187 725 627 294 511 391 92 751 745 475 434 327 978 135 932 562 660 682 215 157 768 292 0 604 696 584 639 624 605 488 454 91 28 629 638 747 788 79 156 708 892 759 204 65 151 759 170 322 569 935 257 561 578 229 230
712 70 1061 684 689 161 448 937 751 1386 942 1004 961 696 616 1504 654 1412 1168 638 1458 844 1413 625 165 401 752 1115 988 641 812 1274 1060 868 735 1554 658 1482 88 278 1279 515 708 1363 369 604 0 1177 988 1243 1223 688 872 784 659 593 1078 459 360 1282 557 712 592 1324 1282 777 663 720 672 716 700 681 1475 637 1070 236 705 736
534 1168 952 921 494 1065 743 313 464 296 793 183 408 524 583 841 590 252 491 549 408 337 387 570 1333 1315 434 506 633 747 691 154 355 309 442 487 572 355 1173 1074 719 668 538 775 971 696 1177 0 1098 527 671 658 320 416 728 723 111 1331 1116 106 685 539 872 214 1033 498 685 545 856 526 958 1245 331 542 140 1238 492 474
683 1044 196 1394 936 1036 770 803 752 1080 306 952 1239 723 978 758 670 1328 688 948 1070 967 1025 763 1026 733 829 642 472 492 1334 1068 753 943 879 1140 694 1175 908 1160 591 796 681 637 632 584 988 1098 0 718 579 1190 1015 1010 494 565 1080 695 1256 1155 660 675 1282 1313 362 667 536 656 1339 691 299 409 1198 833 962 818 775 755
548 1264 530 1270 730 1192 813 403 543 382 442 485 861 579 825 336 599 687 76 780 353 634 310 661 1363 1211 592 127 293 620 1092 423 239 591 645 422 602 467 1201 1258 195 770 551 248 916 639 1243 527 718 0 160 998 661 726 600 653 575 1203 1332 531 688 546 1185 714 536 482 584 533 1202 548 721 1010 497 692 442 1201 597 558
572 1253 385 1336 792 1193 820 489 588 543 335 601 971 610 880 282 612 845 180 836 507 724 466 690 1328 1141 651 180 234 583 1179 580 341 682 708 567 622 626 1171 1274 62 790 574 148 874 624 1223 671 579 160 0 1071 758 808 564 631 705 1126 1355 685 686 568 1243 867 376 510 561 551 1269 574 632 906 657 735 569 1151 640 602
534 648 1142 274 281 534 447 595 491 942 964 550 304 491 212 1331 527 833 927 248 1045 369 1013 431 853 993 421 899 888 698 150 801 759 413 363 1133 506 1012 728 481 1133 399 535 1215 701 605 688 658 1190 998 1071 0 357 274 695 626 547 1035 491 758 531 541 214 726 1321 580 656 562 206 528 918 1105 989 364 619 853 446 480
341 858 917 630 183 751 462 268 266 588 737 193 227 309 265 998 376 539 596 234 689 48 655 315 1033 1060 194 578 617 566 431 451 424 77 165 779 352 665 878 754 818 385 345 895 719 488 872 320 1015 661 758 357 0 96 553 516 212 1085 796 426 447 349 566 452 1059 347 505 365 563 332 801 1057 646 262 262 961 259 266
327 766 929 549 104 658 391 323 261 682 748 281 238 287 170 1061 347 632 657 145 780 95 745 268 946 992 182 632 646 539 370 545 487 139 130 871 323 760 793 658 870 315 329 950 656 454 784 416 1010 726 808 274 96 0 529 481 307 1021 700 522 400 335 477 540 1087 351 483 353 480 319 775 1015 742 203 352 884 235 255
212 692 466 909 446 641 297 416 289 831 305 551 766 244 484 845 181 979 529 454 873 504 825 270 766 626 358 473 329 21 839 759 467 492 400 965 206 933 607 740 619 307 208 704 315 91 659 728 494 600 564 695 553 529 0 80 673 628 829 813 170 205 800 932 671 230 47 192 851 221 247 518 941 341 589 601 296 287
190 621 546 832 390 566 217 419 265 854 385 541 719 210 417 913 141 976 580 391 905 469 857 213 709 602 323 525 397 74 772 770 497 462 355 999 164 955 547 661 688 231 185 774 270 28 593 723 565 653 631 626 516 481 80 0 657 611 750 815 95 184 722 920 752 230 70 178 775 198 297 540 959 283 588 557 257 258
467 1067 948 812 391 961 652 277 392 400 780 128 309 450 476 903 518 334 527 444 509 234 484 486 1236 1237 349 530 630 690 585 257 369 213 348 592 498 465 1078 966 759 576 472 823 893 629 1078 111 1080 575 705 547 212 307 673 657 0 1257 1006 215 608 473 761 263 1052 443 627 483 746 459 912 1191 442 449 135 1151 412 400
798 529 838 1108 916 594 630 1031 867 1460 793 1148 1245 808 885 1378 741 1583 1140 886 1500 1043 1452 773 401 59 908 1083 911 607 1179 1382 1096 1049 921 1591 759 1562 374 728 1167 705 793 1239 366 638 459 1331 695 1203 1126 1035 1085 1021 628 611 1257 0 816 1425 648 793 1003 1520 1047 842 662 790 1081 806 495 295 1568 823 1199 223 844 858
786 290 1286 367 638 231 538 958 790 1376 1135 972 795 752 540 1636 742 1315 1255 580 1467 786 1428 671 483 760 755 1211 1130 819 564 1243 1111 824 713 1561 734 1458 442 96 1416 565 783 1502 630 747 360 1116 1256 1332 1355 491 796 700 829 750 1006 816 0 1221 674 789 310 1211 1499 851 813 805 380 785 956 1010 1442 643 1044 594 736 775
627 1274 997 1018 600 1171 845 397 561 227 849 282 494 621 689 822 685 173 510 655 340 443 330 672 1437 1411 536 535 683 833 782 109 402 415 547 407 668 263 1276 1180 727 772 632 773 1068 788 1282 106 1155 531 685 758 426 522 813 815 215 1425 1221 0 782 632 973 184 1057 586 771 636 953 619 1035 1326 234 646 226 1338 592 572
162 576 636 738 304 507 135 398 221 847 469 502 638 161 323 969 101 936 612 299 909 401 862 132 689 630 261 561 457 169 678 750 504 402 282 1004 114 946 525 590 746 136 157 832 286 79 557 685 660 688 686 531 447 400 170 95 608 648 674 782 0 159 629 871 837 221 141 164 680 167 389 614 945 197 557 560 196 210
8 725 603 786 267 646 269 241 84 687 423 357 566 51 332 847 58 791 469 293 749 300 703 123 848 780 156 422 356 219 675 593 348 286 204 844 56 787 683 713 630 225 6 716 439 156 712 539 675 546 568 541 349 335 205 184 473 793 789 632 159 0 686 736 779 65 157 20 722 16 452 719 787 178 405 719 100 83
680 536 1264 113 455 431 512 785 654 1154 1093 757 508 638 362 1512 657 1044 1111 407 1255 572 1221 564 745 953 594 1078 1042 797 255 1014 949 615 540 1345 639 1226 652 333 1306 493 679 1390 718 708 592 872 1282 1185 1243 214 566 477 800 722 761 1003 310 973 629 686 0 935 1458 736 768 705 80 676 992 1129 1203 510 828 797 603 640
729 1306 1164 960 636 1197 910 523 655 396 1008 381 428 713 710 1006 782 113 689 685 505 486 503 748 1485 1499 611 711 846 950 713 294 566 472 605 555 762 400 1330 1184 910 833 734 958 1155 892 1324 214 1313 714 867 726 452 540 932 920 263 1520 1211 184 871 736 935 0 1236 702 887 744 901 721 1167 1450 360 707 352 1409 675 663
786 1329 221 1563 1042 1299 969 800 833 918 367 934 1285 830 1112 436 802 1220 547 1073 873 1017 836 896 1346 1080 909 527 442 680 1449 954 683 982 966 920 820 997 1211 1407 350 968 786 351 913 759 1282 1033 362 536 376 1321 1059 1087 671 752 1052 1047 1499 1057 837 779 1458 1236 0 742 695 759 1500 792 588 769 1030 958 917 1144 875 843
66 791 577 834 300 712 334 189 91 628 396 320 572 100 377 787 122 750 405 335 687 299 640 181 911 831 169 359 308 248 707 540 283 277 225 782 121 729 746 776 572 288 70 658 495 204 777 498 667 482 510 580 347 351 230 230 443 842 851 586 221 65 736 702 742 0 186 56 768 66 469 748 731 226 361 777 134 100
165 691 496 876 401 634 275 374 242 797 328 506 719 197 443 844 135 936 511 412 844 457 796 227 778 657 311 456 327 62 798 720 436 444 353 937 160 899 617 726 619 274 161 704 335 65 663 685 536 584 561 656 505 483 47 70 627 662 813 771 141 157 768 887 695 186 0 145 816 174 295 563 905 297 547 622 249 240
27 736 583 806 287 659 281 242 99 684 403 364 584 71 352 831 67 797 456 313 744 316 697 141 854 778 173 408 337 207 695 594 340 300 223 839 71 785 689 728 613 240 27 699 439 151 720 545 656 533 551 562 365 353 192 178 483 790 805 636 164 20 705 744 759 56 145 0 742 35 438 708 786 198 409 721 120 99
716 616 1312 68 476 511 570 799 682 1144 1137 756 473 673 391 1533 699 1012 1130 433 1249 576 1217 604 825 1032 617 1099 1076 850 197 1003 963 619 560 1336 679 1211 732 411 1331 544 715 1414 788 759 672 856 1339 1202 1269 206 563 480 851 775 746 1081 380 953 680 722 80 901 1500 768 816 742 0 711 1053 1200 1186 544 824 876 633 670
8 728 618 776 252 647 270 231 68 679 437 343 550 38 320 852 66 778 471 280 743 283 697 116 854 791 139 425 366 236 660 583 344 270 188 839 57 778 689 710 637 222 13 722 450 170 716 526 691 548 574 528 332 319 221 198 459 806 785 619 167 16 676 721 792 66 174 35 711 0 468 734 778 167 393 728 85 66
460 752 367 1105 687 738 482 644 536 1020 298 787 1012 492 712 883 427 1206 665 688 1042 752 993 510 758 515 606 608 428 235 1066 969 657 738 646 1127 452 1121 625 860 671 519 456 744 335 322 700 958 299 721 632 918 801 775 247 297 912 495 956 1035 389 452 992 1167 588 469 295 438 1053 468 0 296 1135 580 818 558 543 535
726 747 573 1240 917 778 659 931 802 1316 572 1069 1252 750 917 1134 681 1495 957 904 1337 1009 1289 746 671 342 864 901 719 500 1255 1263 953 1003 894 1421 705 1418 593 914 937 719 721 1000 411 569 681 1245 409 1010 906 1105 1057 1015 518 540 1191 295 1010 1326 614 719 1129 1450 769 748 563 708 1200 734 296 0 1432 811 1105 466 798 798
784 1474 1020 1251 809 1375 1029 547 729 118 901 475 728 788 904 711 844 270 511 867 173 656 197 852 1624 1561 723 556 733 962 1016 201 479 621 746 197 833 43 1460 1395 680 960 789 702 1226 935 1475 331 1198 497 657 989 646 742 941 959 442 1568 1442 234 945 787 1203 360 1030 731 905 786 1186 778 1135 1432 0 839 406 1506 771 743
172 634 778 608 106 538 203 317 149 756 599 366 440 128 154 1009 164 784 616 116 837 221 794 70 790 798 117 576 533 347 502 638 467 236 101 932 141 848 630 578 797 126 171 883 457 257 637 542 833 692 735 364 262 203 341 283 449 823 643 646 197 178 510 707 958 226 297 198 544 167 580 811 839 0 433 702 95 134
400 1068 822 892 406 969 627 173 335 332 659 71 425 396 503 773 458 390 391 464 428 259 393 451 1221 1185 318 394 502 608 682 204 234 220 340 519 443 417 1059 992 623 556 405 689 843 561 1070 140 962 442 569 619 262 352 589 588 135 1199 1044 226 557 405 828 352 917 361 547 409 824 393 818 1105 406 433 0 1115 370 347
722 306 925 898 781 376 499 959 780 1406 838 1056 1092 720 731 1422 661 1485 1131 741 1462 923 1414 667 208 165 804 1074 921 580 991 1310 1054 937 804 1556 674 1506 152 508 1201 576 717 1280 287 578 236 1238 818 1201 1151 853 961 884 601 557 1151 223 594 1338 560 719 797 1409 1144 777 622 721 876 728 558 466 1506 702 1115 0 745 767
93 709 703 699 168 619 258 232 53 681 522 310 469 52 242 913 117 742 521 200 756 211 711 80 852 825 66 481 443 308 576 571 375 207 104 851 93 776 689 667 703 191 94 788 480 229 705 492 775 597 640 446 259 235 296 257 412 844 736 592 196 100 603 675 875 134 249 120 633 85 543 798 771 95 370 745 0 38
75 742 676 736 199 654 288 200 15 650 494 291 484 49 279 875 118 725 482 236 722 217 678 112 881 840 74 442 408 301 606 544 338 205 126 818 98 747 717 705 665 225 78 749 497 230 736 474 755 558 602 480 266 255 287 258 400 858 775 572 210 83 640 663 843 100 240 99 670 66 535 798 743 134 347 767 38 0
