0 275 1664 264 397 143 1644 377 1320 1428 413 1370 679 857 630 962
275 0 1837 122 604 336 1911 187 1569 1454 600 1100 546 1016 885 958
1664 1837 0 1726 1823 1764 1103 1751 1988 2946 1253 2566 2342 821 1147 2562
264 122 1726 0 644 371 1850 113 1585 1563 504 1117 669 905 818 1070
397 604 1823 644 0 273 1544 756 975 1136 676 1683 703 1087 680 744
143 336 1764 371 273 0 1659 483 1232 1287 529 1431 601 972 680 829
1644 1911 1103 1850 1544 1659 0 1933 1143 2451 1380 2938 2236 1222 1031 2226
377 187 1751 113 756 483 1933 0 1698 1641 567 1018 709 934 902 1143
1320 1569 1988 1585 975 1232 1143 1698 0 1417 1372 2658 1602 1576 1084 1358
1428 1454 2946 1563 1136 1287 2451 1641 1417 0 1798 2148 1004 2222 1799 502
413 600 1253 504 676 529 1380 567 1372 1798 0 1558 1089 444 367 1357
1370 1100 2566 1117 1683 1431 2938 1018 2658 2148 1558 0 1193 1824 1913 1689
679 546 2342 669 703 601 2236 709 1602 1004 1089 1193 0 1529 1281 511
857 1016 821 905 1087 972 1222 934 1576 2222 444 1824 1529 0 503 1795
630 885 1147 818 680 680 1031 902 1084 1799 367 1913 1281 503 0 1424
962 958 2562 1070 744 829 2226 1143 1358 502 1357 1689 511 1795 1424 0
