0 933 309 1154 1127 206 1340 1091 690 1006 483 1689 1131 1305 57 316
933 0 1218 224 1791 1058 1909 168 813 867 466 2567 1511 909 883 662
309 1218 0 1442 882 356 1121 1367 782 1292 785 1516 1286 1436 367 626
1154 224 1442 0 2002 1270 2109 126 1007 934 679 2769 1635 979 1103 872
1127 1791 882 2002 0 1236 265 1892 1015 2130 1488 1935 2160 1508 1176 1400
206 1058 356 1270 1236 0 1468 1223 897 953 592 1520 955 1507 218 398
1340 1909 1121 2109 265 1468 0 1992 1102 2329 1655 2187 2406 1496 1385 1590
1091 168 1367 126 1892 1223 1992 0 890 992 631 2735 1664 859 1042 828
690 813 782 1007 1015 897 1102 890 0 1408 679 2298 1769 655 688 724
1006 867 1292 934 2130 953 2329 992 1408 0 729 2144 751 1744 955 740
483 466 785 679 1488 592 1655 631 679 729 0 2104 1177 1096 429 196
1689 2567 1516 2769 1935 1520 2187 2735 2298 2144 2104 0 1524 2952 1724 1908
1131 1511 1286 1635 2160 955 2406 1664 1769 751 1177 1524 0 2274 1109 1055
1305 909 1436 979 1508 1507 1496 859 655 1744 1096 2952 2274 0 1289 1231
57 883 367 1103 1176 218 1385 1042 688 955 429 1724 1109 1289 0 259
316 662 626 872 1400 398 1590 828 724 740 196 1908 1055 1231 259 0
