0 1040 1560 325 750 935 292 1314 129 275 946 649 220 654 1507 215
1040 0 528 1301 1310 999 1330 1977 1169 779 1984 1603 1207 1651 1308 1255
1560 528 0 1800 1709 1440 1846 2348 1689 1291 2506 2132 1712 2146 1600 1773
325 1301 1800 0 572 1247 180 1027 246 526 763 672 105 350 1821 198
750 1310 1709 572 0 1640 752 671 757 738 1235 1244 607 711 2194 751
935 999 1440 1247 1640 0 1138 2247 1003 910 1579 1057 1149 1524 573 1073
292 1330 1846 180 752 1138 0 1185 166 555 665 494 174 389 1709 77
1314 1977 2348 1027 671 2247 1185 0 1270 1379 1356 1603 1112 908 2815 1224
129 1169 1689 246 757 1003 166 1270 0 401 817 552 159 544 1576 88
275 779 1291 526 738 910 555 1379 401 0 1218 910 429 877 1456 482
946 1984 2506 763 1235 1579 665 1356 817 1218 0 530 822 526 2104 735
649 1603 2132 672 1244 1057 494 1603 552 910 530 0 658 700 1574 514
220 1207 1712 105 607 1149 174 1112 159 429 822 658 0 449 1722 146
654 1651 2146 350 711 1524 389 908 544 877 526 700 449 0 2094 461
1507 1308 1600 1821 2194 573 1709 2815 1576 1456 2104 1574 1722 2094 0 1646
215 1255 1773 198 751 1073 77 1224 88 482 735 514 146 461 1646 0
