0 314 566 22 158 209 22 196 276 512 155 746 168 256 855 346 829 388 778 131 777 785 312 403 177 257 662 699 518 855 523 490 50 737 793 531 704 29 523 156 529 444 247 562 63 639 709 760 42 730 763 363 334 633 720 658 311 9 116 649 644 252 520 431 727 819 3 597 430 652 646 592 466 762 273 859 612 163
314 0 539 325 250 400 300 511 577 507 200 635 222 232 581 602 633 442 1090 252 817 570 519 635 485 562 372 1007 768 840 680 638 358 709 512 377 960 327 787 262 838 632 520 594 371 906 996 978 341 525 460 118 640 922 684 915 210 305 424 503 548 536 310 745 522 531 313 441 744 872 659 583 704 547 170 653 921 262
566 539 0 551 417 395 577 668 613 58 615 1173 647 715 605 899 410 914 1170 641 1312 419 878 470 694 620 839 1124 577 1360 348 316 560 1231 974 235 724 595 1059 415 824 387 519 1087 562 713 848 1317 543 1054 654 436 673 795 1208 696 332 564 651 1043 1084 793 846 814 1050 629 568 980 846 581 128 48 516 406 676 1175 1044 674
22 325 551 0 150 188 45 188 259 497 175 768 189 277 856 354 824 409 771 153 798 782 327 381 175 241 677 694 496 877 501 469 33 759 810 525 683 46 529 146 515 422 225 583 46 618 690 771 20 751 769 367 318 614 742 637 307 29 116 671 666 257 539 420 748 823 25 618 422 630 629 576 444 758 293 880 607 185
158 250 417 150 0 149 164 321 347 366 210 812 240 320 719 504 674 503 900 227 901 633 466 384 321 338 623 829 517 962 448 409 172 837 763 375 709 186 679 11 611 389 277 678 180 656 751 919 151 751 649 247 415 677 817 664 160 154 265 697 714 407 531 538 748 693 159 639 549 625 509 448 454 610 303 881 743 261
209 400 395 188 149 0 229 273 240 337 331 940 355 443 821 509 730 597 811 329 987 703 506 235 301 240 772 751 368 1064 317 282 183 945 912 439 559 235 663 138 494 246 152 772 181 508 609 925 173 894 774 383 308 538 927 515 268 212 264 832 840 401 676 445 892 805 212 776 468 476 453 411 304 682 439 1025 668 363
22 300 577 45 164 229 0 211 297 524 133 723 145 233 848 343 830 368 790 108 759 785 302 426 186 278 642 709 541 835 544 511 71 716 773 533 727 28 523 163 548 466 269 542 84 661 730 755 65 707 752 355 354 654 699 680 311 16 125 626 621 254 498 447 705 811 19 574 444 675 661 605 489 761 252 837 623 140
196 511 668 188 321 273 211 0 134 610 337 863 337 413 1040 255 987 467 583 295 810 952 295 342 60 109 850 508 416 914 512 493 156 813 977 689 580 185 392 314 344 420 181 621 145 506 548 659 177 888 957 554 163 473 802 534 482 206 96 788 761 148 690 235 886 1009 198 743 234 568 718 682 384 929 449 1014 421 315
276 577 613 259 347 240 297 134 0 554 431 990 439 523 1057 377 970 598 571 399 944 944 429 219 194 24 936 514 281 1049 400 388 226 946 1069 680 449 278 484 337 264 307 93 755 213 376 433 760 240 1000 997 594 68 357 935 402 497 285 214 908 888 276 794 205 998 1036 278 861 233 434 641 618 253 923 549 1128 432 424
512 507 58 497 366 337 524 610 554 0 568 1138 600 671 632 842 454 867 1114 592 1265 456 824 417 637 562 823 1066 529 1317 308 273 504 1189 962 243 683 541 1001 363 768 338 461 1040 506 668 801 1260 488 1028 664 410 615 746 1167 653 297 510 594 1010 1047 736 816 756 1025 649 514 948 788 544 152 81 466 440 636 1151 986 625
155 200 615 175 210 331 133 337 431 568 0 609 32 112 778 401 801 299 901 52 697 746 322 549 299 411 513 814 669 752 647 610 205 627 641 517 858 154 587 217 679 577 400 472 218 793 864 786 195 576 661 290 486 788 607 811 300 146 242 502 509 338 364 571 574 732 152 447 563 798 716 650 614 722 118 706 730 67
746 635 1173 768 812 940 723 863 990 1138 609 0 585 496 1046 730 1205 403 1274 615 375 1131 618 1149 805 966 493 1174 1259 288 1256 1219 791 194 481 1000 1438 730 842 821 1186 1185 988 312 801 1367 1409 844 788 234 862 746 1026 1335 171 1392 841 739 776 139 102 764 344 1054 236 969 742 199 1023 1398 1291 1216 1211 1111 510 262 1109 582
168 222 647 189 240 355 145 337 439 600 32 585 0 89 803 381 831 267 892 42 665 776 297 568 295 418 515 803 686 722 672 636 217 597 640 549 872 161 566 246 681 600 415 440 229 807 873 758 210 562 680 318 492 797 577 826 332 160 242 482 484 325 355 569 560 754 165 429 559 817 747 682 632 752 111 691 720 39
256 232 715 277 320 443 233 413 523 671 112 496 89 0 806 411 863 212 946 125 601 802 309 657 365 501 457 854 774 646 759 723 304 519 572 594 960 246 590 328 757 689 503 375 316 893 956 755 298 477 667 345 572 879 497 913 388 248 317 393 396 376 277 640 475 750 253 341 624 906 821 752 721 778 66 605 773 99
855 581 605 856 719 821 848 1040 1057 632 778 1046 803 806 0 1178 270 1004 1619 829 1336 210 1100 1006 1031 1052 559 1548 1136 1316 938 899 885 1189 634 402 1306 877 1363 727 1315 949 973 1130 895 1280 1404 1559 864 836 188 494 1126 1340 1161 1272 561 847 971 910 998 1101 721 1256 833 81 854 858 1269 1173 712 646 1068 211 740 912 1462 843
346 602 899 354 504 509 343 255 377 842 401 730 381 411 1178 0 1174 335 556 349 589 1127 116 595 210 354 864 459 651 713 768 748 340 632 968 877 792 318 185 501 480 675 436 439 336 713 717 418 358 819 1061 684 374 649 628 748 655 351 247 692 636 109 663 344 818 1133 344 665 303 806 962 919 630 1104 472 931 385 342
829 633 410 824 674 730 830 987 970 454 801 1205 831 863 270 1174 0 1075 1541 846 1445 76 1118 868 995 971 751 1482 984 1451 759 726 845 1321 853 299 1135 856 1353 679 1208 792 878 1225 853 1122 1255 1581 825 1021 417 518 1036 1199 1293 1106 519 823 939 1066 1139 1081 862 1175 1017 334 830 1007 1198 991 489 439 920 94 803 1116 1398 869
388 442 914 409 503 597 368 467 598 867 299 403 267 212 1004 335 1075 0 891 276 398 1013 219 778 407 574 578 792 875 467 911 878 423 352 660 805 1047 365 479 508 783 830 610 175 431 973 1008 580 428 487 853 557 628 934 338 1001 596 384 386 357 304 361 360 651 486 943 385 332 620 1021 1012 948 834 989 271 596 721 242
778 1090 1170 771 900 811 790 583 571 1114 901 1274 892 946 1619 556 1541 891 0 852 1051 1515 673 711 604 571 1403 100 651 1197 885 893 740 1147 1517 1250 650 762 436 891 355 807 662 967 728 590 485 592 760 1376 1541 1138 504 472 1150 632 1058 787 665 1248 1185 570 1213 366 1375 1592 779 1222 350 763 1174 1167 688 1494 999 1487 173 858
131 252 641 153 227 329 108 295 399 592 52 615 42 125 829 349 846 276 852 0 674 793 273 534 254 378 557 764 649 739 646 611 179 617 682 558 835 121 535 231 639 571 378 452 191 768 832 737 174 602 713 339 450 756 598 788 337 124 199 517 514 287 396 527 599 783 128 466 517 783 736 674 597 769 154 730 680 35
777 817 1312 798 901 987 759 810 944 1265 697 375 665 601 1336 589 1445 398 1051 674 0 1378 515 1146 751 919 820 953 1225 151 1294 1265 807 180 840 1192 1378 752 621 906 1067 1209 977 225 812 1301 1305 523 815 598 1163 936 955 1238 205 1334 990 775 750 465 362 671 618 931 599 1265 775 498 888 1378 1411 1347 1194 1355 651 636 908 640
785 570 419 782 633 703 785 952 944 456 746 1131 776 802 210 1127 76 1013 1515 793 1378 0 1066 858 955 943 674 1452 980 1380 764 729 805 1250 777 264 1139 811 1308 639 1190 789 854 1160 814 1121 1251 1530 784 945 343 458 1012 1192 1223 1108 474 779 898 992 1067 1038 790 1149 942 266 786 934 1169 999 513 454 914 23 741 1039 1367 814
312 519 878 327 466 506 302 295 429 824 322 618 297 309 1100 116 1118 219 673 273 515 1066 0 635 237 404 755 576 710 625 794 769 323 533 855 826 866 283 282 466 576 704 467 339 324 790 808 463 337 702 972 613 442 737 526 821 603 314 246 576 522 158 549 441 701 1050 310 548 406 863 955 904 680 1043 373 815 502 257
403 635 470 381 384 235 426 342 219 417 549 1149 568 657 1006 595 868 778 711 534 1146 858 635 0 398 241 1007 677 135 1241 187 184 359 1130 1147 606 325 419 702 373 357 97 169 945 349 280 397 978 361 1122 986 610 249 334 1116 283 485 410 396 1051 1047 490 906 377 1120 1003 406 997 420 248 463 461 69 840 664 1253 605 567
177 485 694 175 321 301 186 60 194 637 299 805 295 365 1031 210 995 407 604 254 751 955 237 398 0 169 811 523 475 854 562 540 149 753 935 696 641 158 365 316 393 471 232 561 141 566 605 624 170 836 939 540 221 530 741 594 481 185 61 732 703 101 642 274 834 997 177 689 263 627 753 712 443 932 407 961 436 268
257 562 620 241 338 240 278 109 24 562 411 966 418 501 1052 354 971 574 571 378 919 943 404 241 169 0 919 511 306 1024 420 405 208 922 1051 678 473 257 466 328 276 326 101 731 194 400 454 741 223 979 988 584 78 378 910 426 491 266 190 885 864 252 774 205 976 1029 260 838 228 458 653 627 277 922 528 1106 428 402
662 372 839 677 623 772 642 850 936 823 513 493 515 457 559 864 751 578 1403 557 820 674 755 1007 811 919 0 1312 1140 774 1043 1000 710 655 141 618 1332 666 1037 634 1191 1002 888 645 724 1277 1364 1157 696 277 372 422 996 1288 627 1288 553 652 756 364 461 833 219 1084 274 479 659 322 1075 1243 967 887 1077 657 405 365 1230 545
699 1007 1124 694 829 751 709 508 514 1066 814 1174 803 854 1548 459 1482 792 100 764 953 1452 576 677 523 511 1312 0 636 1098 858 862 664 1047 1423 1188 664 681 337 821 336 775 607 867 653 597 510 508 684 1278 1462 1061 451 483 1050 640 989 707 584 1149 1085 479 1119 310 1277 1517 699 1124 283 762 1138 1125 664 1431 909 1388 86 769
518 768 577 496 517 368 541 416 281 529 669 1259 686 774 1136 651 984 875 651 649 1225 980 710 135 475 306 1140 636 0 1330 244 264 470 1226 1280 733 191 530 726 506 300 191 271 1036 459 145 271 1001 476 1246 1121 746 277 218 1213 147 621 525 488 1167 1157 555 1031 368 1243 1135 521 1115 418 155 546 560 68 962 786 1376 575 680
855 840 1360 877 962 1064 835 914 1049 1317 752 288 722 646 1316 713 1451 467 1197 739 151 1380 625 1241 854 1024 774 1098 1330 0 1378 1346 890 131 770 1217 1492 832 763 968 1193 1296 1072 295 897 1415 1429 674 895 522 1135 959 1068 1360 157 1446 1030 851 845 410 317 784 595 1057 524 1241 852 458 1016 1480 1467 1398 1294 1359 685 533 1050 704
523 680 348 501 448 317 544 512 400 308 647 1256 672 759 938 768 759 911 885 646 1294 764 794 187 562 420 1043 858 244 1378 0 42 488 1261 1184 539 376 545 885 438 529 93 331 1084 482 369 506 1161 483 1197 952 623 436 461 1243 349 490 527 548 1145 1156 660 978 563 1194 949 526 1087 607 235 302 323 197 749 751 1327 789 680
490 638 316 469 409 282 511 493 388 273 610 1219 636 723 899 748 726 878 893 611 1265 729 769 184 540 405 1000 862 264 1346 42 0 458 1227 1142 500 410 514 872 399 538 87 312 1052 452 397 532 1147 451 1157 911 580 429 483 1209 380 448 494 522 1106 1119 640 937 562 1154 909 493 1048 603 274 284 295 209 713 712 1286 790 646
50 358 560 33 172 183 71 156 226 504 205 791 217 304 885 340 845 423 740 179 807 805 323 359 149 208 710 664 470 890 488 458 0 775 842 546 655 60 510 166 482 406 199 596 13 590 659 758 20 779 800 397 285 583 759 609 331 58 94 696 688 238 570 387 777 853 52 645 390 607 632 582 420 782 323 909 577 209
737 709 1231 759 837 945 716 813 946 1189 627 194 597 519 1189 632 1321 352 1147 617 180 1250 533 1130 753 922 655 1047 1226 131 1261 1227 775 0 665 1086 1393 716 710 844 1109 1181 963 194 783 1318 1342 670 778 420 1011 828 970 1270 28 1347 901 733 737 293 194 691 468 973 421 1116 734 335 935 1373 1340 1270 1186 1228 555 456 991 582
793 512 974 810 763 912 773 977 1069 962 641 481 640 572 634 968 853 660 1517 682 840 777 855 1147 935 1051 141 1423 1280 770 1184 1142 842 665 0 749 1472 795 1134 774 1320 1143 1024 695 856 1416 1499 1228 829 247 448 563 1127 1423 637 1427 695 784 881 376 478 948 305 1209 245 552 791 355 1196 1385 1103 1023 1217 761 528 284 1343 666
531 377 235 525 375 439 533 689 680 243 517 1000 549 594 402 877 299 805 1250 558 1192 264 826 606 696 678 618 1188 733 1217 539 500 546 1086 749 0 904 558 1054 380 928 546 590 967 554 878 1003 1287 526 853 421 258 747 940 1061 869 223 526 640 864 920 782 659 884 850 409 532 801 904 774 362 283 666 243 540 968 1103 584
704 960 724 683 709 559 727 580 449 683 858 1438 872 960 1306 792 1135 1047 650 835 1378 1139 866 325 641 473 1332 664 191 1492 376 410 655 1393 1472 904 0 714 833 697 351 359 457 1201 643 78 172 1098 663 1434 1303 935 424 181 1382 46 809 712 663 1351 1336 708 1220 467 1432 1311 707 1301 517 151 667 698 256 1123 975 1564 625 864
29 327 595 46 186 235 28 185 278 541 154 730 161 246 877 318 856 365 762 121 752 811 283 419 158 257 666 681 530 832 545 514 60 716 795 558 714 0 497 185 524 465 258 538 70 647 711 732 62 723 781 383 332 635 700 667 337 32 97 637 628 226 516 420 721 840 27 587 417 667 675 621 480 788 271 852 595 150
523 787 1059 529 679 663 523 392 484 1001 587 842 566 590 1363 185 1353 479 436 535 621 1308 282 702 365 466 1037 337 726 763 885 872 510 710 1134 1054 833 497 0 675 487 792 563 532 504 755 723 276 530 965 1246 869 456 666 713 794 834 529 415 829 758 272 829 366 964 1318 522 811 316 879 1110 1074 722 1285 653 1068 287 526
156 262 415 146 11 138 163 314 337 363 217 821 246 328 727 501 679 508 891 231 906 639 466 373 316 328 634 821 506 968 438 399 166 844 774 380 697 185 675 0 601 378 266 683 174 644 739 917 146 761 660 258 405 666 824 653 167 152 260 707 723 403 542 529 758 702 157 648 541 614 505 445 442 616 312 891 735 266
529 838 824 515 611 494 548 344 264 768 679 1186 681 757 1315 480 1208 783 355 639 1067 1190 576 357 393 276 1191 336 300 1193 529 538 482 1109 1320 928 351 524 487 601 0 452 342 914 468 276 239 747 498 1229 1261 859 198 179 1102 318 758 539 440 1123 1087 422 1034 136 1227 1298 531 1082 179 429 820 817 332 1170 793 1354 280 659
444 632 387 422 389 246 466 420 307 338 577 1185 600 689 949 675 792 830 807 571 1209 789 704 97 471 326 1002 775 191 1296 93 87 406 1181 1143 546 359 465 792 378 452 0 239 1001 398 332 463 1068 403 1140 945 590 344 408 1165 323 459 449 459 1079 1084 568 920 475 1137 952 447 1022 517 243 368 372 129 772 686 1270 703 605
247 520 519 225 277 152 269 181 93 461 400 988 415 503 973 436 878 610 662 378 977 854 467 169 232 101 888 607 271 1072 331 312 199 963 1024 590 457 258 563 266 342 239 0 777 187 394 476 836 205 976 921 523 158 402 948 411 417 254 227 895 886 329 763 298 974 956 250 844 326 411 552 526 223 833 518 1106 526 408
562 594 1087 583 678 772 542 621 755 1040 472 312 440 375 1130 439 1225 175 967 452 225 1160 339 945 561 731 645 867 1036 295 1084 1052 596 194 695 967 1201 538 532 683 914 1001 777 0 603 1125 1147 544 601 476 965 713 777 1076 188 1155 764 559 550 332 240 497 429 779 476 1063 559 340 741 1185 1187 1122 998 1136 426 556 806 417
63 371 562 46 180 181 84 145 213 506 218 801 229 316 895 336 853 431 728 191 812 814 324 349 141 194 724 653 459 897 482 452 13 783 856 554 643 70 504 174 468 398 187 603 0 577 646 754 31 792 812 409 272 569 768 597 340 72 89 708 699 233 582 374 789 864 65 657 378 597 632 584 409 791 336 921 566 220
639 906 713 618 656 508 661 506 376 668 793 1367 807 893 1280 713 1122 973 590 768 1301 1121 790 280 566 400 1277 597 145 1415 369 397 590 1318 1416 878 78 647 755 644 276 332 394 1125 577 0 139 1021 598 1369 1266 889 347 117 1308 42 766 647 591 1283 1265 631 1158 388 1367 1281 642 1234 438 178 669 692 213 1105 912 1499 553 796
709 996 848 690 751 609 730 548 433 801 864 1409 873 956 1404 717 1255 1008 485 832 1305 1251 808 397 605 454 1364 510 271 1429 506 532 659 1342 1499 1003 172 711 723 739 239 463 476 1147 646 139 0 974 671 1433 1380 992 385 76 1334 170 874 718 641 1336 1308 651 1228 374 1431 1400 711 1291 418 312 808 828 337 1234 982 1560 483 857
760 978 1317 771 919 925 755 659 760 1260 786 844 758 755 1559 418 1581 580 592 737 523 1530 463 978 624 741 1157 508 1001 674 1161 1147 758 670 1228 1287 1098 732 276 917 747 1068 836 544 754 1021 974 0 776 1021 1422 1076 732 925 684 1062 1064 765 665 876 785 524 938 637 1021 1505 759 878 586 1153 1377 1336 998 1506 821 1099 499 719
42 341 543 20 151 173 65 177 240 488 195 788 210 298 864 358 825 428 760 174 815 784 337 361 170 223 696 684 476 895 483 451 20 778 829 526 663 62 530 146 498 403 205 601 31 598 671 776 0 771 780 377 301 595 762 616 310 49 114 691 686 257 560 406 769 832 45 639 410 609 618 567 423 761 313 901 598 206
730 525 1054 751 751 894 707 888 1000 1028 576 234 562 477 836 819 1021 487 1376 602 598 945 702 1122 836 979 277 1278 1246 522 1197 1157 779 420 247 853 1434 723 965 761 1229 1140 976 476 792 1369 1433 1021 771 0 649 618 1049 1357 393 1388 735 722 793 144 242 824 219 1106 3 756 727 154 1084 1370 1178 1100 1189 926 459 130 1204 576
763 460 654 769 649 774 752 957 997 664 661 862 680 667 188 1061 417 853 1541 713 1163 343 972 986 939 988 372 1462 1121 1135 952 911 800 1011 448 421 1303 781 1246 660 1261 945 921 965 812 1266 1380 1422 780 649 0 404 1065 1311 983 1264 506 754 878 728 818 996 545 1185 646 107 762 677 1191 1182 775 700 1053 333 601 725 1376 720
363 118 436 367 247 383 355 554 594 410 290 746 318 345 494 684 518 557 1138 339 936 458 613 610 540 584 422 1061 746 959 623 580 397 828 563 258 935 383 869 258 859 590 523 713 409 889 992 1076 377 618 404 0 662 920 802 893 132 354 479 612 663 606 411 781 615 456 362 549 788 833 560 482 679 435 287 740 975 357
334 640 673 318 415 308 354 163 68 615 486 1026 492 572 1126 374 1036 628 504 450 955 1012 442 249 221 78 996 451 277 1068 436 429 285 970 1127 747 424 332 456 405 198 344 158 777 272 347 385 732 301 1049 1065 662 0 309 961 378 566 343 256 951 925 284 847 141 1047 1105 336 906 175 433 693 675 266 991 603 1175 371 473
633 922 795 614 677 538 654 473 357 746 788 1335 797 879 1340 649 1199 934 472 756 1238 1192 737 334 530 378 1288 483 218 1360 461 483 583 1270 1423 940 181 635 666 666 179 408 402 1076 569 117 76 925 595 1357 1311 920 309 0 1262 159 804 641 565 1261 1233 579 1152 308 1355 1334 635 1215 355 294 764 778 279 1174 906 1484 444 781
720 684 1208 742 817 927 699 802 935 1167 607 171 577 497 1161 628 1293 338 1150 598 205 1223 526 1116 741 910 627 1050 1213 157 1243 1209 759 28 637 1061 1382 700 713 824 1102 1165 948 188 768 1308 1334 684 762 393 983 802 961 1262 0 1336 877 716 724 265 166 683 440 967 394 1087 717 306 930 1359 1318 1248 1172 1201 532 433 992 563
658 915 696 637 664 515 680 534 402 653 811 1392 826 913 1272 748 1106 1001 632 788 1334 1108 821 283 594 426 1288 640 147 1446 349 380 609 1347 1427 869 46 667 794 653 318 323 411 1155 597 42 170 1062 616 1388 1264 893 378 159 1336 0 767 665 616 1305 1289 663 1174 427 1385 1275 661 1254 478 142 645 672 213 1092 929 1517 595 817
311 210 332 307 160 268 311 482 497 297 300 841 332 388 561 655 519 596 1058 337 990 474 603 485 481 491 553 989 621 1030 490 448 331 901 695 223 809 337 834 167 758 459 417 764 340 766 874 1064 310 735 506 132 566 804 877 767 0 305 423 712 751 563 520 694 731 539 311 650 708 702 450 375 554 451 345 860 903 365
9 305 564 29 154 212 16 206 285 510 146 739 160 248 847 351 823 384 787 124 775 779 314 410 185 266 652 707 525 851 527 494 58 733 784 526 712 32 529 152 539 449 254 559 72 647 718 765 49 722 754 354 343 641 716 665 305 0 124 642 638 258 511 440 719 811 7 589 439 659 646 591 473 756 265 851 621 157
116 424 651 116 265 264 125 96 214 594 242 776 242 317 971 247 939 386 665 199 750 898 246 396 61 190 756 584 488 845 548 522 94 737 881 640 663 97 415 260 440 459 227 550 89 591 641 665 114 793 878 479 256 565 724 616 423 124 0 695 673 143 594 328 790 936 116 649 321 635 717 671 448 875 354 919 497 218
649 503 1043 671 697 832 626 788 908 1010 502 139 482 393 910 692 1066 357 1248 517 465 992 576 1051 732 885 364 1149 1167 410 1145 1106 696 293 376 864 1351 637 829 707 1123 1079 895 332 708 1283 1336 876 691 144 728 612 951 1261 265 1305 712 642 695 0 102 708 205 995 144 834 646 62 969 1300 1162 1087 1115 972 394 239 1078 487
644 548 1084 666 714 840 621 761 888 1047 509 102 484 396 998 636 1139 304 1185 514 362 1067 522 1047 703 864 461 1085 1157 317 1156 1119 688 194 478 920 1336 628 758 723 1087 1084 886 240 699 1265 1308 785 686 242 818 663 925 1233 166 1289 751 638 673 102 0 665 278 955 243 923 641 140 925 1296 1199 1126 1109 1046 414 315 1018 480
252 536 793 257 407 401 254 148 276 736 338 764 325 376 1101 109 1081 361 570 287 671 1038 158 490 101 252 833 479 555 784 660 640 238 691 948 782 708 226 272 403 422 568 329 497 233 631 651 524 257 824 996 606 284 579 683 663 563 258 143 708 665 0 646 289 822 1061 251 672 261 710 854 812 530 1014 429 943 397 289
520 310 846 539 531 676 498 690 794 816 364 344 355 277 721 663 862 360 1213 396 618 790 549 906 642 774 219 1119 1031 595 978 937 570 468 305 659 1220 516 829 542 1034 920 763 429 582 1158 1228 938 560 219 545 411 847 1152 440 1174 520 511 594 205 278 646 0 917 216 648 517 144 900 1152 968 891 973 769 246 349 1040 375
431 745 814 420 538 445 447 235 205 756 571 1054 569 640 1256 344 1175 651 366 527 931 1149 441 377 274 205 1084 310 368 1057 563 562 387 973 1209 884 467 420 366 529 136 475 298 779 374 388 374 637 406 1106 1185 781 141 308 967 427 694 440 328 995 955 289 917 0 1104 1231 432 956 50 516 832 816 378 1127 681 1228 230 543
727 522 1050 748 748 892 705 886 998 1025 574 236 560 475 833 818 1017 486 1375 599 599 942 701 1120 834 976 274 1277 1243 524 1194 1154 777 421 245 850 1432 721 964 758 1227 1137 974 476 789 1367 1431 1021 769 3 646 615 1047 1355 394 1385 731 719 790 144 243 822 216 1104 0 753 725 153 1082 1367 1175 1097 1187 923 456 133 1203 574
819 531 629 823 693 805 811 1009 1036 649 732 969 754 750 81 1133 334 943 1592 783 1265 266 1050 1003 997 1029 479 1517 1135 1241 949 909 853 1116 552 409 1311 840 1318 702 1298 952 956 1063 864 1281 1400 1505 832 756 107 456 1105 1334 1087 1275 539 811 936 834 923 1061 648 1231 753 0 819 783 1241 1183 743 672 1067 261 684 831 1431 794
3 313 568 25 159 212 19 198 278 514 152 742 165 253 854 344 830 385 779 128 775 786 310 406 177 260 659 699 521 852 526 493 52 734 791 532 707 27 522 157 531 447 250 559 65 642 711 759 45 727 762 362 336 635 717 661 311 7 116 646 641 251 517 432 725 819 0 594 432 655 649 594 469 763 271 856 613 160
597 441 980 618 639 776 574 743 861 948 447 199 429 341 858 665 1007 332 1222 466 498 934 548 997 689 838 322 1124 1115 458 1087 1048 645 335 355 801 1301 587 811 648 1082 1022 844 340 657 1234 1291 878 639 154 677 549 906 1215 306 1254 650 589 649 62 140 672 144 956 153 783 594 0 933 1246 1100 1024 1062 913 336 271 1050 437
430 744 846 422 549 468 444 234 233 788 563 1023 559 624 1269 303 1198 620 350 517 888 1169 406 420 263 228 1075 283 418 1016 607 603 390 935 1196 904 517 417 316 541 179 517 326 741 378 438 418 586 410 1084 1191 788 175 355 930 478 708 439 321 969 925 261 900 50 1082 1241 432 933 0 567 869 850 425 1147 669 1204 199 530
652 872 581 630 625 476 675 568 434 544 798 1398 817 906 1173 806 991 1021 763 783 1378 999 863 248 627 458 1243 762 155 1480 235 274 607 1373 1385 774 151 667 879 614 429 243 411 1185 597 178 312 1153 609 1370 1182 833 433 294 1359 142 702 659 635 1300 1296 710 1152 516 1367 1183 655 1246 567 0 516 552 187 984 912 1500 710 815
646 659 128 629 509 453 661 718 641 152 716 1291 747 821 712 962 489 1012 1174 736 1411 513 955 463 753 653 967 1138 546 1467 302 284 632 1340 1103 362 667 675 1110 505 820 368 552 1187 632 669 808 1377 618 1178 775 560 693 764 1318 645 450 646 717 1162 1199 854 968 832 1175 743 649 1100 869 516 0 80 494 504 788 1301 1063 770
592 583 48 576 448 411 605 682 618 81 650 1216 682 752 646 919 439 948 1167 674 1347 454 904 461 712 627 887 1125 560 1398 323 295 582 1270 1023 283 698 621 1074 445 817 372 526 1122 584 692 828 1336 567 1100 700 482 675 778 1248 672 375 591 671 1087 1126 812 891 816 1097 672 594 1024 850 552 80 0 501 443 716 1222 1046 707
466 704 516 444 454 304 489 384 253 466 614 1211 632 721 1068 630 920 834 688 597 1194 914 680 69 443 277 1077 664 68 1294 197 209 420 1186 1217 666 256 480 722 442 332 129 223 998 409 213 337 998 423 1189 1053 679 266 279 1172 213 554 473 448 1115 1109 530 973 378 1187 1067 469 1062 425 187 494 501 0 897 730 1319 597 629
762 547 406 758 610 682 761 929 923 440 722 1111 752 778 211 1104 94 989 1494 769 1355 23 1043 840 932 922 657 1431 962 1359 749 713 782 1228 761 243 1123 788 1285 616 1170 772 833 1136 791 1105 1234 1506 761 926 333 435 991 1174 1201 1092 451 756 875 972 1046 1014 769 1127 923 261 763 913 1147 984 504 443 897 0 717 1022 1345 790
273 170 676 293 303 439 252 449 549 636 118 510 111 66 740 472 803 271 999 154 651 741 373 664 407 528 405 909 786 685 751 712 323 555 528 540 975 271 653 312 793 686 518 426 336 912 982 821 313 459 601 287 603 906 532 929 345 265 354 394 414 429 246 681 456 684 271 336 669 912 788 716 730 717 0 589 826 140
859 653 1175 880 881 1025 837 1014 1128 1151 706 262 691 605 912 931 1116 596 1487 730 636 1039 815 1253 961 1106 365 1388 1376 533 1327 1286 909 456 284 968 1564 852 1068 891 1354 1270 1106 556 921 1499 1560 1099 901 130 725 740 1175 1484 433 1517 860 851 919 239 315 943 349 1228 133 831 856 271 1204 1500 1301 1222 1319 1022 589 0 1317 704
612 921 1044 607 743 668 623 421 432 986 730 1109 720 773 1462 385 1398 721 173 680 908 1367 502 605 436 428 1230 86 575 1050 789 790 577 991 1343 1103 625 595 287 735 280 703 526 806 566 553 483 499 598 1204 1376 975 371 444 992 595 903 621 497 1078 1018 397 1040 230 1203 1431 613 1050 199 710 1063 1046 597 1345 826 1317 0 686
163 262 674 185 261 363 140 315 424 625 67 582 39 99 843 342 869 242 858 35 640 814 257 567 268 402 545 769 680 704 680 646 209 582 666 584 864 150 526 266 659 605 408 417 220 796 857 719 206 576 720 357 473 781 563 817 365 157 218 487 480 289 375 543 574 794 160 437 530 815 770 707 629 790 140 704 686 0
