0 68 1103 614 1309 1419 339 1396 6 1617 1441 153 796 932 1573 627
68 0 1077 553 1369 1433 278 1465 71 1563 1392 205 789 985 1505 577
1103 1077 0 1278 2295 797 873 2085 1099 2160 2086 1049 1825 1225 1635 595
614 553 1278 0 1732 1846 480 1973 619 1024 876 758 678 1533 1010 683
1309 1369 2295 1732 0 2235 1647 736 1309 2441 2209 1287 1262 1328 2736 1928
1419 1433 797 1846 2235 0 1368 1782 1413 2831 2716 1290 2216 917 2406 1219
339 278 873 480 1647 1368 0 1705 339 1494 1356 409 952 1113 1299 314
1396 1465 2085 1973 736 1782 1705 0 1393 2867 2650 1296 1725 893 2966 1906
6 71 1099 619 1309 1413 339 1393 0 1623 1447 147 802 925 1577 626
1617 1563 2160 1024 2441 2831 1494 2867 1623 0 235 1769 1180 2548 841 1615
1441 1392 2086 876 2209 2716 1356 2650 1447 235 0 1595 950 2372 950 1516
153 205 1049 758 1287 1290 409 1296 147 1769 1595 0 929 779 1691 646
796 789 1825 678 1262 2216 952 1725 802 1180 950 929 0 1620 1560 1251
932 985 1225 1533 1328 917 1113 893 925 2548 2372 779 1620 0 2405 1196
1573 1505 1635 1010 2736 2406 1299 2966 1577 841 950 1691 1560 2405 0 1245
627 577 595 683 1928 1219 314 1906 626 1615 1516 646 1251 1196 1245 0
