0 827 1326 1327 1119 1635 1175 648 1050 1516 343 71 48 1476 1508 1302
827 0 1747 1644 291 1025 503 699 900 2314 999 804 823 702 2068 2129
1326 1747 0 217 1968 2764 2244 1050 2347 1314 1616 1397 1281 2020 426 1630
1327 1644 217 0 1844 2669 2147 948 2310 1514 1641 1396 1279 1855 639 1794
1119 291 1968 1844 0 884 412 924 1003 2602 1274 1094 1114 487 2311 2420
1635 1025 2764 2669 884 0 522 1721 803 3134 1602 1579 1656 1214 3059 2808
1175 503 2244 2147 412 522 0 1199 670 2691 1217 1129 1188 853 2548 2423
648 699 1050 948 924 1721 1199 0 1415 1804 983 690 605 1073 1388 1775
1050 900 2347 2310 1003 803 670 1415 0 2441 893 980 1087 1487 2557 2055
1516 2314 1314 1514 2602 3134 2691 1804 2441 0 1550 1563 1506 2866 1007 579
343 999 1616 1641 1274 1602 1217 983 893 1550 0 293 391 1692 1741 1210
71 804 1397 1396 1094 1579 1129 690 980 1563 293 0 116 1468 1578 1326
48 823 1281 1279 1114 1656 1188 605 1087 1506 391 116 0 1459 1470 1311
1476 702 2020 1855 487 1214 853 1073 1487 2866 1692 1468 1459 0 2410 2765
1508 2068 426 639 2311 3059 2548 1388 2557 1007 1741 1578 1470 2410 0 1438
1302 2129 1630 1794 2420 2808 2423 1775 2055 579 1210 1326 1311 2765 1438 0
