0 378 203 112 723 1053 1186 913 1084 195 149 686 963 1360 1401 476
378 0 421 490 569 1240 953 573 708 336 229 615 768 1065 1255 109
203 421 0 226 886 870 1046 855 1108 85 259 869 813 1474 1224 486
112 490 226 0 807 1007 1261 1015 1197 258 262 754 1032 1461 1451 586
723 569 886 807 0 1756 1449 967 794 822 627 148 1301 707 1794 619
1053 1240 870 1007 1756 0 1233 1404 1804 935 1129 1738 1043 2299 1103 1258
1186 953 1046 1261 1449 1233 0 515 938 1002 1096 1537 237 1603 409 860
913 573 855 1015 967 1404 515 0 452 780 781 1074 466 1097 911 463
1084 708 1108 1197 794 1804 938 452 0 1023 935 935 919 670 1346 623
195 336 85 258 822 935 1002 780 1023 0 197 816 774 1394 1206 401
149 229 259 262 627 1129 1096 781 935 197 0 618 884 1229 1347 331
686 615 869 754 148 1738 1537 1074 935 816 618 0 1374 835 1865 685
963 768 813 1032 1301 1043 237 466 919 774 884 1374 0 1555 493 688
1360 1065 1474 1461 707 2299 1603 1097 670 1394 1229 835 1555 0 2007 1041
1401 1255 1224 1451 1794 1103 409 911 1346 1206 1347 1865 493 2007 0 1180
476 109 486 586 619 1258 860 463 623 401 331 685 688 1041 1180 0
