0 383 129 144 917 1457 392 1620 561 129 1037 995 1360 1233 591 860
383 0 428 271 1293 1836 726 1755 928 257 666 1070 1614 1614 813 1155
129 428 0 251 869 1458 468 1491 502 184 1095 1122 1243 1197 464 941
144 271 251 0 1056 1568 456 1727 704 99 902 929 1494 1366 712 899
917 1293 869 1056 0 717 763 1437 368 1036 1954 1501 888 338 753 906
1457 1836 1458 1568 717 0 1140 2092 1019 1586 2452 1611 1494 455 1459 936
392 726 468 456 763 1140 0 1831 515 507 1312 791 1449 1016 812 472
1620 1755 1491 1727 1437 2092 1831 0 1371 1634 2275 2596 612 1636 1036 2211
561 928 502 704 368 1019 515 1371 0 674 1593 1305 938 702 463 839
129 257 184 99 1036 1586 507 1634 674 0 919 1028 1419 1357 628 966
1037 666 1095 902 1954 2452 1312 2275 1593 919 0 1290 2237 2269 1447 1653
995 1070 1122 929 1501 1611 791 2596 1305 1028 1290 0 2241 1673 1560 678
1360 1614 1243 1494 888 1494 1449 612 938 1419 2237 2241 0 1039 801 1749
1233 1614 1197 1366 338 455 1016 1636 702 1357 2269 1673 1039 0 1083 1016
591 813 464 712 753 1459 812 1036 463 628 1447 1560 801 1083 0 1240
860 1155 941 899 906 936 472 2211 839 966 1653 678 1749 1016 1240 0
