0 732 1015 1701 682 248 1661 1390 74 554 342 619 954 1081 1300 742
732 0 1546 1285 1369 676 2372 1930 806 1287 1036 1351 773 1496 615 1196
1015 1546 0 1809 512 1260 1090 1963 987 867 1068 878 1145 261 2162 1585
1701 1285 1809 0 2002 1808 2892 3085 1763 2144 2038 2202 768 1588 1508 2386
682 1369 512 2002 0 891 1005 1452 626 357 605 365 1249 721 1967 1100
248 676 1260 1808 891 0 1829 1287 274 682 385 740 1099 1329 1169 578
1661 2372 1090 2892 1005 1829 0 1738 1594 1151 1464 1098 2187 1337 2961 1802
1390 1930 1963 3085 1452 1287 1738 0 1336 1115 1072 1090 2345 2169 2258 735
74 806 987 1763 626 274 1594 1336 0 480 275 544 1010 1070 1369 710
554 1287 867 2144 357 682 1151 1115 480 0 314 64 1375 1056 1839 755
342 1036 1068 2038 605 385 1464 1072 275 314 0 366 1282 1207 1554 520
619 1351 878 2202 365 740 1098 1090 544 64 366 0 1434 1079 1901 776
954 773 1145 768 1249 1099 2187 2345 1010 1375 1282 1434 0 979 1271 1673
1081 1496 261 1588 721 1329 1337 2169 1070 1056 1207 1079 979 0 2103 1727
1300 615 2162 1508 1967 1169 2961 2258 1369 1839 1554 1901 1271 2103 0 1545
742 1196 1585 2386 1100 578 1802 735 710 755 520 776 1673 1727 1545 0
