0 896 238 1553 397 1344 1328 1617 574 754 530 1075 639 545 94 567 1713
896 0 681 1115 1121 1431 1929 1004 1227 671 1107 1279 486 380 878 1322 1632
238 681 0 1337 473 1398 1378 1495 619 548 682 972 406 313 267 782 1735
1553 1115 1337 0 1464 2529 1745 2010 1424 800 2004 920 942 1135 1604 2117 2748
397 1121 473 1464 0 1735 933 1966 179 705 889 780 709 741 490 830 2109
1344 1431 1398 2529 1735 0 2648 1108 1914 1870 875 2371 1658 1437 1249 1084 412
1328 1929 1378 1745 933 2648 0 2864 763 1308 1779 830 1447 1576 1420 1638 3033
1617 1004 1495 2010 1966 1108 2864 0 2113 1672 1472 2279 1471 1297 1548 1751 1027
574 1227 619 1424 179 1914 763 2113 0 722 1067 653 778 853 668 993 2287
754 671 548 800 705 1870 1308 1672 722 0 1229 607 219 439 809 1320 2159
530 1107 682 2004 889 875 1779 1472 1067 1229 0 1606 1062 884 444 279 1275
1075 1279 972 920 780 2371 830 2279 653 607 1606 0 811 1010 1162 1598 2698
639 486 406 942 709 1658 1447 1471 778 219 1062 811 0 222 673 1187 1941
545 380 313 1135 741 1437 1576 1297 853 439 884 1010 222 0 550 1045 1719
94 878 267 1604 490 1249 1420 1548 668 809 444 1162 673 550 0 514 1619
567 1322 782 2117 830 1084 1638 1751 993 1320 279 1598 1187 1045 514 0 1494
1713 1632 1735 2748 2109 412 3033 1027 2287 2159 1275 2698 1941 1719 1619 1494 0
