0 578 1444 722 1658 895 283 175 730 198 1590 369 1162 25 200 1076
578 0 1767 160 2222 497 523 415 1308 386 1372 493 1475 598 628 1638
1444 1767 0 1920 1330 2241 1281 1474 1368 1500 1453 1811 291 1421 1257 1086
722 160 1920 0 2375 383 684 567 1446 537 1431 570 1629 743 786 1791
1658 2222 1330 2375 0 2531 1732 1807 997 1837 2614 1946 1347 1635 1601 583
895 497 2241 383 2531 0 964 791 1550 762 1808 589 1949 920 1025 1956
283 523 1281 684 1732 964 0 205 904 226 1309 573 990 278 150 1153
175 415 1474 567 1807 791 205 0 901 30 1458 369 1185 190 234 1224
730 1308 1368 1446 997 1550 904 901 0 927 2105 961 1175 711 754 471
198 386 1500 537 1837 762 226 30 927 0 1458 354 1210 215 264 1253
1590 1372 1453 1431 2614 1808 1309 1458 2105 1458 0 1781 1297 1587 1435 2143
369 493 1811 570 1946 589 573 369 961 354 1781 0 1527 393 555 1376
1162 1475 291 1629 1347 1949 990 1185 1175 1210 1297 1527 0 1141 972 982
25 598 1421 743 1635 920 278 190 711 215 1587 393 1141 0 184 1052
200 628 1257 786 1601 1025 150 234 754 264 1435 555 972 184 0 1019
1076 1638 1086 1791 583 1956 1153 1224 471 1253 2143 1376 982 1052 1019 0
