0 931 445 1189 986 1555 289 1197 541 927 230 267 1179 1252 1494 863
931 0 824 692 1394 734 1095 1608 390 1750 1162 705 1453 1066 2370 1731
445 824 0 1325 1403 1547 734 1622 518 1349 590 518 1576 810 1577 952
1189 692 1325 0 1063 543 1183 1223 810 1686 1381 925 1012 1752 2673 2050
986 1394 1403 1063 0 1606 732 224 1149 770 997 909 234 2160 2078 1581
1555 734 1547 543 1606 0 1624 1767 1054 2192 1774 1291 1553 1720 3044 2406
289 1095 734 1183 732 1624 0 931 720 671 272 393 943 1539 1512 925
1197 1608 1622 1223 224 1767 931 0 1373 823 1188 1132 230 2384 2186 1731
541 390 518 810 1149 1054 720 1373 0 1387 772 328 1262 1053 1998 1358
927 1750 1349 1686 770 2192 671 823 1387 0 761 1060 988 2156 1383 1028
230 1162 590 1381 997 1774 272 1188 772 761 0 483 1214 1395 1291 676
267 705 518 925 909 1291 393 1132 328 1060 483 0 1064 1251 1762 1130
1179 1453 1576 1012 234 1553 943 230 1262 988 1214 1064 0 2301 2311 1812
1252 1066 810 1752 2160 1720 1539 2384 1053 2156 1395 1251 2301 0 2085 1560
1494 2370 1577 2673 2078 3044 1512 2186 1998 1383 1291 1762 2311 2085 0 639
863 1731 952 2050 1581 2406 925 1731 1358 1028 676 1130 1812 1560 639 0
