0 1148 739 992 1101 1286 205 943 1500 982 1103 782 341 1377 811 1002
1148 0 1887 2118 989 1330 1147 368 359 780 990 1793 1360 1218 538 656
739 1887 0 377 1677 1704 777 1670 2240 1622 1646 547 643 1867 1507 1654
992 2118 377 0 1731 2073 1085 1854 2457 1723 1995 916 771 2228 1799 1969
1101 989 1677 1731 0 2049 1259 635 1135 217 1740 1879 1034 2023 1215 1448
1286 1330 1704 2073 2049 0 1094 1498 1592 1845 339 1252 1625 229 856 673
205 1147 777 1085 1259 1094 0 1006 1507 1118 936 671 533 1199 729 884
943 368 1670 1854 635 1498 1006 0 624 420 1168 1677 1083 1436 642 850
1500 359 2240 2457 1135 1592 1507 624 0 958 1261 2152 1691 1445 875 941
982 780 1622 1723 217 1845 1118 420 958 0 1531 1765 982 1812 1003 1233
1103 990 1646 1995 1740 339 936 1168 1261 1531 0 1277 1443 291 530 334
782 1793 547 916 1879 1252 671 1677 2152 1765 1277 0 918 1445 1309 1383
341 1360 643 771 1034 1625 533 1083 1691 982 1443 918 0 1718 1114 1323
1377 1218 1867 2228 2023 229 1199 1436 1445 1812 291 1445 1718 0 808 586
811 538 1507 1799 1215 856 729 642 875 1003 530 1309 1114 808 0 243
1002 656 1654 1969 1448 673 884 850 941 1233 334 1383 1323 586 243 0
