0 236 317 1578 1389 1612 1482 1084 734 2 1205 1049 855 166 234 686 246
236 0 288 1342 1421 1404 1703 1237 718 233 1121 814 618 281 466 701 447
317 288 0 1472 1133 1361 1552 991 992 315 1409 902 744 183 511 962 558
1578 1342 1472 0 2228 843 3022 2420 1527 1575 1417 580 732 1590 1799 1602 1751
1389 1421 1133 2228 0 1655 1540 754 2116 1389 2541 1688 1649 1224 1462 2075 1564
1612 1404 1361 843 1655 0 2818 2080 1917 1609 2014 720 910 1536 1843 1957 1848
1482 1703 1552 3022 1540 2818 0 806 2001 1484 2517 2454 2290 1435 1307 1908 1403
1084 1237 991 2420 754 2080 806 0 1786 1085 2283 1839 1716 960 1031 1716 1149
734 718 992 1527 2116 1917 2001 1786 0 734 517 1207 1006 895 759 99 642
2 233 315 1575 1389 1609 1484 1085 734 0 1205 1046 852 166 237 686 249
1205 1121 1409 1417 2541 2014 2517 2283 517 1205 0 1301 1148 1353 1267 608 1153
1049 814 902 580 1688 720 2454 1839 1207 1046 1301 0 211 1035 1281 1256 1253
855 618 744 732 1649 910 2290 1716 1006 852 1148 211 0 857 1083 1051 1049
166 281 183 1590 1224 1536 1435 960 895 166 1353 1035 857 0 329 851 386
234 466 511 1799 1462 1843 1307 1031 759 237 1267 1281 1083 329 0 685 117
686 701 962 1602 2075 1957 1908 1716 99 686 608 1256 1051 851 685 0 567
246 447 558 1751 1564 1848 1403 1149 642 249 1153 1253 1049 386 117 567 0
