0 1186 1511 85 1722 1305 130 957 766 229 472 954 618 1720 579 863
1186 0 2695 1269 1719 2034 1093 895 1883 1322 1189 1980 1056 2902 702 651
1511 2695 0 1426 2730 1729 1617 2226 895 1421 1632 996 1913 213 2036 2310
85 1269 1426 0 1772 1299 210 1000 685 218 476 882 678 1635 648 944
1722 1719 2730 1772 0 1100 1607 2326 2372 1592 2140 2620 1111 2929 1858 1159
1305 2034 1729 1299 1100 0 1259 2219 1646 1081 1773 1921 989 1909 1757 1391
130 1093 1617 210 1607 1259 0 966 895 243 551 1085 498 1828 541 734
957 895 2226 1000 2326 2219 966 0 1332 1184 603 1317 1309 2409 482 1177
766 1883 895 685 2372 1646 895 1332 0 798 746 275 1335 1077 1191 1629
229 1322 1421 218 1592 1081 243 1184 798 0 691 1031 539 1634 781 891
472 1189 1632 476 2140 1773 551 603 746 691 0 794 1031 1821 489 1125
954 1980 996 882 2620 1921 1085 1317 275 1031 794 0 1555 1143 1277 1807
618 1056 1913 678 1111 989 498 1309 1335 539 1031 1555 0 2126 827 452
1720 2902 213 1635 2929 1909 1828 2409 1077 1634 1821 1143 2126 0 2237 2524
579 702 2036 648 1858 1757 541 482 1191 781 489 1277 827 2237 0 733
863 651 2310 944 1159 1391 734 1177 1629 891 1125 1807 452 2524 733 0
