0 461 632 1369 25 784 532 1097 32 1596 444 1313 1201 1270 1391 1707
461 0 486 1092 468 1004 198 1406 429 1921 292 857 878 1725 1840 1490
632 486 0 741 618 664 301 1727 605 2229 756 1096 1326 1806 1756 1078
1369 1092 741 0 1357 1184 905 2454 1341 2962 1383 1162 1689 2524 2393 431
25 468 618 1357 0 759 531 1114 41 1611 464 1323 1221 1268 1378 1691
784 1004 664 1184 759 0 892 1723 785 2157 1167 1753 1879 1450 1216 1338
532 198 301 905 531 892 0 1564 500 2077 488 878 1028 1797 1847 1296
1097 1406 1727 2454 1114 1723 1564 0 1122 515 1154 2060 1577 931 1470 2804
32 429 605 1341 41 785 500 1122 0 1623 424 1283 1181 1303 1419 1682
1596 1921 2229 2962 1611 2157 2077 515 1623 0 1668 2557 2032 1028 1632 3302
444 292 756 1383 464 1167 488 1154 424 1668 0 961 757 1599 1808 1783
1313 857 1096 1162 1323 1753 878 2060 1283 2557 961 0 672 2555 2697 1578
1201 878 1326 1689 1221 1879 1028 1577 1181 2032 757 672 0 2259 2544 2120
1270 1725 1806 2524 1268 1450 1797 931 1303 1028 1599 2555 2259 0 604 2765
1391 1840 1756 2393 1378 1216 1847 1470 1419 1632 1808 2697 2544 604 0 2547
1707 1490 1078 431 1691 1338 1296 2804 1682 3302 1783 1578 2120 2765 2547 0
