0 665 1726 1544 817 1091 216 444 126 1189 1341 1343 1000 184 1000 1014
665 0 2352 1338 1000 1655 486 1046 691 1306 1837 1700 1473 849 1654 459
1726 2352 0 3109 1670 1587 1942 1306 1666 2526 1871 1236 1845 1564 1112 2552
1544 1338 3109 0 2256 1726 1363 1968 1661 682 1659 2878 1414 1636 2063 1704
817 1000 1670 2256 0 1774 923 676 693 1997 2071 717 1766 866 1489 975
1091 1655 1587 1726 1774 0 1186 1107 1167 1056 326 1992 312 950 489 2075
216 486 1942 1363 923 1186 0 658 308 1082 1398 1515 1039 385 1169 889
444 1046 1306 1968 676 1107 658 0 363 1537 1415 978 1141 335 819 1290
126 691 1666 1661 693 1167 308 363 0 1315 1431 1221 1100 218 1024 990
1189 1306 2526 682 1997 1056 1082 1537 1315 0 977 2509 744 1209 1437 1756
1341 1837 1871 1659 2071 326 1398 1415 1431 977 0 2317 364 1222 803 2279
1343 1700 1236 2878 717 1992 1515 978 1221 2509 2317 0 2091 1299 1570 1685
1000 1473 1845 1414 1766 312 1039 1141 1100 744 364 2091 0 902 733 1916
184 849 1564 1636 866 950 385 335 218 1209 1222 1299 902 0 819 1191
1000 1654 1112 2063 1489 489 1169 819 1024 1437 803 1570 733 819 0 2010
1014 459 2552 1704 975 2075 889 1290 990 1756 2279 1685 1916 1191 2010 0
