0 966 1679 9 1527 1451 1691 1033 1266 412 660 1462 104 1266 1555 1095
966 0 1313 960 2128 2347 920 1772 2214 561 1383 1450 873 2233 2508 2047
1679 1313 0 1669 1703 2406 747 2711 2803 1406 2327 550 1585 2665 2749 2634
9 960 1669 0 1524 1454 1682 1043 1274 404 670 1453 95 1273 1560 1104
1527 2128 1703 1524 0 928 2271 2231 1805 1694 2013 1155 1529 1519 1359 1693
1451 2347 2406 1454 928 0 2800 1688 1025 1798 1629 1903 1514 701 434 977
1691 920 747 1682 2271 2800 0 2640 2945 1303 2242 1206 1586 2887 3070 2773
1033 1772 2711 1043 2231 1688 2640 0 818 1349 397 2477 1126 1079 1505 756
1266 2214 2803 1274 1805 1025 2945 818 0 1676 978 2425 1369 325 728 172
412 561 1406 404 1694 1798 1303 1349 1676 0 952 1318 314 1675 1947 1506
660 1383 2327 670 2013 1629 2242 397 978 952 0 2121 745 1148 1549 852
1462 1450 550 1453 1155 1903 1206 2477 2425 1318 2121 0 1389 2245 2274 2264
104 873 1585 95 1529 1514 1586 1126 1369 314 745 1389 0 1361 1639 1198
1266 2233 2665 1273 1519 701 2887 1079 325 1675 1148 2245 1361 0 425 323
1555 2508 2749 1560 1359 434 3070 1505 728 1947 1549 2274 1639 425 0 749
1095 2047 2634 1104 1693 977 2773 756 172 1506 852 2264 1198 323 749 0
