0 1570 1002 268 1455 1497 935 1063 525 641 1518 566 185 1034 419 299
1570 0 1320 1475 2175 2853 2024 711 2024 1064 498 1709 1588 717 1398 1870
1002 1320 0 1164 2368 1653 793 613 1502 516 958 652 1165 615 582 1193
268 1475 1164 0 1222 1750 1201 1082 550 715 1509 822 135 1051 609 480
1455 2175 2368 1222 0 2689 2366 2125 1218 1875 2441 2019 1269 2094 1832 1476
1497 2853 1653 1750 2689 0 860 2167 1478 1791 2590 1145 1624 2153 1470 1295
935 2024 793 1201 2366 860 0 1323 1218 987 1733 392 1114 1312 713 905
1063 711 613 1082 2125 2167 1323 0 1581 436 462 1039 1153 32 767 1345
525 2024 1502 550 1218 1478 1218 1581 0 1166 2028 947 439 1550 924 326
641 1064 516 715 1875 1791 987 436 1166 0 899 646 757 410 339 913
1518 498 958 1509 2441 2590 1733 462 2028 899 0 1485 1594 488 1228 1805
566 1709 652 822 2019 1145 392 1039 947 646 1485 0 751 1021 332 620
185 1588 1165 135 1269 1624 1114 1153 439 757 1594 751 0 1122 588 346
1034 717 615 1051 2094 2153 1312 32 1550 410 488 1021 1122 0 744 1317
419 1398 582 609 1832 1470 713 767 924 339 1228 332 588 744 0 629
299 1870 1193 480 1476 1295 905 1345 326 913 1805 620 346 1317 629 0
