0 1087 1057 989 285 1236 1265 1349 251 1136 1350 772 1681 1093 1187 1375 202
1087 0 1673 1979 819 2033 262 2335 901 436 2437 694 1234 1703 1414 1474 885
1057 1673 0 1703 1225 423 1693 942 978 1412 1519 1732 2648 2098 517 702 1108
989 1979 1703 0 1184 1628 2198 1351 1240 2112 790 1406 2059 753 2037 2244 1166
285 819 1225 1184 0 1465 1019 1625 249 935 1625 518 1439 1107 1242 1404 119
1236 2033 423 1628 1465 0 2080 564 1237 1810 1256 1984 2905 2156 932 1099 1345
1265 262 1693 2198 1019 2080 0 2435 1051 303 2606 955 1443 1959 1361 1384 1064
1349 2335 942 1351 1625 564 2435 0 1450 2197 771 2118 3008 2014 1459 1642 1516
251 901 978 1240 249 1237 1051 1450 0 895 1556 756 1676 1296 1005 1178 141
1136 436 1412 2112 935 1810 303 2197 895 0 2438 1031 1671 1979 1060 1082 947
1350 2437 1519 790 1625 1256 2606 771 1556 2438 0 2008 2782 1542 1989 2195 1552
772 694 1732 1406 518 1984 955 2118 756 1031 2008 0 921 1015 1678 1811 638
1681 1234 2648 2059 1439 2905 1443 3008 1676 1671 2782 921 0 1393 2543 2646 1559
1093 1703 2098 753 1107 2156 1959 2014 1296 1979 1542 1015 1393 0 2281 2466 1165
1187 1414 517 2037 1242 932 1361 1459 1005 1060 1989 1678 2543 2281 0 210 1146
1375 1474 702 2244 1404 1099 1384 1642 1178 1082 2195 1811 2646 2466 210 0 1316
202 885 1108 1166 119 1345 1064 1516 141 947 1552 638 1559 1165 1146 1316 0
