0 804 799 1008 1153 20 436 149 676 1516 158 310 1476 688 939 911
804 0 326 1715 383 822 850 928 1340 2095 854 855 1091 716 1644 1630
799 326 0 1793 649 819 999 882 1435 2243 903 959 804 438 1488 1483
1008 1715 1793 0 1979 988 886 980 378 610 890 860 2478 1675 1214 1164
1153 383 649 1979 0 1169 1093 1287 1602 2281 1174 1136 1267 1078 2024 2008
20 822 819 988 1169 0 429 142 657 1498 145 301 1495 707 931 903
436 850 999 886 1093 429 0 553 509 1250 295 135 1774 1052 1297 1261
149 928 882 980 1287 142 553 0 686 1525 258 419 1500 695 790 762
676 1340 1435 378 1602 657 509 686 0 841 538 486 2152 1363 1153 1107
1516 2095 2243 610 2281 1498 1250 1525 841 0 1371 1285 2987 2204 1822 1773
158 854 903 890 1174 145 295 258 538 1371 0 161 1615 839 1018 985
310 855 959 860 1136 301 135 419 486 1285 161 0 1710 960 1164 1129
1476 1091 804 2478 1267 1495 1774 1500 2152 2987 1615 1710 0 807 1810 1827
688 716 438 1675 1078 707 1052 695 1363 2204 839 960 807 0 1108 1111
939 1644 1488 1214 2024 931 1297 790 1153 1822 1018 1164 1810 1108 0 49
911 1630 1483 1164 2008 903 1261 762 1107 1773 985 1129 1827 1111 49 0
