0 366 1354 1155 514 508 648 878 349 36 38 1598 1212 527 965 1478 519
366 0 1384 1292 668 748 619 771 705 380 386 1959 1270 443 1254 1807 538
1354 1384 0 2499 1868 1832 764 2151 1526 1389 1322 1944 165 1804 2165 1507 1850
1155 1292 2499 0 646 668 1800 781 1003 1119 1183 1930 2348 889 613 2102 760
514 668 1868 646 0 171 1154 553 470 479 545 1712 1723 367 647 1736 222
508 748 1832 668 171 0 1155 722 350 472 530 1544 1680 522 513 1584 385
648 619 764 1800 1154 1155 0 1387 917 684 624 1825 655 1044 1577 1530 1103
878 771 2151 781 553 722 1387 0 993 855 916 2265 2029 355 1119 2270 382
349 705 1526 1003 470 350 917 993 0 327 345 1312 1368 699 661 1277 613
36 380 1389 1119 479 472 684 855 327 0 67 1593 1245 507 932 1484 491
38 386 1322 1183 545 530 624 916 345 67 0 1574 1178 566 975 1446 557
1598 1959 1944 1930 1712 1544 1825 2265 1312 1593 1574 0 1797 2007 1317 490 1904
1212 1270 165 2348 1723 1680 655 2029 1368 1245 1178 1797 0 1678 2003 1372 1716
527 443 1804 889 367 522 1044 355 699 507 566 2007 1678 0 1014 1963 149
965 1254 2165 613 647 513 1577 1119 661 932 975 1317 2003 1014 0 1514 866
1478 1807 1507 2102 1736 1584 1530 2270 1277 1484 1446 490 1372 1963 1514 0 1890
519 538 1850 760 222 385 1103 382 613 491 557 1904 1716 149 866 1890 0
