0 687 240 56 889 1556 912 934 515 884 807 1109 1513 935 842 900 680
687 0 666 743 615 957 1356 940 910 625 1458 1740 1107 1579 1015 639 347
240 666 0 264 695 1605 1150 1136 307 1024 980 1290 1637 916 604 1041 775
56 743 264 0 934 1607 886 951 516 922 754 1058 1552 887 855 938 728
889 615 695 934 0 1446 1771 1517 716 1236 1675 1984 1702 1489 577 1251 949
1556 957 1605 1607 1446 0 1843 1138 1866 811 2182 2403 536 2490 1950 804 885
912 1356 1150 886 1771 1843 0 726 1375 1038 587 637 1518 1325 1734 1042 1098
934 940 1136 951 1517 1138 726 0 1440 385 1187 1338 795 1745 1721 381 596
515 910 307 516 716 1866 1375 1440 0 1329 1084 1390 1935 773 367 1346 1071
884 625 1024 922 1236 811 1038 385 1329 0 1386 1594 629 1798 1546 16 290
807 1458 980 754 1675 2182 587 1187 1084 1386 0 310 1965 776 1449 1396 1322
1109 1740 1290 1058 1984 2403 637 1338 1390 1594 310 0 2132 982 1752 1602 1571
1513 1107 1637 1552 1702 536 1518 795 1935 629 1965 2132 0 2427 2111 614 863
935 1579 916 887 1489 2490 1325 1745 773 1798 776 982 2427 0 1029 1813 1615
842 1015 604 855 577 1950 1734 1721 367 1546 1449 1752 2111 1029 0 1563 1264
900 639 1041 938 1251 804 1042 381 1346 16 1396 1602 614 1813 1563 0 306
680 347 775 728 949 885 1098 596 1071 290 1322 1571 863 1615 1264 306 0
