0 17 424 1084 454 168 1071 254 266 1609 753 1553 1612 1639 737 1239
17 0 411 1102 464 162 1053 244 283 1620 763 1566 1596 1637 727 1228
424 411 0 1433 560 504 724 521 604 1617 1170 1976 1517 1344 891 1320
1084 1102 1433 0 945 1158 2143 1243 837 1346 876 973 2614 2103 1618 2100
454 464 560 945 0 621 1281 708 307 1156 1023 1682 2014 1316 1191 1689
168 162 504 1158 621 0 1056 95 398 1774 680 1513 1485 1786 574 1079
1071 1053 724 2143 1281 1056 0 1008 1305 2236 1714 2560 1078 1593 1053 1223
254 244 521 1243 708 95 1008 0 494 1864 708 1551 1391 1835 483 986
266 283 604 837 307 398 1305 494 0 1404 719 1428 1875 1613 965 1473
1609 1620 1617 1346 1156 1774 2236 1864 1404 0 1989 2320 3133 1194 2347 2846
753 763 1170 876 1023 680 1714 708 719 1989 0 847 1868 2333 864 1283
1553 1566 1976 973 1682 1513 2560 1551 1428 2320 847 0 2633 2975 1668 1999
1612 1596 1517 2614 2014 1485 1078 1391 1875 3133 1868 2633 0 2662 1010 653
1639 1637 1344 2103 1316 1786 1593 1835 1613 1194 2333 2975 2662 0 2234 2633
737 727 891 1618 1191 574 1053 483 965 2347 864 1668 1010 2234 0 508
1239 1228 1320 2100 1689 1079 1223 986 1473 2846 1283 1999 653 2633 508 0
