0 98 33 457 1322 1542 1706 1349 752 190 1412 80 243 1498 1219 1553
98 0 130 536 1417 1519 1759 1421 758 289 1384 62 292 1400 1120 1551
33 130 0 442 1296 1563 1701 1318 740 161 1411 113 246 1530 1250 1567
457 536 442 0 921 1410 1282 1383 1104 325 1819 478 273 1853 1597 1323
1322 1417 1296 921 0 2000 1147 1362 1701 1137 2433 1369 1191 2774 2515 1772
1542 1519 1563 1410 2000 0 1278 2790 2277 1592 2827 1478 1351 1762 1707 340
1706 1759 1701 1282 1147 1278 0 2410 2383 1606 3101 1696 1468 2732 2562 947
1349 1421 1318 1383 1362 2790 2410 0 983 1228 1471 1429 1465 2673 2374 2700
752 758 740 1104 1701 2277 2383 983 0 786 740 805 984 1723 1427 2304
190 289 161 325 1137 1592 1606 1228 786 0 1495 256 241 1688 1409 1562
1412 1384 1411 1819 2433 2827 3101 1471 740 1495 0 1442 1656 1780 1532 2915
80 62 113 478 1369 1478 1696 1429 805 256 1442 0 230 1433 1158 1500
243 292 246 273 1191 1351 1468 1465 984 241 1656 230 0 1583 1324 1332
1498 1400 1530 1853 2774 1762 2732 2673 1723 1688 1780 1433 1583 0 299 2031
1219 1120 1250 1597 2515 1707 2562 2374 1427 1409 1532 1158 1324 299 0 1940
1553 1551 1567 1323 1772 340 947 2700 2304 1562 2915 1500 1332 2031 1940 0
