0 671 1731 1053 521 405 1342 472 282 83 155 919 274 332 17 945
671 0 1120 957 179 692 1881 999 819 596 783 421 942 733 688 424
1731 1120 0 1209 1220 1542 3001 2115 1766 1672 1869 820 1973 1852 1746 1220
1053 957 1209 0 851 663 2366 1525 894 1053 1204 653 1162 1351 1059 1369
521 179 1220 851 0 514 1795 902 643 455 650 439 785 650 538 582
405 692 1542 663 514 0 1703 869 244 428 548 732 505 729 407 1085
1342 1881 3001 2366 1795 1703 0 893 1475 1374 1188 2231 1207 1149 1332 1910
472 999 2115 1525 902 869 893 0 681 488 321 1337 456 269 466 1109
282 819 1766 894 643 244 1475 681 0 347 377 947 268 606 274 1163
83 596 1672 1053 455 428 1374 488 347 0 196 868 355 302 99 862
155 783 1869 1204 650 548 1188 321 377 196 0 1064 234 248 146 1006
919 421 820 653 439 732 2231 1337 947 868 1064 0 1154 1089 934 765
274 942 1973 1162 785 505 1207 456 268 355 234 1154 0 477 257 1214
332 733 1852 1351 650 729 1149 269 606 302 248 1089 477 0 336 851
17 688 1746 1059 538 407 1332 466 274 99 146 934 257 336 0 962
945 424 1220 1369 582 1085 1910 1109 1163 862 1006 765 1214 851 962 0
