0 100 774 1662 1501 1394 1609 674 1126 933 415 1069 1685 952 1413 777 566
100 0 673 1728 1599 1494 1509 705 1168 1033 368 989 1786 858 1331 816 492
774 673 0 2240 2261 2165 842 1141 1592 1705 643 632 2458 352 893 1262 485
1662 1728 2240 0 1003 1448 3030 1099 679 1360 1597 2712 1330 2177 3049 2167 2220
1501 1599 2261 1003 0 494 3104 1337 1240 682 1691 2522 339 2354 2864 1622 2028
1394 1494 2165 1448 494 0 2989 1463 1519 461 1689 2304 376 2328 2633 1280 1841
1609 1509 842 3030 3104 2989 0 1940 2360 2532 1460 873 3294 860 784 1943 1176
674 705 1141 1099 1337 1463 1940 0 471 1065 498 1642 1624 1101 1969 1394 1175
1126 1168 1592 679 1240 1519 2360 471 0 1226 960 2112 1571 1502 2438 1784 1645
933 1033 1705 1360 682 461 2532 1065 1226 0 1236 1877 772 1868 2212 941 1398
415 368 643 1597 1691 1689 1460 498 960 1236 0 1161 1931 662 1479 1184 730
1069 989 632 2712 2522 2304 873 1642 2112 1877 1161 0 2648 958 345 1124 504
1685 1786 2458 1330 339 376 3294 1624 1571 772 1931 2648 0 2587 2982 1651 2171
952 858 352 2177 2354 2328 860 1101 1502 1868 662 958 2587 0 1168 1565 820
1413 1331 893 3049 2864 2633 784 1969 2438 2212 1479 345 2982 1168 0 1415 849
777 816 1262 2167 1622 1280 1943 1394 1784 941 1184 1124 1651 1565 1415 0 792
566 492 485 2220 2028 1841 1176 1175 1645 1398 730 504 2171 820 849 792 0
