0 1023 38 560 78 618 621 821 615 1557 414 707 1177 651 20 215
1023 0 1041 1054 1028 934 1586 1143 1539 2378 767 327 168 1506 1044 1048
38 1041 0 598 47 595 589 792 579 1571 405 728 1197 669 36 181
560 1054 598 0 638 1112 1089 1346 1118 1325 845 751 1154 511 564 773
78 1028 47 638 0 549 582 745 564 1615 367 721 1186 715 82 136
618 934 595 1112 549 0 833 250 748 2156 279 761 1100 1264 628 436
621 1586 589 1089 582 833 0 869 104 1558 838 1295 1750 860 605 538
821 1143 792 1346 745 250 869 0 769 2311 529 1002 1304 1445 828 615
615 1539 579 1118 564 748 104 769 0 1657 780 1259 1705 931 600 497
1557 2378 1571 1325 1615 2156 1558 2311 1657 0 1971 2064 2479 913 1542 1719
414 767 405 845 367 279 838 529 780 1971 0 527 935 1060 431 316
707 327 728 751 721 761 1295 1002 1259 2064 527 0 471 1181 727 762
1177 168 1197 1154 1186 1100 1750 1304 1705 2479 935 471 0 1627 1197 1212
651 1506 669 511 715 1264 860 1445 931 913 1060 1181 1627 0 637 833
20 1044 36 564 82 628 605 828 600 1542 431 727 1197 637 0 218
215 1048 181 773 136 436 538 615 497 1719 316 762 1212 833 218 0
