0 1388 1678 722 722 246 1261 1030 208 333 36 357 1342 423 1155 28
1388 0 2985 1773 2111 1182 2028 2091 1597 1722 1417 1690 1438 1739 2296 1398
1678 2985 0 1900 1062 1824 2374 1935 1489 1386 1664 1327 2868 1267 790 1658
722 1773 1900 0 850 925 565 334 690 687 691 890 996 947 1648 745
722 2111 1062 850 0 939 1369 957 513 389 695 470 1805 457 871 713
246 1182 1824 925 939 0 1432 1248 436 559 282 508 1380 561 1216 241
1261 2028 2374 565 1369 1432 0 443 1254 1252 1234 1456 813 1513 2203 1286
1030 2091 1935 334 957 1248 443 0 958 921 997 1133 1136 1180 1816 1050
208 1597 1489 690 513 436 1254 958 0 125 183 215 1457 281 1027 200
333 1722 1386 687 389 559 1252 921 125 0 306 211 1524 261 977 325
36 1417 1664 691 695 282 1234 997 183 306 0 350 1335 417 1155 53
357 1690 1327 890 470 508 1456 1133 215 211 350 0 1668 68 814 334
1342 1438 2868 996 1805 1380 813 1136 1457 1524 1335 1668 0 1736 2483 1370
423 1739 1267 947 457 561 1513 1180 281 261 417 68 1736 0 746 400
1155 2296 790 1648 871 1216 2203 1816 1027 977 1155 814 2483 746 0 1128
28 1398 1658 745 713 241 1286 1050 200 325 53 334 1370 400 1128 0
