0 1039 1353 1138 884 888 1478 596 330 1666 40 65 950 1271 1538 331
1039 0 2310 2174 1805 1924 456 887 768 951 1056 1097 1387 2289 2079 1242
1353 2310 0 814 507 641 2767 1900 1547 2594 1358 1288 1224 1030 2289 1389
1138 2174 814 0 840 345 2602 1491 1448 2740 1118 1085 1583 234 1526 972
884 1805 507 840 0 509 2262 1463 1045 2112 896 820 794 1072 2069 994
888 1924 641 345 509 0 2367 1344 1170 2424 877 828 1238 569 1655 812
1478 456 2767 2602 2262 2367 0 1213 1223 1023 1491 1538 1814 2701 2312 1647
596 887 1900 1491 1463 1344 1213 0 670 1770 575 653 1486 1544 1216 532
330 768 1547 1448 1045 1170 1223 670 0 1336 363 369 830 1594 1787 639
1666 951 2594 2740 2112 2424 1023 1770 1336 0 1699 1699 1394 2909 2986 1966
40 1056 1358 1118 896 877 1491 575 363 1699 0 78 987 1245 1498 291
65 1097 1288 1085 820 828 1538 653 369 1699 78 0 923 1225 1554 334
950 1387 1224 1583 794 1238 1814 1486 830 1394 987 923 0 1800 2471 1249
1271 2289 1030 234 1072 569 2701 1544 1594 2909 1245 1225 1800 0 1390 1054
1538 2079 2289 1526 2069 1655 2312 1216 1787 2986 1498 1554 2471 1390 0 1222
331 1242 1389 972 994 812 1647 532 639 1966 291 334 1249 1054 1222 0
