0 1321 1159 1016 722 392 151 1540 1135 1607 831 1488 1291 544 310 699 1531
1321 0 2312 1320 2037 1253 1473 1376 1772 1725 2097 2279 1602 1060 1573 1833 2721
1159 2312 0 1253 677 1515 1044 2680 2085 1550 424 2233 1261 1255 1161 485 1712
1016 1320 1253 0 1371 1336 1073 2272 2116 598 1264 2502 322 520 1300 903 2451
722 2037 677 1371 0 972 571 2101 1426 1859 254 1556 1528 1100 573 517 1138
392 1253 1515 1336 972 0 472 1165 780 1934 1144 1197 1634 821 402 1078 1469
151 1473 1044 1073 571 472 0 1637 1151 1651 693 1459 1326 644 228 608 1416
1540 1376 2680 2272 2101 1165 1637 0 895 2833 2299 1314 2594 1778 1535 2238 2136
1135 1772 2085 2116 1426 780 1151 895 0 2715 1666 509 2412 1600 956 1732 1241
1607 1725 1550 598 1859 1934 1651 2833 2715 0 1698 3095 333 1117 1879 1348 2981
831 2097 424 1264 254 1144 693 2299 1666 1698 0 1810 1375 1089 764 361 1355
1488 2279 2233 2502 1556 1197 1459 1314 509 3095 1810 0 2778 2004 1235 1968 952
1291 1602 1261 322 1528 1634 1326 2594 2412 333 1375 2778 0 833 1554 1021 2648
544 1060 1255 520 1100 821 644 1778 1600 1117 1089 2004 833 0 851 785 2061
310 1573 1161 1300 573 402 228 1535 956 1879 764 1235 1554 851 0 777 1221
699 1833 485 903 517 1078 608 2238 1732 1348 361 1968 1021 785 777 0 1654
1531 2721 1712 2451 1138 1469 1416 2136 1241 2981 1355 952 2648 2061 1221 1654 0
