0 355 1129 1213 523 1119 538 75 289 511 1651 968 677 434 369 1192
355 0 886 1019 875 991 557 289 329 181 1728 1324 577 402 612 857
1129 886 0 215 1520 398 1434 1056 1215 715 2589 1969 533 738 1473 474
1213 1019 215 0 1545 236 1576 1145 1340 862 2744 1978 553 791 1573 686
523 875 1520 1545 0 1385 901 586 742 1015 1764 460 996 783 558 1676
1119 991 398 236 1385 0 1543 1057 1291 862 2716 1800 442 684 1488 864
538 557 1434 1576 901 1543 0 555 265 719 1172 1236 1114 897 355 1312
75 289 1056 1145 586 1057 555 0 293 438 1693 1037 615 374 431 1117
289 329 1215 1340 742 1291 265 293 0 508 1428 1142 855 633 310 1161
511 181 715 862 1015 862 719 438 508 0 1881 1471 488 390 793 682
1651 1728 2589 2744 1764 2716 1172 1693 1428 1881 0 1828 2283 2058 1306 2384
968 1324 1969 1978 460 1800 1236 1037 1142 1471 1828 0 1439 1238 883 2137
677 577 533 553 996 442 1114 615 855 488 2283 1439 0 244 1046 824
434 402 738 791 783 684 897 374 633 390 2058 1238 244 0 803 929
369 612 1473 1573 558 1488 355 431 310 793 1306 883 1046 803 0 1463
1192 857 474 686 1676 864 1312 1117 1161 682 2384 2137 824 929 1463 0
