0 14 812 1492 50 1029 505 1257 557 623 70 786 597 1254 1043 1258
14 0 826 1498 57 1042 517 1258 562 618 83 800 591 1240 1031 1250
812 826 0 1435 799 328 556 1534 723 1241 746 167 1251 2047 1833 1896
1492 1498 1435 0 1441 1745 1069 596 1901 1180 1491 1586 1242 2448 1848 1418
50 57 799 1441 0 1030 463 1210 593 589 88 784 567 1282 1043 1232
1029 1042 328 1745 1030 0 873 1863 747 1533 959 249 1536 2199 2073 2194
505 517 556 1069 463 873 0 1015 831 706 475 640 726 1721 1365 1348
1257 1258 1534 596 1210 1863 1015 0 1774 748 1285 1647 808 1963 1311 825
557 562 723 1901 593 747 831 1774 0 1180 507 590 1153 1487 1503 1807
623 618 1241 1180 589 1533 706 748 1180 0 677 1284 62 1267 724 663
70 83 746 1491 88 959 475 1285 507 677 0 717 655 1312 1114 1319
786 800 167 1586 784 249 640 1647 590 1284 717 0 1286 1984 1827 1947
597 591 1251 1242 567 1536 726 808 1153 62 655 1286 0 1206 676 669
1254 1240 2047 2448 1282 2199 1721 1963 1487 1267 1312 1984 1206 0 701 1340
1043 1031 1833 1848 1043 2073 1365 1311 1503 724 1114 1827 676 701 0 639
1258 1250 1896 1418 1232 2194 1348 825 1807 663 1319 1947 669 1340 639 0
