0 1261 387 930 707 1092 794 7 891 223 502 1280 143 1170 1644 1400
1261 0 875 338 1163 1618 1561 1259 2006 1474 1196 383 1277 1850 2846 2195
387 875 0 543 628 1158 901 384 1191 599 504 909 412 1268 2013 1599
930 338 543 0 862 1440 1248 928 1671 1139 869 434 939 1560 2540 1980
707 1163 628 862 0 1749 404 699 942 759 212 966 583 699 2220 2107
1092 1618 1158 1440 1749 0 1886 1099 1844 1197 1568 1872 1235 2259 1633 607
794 1561 901 1248 404 1886 0 787 592 726 401 1370 651 378 2027 2138
7 1259 384 928 699 1099 787 0 888 223 494 1276 136 1163 1649 1408
891 2006 1191 1671 942 1844 592 888 0 692 824 1886 794 717 1527 1922
223 1474 599 1139 759 1197 726 223 692 0 547 1466 214 1081 1488 1412
502 1196 504 869 212 1568 401 494 824 547 0 1063 372 764 2017 1902
1280 383 909 434 966 1872 1370 1276 1886 1466 1063 0 1253 1605 2921 2414
143 1277 412 939 583 1235 651 136 794 214 372 1253 0 1027 1700 1532
1170 1850 1268 1560 699 2259 378 1163 717 1081 764 1605 1027 0 2242 2483
1644 2846 2013 2540 2220 1633 2027 1649 1527 1488 2017 2921 1700 2242 0 1200
1400 2195 1599 1980 2107 607 2138 1408 1922 1412 1902 2414 1532 2483 1200 0
