0 1268 1706 468 1613 390 1721 285 663 710 332 1502 1066 915 936 1277
1268 0 2744 1381 2830 1631 2260 1553 1166 1553 1141 2680 1395 508 856 1575
1706 2744 0 1381 700 1351 1085 1502 1584 2203 1643 506 2701 2246 1968 1485
468 1381 1381 0 1471 444 1254 508 333 1170 264 1305 1525 909 741 842
1613 2830 700 1471 0 1223 1696 1342 1768 1895 1690 232 2429 2378 2188 1908
390 1631 1351 444 1223 0 1553 153 767 893 534 1114 1356 1226 1147 1263
1721 2260 1085 1254 1696 1553 0 1684 1203 2410 1467 1465 2777 1766 1404 692
285 1553 1502 508 1342 153 1684 0 803 744 520 1247 1203 1181 1149 1349
663 1166 1584 333 1768 767 1203 803 0 1362 333 1586 1624 662 420 636
710 1553 2203 1170 1895 893 2410 744 1362 0 1029 1866 537 1406 1559 1986
332 1141 1643 264 1690 534 1467 520 333 1029 0 1539 1317 699 629 961
1502 2680 506 1305 232 1114 1465 1247 1586 1866 1539 0 2391 2214 2003 1686
1066 1395 2701 1525 2429 1356 2777 1203 1624 537 1317 2391 0 1434 1693 2260
915 508 2246 909 2378 1226 1766 1181 662 1406 699 2214 1434 0 368 1091
936 856 1968 741 2188 1147 1404 1149 420 1559 629 2003 1693 368 0 724
1277 1575 1485 842 1908 1263 692 1349 636 1986 961 1686 2260 1091 724 0
