0 1395 102 567 62 571 708 1703 632 1403 438 81 70 1420 1327 1363
1395 0 1355 1941 1445 825 1408 517 857 2596 1195 1383 1407 2103 2380 1512
102 1355 0 587 160 530 791 1639 639 1499 497 31 58 1334 1274 1433
567 1941 587 0 535 1117 1120 2196 1198 1249 958 560 538 1282 958 1796
62 1445 160 535 0 624 685 1762 664 1341 440 133 114 1453 1335 1350
571 825 530 1117 624 0 828 1151 292 1875 503 558 581 1560 1676 1285
708 1408 791 1120 685 828 0 1866 595 1212 342 783 778 2125 2012 677
1703 517 1639 2196 1762 1151 1866 0 1281 3013 1607 1670 1697 2044 2438 2027
632 857 639 1198 664 292 595 1281 0 1742 338 657 673 1826 1885 992
1403 2596 1499 1249 1341 1875 1212 3013 1742 0 1407 1469 1444 2529 2122 1581
438 1195 497 958 440 503 342 1607 338 1407 0 499 502 1817 1765 939
81 1383 31 560 133 558 783 1670 657 1469 499 0 26 1342 1268 1432
70 1407 58 538 114 581 778 1697 673 1444 502 26 0 1350 1263 1431
1420 2103 1334 1282 1453 1560 2125 2044 1826 2529 1817 1342 1350 0 607 2754
1327 2380 1274 958 1335 1676 2012 2438 1885 2122 1765 1268 1263 607 0 2684
1363 1512 1433 1796 1350 1285 677 2027 992 1581 939 1432 1431 2754 2684 0
