0 685 317 1102 131 1225 184 299 257 1478 471 294 1082 1290 1480 1091
685 0 972 825 817 663 851 946 821 1375 1101 392 1175 1972 873 615
317 972 0 1407 218 1541 275 31 434 1466 158 594 1016 1058 1794 1408
1102 825 1407 0 1190 498 1155 1395 1018 2200 1566 920 1965 2114 719 330
131 817 218 1190 0 1344 90 210 234 1536 377 425 1118 1159 1602 1203
1225 663 1541 498 1344 0 1342 1520 1245 1956 1689 957 1823 2418 270 190
184 851 275 1155 90 1342 0 275 159 1626 429 461 1208 1120 1605 1193
299 946 31 1395 210 1520 275 0 434 1440 172 570 993 1089 1772 1389
257 821 434 1018 234 1245 159 434 0 1735 587 452 1335 1180 1513 1085
1478 1375 1466 2200 1536 1956 1626 1440 1735 0 1437 1408 475 2396 2065 1968
471 1101 158 1566 377 1689 429 172 587 1437 0 735 972 1004 1939 1561
294 392 594 920 425 957 461 570 452 1408 735 0 1085 1580 1203 843
1082 1175 1016 1965 1118 1823 1208 993 1335 475 972 1085 0 1920 1987 1790
1290 1972 1058 2114 1159 2418 1120 1089 1180 2396 1004 1580 1920 0 2687 2247
1480 873 1794 719 1602 270 1605 1772 1513 2065 1939 1203 1987 2687 0 452
1091 615 1408 330 1203 190 1193 1389 1085 1968 1561 843 1790 2247 452 0
