0 1187 1643 1130 1175 913 575 301 243 584 16 1144 633 311 1347 7
1187 0 1573 2316 1842 274 1761 1391 1331 970 1172 1046 720 1235 1414 1181
1643 1573 0 2300 1004 1502 1982 1938 1885 1998 1632 574 1822 1371 2743 1636
1130 2316 2300 0 1378 2042 565 997 1040 1570 1145 1995 1720 1143 2111 1135
1175 1842 1004 1378 0 1632 1225 1388 1361 1728 1174 965 1674 872 2513 1172
913 274 1502 2042 1632 0 1487 1123 1063 748 897 939 495 970 1313 907
575 1761 1982 565 1225 1487 0 440 477 1014 590 1578 1154 663 1627 580
301 1391 1938 997 1388 1123 440 0 63 574 314 1445 732 577 1225 308
243 1331 1885 1040 1361 1063 477 63 0 540 256 1387 682 532 1221 250
584 970 1998 1570 1728 748 1014 574 540 0 580 1434 253 860 789 585
16 1172 1632 1145 1174 897 590 314 256 580 0 1131 622 307 1346 9
1144 1046 574 1995 965 939 1578 1445 1387 1434 1131 0 1249 919 2169 1137
633 720 1822 1720 1674 495 1154 732 682 253 622 1249 0 841 921 630
311 1235 1371 1143 872 970 663 577 532 860 307 919 841 0 1642 306
1347 1414 2743 2111 2513 1313 1627 1225 1221 789 1346 2169 921 1642 0 1350
7 1181 1636 1135 1172 907 580 308 250 585 9 1137 630 306 1350 0
