0 1627 813 730 36 1337 1682 816 26 388 873 1594 457 820 1623 999
1627 0 1350 2318 1591 2225 1205 2379 1601 1303 1842 1051 2001 1801 3035 2623
813 1350 0 1195 797 2092 1973 1212 797 496 494 1838 1259 458 1714 1644
730 2318 1195 0 765 1691 2382 110 754 1015 899 2307 660 879 963 501
36 1591 797 765 0 1337 1653 850 11 359 878 1563 483 825 1653 1034
1337 2225 2092 1691 1337 0 1407 1801 1342 1597 2207 1454 1052 2155 2632 1484
1682 1205 1973 2382 1653 1407 0 2481 1664 1605 2360 158 1800 2306 3306 2461
816 2379 1212 110 850 1801 2481 0 839 1076 876 2402 770 863 854 556
26 1601 797 754 11 1342 1664 839 0 364 872 1574 479 818 1642 1025
388 1303 496 1015 359 1597 1605 1076 364 0 760 1489 842 704 1785 1363
873 1842 494 899 878 2207 2360 876 872 760 0 2238 1220 56 1230 1396
1594 1051 1838 2307 1563 1454 158 2402 1574 1489 2238 0 1749 2184 3216 2416
457 2001 1259 660 483 1052 1800 770 479 842 1220 1749 0 1174 1622 670
820 1801 458 879 825 2155 2306 863 818 704 56 2184 1174 0 1258 1372
1623 3035 1714 963 1653 2632 3306 854 1642 1785 1230 3216 1622 1258 0 1206
999 2623 1644 501 1034 1484 2461 556 1025 1363 1396 2416 670 1372 1206 0
