0 1288 336 1145 460 1371 687 937 1074 376 269 14 1232 1118 1484 259
1288 0 990 793 1567 2317 1610 1753 2342 1184 1024 1300 878 1210 2342 1093
336 990 0 1029 758 1659 937 1171 1352 505 100 345 914 1134 1527 102
1145 793 1029 0 1174 1686 1088 1138 2177 832 983 1159 1501 440 2556 1106
460 1567 758 1174 0 911 267 514 1056 386 665 460 1672 970 1789 706
1371 2317 1659 1686 911 0 735 564 1488 1198 1562 1371 2571 1287 2518 1616
687 1610 937 1088 267 735 0 252 1273 462 838 691 1841 800 2056 907
937 1753 1171 1138 514 564 252 0 1452 676 1071 942 2063 771 2296 1149
1074 2342 1352 2177 1056 1488 1273 1452 0 1345 1323 1060 2040 2026 1140 1250
376 1184 505 832 386 1198 462 676 1345 0 405 388 1386 744 1860 503
269 1024 100 983 665 1562 838 1071 1323 405 0 280 1009 1056 1576 125
14 1300 345 1159 460 1371 691 942 1060 388 280 0 1236 1130 1472 265
1232 878 914 1501 1672 2571 1841 2063 2040 1386 1009 1236 0 1810 1655 973
1118 1210 1134 440 970 1287 800 771 2026 744 1056 1130 1810 0 2600 1179
1484 2342 1527 2556 1789 2518 2056 2296 1140 1860 1576 1472 1655 2600 0 1451
259 1093 102 1106 706 1616 907 1149 1250 503 125 265 973 1179 1451 0
