0 289 1585 576 685 507 698 265 53 212 1410 394 315 908 1253 1279 868
289 0 1837 387 871 797 984 149 299 225 1475 627 522 1182 1207 1567 656
1585 1837 0 2160 1019 1220 1189 1850 1554 1789 1290 1210 1316 1279 1719 959 2073
576 387 2160 0 1239 1011 1160 314 613 372 1860 967 875 1303 1559 1749 892
685 871 1019 1239 0 647 801 927 637 896 833 306 369 1041 932 1152 1062
507 797 1220 1011 647 0 204 739 511 652 1481 414 474 445 1509 771 1330
698 984 1189 1160 801 204 0 911 707 819 1626 606 675 247 1695 591 1534
265 149 1850 314 927 739 911 0 299 96 1588 652 561 1090 1346 1502 802
53 299 1554 613 637 511 707 299 0 258 1357 353 267 925 1202 1280 842
212 225 1789 372 896 652 819 96 258 0 1594 607 526 994 1385 1410 881
1410 1475 1290 1860 833 1481 1626 1588 1357 1594 0 1110 1125 1857 551 1867 1252
394 627 1210 967 306 414 606 652 353 607 1110 0 111 853 1095 1087 992
315 522 1316 875 369 474 675 561 267 526 1125 111 0 919 1054 1183 890
908 1182 1279 1303 1041 445 247 1090 925 994 1857 853 919 0 1942 483 1763
1253 1207 1719 1559 932 1509 1695 1346 1202 1385 551 1095 1054 1942 0 2083 786
1279 1567 959 1749 1152 771 591 1502 1280 1410 1867 1087 1183 483 2083 0 2073
868 656 2073 892 1062 1330 1534 802 842 881 1252 992 890 1763 786 2073 0
