0 609 1105 1137 560 172 1448 1478 762 873 596 143 1715 820 1414 1299
609 0 1348 1363 1167 727 1793 893 188 949 827 528 1726 275 971 1057
1105 1348 0 45 1216 956 2438 2154 1348 1978 540 1231 759 1622 1388 2339
1137 1363 45 0 1259 991 2479 2159 1356 2009 564 1261 713 1636 1370 2362
560 1167 1216 1259 0 494 1243 2014 1322 1082 888 649 1948 1357 1930 1648
172 727 956 991 494 0 1534 1614 858 1032 479 316 1603 962 1435 1471
1448 1793 2438 2479 1243 1534 0 2282 1980 926 2013 1393 3133 1791 2759 1412
1478 893 2154 2159 2014 1614 2282 0 820 1359 1680 1367 2330 658 1148 986
762 188 1348 1356 1322 858 1980 820 0 1124 861 700 1643 328 791 1166
873 949 1978 2009 1082 1032 926 1359 1124 0 1456 748 2547 886 1915 612
596 827 540 564 888 479 2013 1680 861 1456 0 707 1124 1103 1153 1798
143 528 1231 1261 649 316 1393 1367 700 748 707 0 1813 708 1407 1156
1715 1726 759 713 1948 1603 3133 2330 1643 2547 1124 1813 0 1967 1270 2783
820 275 1622 1636 1357 962 1791 658 328 886 1103 708 1967 0 1066 841
1414 971 1388 1370 1930 1435 2759 1148 791 1915 1153 1407 1270 1066 0 1881
1299 1057 2339 2362 1648 1471 1412 986 1166 612 1798 1156 2783 841 1881 0
