0 1226 662 527 769 561 265 1157 1449 852 910 1596 360 567 1649 625 1575
1226 0 655 966 1173 1785 974 1623 2542 1783 1086 645 1308 847 2850 1741 2456
662 655 0 695 570 1213 479 1056 1887 1129 1031 934 884 608 2214 1094 1818
527 966 695 0 1111 965 337 1574 1967 1370 400 1507 380 118 2110 1151 2098
769 1173 570 1111 0 1149 785 489 1467 682 1501 1195 1118 1066 1901 811 1289
561 1785 1213 965 1149 0 813 1374 1102 837 1254 2142 604 1049 1147 489 1424
265 974 479 337 785 813 0 1239 1700 1052 737 1396 404 334 1915 871 1782
1157 1623 1056 1574 489 1374 1239 0 1286 615 1971 1506 1517 1542 1818 917 937
1449 2542 1887 1967 1467 1102 1700 1286 0 785 2315 2663 1664 2016 591 829 581
852 1783 1129 1370 682 837 1052 615 785 0 1761 1877 1173 1386 1242 348 730
910 1086 1031 400 1501 1254 737 1971 2315 1761 0 1705 654 436 2394 1519 2485
1596 645 934 1507 1195 2142 1396 1506 2663 1877 1705 0 1788 1392 3075 1954 2434
360 1308 884 380 1118 604 404 1517 1664 1173 654 1788 0 484 1751 889 1875
567 847 608 118 1066 1049 334 1542 2016 1386 436 1392 484 0 2187 1191 2116
1649 2850 2214 2110 1901 1147 1915 1818 591 1242 2394 3075 1751 2187 0 1125 1168
625 1741 1094 1151 811 489 871 917 829 348 1519 1954 889 1191 1125 0 989
1575 2456 1818 2098 1289 1424 1782 937 581 730 2485 2434 1875 2116 1168 989 0
