0 377 1598 826 158 1320 1590 605 1569 308 143 1568 790 1052 1098 487
377 0 1707 578 369 1538 1820 979 1428 338 297 1883 499 853 1196 502
1598 1707 0 1416 1755 2751 608 1712 1053 1386 1518 2696 1529 1251 511 1205
826 578 1416 0 899 2105 1716 1391 874 545 684 2394 123 285 955 482
158 369 1755 899 0 1211 1742 637 1687 432 262 1516 844 1147 1255 622
1320 1538 2751 2105 1211 0 2510 1045 2889 1629 1459 650 2037 2359 2312 1804
1590 1820 608 1716 1742 2510 0 1478 1600 1483 1561 2324 1807 1637 785 1352
605 979 1712 1391 637 1045 1478 0 2007 846 726 1061 1377 1573 1301 953
1569 1428 1053 874 1687 2889 1600 2007 0 1261 1431 3067 988 588 901 1088
308 338 1386 545 432 1629 1483 846 1261 0 170 1860 538 749 874 195
143 297 1518 684 262 1459 1561 726 1431 170 0 1710 654 909 1010 360
1568 1883 2696 2394 1516 650 2324 1061 3067 1860 1710 0 2354 2607 2339 1997
790 499 1529 123 844 2037 1807 1377 988 538 654 2354 0 400 1058 520
1052 853 1251 285 1147 2359 1637 1573 588 749 909 2607 400 0 853 620
1098 1196 511 955 1255 2312 785 1301 901 874 1010 2339 1058 853 0 694
487 502 1205 482 622 1804 1352 953 1088 195 360 1997 520 620 694 0
