0 695 608 346 10 527 554 742 599 816 497 370 153 18 249 100 294 189 676 767 38 489 622 185 506 382 432 153 97 292 261 322 483 207 518 367 403 737 553 218 559 146 779 785 611 18 530 685 367 465 594 42 620 129 411 235 497 25 297 197 477 241 72 170 819 711 476 213 398 62 563 393 263 400 387 550 72 124
695 0 256 904 693 795 1227 804 660 1099 845 325 770 683 818 658 421 534 378 445 660 552 1056 535 285 674 1112 641 771 859 598 635 1167 488 734 703 442 339 845 829 225 549 1448 1477 1016 677 472 997 1046 786 1250 679 1121 767 932 923 1060 721 614 676 1045 886 626 526 1490 1241 881 758 846 679 354 355 479 342 1068 1245 766 791
608 256 0 726 609 558 1163 953 407 850 619 293 633 601 797 539 415 420 579 664 581 663 832 424 102 730 977 505 658 690 615 440 1033 417 495 749 521 565 609 679 69 474 1291 1384 788 592 224 1085 976 850 1200 608 908 713 940 805 1058 633 429 664 857 837 537 448 1427 1030 927 600 643 571 103 410 480 398 936 1131 680 725
346 904 726 0 356 324 632 1088 494 517 249 608 193 363 548 295 586 392 988 1084 376 832 286 394 641 728 303 282 258 55 607 286 353 471 358 710 729 1036 317 130 706 431 568 752 289 357 546 1003 482 800 699 389 273 433 691 249 732 338 297 541 144 477 369 440 858 370 791 156 131 304 640 689 581 691 277 479 337 400
10 693 609 356 0 537 553 732 606 826 507 368 163 10 241 108 289 191 669 759 33 480 632 187 507 372 438 160 106 302 251 330 488 205 526 357 395 730 562 227 559 144 785 786 621 17 535 676 366 455 591 32 630 122 403 241 491 29 304 187 487 236 72 168 818 721 466 223 408 71 565 388 256 395 393 554 73 120
527 795 558 324 537 0 949 1221 198 325 85 585 409 538 774 431 629 439 1000 1098 536 929 281 444 510 881 626 383 484 332 742 228 674 523 64 876 793 1024 50 390 570 521 846 1075 233 527 336 1211 785 981 1012 563 374 651 934 549 1002 535 261 712 389 736 503 513 1182 494 1003 333 192 466 456 713 657 708 601 803 561 632
554 1227 1163 632 553 949 0 924 1089 1129 881 909 572 561 425 632 805 743 1096 1164 582 832 874 739 1061 656 370 677 519 616 652 818 352 753 970 619 837 1175 949 565 1112 693 546 282 897 570 1067 678 187 624 73 557 799 459 396 403 304 529 805 560 648 341 625 718 265 810 534 638 760 596 1114 884 750 895 371 251 482 440
742 804 953 1088 732 1221 924 0 1210 1537 1214 696 895 725 584 813 606 781 441 428 716 301 1362 777 888 360 1079 850 830 1034 486 992 1110 699 1189 381 449 514 1258 958 884 701 1402 1203 1348 733 1053 308 832 315 897 699 1361 669 531 911 626 749 959 547 1212 690 734 708 1116 1446 390 951 1132 791 994 556 565 566 1041 1101 756 706
599 660 407 494 606 198 1089 1210 0 444 281 525 520 603 846 498 604 453 925 1020 595 909 474 459 389 899 795 446 585 487 759 279 847 521 141 902 763 933 239 525 438 541 1039 1243 424 592 190 1250 912 1011 1146 625 571 728 1008 686 1095 614 302 755 580 832 552 525 1335 690 1053 450 367 538 306 665 649 658 765 970 650 718
816 1099 850 517 826 325 1129 1537 444 0 322 911 675 830 1050 729 953 759 1325 1423 833 1250 257 763 819 1188 764 687 751 555 1052 550 797 844 375 1179 1117 1347 282 632 874 836 857 1182 232 820 627 1501 995 1281 1199 856 352 928 1202 766 1249 818 582 1011 482 991 806 831 1323 418 1289 604 421 758 748 1038 978 1034 757 928 832 902
497 845 619 249 507 85 881 1214 281 322 0 610 364 510 737 407 638 439 1023 1122 511 929 212 443 561 866 548 365 440 267 729 236 595 526 141 857 800 1053 67 333 624 514 761 996 170 499 402 1183 723 959 946 536 296 614 894 487 954 501 267 690 304 689 484 510 1108 417 973 290 121 437 519 729 659 726 525 725 520 591
370 325 293 608 368 585 909 696 525 911 610 0 453 358 516 338 122 218 414 512 335 395 807 218 203 438 791 330 448 558 322 376 844 163 537 456 247 443 632 516 227 223 1130 1153 775 352 357 796 726 559 937 356 851 449 651 599 773 396 346 378 752 571 301 201 1173 965 634 454 576 356 304 141 187 133 746 920 441 470
153 770 633 193 163 409 572 895 520 675 364 453 0 170 375 116 409 236 807 901 182 639 469 235 536 536 346 130 76 138 414 246 401 299 413 519 542 861 425 68 598 250 678 758 462 163 501 826 392 614 626 195 466 253 530 177 593 147 234 349 328 327 180 264 826 560 614 75 254 114 565 512 395 516 303 498 157 228
18 683 601 363 10 538 561 725 603 830 510 358 170 0 243 107 278 184 658 749 22 471 637 179 499 366 448 159 115 309 244 328 499 195 526 352 385 719 564 235 550 134 796 796 626 11 529 674 375 451 599 26 637 126 405 252 495 40 302 182 495 242 64 158 827 729 465 228 412 72 558 377 246 384 404 564 83 126
249 818 797 548 241 774 425 584 846 1050 737 516 375 243 0 350 401 410 673 746 252 418 834 404 697 250 494 402 298 500 228 571 527 382 767 216 412 751 796 421 737 332 824 699 832 254 762 455 272 271 436 221 810 123 162 334 262 239 545 141 652 108 296 356 679 880 243 447 629 311 773 466 339 479 456 535 217 148
100 658 539 295 108 431 632 813 498 729 407 338 116 107 350 0 294 125 694 790 105 542 551 123 439 459 454 52 119 240 326 221 508 183 418 449 433 746 459 182 497 136 792 845 535 96 438 779 446 552 678 132 564 229 512 268 597 116 196 282 437 337 78 149 894 665 571 142 318 39 482 398 285 401 410 595 156 221
294 421 415 586 289 629 805 606 604 953 638 122 409 278 401 294 0 202 401 498 255 305 818 199 323 320 726 305 384 532 199 404 777 116 590 336 164 452 671 477 349 158 1072 1060 793 275 454 679 627 440 829 268 847 347 530 529 653 318 371 260 730 465 234 146 1069 955 512 430 582 299 418 103 65 107 681 840 359 373
189 534 420 392 191 439 743 781 453 759 439 218 236 184 410 125 202 0 601 698 166 490 615 5 319 449 579 111 242 341 308 210 633 87 408 449 361 645 478 297 375 87 914 966 590 174 352 796 556 558 783 196 647 305 568 393 670 213 178 303 537 426 120 74 1007 757 600 236 379 152 374 300 219 301 535 719 260 311
676 378 579 988 669 1000 1096 441 925 1325 1023 414 807 658 673 694 401 601 0 98 638 274 1214 599 546 447 1102 706 772 934 455 787 1149 518 951 484 276 84 1046 876 518 557 1450 1373 1185 659 741 685 943 524 1098 641 1248 682 729 906 857 697 757 552 1131 772 628 547 1340 1356 631 831 979 694 649 300 414 300 1058 1191 729 718
767 445 664 1084 759 1098 1164 428 1020 1423 1122 512 901 749 746 790 498 698 98 0 730 331 1312 696 638 508 1189 803 864 1030 535 886 1235 615 1048 545 364 106 1145 970 606 653 1537 1444 1283 750 834 701 1017 569 1161 731 1345 765 785 994 911 787 855 632 1227 848 721 643 1401 1453 676 928 1077 788 738 398 506 398 1145 1271 817 802
38 660 581 376 33 536 582 716 595 833 511 335 182 22 252 105 255 166 638 730 0 457 646 161 478 358 470 154 134 321 231 322 521 173 522 346 366 698 564 249 529 112 818 818 633 20 515 674 396 447 619 30 649 140 413 274 508 62 295 178 510 259 46 136 848 743 467 235 418 75 540 355 225 362 425 587 106 145
489 552 663 832 480 929 832 301 909 1250 929 395 639 471 418 542 305 490 274 331 457 0 1092 486 591 176 885 572 586 777 230 700 926 405 893 213 148 357 968 706 594 417 1228 1113 1073 476 751 445 691 252 829 448 1104 455 456 697 584 504 668 320 967 523 464 419 1070 1200 359 684 857 527 696 257 271 268 843 950 524 494
622 1056 832 286 632 281 874 1362 474 257 212 807 469 637 834 551 818 615 1214 1312 646 1092 0 618 772 1004 507 521 541 335 876 432 540 702 344 989 974 1250 235 414 836 677 623 928 50 629 613 1290 748 1083 945 663 110 718 977 526 1012 617 460 819 226 763 629 679 1066 218 1078 411 236 571 731 915 828 914 502 671 622 687
185 535 424 394 187 444 739 777 459 763 443 218 235 179 404 123 199 5 599 696 161 486 618 0 322 444 577 112 239 342 303 215 631 83 413 444 357 643 482 297 378 82 913 963 594 170 357 791 552 552 779 191 649 300 563 391 665 209 182 297 538 421 115 69 1003 758 594 237 382 149 378 298 215 299 533 717 256 306
506 285 102 641 507 510 1061 888 389 819 561 203 536 499 697 439 323 319 546 638 478 591 772 322 0 642 882 407 558 602 521 360 937 316 450 659 444 546 560 585 65 372 1201 1284 731 490 199 1000 874 762 1098 506 841 611 842 706 958 531 344 565 777 735 435 347 1326 962 835 508 569 470 106 334 387 322 840 1033 578 623
382 674 730 728 372 881 656 360 899 1188 866 438 536 366 250 459 320 449 447 508 358 176 1004 444 642 0 735 501 470 674 140 655 772 378 856 37 232 529 914 598 662 363 1072 938 992 374 767 359 521 120 653 340 1000 312 282 557 411 389 623 187 852 358 382 375 894 1086 207 593 776 434 739 329 260 342 695 785 396 351
432 1112 977 303 438 626 370 1079 795 764 548 791 346 448 494 454 726 579 1102 1189 470 885 507 577 882 735 0 476 343 310 658 559 55 630 661 705 826 1167 614 298 944 572 348 449 534 450 825 912 285 765 443 462 429 429 583 196 568 409 559 565 281 388 494 592 564 447 715 380 433 434 904 826 694 833 44 177 373 391
153 641 505 282 160 383 677 850 446 687 365 330 130 159 402 52 305 111 706 803 154 572 521 112 407 501 476 0 159 230 364 169 531 188 367 493 455 753 414 187 467 156 806 881 501 148 390 827 492 598 725 182 543 282 564 300 649 168 144 329 427 389 119 160 938 649 621 126 285 92 442 406 307 408 433 626 207 273
97 771 658 258 106 484 519 830 585 751 440 448 76 115 298 119 384 242 772 864 134 586 541 239 558 470 343 159 0 206 356 307 396 286 485 451 500 832 501 128 616 229 688 726 536 113 548 751 334 542 568 137 530 178 453 151 519 82 290 283 383 253 150 248 779 617 539 151 330 91 600 486 359 492 299 477 81 151
292 859 690 55 302 332 616 1034 487 555 267 558 138 309 500 240 532 341 934 1030 321 777 335 342 602 674 310 230 206 0 552 255 364 418 357 657 674 983 334 79 666 377 601 756 332 302 520 955 456 749 680 334 328 383 648 219 694 285 261 487 197 435 314 386 852 425 743 104 145 249 607 635 526 638 278 484 287 352
261 598 615 607 251 742 652 486 759 1052 729 322 414 244 228 326 199 308 455 535 231 230 876 303 521 140 658 364 356 552 0 515 701 239 716 144 185 528 776 479 549 222 1004 923 861 250 632 493 489 253 664 219 880 230 335 467 462 274 483 97 739 319 247 235 907 973 314 465 645 305 612 243 134 256 615 736 293 267
322 635 440 286 330 228 818 992 279 550 236 376 246 328 571 221 404 210 787 886 322 700 432 215 360 655 559 169 307 255 515 0 614 295 202 651 567 819 268 265 426 293 854 995 399 317 266 992 638 758 872 351 486 451 733 420 816 336 32 492 417 553 283 284 1071 605 788 184 210 260 353 492 429 490 523 727 370 439
483 1167 1033 353 488 674 352 1110 847 797 595 844 401 499 527 508 777 633 1149 1235 521 926 540 631 937 772 55 531 396 364 701 614 0 683 711 741 873 1215 661 354 999 625 302 401 570 501 880 931 297 795 426 511 454 471 603 247 577 459 615 607 316 419 546 645 526 458 739 435 483 487 959 876 743 883 98 132 421 434
207 488 417 471 205 523 753 699 521 844 526 163 299 195 382 183 116 87 518 615 173 405 702 83 316 378 630 188 286 418 239 295 683 0 489 383 274 565 563 366 361 61 972 992 677 189 395 733 567 492 786 196 730 297 532 437 644 233 262 256 615 420 137 37 1018 838 545 314 465 195 391 218 134 220 585 757 279 313
518 734 495 358 526 64 970 1189 141 375 141 537 413 526 767 418 590 408 951 1048 522 893 344 413 450 856 661 367 485 357 716 202 711 489 0 853 754 971 113 405 509 493 897 1110 297 515 272 1194 800 960 1030 550 435 645 928 567 1004 528 233 694 438 738 485 483 1209 556 989 339 229 455 393 668 623 664 633 837 558 629
367 703 749 710 357 876 619 381 902 1179 857 456 519 352 216 449 336 449 484 545 346 213 989 444 659 37 705 493 451 657 144 651 741 383 853 0 262 566 907 579 682 362 1040 900 978 361 776 349 485 108 615 325 981 287 245 530 375 371 620 170 831 324 373 377 856 1064 180 580 764 421 753 354 273 368 665 750 375 325
403 442 521 729 395 793 837 449 763 1117 800 247 542 385 412 433 164 361 276 364 366 148 974 357 444 232 826 455 500 674 185 567 873 274 754 262 0 345 835 610 451 299 1174 1109 951 387 603 568 674 345 847 367 997 408 499 631 630 422 534 281 869 504 361 295 1090 1099 439 575 738 427 549 110 148 123 782 917 453 443
737 339 565 1036 730 1024 1175 514 933 1347 1053 443 861 719 751 746 452 645 84 106 698 357 1250 643 546 529 1167 753 832 983 528 819 1215 565 971 566 345 0 1072 929 510 610 1515 1450 1218 719 745 767 1018 608 1178 704 1290 753 811 970 940 758 790 625 1180 847 684 597 1421 1402 716 879 1018 750 644 348 473 345 1122 1262 793 787
553 845 609 317 562 50 949 1258 239 282 67 632 425 564 796 459 671 478 1046 1145 564 968 235 482 560 914 614 414 501 334 776 268 661 563 113 907 835 1072 0 399 621 557 817 1062 186 554 385 1238 790 1011 1014 590 333 673 954 554 1017 559 300 742 364 752 533 550 1175 451 1029 350 189 492 506 757 697 753 593 791 580 652
218 829 679 130 227 390 565 958 525 632 333 516 68 235 421 182 477 297 876 970 249 706 414 297 585 598 298 187 128 79 479 265 354 366 405 579 610 929 399 0 648 318 619 729 411 230 530 876 395 670 625 260 402 304 570 161 621 208 262 410 260 359 249 331 810 493 664 81 215 182 605 580 463 584 259 462 208 273
559 225 69 706 559 570 1112 884 438 874 624 227 598 550 737 497 349 375 518 606 529 594 836 378 65 662 944 467 616 666 549 426 999 361 509 682 451 510 621 648 0 420 1265 1341 794 542 248 1016 926 782 1147 555 905 658 877 766 997 585 409 602 842 782 487 394 1377 1027 861 571 634 527 135 341 414 328 901 1092 631 673
146 549 474 431 144 521 693 701 541 836 514 223 250 134 332 136 158 87 557 653 112 417 677 82 372 363 572 156 229 377 222 293 625 61 493 362 299 610 557 318 420 0 917 931 656 128 433 708 507 470 727 135 697 239 487 378 594 172 261 217 574 362 78 25 958 801 513 276 441 140 441 262 151 266 527 697 218 253
779 1448 1291 568 785 846 546 1402 1039 857 761 1130 678 796 824 792 1072 914 1450 1537 818 1228 623 913 1201 1072 348 806 688 601 1004 854 302 972 897 1040 1174 1515 817 619 1265 917 0 408 669 797 1113 1200 572 1087 612 810 513 774 881 544 830 756 862 909 459 715 839 935 588 441 1022 694 676 777 1207 1173 1042 1180 393 308 721 736
785 1477 1384 752 786 1075 282 1203 1243 1182 996 1153 758 796 699 845 1060 966 1373 1444 818 1113 928 963 1284 938 449 881 726 756 923 995 401 992 1110 900 1109 1450 1062 729 1341 931 408 0 963 802 1258 943 435 907 308 797 830 713 678 582 578 759 990 828 711 605 856 955 182 799 815 810 883 814 1323 1146 1010 1156 477 272 713 687
611 1016 788 289 621 233 897 1348 424 232 170 775 462 626 832 535 793 590 1185 1283 633 1073 50 594 731 992 534 501 536 332 861 399 570 677 297 978 951 1218 186 411 794 656 669 963 0 618 568 1287 763 1075 967 652 159 714 980 536 1020 609 428 808 253 766 613 656 1096 269 1075 398 216 557 687 887 806 886 525 702 617 684
18 677 592 357 17 527 570 733 592 820 499 352 163 11 254 96 275 174 659 750 20 476 629 170 490 374 450 148 113 302 250 317 501 189 515 361 387 719 554 230 542 128 797 802 618 0 519 684 383 460 609 36 630 137 416 253 506 44 291 191 490 253 55 152 835 723 475 219 403 62 548 376 246 382 405 569 89 136
530 472 224 546 535 336 1067 1053 190 627 402 357 501 529 762 438 454 352 741 834 515 751 613 357 199 767 825 390 548 520 632 266 880 395 272 776 603 745 385 530 248 433 1113 1258 568 519 0 1126 882 885 1116 545 696 655 919 678 1022 551 268 649 664 771 469 411 1326 818 941 448 444 477 121 498 508 489 788 992 594 655
685 997 1085 1003 676 1211 678 308 1250 1501 1183 796 826 674 455 779 679 796 685 701 674 445 1290 791 1000 359 912 827 751 955 493 992 931 733 1194 349 568 767 1238 876 1016 708 1200 943 1287 684 1126 0 634 240 635 648 1264 573 329 782 374 682 962 499 1104 538 709 725 834 1328 212 896 1080 746 1098 676 619 689 882 891 669 603
367 1046 976 482 366 785 187 832 912 995 723 726 392 375 272 446 627 556 943 1017 396 691 748 552 874 521 285 492 334 456 489 638 297 567 800 485 674 1018 790 395 926 507 572 435 763 383 882 634 0 518 234 371 690 279 310 236 282 342 623 393 530 170 438 532 451 727 450 462 602 409 927 710 574 721 265 269 295 255
465 786 850 800 455 981 624 315 1011 1281 959 559 614 451 271 552 440 558 524 569 447 252 1083 552 762 120 765 598 542 749 253 758 795 492 960 108 345 608 1011 670 782 470 1087 907 1075 460 885 240 518 0 607 424 1070 369 229 604 345 466 727 269 916 376 478 486 841 1147 107 678 863 522 859 447 379 460 728 787 463 404
594 1250 1200 699 591 1012 73 897 1146 1199 946 937 626 599 436 678 829 783 1098 1161 619 829 945 779 1098 653 443 725 568 680 664 872 426 786 1030 615 847 1178 1014 625 1147 727 612 308 967 609 1116 635 234 607 0 592 872 489 379 463 270 570 858 576 720 366 664 752 243 884 511 695 825 640 1157 902 771 914 443 323 524 474
42 679 608 389 32 563 557 699 625 856 536 356 195 26 221 132 268 196 641 731 30 448 663 191 506 340 462 182 137 334 219 351 511 196 550 325 367 704 590 260 555 135 810 797 652 36 545 648 371 424 592 0 662 109 383 265 477 56 324 155 519 230 76 160 822 753 439 254 438 98 569 365 231 373 417 571 90 117
620 1121 908 273 630 374 799 1361 571 352 296 851 466 637 810 564 847 647 1248 1345 649 1104 110 649 841 1000 429 543 530 328 880 486 454 730 435 981 997 1290 333 402 905 697 513 830 159 630 696 1264 690 1070 872 662 0 700 943 485 964 611 510 813 162 728 640 703 976 122 1053 422 276 576 810 947 848 948 432 582 607 666
129 767 713 433 122 651 459 669 728 928 614 449 253 126 123 229 347 305 682 765 140 455 718 300 611 312 429 282 178 383 230 451 471 297 645 287 408 753 673 304 658 239 774 713 714 137 655 573 279 369 489 109 700 0 283 245 369 116 426 135 546 123 186 264 724 778 361 325 507 190 678 432 296 442 387 508 96 38
411 932 940 691 403 934 396 531 1008 1202 894 651 530 405 162 512 530 568 729 785 413 456 977 563 842 282 583 564 453 648 335 733 603 532 928 245 499 811 954 570 877 487 881 678 980 416 919 329 310 229 379 383 943 283 0 458 130 399 707 276 782 215 457 510 616 1002 142 604 782 473 924 577 465 590 552 575 374 302
235 923 805 249 241 549 403 911 686 766 487 599 177 252 334 268 529 393 906 994 274 697 526 391 706 557 196 300 151 219 467 420 247 437 567 530 631 970 554 161 766 378 544 582 536 253 678 782 236 604 463 265 485 245 458 0 485 212 411 378 323 243 299 399 651 547 573 236 365 243 741 629 497 636 151 326 177 206
497 1060 1058 732 491 1002 304 626 1095 1249 954 773 593 495 262 597 653 670 857 911 508 584 1012 665 958 411 568 649 519 694 462 816 577 644 1004 375 630 940 1017 621 997 594 830 578 1020 506 1022 374 282 345 270 477 964 369 130 485 0 481 793 395 802 266 553 618 497 1008 243 669 836 557 1035 705 589 718 546 522 446 377
25 721 633 338 29 535 529 749 614 818 501 396 147 40 239 116 318 213 697 787 62 504 617 209 531 389 409 168 82 285 274 336 459 233 528 371 422 758 559 208 585 172 756 759 609 44 551 682 342 466 570 56 611 116 399 212 481 0 312 202 466 221 97 196 794 699 471 213 398 76 586 417 285 424 364 525 46 105
297 614 429 297 304 261 805 959 302 582 267 346 234 302 545 196 371 178 757 855 295 668 460 182 344 623 559 144 290 261 483 32 615 262 233 620 534 790 300 262 409 261 862 990 428 291 268 962 623 727 858 324 510 426 707 411 793 312 0 463 433 531 255 251 1061 628 759 180 233 236 346 461 396 459 521 724 349 417
197 676 664 541 187 712 560 547 755 1011 690 378 349 182 141 282 260 303 552 632 178 320 819 297 565 187 565 329 283 487 97 492 607 256 694 170 281 625 742 410 602 217 909 828 808 191 649 499 393 269 576 155 813 135 276 378 395 202 463 0 665 222 209 237 818 899 297 410 594 252 647 326 197 338 522 639 210 174
477 1045 857 144 487 389 648 1212 580 482 304 752 328 495 652 437 730 537 1131 1227 510 967 226 538 777 852 281 427 383 197 739 417 316 615 438 831 869 1180 364 260 842 574 459 711 253 490 664 1104 530 916 720 519 162 546 782 323 802 466 433 665 0 567 508 583 842 233 894 301 220 442 766 832 722 835 277 448 456 511
241 886 837 477 236 736 341 690 832 991 689 571 327 242 108 337 465 426 772 848 259 523 763 421 735 358 388 389 253 435 319 553 419 420 738 324 504 847 752 359 782 362 715 605 766 253 771 538 170 376 366 230 728 123 215 243 266 221 531 222 567 0 305 388 603 789 332 403 574 297 799 544 409 555 352 427 182 116
72 626 537 369 72 503 625 734 552 806 484 301 180 64 296 78 234 120 628 721 46 464 629 115 435 382 494 119 150 314 247 283 546 137 485 373 361 684 533 249 487 78 839 856 613 55 469 709 438 478 664 76 640 186 457 299 553 97 255 209 508 305 0 100 890 739 504 219 397 66 494 336 214 342 449 619 144 190
170 526 448 440 168 513 718 708 525 831 510 201 264 158 356 149 146 74 547 643 136 419 679 69 347 375 592 160 248 386 235 284 645 37 483 377 295 597 550 331 394 25 935 955 656 152 411 725 532 486 752 160 703 264 510 399 618 196 251 237 583 388 100 0 983 809 532 284 442 158 417 249 149 252 547 719 242 278
819 1490 1427 858 818 1182 265 1116 1335 1323 1108 1173 826 827 679 894 1069 1007 1340 1401 848 1070 1066 1003 1326 894 564 938 779 852 907 1071 526 1018 1209 856 1090 1421 1175 810 1377 958 588 182 1096 835 1326 834 451 841 243 822 976 724 616 651 497 794 1061 818 842 603 890 983 0 958 740 888 989 859 1377 1144 1012 1156 582 395 747 705
711 1241 1030 370 721 494 810 1446 690 418 417 965 560 729 880 665 955 757 1356 1453 743 1200 218 758 962 1086 447 649 617 425 973 605 458 838 556 1064 1099 1402 451 493 1027 801 441 799 269 723 818 1328 727 1147 884 753 122 778 1002 547 1008 699 628 899 233 789 739 809 958 0 1120 525 394 674 932 1056 951 1058 462 574 689 742
476 881 927 791 466 1003 534 390 1053 1289 973 634 614 465 243 571 512 600 631 676 467 359 1078 594 835 207 715 621 539 743 314 788 739 545 989 180 439 716 1029 664 861 513 1022 815 1075 475 941 212 450 107 511 439 1053 361 142 573 243 471 759 297 894 332 504 532 740 1120 0 684 868 537 927 534 448 548 682 717 457 390
213 758 600 156 223 333 638 951 450 604 290 454 75 228 447 142 430 236 831 928 235 684 411 237 508 593 380 126 151 104 465 184 435 314 339 580 575 879 350 81 571 276 694 810 398 219 448 896 462 678 695 254 422 325 604 236 669 213 180 410 301 403 219 284 888 525 684 0 184 159 523 532 427 534 341 544 230 301
398 846 643 131 408 192 760 1132 367 421 121 576 254 412 629 318 582 379 979 1077 418 857 236 382 569 776 433 285 330 145 645 210 483 465 229 764 738 1018 189 215 634 441 676 883 216 403 444 1080 602 863 825 438 276 507 782 365 836 398 233 594 220 574 397 442 989 394 868 184 0 342 549 679 591 679 408 611 411 481
62 679 571 304 71 466 596 791 538 758 437 356 114 72 311 39 299 152 694 788 75 527 571 149 470 434 434 92 91 249 305 260 487 195 455 421 427 750 492 182 527 140 777 814 557 62 477 746 409 522 640 98 576 190 473 243 557 76 236 252 442 297 66 158 859 674 537 159 342 0 518 402 281 407 390 568 117 181
563 354 103 640 565 456 1114 994 306 748 519 304 565 558 773 482 418 374 649 738 540 696 731 378 106 739 904 442 600 607 612 353 959 391 393 753 549 644 506 605 135 441 1207 1323 687 548 121 1098 927 859 1157 569 810 678 924 741 1035 586 346 647 766 799 494 417 1377 932 927 523 549 518 0 439 480 427 864 1063 632 685
393 355 410 689 388 713 884 556 665 1038 729 141 512 377 466 398 103 300 300 398 355 257 915 298 334 329 826 406 486 635 243 492 876 218 668 354 110 348 757 580 341 262 1173 1146 887 376 498 676 710 447 902 365 947 432 577 629 705 417 461 326 832 544 336 249 1144 1056 534 532 679 402 439 0 136 13 781 935 455 462
263 479 480 581 256 657 750 565 649 978 659 187 395 246 339 285 65 219 414 506 225 271 828 215 387 260 694 307 359 526 134 429 743 134 623 273 148 473 697 463 414 151 1042 1010 806 246 508 619 574 379 771 231 848 296 465 497 589 285 396 197 722 409 214 149 1012 951 448 427 591 281 480 136 0 146 649 798 321 325
400 342 398 691 395 708 895 566 658 1034 726 133 516 384 479 401 107 301 300 398 362 268 914 299 322 342 833 408 492 638 256 490 883 220 664 368 123 345 753 584 328 266 1180 1156 886 382 489 689 721 460 914 373 948 442 590 636 718 424 459 338 835 555 342 252 1156 1058 548 534 679 407 427 13 146 0 788 943 463 472
387 1068 936 277 393 601 371 1041 765 757 525 746 303 404 456 410 681 535 1058 1145 425 843 502 533 840 695 44 433 299 278 615 523 98 585 633 665 782 1122 593 259 901 527 393 477 525 405 788 882 265 728 443 417 432 387 552 151 546 364 521 522 277 352 449 547 582 462 682 341 408 390 864 781 649 788 0 206 329 348
550 1245 1131 479 554 803 251 1101 970 928 725 920 498 564 535 595 840 719 1191 1271 587 950 671 717 1033 785 177 626 477 484 736 727 132 757 837 750 917 1262 791 462 1092 697 308 272 702 569 992 891 269 787 323 571 582 508 575 326 522 525 724 639 448 427 619 719 395 574 717 544 611 568 1063 935 798 943 206 0 482 474
72 766 680 337 73 561 482 756 650 832 520 441 157 83 217 156 359 260 729 817 106 524 622 256 578 396 373 207 81 287 293 370 421 279 558 375 453 793 580 208 631 218 721 713 617 89 594 669 295 463 524 90 607 96 374 177 446 46 349 210 456 182 144 242 747 689 457 230 411 117 632 455 321 463 329 482 0 71
124 791 725 400 120 632 440 706 718 902 591 470 228 126 148 221 373 311 718 802 145 494 687 306 623 351 391 273 151 352 267 439 434 313 629 325 443 787 652 273 673 253 736 687 684 136 655 603 255 404 474 117 666 38 302 206 377 105 417 174 511 116 190 278 705 742 390 301 481 181 685 462 325 472 348 474 71 0
