0 143 227 744 555 322 444 267 162 766 673 474 642 162 762 825 814 671 131 673 135 378 250 365 407 162 698 291 188 193 664 132 171 158 154 853 567 473 314 675 554 289 233 721 83 535 590 618 850 262 423 731 624 703 319 124 639 723 788 85 302 708 859 800 864 533 6 135 43 5 725 68 231 809 330 857 245 212
143 0 359 615 416 316 570 346 294 762 806 492 658 146 675 718 776 615 269 669 77 294 385 495 264 263 833 179 238 337 575 267 292 201 242 956 465 607 229 541 485 187 308 640 98 435 513 737 811 157 491 588 768 565 416 32 581 606 726 219 400 567 989 929 883 661 148 233 101 140 791 174 331 805 267 1000 354 215
227 359 0 970 775 345 217 375 206 710 572 417 779 287 980 1049 998 873 183 830 362 600 223 138 620 282 473 454 357 101 751 195 75 345 152 640 791 386 441 899 766 441 170 793 266 650 805 568 845 489 512 943 439 878 156 331 842 854 991 142 365 894 757 573 765 465 225 145 261 232 786 185 112 750 426 662 87 280
744 615 970 0 222 851 1185 782 848 1209 1295 1021 768 734 325 226 621 465 839 701 611 417 928 1108 381 775 1443 610 695 928 810 831 906 679 856 1563 255 1119 678 89 396 633 913 880 713 695 360 1178 1157 486 835 232 1342 481 1026 646 450 683 479 828 852 421 1454 1543 1368 1142 746 847 708 739 1031 789 944 1246 735 1576 969 790
555 416 775 222 0 629 984 650 680 991 1163 799 750 521 445 405 692 512 664 706 429 308 766 911 162 618 1249 389 547 746 613 658 707 523 649 1348 258 974 456 135 395 412 701 686 510 487 381 1062 952 316 738 196 1172 340 816 444 486 514 573 634 719 295 1334 1343 1148 1010 558 643 515 550 982 590 737 1029 512 1406 764 573
322 316 345 851 629 0 464 589 455 450 916 179 957 174 975 997 1093 930 418 977 384 606 523 422 470 482 731 240 506 409 408 426 282 473 212 735 758 723 176 765 798 217 177 447 256 325 822 896 530 467 745 745 772 604 264 288 896 532 1039 303 616 637 1102 791 567 798 327 231 306 325 1045 265 238 493 126 980 270 110
444 570 217 1185 984 464 0 562 402 698 575 450 957 473 1196 1267 1198 1083 388 1018 579 818 379 80 826 485 272 637 566 291 864 400 278 558 337 437 1009 440 606 1111 980 620 305 891 473 790 1020 626 872 706 678 1144 342 1052 199 540 1053 996 1201 358 533 1076 740 358 703 520 443 341 476 449 916 395 254 732 576 522 223 443
267 346 375 782 650 589 562 0 168 1027 514 731 404 427 684 787 638 540 196 457 276 365 189 484 547 107 753 525 112 277 917 184 370 147 399 1000 545 338 566 737 464 531 473 979 343 781 509 414 1118 341 156 845 586 889 522 350 515 951 657 300 69 878 684 875 1113 361 261 377 292 264 457 325 446 1070 591 812 442 480
162 294 206 848 680 455 402 168 0 877 513 579 573 316 806 892 797 682 36 624 253 444 90 322 546 84 618 453 169 111 822 30 206 171 248 837 637 313 474 788 587 451 316 877 244 696 629 457 984 365 312 866 495 860 355 281 654 885 801 151 168 861 697 734 952 371 156 227 203 163 601 193 282 919 485 729 275 353
766 762 710 1209 991 450 698 1027 877 0 1260 298 1406 624 1392 1390 1537 1368 842 1427 833 1043 926 709 853 920 886 641 953 802 456 851 676 921 630 684 1173 1090 566 1120 1234 619 561 419 706 522 1253 1277 208 905 1183 1043 1040 819 561 737 1335 641 1472 729 1045 875 1434 880 173 1171 771 651 754 770 1478 703 604 43 511 1191 623 559
673 806 572 1295 1163 916 575 514 513 1260 0 980 706 816 1154 1275 1011 983 542 798 756 878 423 551 1047 552 554 965 615 511 1314 542 633 641 707 912 1050 200 978 1252 946 961 742 1361 754 1199 992 149 1412 848 479 1357 291 1372 702 794 966 1394 1085 635 445 1370 187 673 1278 153 668 692 715 675 511 689 684 1296 979 406 657 835
474 492 417 1021 799 179 450 731 579 298 980 0 1116 346 1155 1175 1267 1107 544 1143 556 784 629 439 643 623 686 413 662 506 444 553 378 631 332 609 937 802 343 934 976 389 263 455 422 418 1001 986 432 645 886 898 789 725 278 463 1074 608 1217 432 747 768 1160 719 393 882 478 354 467 478 1180 408 308 340 286 969 329 278
642 658 779 768 750 957 957 404 573 1406 706 1116 0 783 515 656 306 329 599 94 581 461 577 882 732 504 1115 824 454 680 1215 588 771 485 790 1394 520 619 885 769 374 837 868 1284 700 1069 408 558 1469 555 283 929 899 1072 926 677 330 1196 402 695 424 1038 807 1242 1505 587 637 769 651 637 275 708 847 1449 926 1093 845 846
162 146 287 734 521 174 473 427 316 624 816 346 783 0 820 856 920 761 282 803 209 441 398 408 359 324 745 167 336 308 505 286 211 301 138 828 607 616 162 654 632 154 179 561 85 383 659 773 693 303 582 671 724 591 295 116 728 580 872 180 464 608 1003 829 739 683 168 141 136 163 885 127 219 667 169 949 250 68
762 675 980 325 445 975 1196 684 806 1392 1154 1155 515 820 0 144 301 185 812 430 633 385 865 1115 544 723 1425 752 637 909 1053 801 933 639 907 1615 219 1010 827 375 220 775 979 1126 766 919 177 1018 1381 518 675 548 1270 774 1080 707 191 959 155 846 745 720 1288 1540 1535 1010 762 892 740 756 790 824 991 1433 884 1494 1007 886
825 718 1049 226 405 997 1267 787 892 1390 1275 1175 656 856 144 0 440 327 892 573 690 450 959 1187 538 811 1508 762 724 988 1017 882 995 721 959 1673 258 1121 836 299 328 786 1026 1089 814 892 282 1143 1357 566 797 458 1371 704 1133 751 328 902 293 910 852 645 1416 1619 1542 1128 825 946 797 819 932 881 1046 1430 894 1599 1066 919
814 776 998 621 692 1093 1198 638 797 1537 1011 1267 306 920 301 440 0 182 815 213 712 497 827 1119 742 716 1386 906 642 908 1261 803 972 661 969 1635 433 909 977 655 315 925 1047 1334 848 1117 314 864 1561 632 561 830 1188 1032 1128 804 212 1197 147 886 680 985 1113 1510 1660 886 811 950 808 809 563 883 1041 1579 1029 1391 1049 989
671 615 873 465 512 930 1083 540 682 1368 983 1107 329 761 185 327 182 0 694 247 557 325 728 1002 560 598 1293 732 516 791 1080 683 837 528 824 1514 253 850 805 487 136 752 901 1153 694 937 132 843 1385 464 506 660 1119 852 991 645 33 1015 118 749 595 806 1110 1413 1498 843 669 807 659 666 605 738 903 1411 858 1337 914 830
131 269 183 839 664 418 388 196 36 842 542 544 599 282 812 892 815 694 0 647 235 442 119 307 526 99 616 423 177 97 787 12 174 172 213 821 636 341 441 776 594 420 282 842 212 663 634 490 948 353 344 848 508 833 326 254 665 854 813 115 203 836 727 728 920 403 126 191 174 133 635 158 250 884 450 742 246 317
673 669 830 701 706 977 1018 457 624 1427 798 1143 94 803 430 573 213 247 647 0 595 437 640 941 708 549 1189 824 487 734 1207 635 815 514 825 1456 463 701 890 710 315 840 904 1278 722 1061 343 650 1478 548 356 877 981 1037 971 691 253 1175 310 734 488 999 901 1315 1536 674 669 805 676 668 365 741 888 1470 935 1180 891 868
135 77 362 611 429 384 579 276 253 833 756 556 581 209 633 690 712 557 235 595 0 248 342 501 293 204 832 255 165 318 651 230 305 128 273 984 432 559 307 544 432 264 347 717 137 511 464 677 888 126 416 613 743 619 446 96 523 676 670 221 334 614 936 935 949 607 136 258 107 130 714 191 358 876 344 977 376 277
378 294 600 417 308 606 818 365 444 1043 878 784 461 441 385 450 497 325 442 437 248 0 517 737 272 366 1058 408 282 538 774 432 550 272 522 1231 193 702 480 375 191 428 595 846 382 629 218 766 1064 139 432 503 933 612 694 326 291 738 432 463 434 583 1041 1168 1173 725 378 507 355 372 676 439 606 1085 533 1165 623 509
250 385 223 928 766 523 379 189 90 926 423 629 577 398 865 959 827 728 119 640 342 517 0 306 636 152 564 542 236 125 903 119 251 248 311 817 708 222 559 871 645 539 368 955 331 781 688 375 1046 450 299 955 415 951 380 372 702 973 846 222 153 952 608 686 988 284 245 292 292 252 563 272 322 967 566 648 307 428
365 495 138 1108 911 422 80 484 322 709 551 439 882 408 1115 1187 1119 1002 307 941 501 737 306 0 754 404 338 574 485 211 829 319 204 477 269 516 929 395 550 1036 899 559 251 862 400 744 939 583 869 627 605 1075 354 994 165 466 972 951 1121 280 459 1015 725 434 732 477 364 270 400 371 853 320 194 745 525 557 161 386
407 264 620 381 162 470 826 547 546 853 1047 643 732 359 544 538 742 560 526 708 293 272 636 754 0 495 1093 229 437 600 519 522 550 407 489 1185 329 852 300 297 427 253 539 593 354 378 431 960 837 207 660 324 1031 350 654 290 529 466 646 482 613 332 1225 1184 1004 896 411 485 365 403 933 435 576 893 358 1264 604 411
162 263 282 775 618 482 485 107 84 920 552 623 504 324 723 811 716 598 99 549 204 366 152 404 495 0 701 437 86 193 822 87 267 96 291 919 558 357 470 720 503 439 366 882 242 689 545 474 1012 301 263 809 567 824 422 259 570 868 717 193 141 819 732 818 1006 402 156 270 192 160 563 218 342 962 491 800 342 374
698 833 473 1443 1249 731 272 753 618 886 554 686 1115 745 1425 1508 1386 1293 616 1189 832 1058 564 338 1093 701 0 909 787 520 1120 626 542 788 607 364 1252 512 878 1373 1205 892 577 1140 738 1057 1247 661 1080 958 833 1413 263 1324 468 804 1266 1262 1410 615 706 1348 667 128 842 573 696 609 735 703 1009 658 526 911 846 312 495 716
291 179 454 610 389 240 637 525 453 641 965 413 824 167 752 762 906 732 423 824 255 408 542 574 229 437 909 0 418 467 397 424 378 381 305 965 533 764 74 524 596 23 334 463 211 256 613 907 657 277 671 516 890 424 449 177 698 432 832 337 576 441 1151 988 783 825 297 308 251 290 969 283 382 682 131 1116 414 196
188 238 357 695 547 506 566 112 169 953 615 662 454 336 637 724 642 516 177 487 165 282 236 485 437 86 787 418 0 275 813 166 330 37 338 998 473 428 464 643 417 425 416 877 251 674 459 523 1029 233 253 741 651 777 487 246 487 841 635 246 175 767 789 903 1052 463 183 317 201 183 554 255 402 996 494 883 407 396
193 337 101 928 746 409 291 277 111 802 511 506 680 308 909 988 908 791 97 734 318 538 125 211 600 193 520 467 275 0 802 109 129 270 197 726 732 315 470 863 691 459 245 850 259 689 732 487 926 442 411 925 431 888 257 315 762 888 910 129 264 897 698 631 864 388 189 181 235 197 686 183 197 843 467 663 182 323
664 575 751 810 613 408 864 917 822 456 1314 444 1215 505 1053 1017 1261 1080 787 1207 651 774 903 829 519 822 1120 397 813 802 0 791 683 776 607 1043 845 1117 351 724 945 388 585 73 581 145 950 1278 350 660 1066 614 1180 370 667 568 1048 185 1164 681 963 430 1501 1162 629 1186 670 621 629 665 1366 631 646 482 337 1384 678 478
132 267 195 831 658 426 400 184 30 851 542 553 588 286 801 882 803 683 12 635 230 432 119 319 522 87 626 424 166 109 791 0 185 161 222 833 626 341 444 769 582 421 292 846 214 666 624 487 956 346 334 843 514 832 338 253 653 855 801 123 193 834 727 739 930 401 126 200 174 133 626 163 261 893 455 748 258 323
171 292 75 906 707 282 278 370 206 676 633 378 771 211 933 995 972 837 174 815 305 550 251 204 550 267 542 378 330 129 683 185 0 310 77 682 738 441 366 833 723 366 116 727 196 577 760 617 797 430 518 871 514 803 156 262 805 781 955 87 374 819 820 637 746 517 171 70 199 177 805 117 76 717 354 738 77 207
158 201 345 679 523 473 558 147 171 921 641 631 485 301 639 721 661 528 172 514 128 272 248 477 407 96 788 381 37 270 776 161 310 0 311 985 465 450 426 624 422 387 390 839 216 637 462 554 994 207 290 716 663 744 466 208 497 804 646 224 207 735 818 901 1022 490 154 291 166 153 591 226 380 964 457 896 388 362
154 242 152 856 649 212 337 399 248 630 707 332 790 138 907 959 969 824 213 825 273 522 311 269 489 291 607 305 338 197 607 222 77 311 0 714 703 513 289 779 704 291 78 653 144 500 737 683 737 393 553 806 591 728 174 210 792 703 940 99 415 746 894 694 716 586 158 21 166 160 848 86 88 672 276 813 114 130
853 956 640 1563 1348 735 437 1000 837 684 912 609 1394 828 1615 1673 1635 1514 821 1456 984 1231 817 516 1185 919 364 965 998 726 1043 833 682 985 714 0 1417 836 911 1481 1405 943 650 1039 859 1027 1442 1005 892 1107 1113 1479 622 1330 540 924 1483 1215 1632 769 970 1369 1031 274 581 908 853 726 877 859 1332 792 627 695 862 649 608 774
567 465 791 255 258 758 1009 545 637 1173 1050 937 520 607 219 258 433 253 636 463 432 193 708 929 329 558 1252 533 473 732 845 626 738 465 703 1417 0 883 608 248 147 556 772 918 560 706 124 928 1166 310 583 414 1123 599 877 498 228 766 320 652 614 553 1204 1361 1316 899 567 690 540 561 777 624 790 1214 665 1354 809 672
473 607 386 1119 974 723 440 338 313 1090 200 802 619 616 1010 1121 909 850 341 701 559 702 222 395 852 357 512 764 428 315 1117 341 441 450 513 836 883 0 778 1070 794 760 554 1166 553 999 840 188 1231 658 349 1166 280 1173 529 594 829 1194 961 436 269 1173 386 639 1126 81 467 496 515 475 499 489 498 1129 781 486 473 638
314 229 441 678 456 176 606 566 474 566 978 343 885 162 827 836 977 805 441 890 307 480 559 550 300 470 878 74 464 470 351 444 366 426 289 911 608 778 0 591 669 52 301 413 231 221 687 931 588 347 717 569 881 446 411 217 771 417 907 342 611 471 1165 950 708 843 320 297 278 314 1018 289 355 608 57 1102 388 163
675 541 899 89 135 765 1111 737 788 1120 1252 934 769 654 375 299 655 487 776 710 544 375 871 1036 297 720 1373 524 643 863 724 769 833 624 779 1481 248 1070 591 0 395 548 833 794 637 607 367 1142 1069 422 805 175 1283 406 948 571 467 602 521 757 807 348 1417 1470 1279 1099 677 772 637 670 1021 715 867 1157 647 1517 893 707
554 485 766 396 395 798 980 464 587 1234 946 976 374 632 220 328 315 136 594 315 432 191 645 899 427 503 1205 596 417 691 945 582 723 422 704 1405 147 794 669 395 0 617 779 1018 569 802 46 816 1249 331 469 561 1051 732 874 516 103 886 240 635 527 690 1090 1321 1365 799 553 687 537 548 635 619 785 1276 723 1275 799 700
289 187 441 633 412 217 620 531 451 619 961 389 837 154 775 786 925 752 420 840 264 428 539 559 253 439 892 23 425 459 388 421 366 387 291 943 556 760 52 548 617 0 316 453 207 250 634 907 639 295 678 537 879 437 430 180 719 434 854 330 579 456 1147 970 760 822 295 295 250 288 978 275 366 660 108 1104 398 177
233 308 170 913 701 177 305 473 316 561 742 263 868 179 979 1026 1047 901 282 904 347 595 368 251 539 366 577 334 416 245 585 292 116 390 78 650 772 554 301 833 779 316 0 624 213 493 812 732 680 463 626 848 596 747 115 275 868 700 1017 173 485 771 927 654 640 631 236 99 242 238 917 164 60 602 273 808 93 138
721 640 793 880 686 447 891 979 877 419 1361 455 1284 561 1126 1089 1334 1153 842 1278 717 846 955 862 593 882 1140 463 877 850 73 846 727 839 653 1039 918 1166 413 794 1018 453 624 0 639 217 1024 1331 288 731 1130 679 1215 429 697 630 1121 230 1238 732 1023 491 1547 1174 591 1237 728 669 689 722 1430 684 684 440 391 1413 716 528
83 98 266 713 510 256 473 343 244 706 754 422 700 85 766 814 848 694 212 722 137 382 331 400 354 242 738 211 251 259 581 214 196 216 144 859 560 553 231 637 569 207 213 639 0 452 600 701 778 249 498 677 688 629 319 66 661 641 808 132 383 638 940 832 815 615 89 134 51 83 800 81 233 749 249 918 256 146
535 435 650 695 487 325 790 781 696 522 1199 418 1069 383 919 892 1117 937 663 1061 511 629 781 744 378 689 1057 256 674 689 145 666 577 637 500 1027 706 999 221 607 802 250 493 217 452 0 809 1153 465 514 927 520 1088 310 590 431 905 206 1025 563 830 360 1386 1113 690 1065 541 511 498 535 1225 510 553 556 223 1302 586 370
590 513 805 360 381 822 1020 509 629 1253 992 1001 408 659 177 282 314 132 634 343 464 218 688 939 431 545 1247 613 459 732 950 624 760 462 737 1442 124 840 687 367 46 634 812 1024 600 809 0 862 1261 356 515 537 1096 721 909 544 104 883 219 672 573 676 1135 1363 1388 845 589 721 570 584 674 653 820 1295 742 1321 835 727
618 737 568 1178 1062 896 626 414 457 1277 149 986 558 773 1018 1143 864 843 490 650 677 766 375 583 960 474 661 907 523 487 1278 487 617 554 683 1005 928 188 931 1142 816 907 732 1331 701 1153 862 0 1413 755 347 1258 404 1297 715 731 828 1340 941 598 347 1289 276 786 1315 106 612 665 657 618 365 647 679 1316 941 552 656 803
850 811 845 1157 952 530 872 1118 984 208 1412 432 1469 693 1381 1357 1561 1385 948 1478 888 1064 1046 869 837 1012 1080 657 1029 926 350 956 797 994 737 892 1166 1231 588 1069 1249 639 680 288 778 465 1261 1413 0 934 1274 964 1214 717 710 792 1352 517 1480 832 1147 779 1592 1083 351 1310 856 757 829 853 1575 795 733 204 544 1380 758 638
262 157 489 486 316 467 706 341 365 905 848 645 555 303 518 566 632 464 353 548 126 139 450 627 207 301 958 277 233 442 660 346 430 207 393 1107 310 658 347 422 331 295 463 731 249 514 356 755 934 0 453 508 860 556 567 189 430 649 571 347 408 540 1023 1062 1034 696 263 380 231 256 732 315 480 948 397 1095 500 371
423 491 512 835 738 745 678 156 312 1183 479 886 283 582 675 797 561 506 344 356 416 432 299 605 660 263 833 671 253 411 1066 334 518 290 553 1113 583 349 717 805 469 678 626 1130 498 927 515 347 1274 453 0 934 627 1010 666 499 488 1089 613 454 147 992 622 959 1264 337 418 531 447 421 302 481 594 1225 745 835 587 636
731 588 943 232 196 745 1144 845 866 1043 1357 898 929 671 548 458 830 660 848 877 613 503 955 1075 324 809 1413 516 741 925 614 843 871 716 806 1479 414 1166 569 175 561 537 848 679 677 520 537 1258 964 508 934 0 1355 259 964 613 639 466 696 806 914 196 1530 1500 1210 1204 735 804 690 727 1172 758 891 1077 620 1588 920 712
624 768 439 1342 1172 772 342 586 495 1040 291 789 899 724 1270 1371 1188 1119 508 981 743 933 415 354 1031 567 263 890 651 431 1180 514 514 663 591 622 1123 280 881 1283 1051 879 596 1215 688 1088 1096 404 1214 860 627 1355 0 1314 519 746 1096 1293 1232 556 525 1326 418 384 1033 325 620 584 667 628 761 609 536 1073 865 234 503 720
703 565 878 481 340 604 1052 889 860 819 1372 725 1072 591 774 704 1032 852 833 1037 619 612 951 994 350 824 1324 424 777 888 370 832 803 744 728 1330 599 1173 446 406 732 437 747 429 629 310 721 1297 717 556 1010 259 1314 0 857 579 826 208 910 760 952 63 1555 1394 990 1225 708 732 659 700 1282 706 800 848 481 1541 833 609
319 416 156 1026 816 264 199 522 355 561 702 278 926 295 1080 1133 1128 991 326 971 446 694 380 165 654 422 468 449 487 257 667 338 156 466 174 540 877 529 411 948 874 430 115 697 319 590 909 715 710 567 666 964 519 857 0 384 959 796 1108 242 519 883 882 539 609 610 321 187 339 325 943 255 88 600 378 717 80 253
124 32 331 646 444 288 540 350 281 737 794 463 677 116 707 751 804 645 254 691 96 326 372 466 290 259 804 177 246 315 568 253 262 208 210 924 498 594 217 571 516 180 275 630 66 431 544 731 792 189 499 613 746 579 384 0 611 609 756 193 399 584 979 899 855 651 129 201 80 121 800 145 299 780 250 978 323 185
639 581 842 450 486 896 1053 515 654 1335 966 1074 330 728 191 328 212 33 665 253 523 291 702 972 529 570 1266 698 487 762 1048 653 805 497 792 1483 228 829 771 467 103 719 868 1121 661 905 104 828 1352 430 488 639 1096 826 959 611 0 986 149 718 571 781 1097 1386 1464 824 637 774 626 633 603 706 870 1377 824 1315 882 796
723 606 854 683 514 532 996 951 885 641 1394 608 1196 580 959 902 1197 1015 854 1175 676 738 973 951 466 868 1262 432 841 888 185 855 781 804 703 1215 766 1194 417 602 886 434 700 230 641 206 883 1340 517 649 1089 466 1293 208 796 609 986 0 1086 760 1006 271 1581 1315 814 1257 729 713 683 722 1379 706 759 666 428 1508 792 574
788 726 991 479 573 1039 1201 657 801 1472 1085 1217 402 872 155 293 147 118 813 310 670 432 846 1121 646 717 1410 832 635 910 1164 801 955 646 940 1632 320 961 907 521 240 854 1017 1238 808 1025 219 941 1480 571 613 696 1232 910 1108 756 149 1086 0 867 710 859 1203 1531 1606 949 786 923 774 782 675 855 1019 1514 961 1447 1031 941
85 219 142 828 634 303 358 300 151 729 635 432 695 180 846 910 886 749 115 734 221 463 222 280 482 193 615 337 246 129 681 123 87 224 99 769 652 436 342 757 635 330 173 732 132 563 672 598 832 347 454 806 556 760 242 193 718 760 867 0 316 770 822 715 813 505 85 77 120 91 749 54 155 771 344 786 164 205
302 400 365 852 719 616 533 69 168 1045 445 747 424 464 745 852 680 595 203 488 334 434 153 459 613 141 706 576 175 264 963 193 374 207 415 970 614 269 611 807 527 579 485 1023 383 830 573 347 1147 408 147 914 525 952 519 399 571 1006 710 316 0 943 615 830 1121 291 296 394 333 300 432 351 450 1087 632 748 441 510
708 567 894 421 295 637 1076 878 861 875 1370 768 1038 608 720 645 985 806 836 999 614 583 952 1015 332 819 1348 441 767 897 430 834 819 735 746 1369 553 1173 471 348 690 456 771 491 638 360 676 1289 779 540 992 196 1326 63 883 584 781 271 859 770 943 0 1551 1422 1045 1222 713 749 664 705 1257 717 822 906 512 1555 854 632
859 989 757 1454 1334 1102 740 684 697 1434 187 1160 807 1003 1288 1416 1113 1110 727 901 936 1041 608 725 1225 732 667 1151 789 698 1501 727 820 818 894 1031 1204 386 1165 1417 1090 1147 927 1547 940 1386 1135 276 1592 1023 622 1530 418 1555 882 979 1097 1581 1203 822 615 1551 0 772 1442 329 853 879 901 860 567 875 868 1469 1166 435 840 1022
800 929 573 1543 1343 791 358 875 734 880 673 719 1242 829 1540 1619 1510 1413 728 1315 935 1168 686 434 1184 818 128 988 903 631 1162 739 637 901 694 274 1361 639 950 1470 1321 970 654 1174 832 1113 1363 786 1083 1062 959 1500 384 1394 539 899 1386 1315 1531 715 830 1422 772 0 812 700 799 699 834 805 1136 754 609 901 913 375 580 792
864 883 765 1368 1148 567 703 1113 952 173 1278 393 1505 739 1535 1542 1660 1498 920 1536 949 1173 988 732 1004 1006 842 783 1052 864 629 930 746 1022 716 581 1316 1126 708 1279 1365 760 640 591 815 690 1388 1315 351 1034 1264 1210 1033 990 609 855 1464 814 1606 813 1121 1045 1442 812 0 1208 868 737 859 868 1550 797 671 152 651 1154 682 671
533 661 465 1142 1010 798 520 361 371 1171 153 882 587 683 1010 1128 886 843 403 674 607 725 284 477 896 402 573 825 463 388 1186 401 517 490 586 908 899 81 843 1099 799 822 631 1237 615 1065 845 106 1310 696 337 1204 325 1225 610 651 824 1257 949 505 291 1222 329 700 1208 0 527 569 574 534 436 556 576 1210 849 506 552 709
6 148 225 746 558 327 443 261 156 771 668 478 637 168 762 825 811 669 126 669 136 378 245 364 411 156 696 297 183 189 670 126 171 154 158 853 567 467 320 677 553 295 236 728 89 541 589 612 856 263 418 735 620 708 321 129 637 729 786 85 296 713 853 799 868 527 0 138 48 8 719 72 233 814 336 853 246 218
135 233 145 847 643 231 341 377 227 651 692 354 769 141 892 946 950 807 191 805 258 507 292 270 485 270 609 308 317 181 621 200 70 291 21 726 690 496 297 772 687 295 99 669 134 511 721 665 757 380 531 804 584 732 187 201 774 713 923 77 394 749 879 699 737 569 138 0 151 141 826 68 99 693 288 808 121 142
43 101 261 708 515 306 476 292 203 754 715 467 651 136 740 797 808 659 174 676 107 355 292 400 365 192 735 251 201 235 629 174 199 166 166 877 540 515 278 637 537 250 242 689 51 498 570 657 829 231 447 690 667 659 339 80 626 683 774 120 333 664 901 834 859 574 48 151 0 40 749 84 250 797 299 899 269 195
5 140 232 739 550 325 449 264 163 770 675 478 637 163 756 819 809 666 133 668 130 372 252 371 403 160 703 290 183 197 665 133 177 153 160 859 561 475 314 670 548 288 238 722 83 535 584 618 853 256 421 727 628 700 325 121 633 722 782 91 300 705 860 805 868 534 8 141 40 0 722 74 237 813 331 861 251 215
725 791 786 1031 982 1045 916 457 601 1478 511 1180 275 885 790 932 563 605 635 365 714 676 563 853 933 563 1009 969 554 686 1366 626 805 591 848 1332 777 499 1018 1021 635 978 917 1430 800 1225 674 365 1575 732 302 1172 761 1282 943 800 603 1379 675 749 432 1257 567 1136 1550 436 719 826 749 722 0 780 880 1520 1047 917 868 937
68 174 185 789 590 265 395 325 193 703 689 408 708 127 824 881 883 738 158 741 191 439 272 320 435 218 658 283 255 183 631 163 117 226 86 792 624 489 289 715 619 275 164 684 81 510 653 647 795 315 481 758 609 706 255 145 706 706 855 54 351 717 875 754 797 556 72 68 84 74 780 0 166 745 293 838 184 160
231 331 112 944 737 238 254 446 282 604 684 308 847 219 991 1046 1041 903 250 888 358 606 322 194 576 342 526 382 402 197 646 261 76 380 88 627 790 498 355 867 785 366 60 684 233 553 820 679 733 480 594 891 536 800 88 299 870 759 1019 155 450 822 868 609 671 576 233 99 250 237 880 166 0 645 331 749 33 191
809 805 750 1246 1029 493 732 1070 919 43 1296 340 1449 667 1433 1430 1579 1411 884 1470 876 1085 967 745 893 962 911 682 996 843 482 893 717 964 672 695 1214 1129 608 1157 1276 660 602 440 749 556 1295 1316 204 948 1225 1077 1073 848 600 780 1377 666 1514 771 1087 906 1469 901 152 1210 814 693 797 813 1520 745 645 0 553 1219 663 602
330 267 426 735 512 126 576 591 485 511 979 286 926 169 884 894 1029 858 450 935 344 533 566 525 358 491 846 131 494 467 337 455 354 457 276 862 665 781 57 647 723 108 273 391 249 223 742 941 544 397 745 620 865 481 378 250 824 428 961 344 632 512 1166 913 651 849 336 288 299 331 1047 293 331 553 0 1081 365 146
857 1000 662 1576 1406 980 522 812 729 1191 406 969 1093 949 1494 1599 1391 1337 742 1180 977 1165 648 557 1264 800 312 1116 883 663 1384 748 738 896 813 649 1354 486 1102 1517 1275 1104 808 1413 918 1302 1321 552 1380 1095 835 1588 234 1541 717 978 1315 1508 1447 786 748 1555 435 375 1154 506 853 808 899 861 917 838 749 1219 1081 0 716 938
245 354 87 969 764 270 223 442 275 623 657 329 845 250 1007 1066 1049 914 246 891 376 623 307 161 604 342 495 414 407 182 678 258 77 388 114 608 809 473 388 893 799 398 93 716 256 586 835 656 758 500 587 920 503 833 80 323 882 792 1031 164 441 854 840 580 682 552 246 121 269 251 868 184 33 663 365 716 0 224
212 215 280 790 573 110 443 480 353 559 835 278 846 68 886 919 989 830 317 868 277 509 428 386 411 374 716 196 396 323 478 323 207 362 130 774 672 638 163 707 700 177 138 528 146 370 727 803 638 371 636 712 720 609 253 185 796 574 941 205 510 632 1022 792 671 709 218 142 195 215 937 160 191 602 146 938 224 0
