0 916 1157 1186 923 1269 1359 1323 570 977 738 846 177 305 996 155
916 0 1629 1190 327 359 577 1986 522 203 1452 1499 887 779 1724 763
1157 1629 0 713 1835 1852 1687 482 1117 1800 522 1890 1335 982 1942 1222
1186 1190 713 0 1477 1302 1055 1193 800 1389 971 2032 1332 891 2162 1158
923 327 1835 1477 0 568 874 2143 726 154 1576 1316 833 894 1555 772
1269 359 1852 1302 568 0 366 2250 810 416 1749 1845 1246 1102 2074 1118
1359 577 1687 1055 874 366 0 2126 811 722 1688 2051 1383 1123 2265 1223
1323 1986 482 1193 2143 2250 2126 0 1464 2135 585 1890 1492 1249 1880 1431
570 522 1117 800 726 810 811 1464 0 683 940 1363 642 312 1544 460
977 203 1800 1389 154 416 722 2135 683 0 1582 1446 911 898 1681 822
738 1452 522 971 1576 1749 1688 585 940 1582 0 1382 909 684 1421 847
846 1499 1890 2032 1316 1845 2051 1890 1363 1446 1382 0 723 1149 245 907
177 887 1335 1332 833 1246 1383 1492 642 911 909 723 0 440 902 184
305 779 982 891 894 1102 1123 1249 312 898 684 1149 440 0 1302 271
996 1724 1942 2162 1555 2074 2265 1880 1544 1681 1421 245 902 1302 0 1083
155 763 1222 1158 772 1118 1223 1431 460 822 847 907 184 271 1083 0
