0 212 855 340 1523 1457 408 1640 1503 185 14 449 1477 544 540 752
212 0 816 411 1313 1670 566 1433 1632 360 197 306 1473 614 580 539
855 816 0 1187 1629 1920 1244 1436 1184 1029 852 555 667 1396 376 932
340 411 1187 0 1527 1467 238 1757 1785 220 339 717 1817 208 880 852
1523 1313 1629 1527 0 2967 1762 568 2776 1625 1508 1250 2188 1616 1692 796
1457 1670 1920 1467 2967 0 1231 3088 1426 1342 1472 1844 2200 1459 1571 2210
408 566 1244 238 1762 1231 0 1972 1667 222 416 850 1831 280 895 1064
1640 1433 1436 1757 568 3088 1972 0 2621 1788 1626 1249 1868 1898 1622 907
1503 1632 1184 1785 2776 1426 1667 2621 0 1564 1512 1549 1007 1937 1100 2009
185 360 1029 220 1625 1342 222 1788 1564 0 193 630 1634 396 693 885
14 197 852 339 1508 1472 416 1626 1512 193 0 438 1477 545 541 737
449 306 555 717 1250 1844 850 1249 1549 630 438 0 1223 921 450 462
1477 1473 667 1817 2188 2200 1831 1868 1007 1634 1477 1223 0 2021 940 1573
544 614 1396 208 1616 1459 280 1898 1937 396 545 921 2021 0 1082 1006
540 580 376 880 1692 1571 895 1622 1100 693 541 450 940 1082 0 911
752 539 932 852 796 2210 1064 907 2009 885 737 462 1573 1006 911 0
