0 1244 1389 1217 766 398 514 1695 652 378 1360 1012 283 63 197 1591
1244 0 1373 176 817 1629 1417 2360 779 952 2414 311 989 1307 1288 890
1389 1373 0 1202 745 1514 1884 1172 886 1478 2715 1464 1185 1422 1578 2226
1217 176 1202 0 692 1587 1453 2215 680 967 2452 416 946 1280 1287 1065
766 817 745 692 0 1040 1201 1552 143 750 2125 788 501 817 923 1558
398 1629 1514 1587 1040 0 693 1517 959 768 1219 1409 641 339 470 1976
514 1417 1884 1453 1201 693 0 2173 1065 495 999 1121 706 506 317 1450
1695 2360 1172 2215 1552 1517 2173 0 1630 1998 2629 2330 1683 1681 1877 3085
652 779 886 680 143 959 1065 1630 0 608 2004 699 375 707 796 1460
378 952 1478 967 750 768 495 1998 608 0 1488 680 324 431 344 1212
1360 2414 2715 2452 2125 1219 999 2629 2004 1488 0 2113 1628 1314 1209 2298
1012 311 1464 416 788 1409 1121 2330 699 680 2113 0 792 1074 1024 772
283 989 1185 946 501 641 706 1683 375 324 1628 792 0 343 421 1456
63 1307 1422 1280 817 339 506 1681 707 431 1314 1074 343 0 195 1643
197 1288 1578 1287 923 470 317 1877 796 344 1209 1024 421 195 0 1517
1591 890 2226 1065 1558 1976 1450 3085 1460 1212 2298 772 1456 1643 1517 0
