0 1057 70 540 531 165 732 862 1671 281 885 1427 556 1570 1026 1490 402
1057 0 1037 1549 526 975 1697 450 2564 1270 1868 2442 1298 1647 364 2047 890
70 1037 0 530 517 99 712 872 1645 257 941 1425 497 1629 984 1561 335
540 1549 530 0 1042 575 211 1401 1147 280 788 896 442 1988 1436 1703 702
531 526 517 1042 0 468 1207 418 2114 762 1356 1938 866 1494 574 1691 465
165 975 99 575 468 0 739 852 1658 295 1038 1471 458 1683 898 1648 237
732 1697 712 211 1207 739 0 1584 942 454 932 752 466 2198 1547 1890 819
862 450 872 1401 418 852 1584 0 2510 1129 1539 2289 1278 1215 733 1602 883
1671 2564 1645 1147 2114 1658 942 2510 0 1391 1649 582 1265 3103 2346 2675 1677
281 1270 257 280 762 295 454 1129 1391 0 870 1176 348 1821 1171 1649 446
885 1868 941 788 1356 1038 932 1539 1649 870 0 1147 1191 1563 1902 1026 1266
1427 2442 1425 896 1938 1471 752 2289 582 1176 1147 0 1206 2678 2300 2164 1571
556 1298 497 442 866 458 466 1278 1265 348 1191 1206 0 2126 1104 1997 412
1570 1647 1629 1988 1494 1683 2198 1215 3103 1821 1563 2678 2126 0 1947 818 1854
1026 364 984 1436 574 898 1547 733 2346 1171 1902 2300 1104 1947 0 2250 734
1490 2047 1561 1703 1691 1648 1890 1602 2675 1649 1026 2164 1997 818 2250 0 1875
402 890 335 702 465 237 819 883 1677 446 1266 1571 412 1854 734 1875 0
