0 580 1535 1235 815 28 145 1319 1313 650 479 46 1331 634 444 1118
580 0 1612 1517 1099 586 576 749 1041 865 512 594 1825 84 846 1049
1535 1612 0 582 2343 1507 1390 2112 2652 2184 1943 1490 2607 1692 1963 600
1235 1517 582 0 1982 1207 1107 2167 2501 1867 1702 1188 2101 1601 1607 809
815 1099 2343 1982 0 842 961 1604 1041 237 590 857 876 1088 381 1928
28 586 1507 1207 842 0 118 1329 1338 679 506 18 1345 642 469 1094
145 576 1390 1107 961 118 0 1326 1413 794 595 104 1440 644 587 977
1319 749 2112 2167 1604 1329 1326 0 942 1376 1066 1339 2441 686 1481 1512
1313 1041 2652 2501 1041 1338 1413 942 0 905 838 1355 1905 963 1161 2087
650 865 2184 1867 237 679 794 1376 905 0 354 696 1076 851 288 1736
479 512 1943 1702 590 506 595 1066 838 354 0 524 1378 497 419 1447
46 594 1490 1188 857 18 104 1339 1355 696 524 0 1350 652 483 1081
1331 1825 2607 2101 876 1345 1440 2441 1905 1076 1378 1350 0 1842 980 2365
634 84 1692 1601 1088 642 644 686 963 851 497 652 1842 0 861 1124
444 846 1963 1607 381 469 587 1481 1161 288 419 483 980 861 0 1562
1118 1049 600 809 1928 1094 977 1512 2087 1736 1447 1081 2365 1124 1562 0
