0 298 213 956 634 249 1695 317 356 16 1301 1525 734 650 11 244
298 0 345 952 632 122 1880 314 170 314 1404 1552 507 942 298 489
213 345 0 1162 837 231 1541 506 291 222 1513 1737 848 658 202 177
956 952 1162 0 327 1045 2596 664 1123 952 577 602 716 1355 967 1177
634 632 837 327 0 719 2300 336 801 631 800 921 517 1100 645 863
249 122 231 1045 719 0 1758 386 109 266 1467 1640 629 861 244 390
1695 1880 1541 2596 2300 1758 0 2012 1768 1692 2736 3080 2387 1285 1686 1451
317 314 506 664 336 386 2012 0 476 319 1090 1254 481 896 327 560
356 170 291 1123 801 109 1768 476 0 373 1565 1722 640 944 351 465
16 314 222 952 631 266 1692 319 373 0 1290 1518 743 636 24 241
1301 1404 1513 577 800 1467 2736 1090 1565 1290 0 419 1279 1452 1312 1463
1525 1552 1737 602 921 1640 3080 1254 1722 1518 419 0 1288 1799 1536 1725
734 507 848 716 517 629 2387 481 640 743 1279 1288 0 1366 740 968
650 942 658 1355 1100 861 1285 896 944 636 1452 1799 1366 0 647 480
11 298 202 967 645 244 1686 327 351 24 1312 1536 740 647 0 236
244 489 177 1177 863 390 1451 560 465 241 1463 1725 968 480 236 0
