0 690 1174 607 756 1525 686 102 1131 445 1567 1080 1381 602 649 1390
690 0 696 760 1187 2113 831 785 1160 740 2117 1769 1441 89 1025 1412
1174 696 0 801 1833 2697 808 1235 838 1393 2166 2185 2134 752 1680 1008
607 760 801 0 1363 2059 85 606 526 1016 1414 1425 1939 720 1253 789
756 1187 1833 1363 0 969 1441 768 1885 447 1997 1037 814 1108 166 2141
1525 2113 2697 2059 969 0 2117 1479 2523 1389 2031 876 1489 2027 1133 2742
686 831 808 85 1441 2117 0 680 444 1100 1377 1459 2024 796 1335 705
102 785 1235 606 768 1479 680 0 1120 511 1471 990 1439 699 681 1373
1131 1160 838 526 1885 2523 444 1120 0 1541 1418 1798 2456 1150 1779 265
445 740 1393 1016 447 1389 1100 511 1541 0 1952 1226 936 660 288 1805
1567 2117 2166 1414 1997 2031 1377 1471 1418 1952 0 1163 2801 2051 2007 1445
1080 1769 2185 1425 1037 876 1459 990 1798 1226 1163 0 1835 1681 1123 1982
1381 1441 2134 1939 814 1489 2024 1439 2456 936 2801 1835 0 1399 796 2722
602 89 752 720 1108 2027 796 699 1150 660 2051 1681 1399 0 947 1407
649 1025 1680 1253 166 1133 1335 681 1779 288 2007 1123 796 947 0 2039
1390 1412 1008 789 2141 2742 705 1373 265 1805 1445 1982 2722 1407 2039 0
