0 413 489 583 20 84 793 418 79 583 319 179 576 529 170 23 381 32 777 76 642 853 714 73 693 623 265 260 630 269 514 845 294 621 638 44 708 729 344 174 156 444 214 657 18 320 583 738 166 421 189 29 536 378 595 316 589 26 717 432 840 27 406 194 672 862 13 732 552 837 46 195 387 84 607 341 84 556
413 0 759 763 409 496 1118 665 354 250 548 473 943 706 529 418 111 395 704 445 1054 1063 998 429 990 421 661 665 808 224 501 1104 317 464 517 415 436 1001 739 453 416 855 608 946 419 204 861 957 413 492 527 396 941 74 181 655 1002 390 1122 309 997 438 532 573 1023 652 402 466 518 956 395 403 381 493 532 733 498 535
489 759 0 1030 510 449 367 95 561 779 211 321 288 983 323 509 664 522 1266 547 686 1255 1065 419 1033 663 329 537 1073 535 1004 358 777 613 1122 449 1155 1091 317 335 370 570 554 187 503 770 102 254 368 331 626 518 433 690 913 698 569 510 797 539 386 468 889 322 311 1335 501 1182 454 416 461 365 430 434 1096 306 464 1046
583 763 1030 0 564 590 1242 980 548 1011 896 757 990 58 717 559 816 560 441 508 740 300 296 654 312 1136 712 513 47 779 329 1357 447 1154 467 627 692 281 760 756 739 616 480 1162 565 558 1105 1284 749 1001 408 564 843 787 893 341 787 575 726 960 1406 593 230 708 1099 679 578 693 1121 1413 628 777 949 607 401 766 574 329
20 409 510 564 0 93 811 439 64 587 339 199 591 509 190 9 382 16 757 60 645 836 700 93 680 633 279 259 611 275 494 865 276 632 619 64 693 714 357 194 175 446 209 676 10 306 602 759 184 438 174 13 547 377 590 303 595 20 717 442 861 44 386 211 689 844 14 716 568 857 63 213 401 97 588 355 90 536
84 496 449 590 93 0 729 391 157 657 309 174 502 539 128 86 459 109 827 102 562 842 685 94 661 679 187 191 635 339 566 797 362 670 700 89 785 703 264 179 178 366 158 605 83 400 536 703 189 441 181 107 453 458 678 286 505 109 640 488 817 58 440 131 602 930 96 807 584 823 107 222 429 18 664 263 15 607
793 1118 367 1242 811 729 0 462 871 1145 573 655 252 1206 625 807 1028 826 1552 831 667 1409 1192 734 1155 1018 551 730 1278 895 1293 217 1088 962 1429 762 1494 1224 488 673 710 658 773 190 802 1103 271 324 711 694 875 822 429 1051 1277 901 550 818 772 906 473 767 1153 600 145 1656 806 1519 799 555 778 716 797 718 1393 484 740 1333
418 665 95 980 439 391 462 0 485 685 118 242 357 930 262 440 569 449 1192 483 712 1220 1040 346 1010 577 308 507 1024 441 930 445 698 532 1042 376 1066 1064 319 253 286 574 514 282 434 684 196 321 282 243 572 446 473 595 817 658 602 437 820 446 426 400 824 275 397 1250 429 1093 377 438 385 275 337 374 1018 307 406 972
79 354 561 548 64 157 871 485 0 548 378 242 655 491 247 71 340 48 706 91 700 831 710 141 693 614 343 310 596 250 445 918 217 621 563 112 629 721 421 233 206 501 254 732 74 242 656 806 213 454 190 51 610 330 535 324 655 53 767 427 900 106 352 273 751 784 65 653 573 892 99 235 402 161 534 419 153 487
583 250 779 1011 587 657 1145 685 548 0 585 569 1017 953 644 597 208 576 937 637 1217 1311 1234 570 1224 219 785 844 1056 319 750 1083 563 281 749 568 617 1240 855 549 519 1023 796 959 595 453 875 922 512 455 737 576 1060 227 221 869 1146 566 1298 239 920 602 780 693 1078 844 575 647 403 860 550 487 348 648 772 847 664 782
319 548 211 896 339 309 573 118 378 585 0 140 434 844 188 342 455 348 1083 390 725 1151 985 246 958 504 284 458 942 324 822 563 586 468 929 275 947 1006 324 146 174 563 451 399 336 567 314 433 168 180 489 344 511 479 704 591 626 334 827 350 522 304 726 220 493 1133 328 975 333 518 281 158 245 291 907 313 324 865
179 473 321 757 199 174 655 242 242 569 140 0 469 704 80 202 400 209 949 249 665 1016 858 105 833 543 219 345 803 262 687 680 456 523 801 135 840 877 286 20 57 483 327 499 196 452 419 563 60 270 351 205 491 414 645 460 582 195 758 361 661 164 586 129 551 1014 188 866 418 658 143 81 279 156 776 278 189 730
576 943 288 990 591 502 252 357 655 1017 434 469 0 955 419 586 867 607 1312 601 453 1158 944 527 907 932 316 479 1026 729 1057 411 864 888 1199 551 1284 975 244 489 526 410 525 243 581 895 255 425 530 598 633 604 193 884 1114 650 330 602 564 785 589 548 910 383 109 1432 589 1308 734 649 570 544 679 495 1159 242 511 1096
529 706 983 58 509 539 1206 930 491 953 844 704 955 0 667 505 757 505 431 454 729 358 333 600 343 1077 669 476 106 721 286 1315 389 1096 434 573 653 323 720 702 685 593 437 1119 511 501 1061 1237 694 945 358 508 816 729 838 304 768 520 724 901 1357 540 173 660 1064 656 523 655 1064 1361 573 721 891 556 368 726 523 293
170 529 323 717 190 128 625 262 247 644 188 80 419 667 0 188 466 203 946 224 584 964 796 110 770 623 141 273 762 330 683 675 464 603 809 136 870 817 213 97 124 402 263 486 182 479 413 575 132 344 309 199 418 476 706 403 503 194 677 441 689 146 565 50 509 1031 183 895 494 696 153 159 359 111 778 206 143 725
23 418 509 559 9 86 807 440 71 597 342 202 586 505 188 0 392 24 758 53 635 830 692 96 672 642 272 249 606 285 495 863 280 641 622 67 699 706 351 197 180 437 199 674 5 314 601 759 189 444 166 22 539 387 600 295 586 30 707 451 862 41 384 207 684 849 22 722 575 860 70 218 409 91 590 349 82 537
381 111 664 816 382 459 1028 569 340 208 455 400 867 757 466 392 0 370 802 430 1021 1115 1028 378 1017 330 604 641 863 137 583 1002 371 365 617 371 548 1035 679 379 344 825 591 852 391 271 766 852 339 383 528 370 884 39 249 661 958 362 1098 198 887 401 588 513 941 763 372 578 407 845 351 322 271 451 626 672 463 620
32 395 522 560 16 109 826 449 48 576 348 209 607 505 203 24 370 0 744 64 659 835 702 103 683 627 295 272 607 267 482 878 261 628 605 73 677 716 373 202 180 460 220 690 26 290 615 770 189 441 177 3 563 364 576 308 610 14 730 437 870 59 377 226 705 830 20 700 568 865 68 216 400 113 575 371 106 524
777 704 1266 441 757 827 1552 1192 706 937 1083 949 1312 431 946 758 802 744 0 725 1153 626 725 847 747 1125 1000 844 446 840 262 1622 497 1166 188 817 386 703 1067 939 908 998 790 1431 763 547 1359 1513 914 1121 679 748 1203 763 745 692 1178 756 1155 994 1601 799 404 959 1418 263 765 369 1195 1584 806 930 1031 840 179 1070 814 220
76 445 547 508 60 102 831 483 91 637 390 249 601 454 224 53 430 64 725 0 611 777 639 145 620 691 284 220 555 331 464 898 264 692 599 119 693 653 360 247 232 413 163 706 58 317 636 799 242 497 114 66 537 421 625 244 571 77 676 501 908 85 341 233 703 830 74 714 628 908 123 271 462 115 562 360 90 505
642 1054 686 740 645 562 667 712 700 1217 725 665 453 729 584 635 1021 659 1153 611 0 806 580 646 540 1208 448 392 759 897 940 858 839 1183 1102 650 1262 614 401 682 705 198 452 696 635 920 693 875 714 905 557 658 262 1021 1235 477 122 664 112 1026 1037 620 770 535 534 1344 653 1277 1058 1089 670 744 942 570 1045 412 558 969
853 1063 1255 300 836 842 1409 1220 831 1311 1151 1016 1158 358 964 830 1115 835 626 777 806 0 226 919 265 1432 926 718 256 1071 608 1554 748 1447 718 896 954 191 955 1018 1008 751 705 1362 835 858 1317 1504 1018 1274 666 838 984 1087 1190 561 890 850 750 1252 1640 858 531 945 1264 889 850 949 1403 1658 900 1048 1233 860 656 964 827 597
714 998 1065 296 700 685 1192 1040 710 1234 985 858 944 333 796 692 1028 702 725 639 580 226 0 771 39 1325 737 532 279 960 620 1347 685 1330 763 752 986 34 756 864 860 534 533 1157 696 799 1119 1309 871 1126 525 705 764 1006 1148 399 666 716 526 1137 1451 712 489 769 1048 972 714 988 1265 1476 760 903 1101 702 697 765 670 624
73 429 419 654 93 94 734 346 141 570 246 105 527 600 110 96 378 103 847 145 646 919 771 0 749 584 231 285 701 251 585 777 358 576 704 30 760 788 309 101 89 452 251 591 90 369 515 666 99 356 253 99 511 383 610 371 580 91 729 394 767 61 480 146 619 923 82 785 494 764 43 131 335 80 676 305 106 627
693 990 1033 312 680 661 1155 1010 693 1224 958 833 907 343 770 672 1017 683 747 620 540 265 39 749 0 1308 705 503 300 944 629 1311 681 1312 776 730 996 74 722 840 837 497 507 1122 676 794 1085 1275 848 1102 506 686 726 996 1144 377 627 697 487 1120 1419 691 491 741 1010 991 694 999 1243 1446 740 881 1081 678 711 732 646 636
623 421 663 1136 633 679 1018 577 614 219 504 543 932 1077 623 642 330 627 1125 691 1208 1432 1325 584 1308 0 760 870 1183 364 914 923 698 67 938 593 829 1335 817 526 508 1025 834 827 639 601 747 757 498 334 803 625 1013 366 439 935 1119 614 1301 190 730 632 911 672 974 1054 619 859 223 661 579 467 266 665 952 807 689 950
265 661 329 712 279 187 551 308 343 785 284 219 316 669 141 272 604 295 1000 284 448 926 737 231 705 760 0 207 753 471 742 645 548 735 883 249 972 762 78 238 266 278 232 449 268 585 394 578 274 461 325 292 280 612 841 374 362 291 546 581 715 237 601 92 419 1115 278 995 614 740 269 300 494 181 843 76 195 782
260 665 537 513 259 191 730 507 310 844 458 345 479 476 273 249 641 272 844 220 392 718 532 285 503 870 207 0 552 528 600 846 456 859 754 279 886 556 246 356 364 194 62 651 250 529 600 786 375 615 178 271 359 636 845 172 362 279 458 680 922 243 440 239 588 995 269 904 764 944 296 408 616 204 705 253 182 635
630 808 1073 47 611 635 1278 1024 596 1056 942 803 1026 106 762 606 863 607 446 555 759 256 279 701 300 1183 753 552 0 827 361 1398 493 1202 490 674 720 260 798 802 786 644 521 1202 612 603 1147 1327 796 1048 453 611 875 833 934 380 812 622 738 1007 1451 640 276 752 1135 693 625 719 1169 1459 675 824 997 653 425 805 619 357
269 224 535 779 275 339 895 441 250 319 324 262 729 721 330 285 137 267 840 331 897 1071 960 251 944 364 471 528 827 0 597 881 361 375 665 249 639 971 544 242 207 703 483 722 283 293 637 738 202 287 440 266 749 156 385 573 828 255 979 180 789 284 561 379 805 841 263 668 359 758 231 185 191 328 660 537 346 638
514 501 1004 329 494 566 1293 930 445 750 822 687 1057 286 683 495 583 482 262 464 940 608 620 585 629 914 742 600 361 597 0 1359 241 947 162 555 366 609 812 677 648 769 542 1170 501 313 1097 1251 654 870 427 486 960 547 594 465 949 493 960 763 1343 537 170 698 1162 403 503 370 956 1328 544 671 788 579 105 814 554 42
845 1104 358 1357 865 797 217 445 918 1083 563 680 411 1315 675 863 1002 878 1622 898 858 1554 1347 777 1311 923 645 846 1398 881 1359 0 1135 861 1481 806 1511 1376 601 694 729 816 877 195 858 1128 262 166 726 631 965 874 604 1032 1244 1017 737 867 968 848 274 822 1236 666 325 1693 857 1539 700 363 819 721 744 783 1453 593 811 1401
294 317 777 447 276 362 1088 698 217 563 586 456 864 389 464 280 371 261 497 264 839 748 685 358 681 698 548 456 493 361 241 1135 0 724 345 329 431 686 624 444 412 647 394 950 285 113 873 1019 418 629 282 265 799 340 463 382 819 270 885 534 1104 320 217 487 964 568 281 451 720 1088 316 433 549 370 320 624 353 283
621 464 613 1154 632 670 962 532 621 281 468 523 888 1096 603 641 365 628 1166 692 1183 1447 1330 576 1312 67 735 859 1202 375 947 861 724 0 981 588 883 1343 788 508 494 1006 827 772 637 633 694 695 484 291 806 626 980 403 499 936 1091 615 1280 195 663 628 933 651 925 1107 618 913 163 594 575 451 244 655 991 778 681 985
638 517 1122 467 619 700 1429 1042 563 749 929 801 1199 434 809 622 617 605 188 599 1102 718 763 704 776 938 883 754 490 665 162 1481 345 981 0 675 236 748 956 789 755 928 695 1295 628 373 1219 1362 760 950 578 609 1113 578 560 626 1108 615 1122 812 1441 663 332 829 1302 242 626 231 1016 1418 661 772 856 711 65 957 689 141
44 415 449 627 64 89 762 376 112 568 275 135 551 573 136 67 371 73 817 119 650 896 752 30 730 593 249 279 674 249 555 806 329 588 675 0 734 768 327 130 112 454 240 620 62 344 544 697 122 378 230 69 526 373 596 352 589 61 730 403 796 40 450 168 645 895 52 759 513 793 20 152 351 80 646 323 97 597
708 436 1155 692 693 785 1494 1066 629 617 947 840 1284 653 870 699 548 677 386 693 1262 954 986 760 996 829 972 886 720 639 366 1511 431 883 236 734 0 974 1050 824 787 1074 824 1339 703 391 1257 1375 788 923 709 681 1230 510 401 789 1249 682 1297 745 1428 736 520 902 1380 226 695 30 954 1391 717 790 815 791 298 1048 778 363
729 1001 1091 281 714 703 1224 1064 721 1240 1006 877 975 323 817 706 1035 716 703 653 614 191 34 788 74 1335 762 556 260 971 609 1376 686 1343 748 768 974 0 783 882 877 566 554 1186 711 800 1147 1336 888 1144 539 718 797 1012 1147 417 699 730 561 1149 1477 729 484 792 1079 953 728 975 1281 1501 776 920 1116 721 682 793 688 611
344 739 317 760 357 264 488 319 421 855 324 286 244 720 213 351 679 373 1067 360 401 955 756 309 722 817 78 246 798 544 812 601 624 788 956 327 1050 783 0 306 337 255 284 406 347 664 363 553 344 505 388 370 205 688 918 418 302 370 505 643 699 316 666 165 351 1190 357 1072 658 734 347 368 551 260 914 11 272 851
174 453 335 756 194 179 673 253 233 549 146 20 489 702 97 197 379 202 939 247 682 1018 864 101 840 526 238 356 802 242 677 694 444 508 789 130 824 882 306 0 37 499 334 515 191 436 435 574 40 262 352 198 511 394 625 465 601 188 775 343 668 162 580 147 570 999 182 850 408 663 135 62 263 161 765 298 194 720
156 416 370 739 175 178 710 286 206 519 174 57 526 685 124 180 344 180 908 232 705 1008 860 89 837 508 266 364 786 207 648 729 412 494 755 112 787 877 337 37 0 517 336 552 174 400 471 606 10 266 342 177 542 358 589 460 627 166 794 322 695 149 557 174 608 964 161 813 406 686 112 43 251 162 733 329 192 690
444 855 570 616 446 366 658 574 501 1023 563 483 410 593 402 437 825 460 998 413 198 751 534 452 497 1025 278 194 644 703 769 816 647 1006 928 454 1074 566 255 499 517 0 255 631 436 724 604 794 527 738 365 459 234 823 1037 306 180 466 277 840 948 423 601 355 513 1170 455 1091 891 987 473 558 762 374 875 267 361 801
214 608 554 480 209 158 773 514 254 796 451 327 525 437 263 199 591 220 790 163 452 705 533 251 507 834 232 62 521 483 542 877 394 827 695 240 824 554 284 334 336 255 0 682 201 468 625 807 347 597 116 220 417 584 788 144 425 229 513 643 936 201 386 239 634 935 221 842 742 952 254 380 587 174 647 290 145 579
657 946 187 1162 676 605 190 282 732 959 399 499 243 1119 486 674 852 690 1431 706 696 1362 1157 591 1122 827 449 651 1202 722 1170 195 950 772 1295 620 1339 1186 406 515 552 631 682 0 669 951 85 183 551 505 770 686 435 878 1099 822 573 680 808 720 347 633 1043 473 196 1513 669 1365 608 414 634 550 611 591 1265 398 618 1211
18 419 503 565 10 83 802 434 74 595 336 196 581 511 182 5 391 26 763 58 635 835 696 90 676 639 268 250 612 283 501 858 285 637 628 62 703 711 347 191 174 436 201 669 0 317 595 753 184 439 171 24 536 387 601 298 584 29 707 448 856 35 390 202 680 854 20 726 571 854 65 213 405 87 596 345 80 543
320 204 770 558 306 400 1103 684 242 453 567 452 895 501 479 314 271 290 547 317 920 858 799 369 794 601 585 529 603 293 313 1128 113 633 373 344 391 800 664 436 400 724 468 951 317 0 871 1000 402 577 366 293 852 237 351 481 888 294 974 451 1070 348 327 512 989 565 307 415 648 1045 326 409 484 404 367 662 395 351
583 861 102 1105 602 536 271 196 656 875 314 419 255 1061 413 601 766 615 1359 636 693 1317 1119 515 1085 747 394 600 1147 637 1097 262 873 694 1219 544 1257 1147 363 435 471 604 625 85 595 871 0 190 469 422 707 611 432 792 1014 768 572 605 805 635 345 560 976 405 243 1434 594 1284 531 396 557 467 526 521 1190 354 550 1139
738 957 254 1284 759 703 324 321 806 922 433 563 425 1237 575 759 852 770 1513 799 875 1504 1309 666 1275 757 578 786 1327 738 1251 166 1019 695 1362 697 1375 1336 553 574 606 794 807 183 753 1000 190 0 602 474 880 766 613 884 1090 951 752 758 987 689 164 718 1141 577 375 1566 749 1403 534 235 706 591 588 687 1339 543 718 1293
166 413 368 749 184 189 711 282 213 512 168 60 530 694 132 189 339 189 914 242 714 1018 871 99 848 498 274 375 796 202 654 726 418 484 760 122 788 888 344 40 10 527 347 551 184 402 469 602 0 256 352 186 549 354 585 471 636 175 804 312 688 160 565 182 610 967 171 815 395 678 121 33 240 173 739 336 203 697
421 492 331 1001 438 441 694 243 454 455 180 270 598 945 344 444 383 441 1121 497 905 1274 1126 356 1102 334 461 615 1048 287 870 631 629 291 950 378 923 1144 505 262 266 738 597 505 439 577 422 474 256 0 608 438 690 418 616 726 806 426 1006 217 505 416 805 385 640 1129 424 953 153 470 374 226 114 424 941 494 456 912
189 527 626 408 174 181 875 572 190 737 489 351 633 358 309 166 528 177 679 114 557 666 525 253 506 803 325 178 453 440 427 965 282 806 578 230 709 539 388 352 342 365 116 770 171 366 707 880 352 608 0 179 534 514 702 133 539 191 607 613 998 192 277 303 739 818 188 727 742 1005 236 383 576 199 532 391 165 465
29 396 518 564 13 107 822 446 51 576 344 205 604 508 199 22 370 3 748 66 658 838 705 99 686 625 292 271 611 266 486 874 265 626 609 69 681 718 370 198 177 459 220 686 24 293 611 766 186 438 179 0 560 365 577 310 608 11 729 435 866 55 381 223 701 833 17 704 565 861 64 213 397 110 579 368 104 528
536 941 433 843 547 453 429 473 610 1060 511 491 193 816 418 539 884 563 1203 537 262 984 764 511 726 1013 280 359 875 749 960 604 799 980 1113 526 1230 797 205 511 542 234 417 435 536 852 432 613 549 690 534 560 0 893 1121 516 140 562 374 845 775 509 799 370 287 1352 549 1250 840 828 547 572 748 453 1065 212 457 995
378 74 690 787 377 458 1051 595 330 227 479 414 884 729 476 387 39 364 763 421 1021 1087 1006 383 996 366 612 636 833 156 547 1032 340 403 578 373 510 1012 688 394 358 823 584 878 387 237 792 884 354 418 514 365 893 0 231 646 962 357 1094 237 923 400 558 522 961 724 368 540 446 882 353 340 307 452 588 682 462 583
595 181 913 893 590 678 1277 817 535 221 704 645 1114 838 706 600 249 576 745 625 1235 1190 1148 610 1144 439 841 845 934 385 594 1244 463 499 560 596 401 1147 918 625 589 1037 788 1099 601 351 1014 1090 585 616 702 577 1121 231 0 825 1184 572 1302 405 1109 620 666 752 1190 628 584 431 601 1057 576 571 502 674 594 912 679 619
316 655 698 341 303 286 901 658 324 869 591 460 650 304 403 295 661 308 692 244 477 561 399 371 377 935 374 172 380 573 465 1017 382 936 626 352 789 417 418 465 460 306 144 822 298 481 768 951 471 726 133 310 516 646 825 0 486 321 508 745 1081 313 295 383 759 867 317 803 865 1096 362 503 703 303 570 425 271 495
589 1002 569 787 595 505 550 602 655 1146 626 582 330 768 503 586 958 610 1178 571 122 890 666 580 627 1119 362 362 812 828 949 737 819 1091 1108 589 1249 699 302 601 627 180 425 573 584 888 572 752 636 806 539 608 140 962 1184 486 0 613 234 943 915 564 782 453 414 1350 601 1266 958 968 609 663 853 509 1055 313 505 981
26 390 510 575 20 109 818 437 53 566 334 195 602 520 194 30 362 14 756 77 664 850 716 91 697 614 291 279 622 255 493 867 270 615 615 61 682 730 370 188 166 466 229 680 29 294 605 758 175 426 191 11 562 357 572 321 613 0 737 424 856 54 391 220 698 837 13 706 553 851 54 201 385 110 585 368 108 536
717 1122 797 726 717 640 772 820 767 1298 827 758 564 724 677 707 1098 730 1155 676 112 750 526 729 487 1301 546 458 738 979 960 968 885 1280 1122 730 1297 561 505 775 794 277 513 808 707 974 805 987 804 1006 607 729 374 1094 1302 508 234 737 0 1116 1149 697 789 629 642 1361 726 1310 1160 1202 748 835 1037 650 1062 517 635 984
432 309 539 960 442 488 906 446 427 239 350 361 785 901 441 451 198 437 994 501 1026 1252 1137 394 1120 190 581 680 1007 180 763 848 534 195 812 403 745 1149 643 343 322 840 643 720 448 451 635 689 312 217 613 435 845 237 405 745 943 424 1116 0 704 442 740 491 841 962 429 775 209 655 388 282 109 475 816 634 499 802
840 997 386 1406 861 817 473 426 900 920 522 661 589 1357 689 862 887 870 1601 908 1037 1640 1451 767 1419 730 715 922 1451 789 1343 274 1104 663 1441 796 1428 1477 699 668 695 948 936 347 856 1070 345 164 688 505 998 866 775 923 1109 1081 915 856 1149 704 0 823 1247 699 539 1630 849 1458 517 90 803 671 616 800 1424 689 833 1385
27 438 468 593 44 58 767 400 106 602 304 164 548 540 146 41 401 59 799 85 620 858 712 61 691 632 237 243 640 284 537 822 320 628 663 40 736 729 316 162 149 423 201 633 35 348 560 718 160 416 192 55 509 400 620 313 564 54 697 442 823 0 424 167 645 888 41 759 552 823 53 191 391 56 631 314 62 579
406 532 889 230 386 440 1153 824 352 780 726 586 910 173 565 384 588 377 404 341 770 531 489 480 491 911 601 440 276 561 170 1236 217 933 332 450 520 484 666 580 557 601 386 1043 390 327 976 1141 565 805 277 381 799 558 666 295 782 391 789 740 1247 424 0 570 1017 573 398 528 913 1243 445 588 741 455 275 669 425 199
194 573 322 708 211 131 600 275 273 693 220 129 383 660 50 207 513 226 959 233 535 945 769 146 741 672 92 239 752 379 698 666 487 651 829 168 902 792 165 147 174 355 239 473 202 512 405 577 182 385 303 223 370 522 752 383 453 220 629 491 699 167 570 0 478 1056 207 925 538 713 187 209 407 119 795 160 145 739
672 1023 311 1099 689 602 145 397 751 1078 493 551 109 1064 509 684 941 705 1418 703 534 1264 1048 619 1010 974 419 588 1135 805 1162 325 964 925 1302 645 1380 1079 351 570 608 513 634 196 680 989 243 375 610 640 739 701 287 961 1190 759 414 698 642 841 539 645 1017 478 0 1533 686 1404 765 609 663 620 733 594 1263 348 613 1201
862 652 1335 679 844 930 1656 1250 784 844 1133 1014 1432 656 1031 849 763 830 263 830 1344 889 972 923 991 1054 1115 995 693 841 403 1693 568 1107 242 895 226 953 1190 999 964 1170 935 1513 854 565 1434 1566 967 1129 818 833 1352 724 628 867 1350 837 1361 962 1630 888 573 1056 1533 0 849 196 1171 1599 880 975 1025 939 299 1190 920 376
13 402 501 578 14 96 806 429 65 575 328 188 589 523 183 22 372 20 765 74 653 850 714 82 694 619 278 269 625 263 503 857 281 618 626 52 695 728 357 182 161 455 221 669 20 307 594 749 171 424 188 17 549 368 584 317 601 13 726 429 849 41 398 207 686 849 0 718 554 845 50 199 387 97 595 355 95 545
732 466 1182 693 716 807 1519 1093 653 647 975 866 1308 655 895 722 578 700 369 714 1277 949 988 785 999 859 995 904 719 668 370 1539 451 913 231 759 30 975 1072 850 813 1091 842 1365 726 415 1284 1403 815 953 727 704 1250 540 431 803 1266 706 1310 775 1458 759 528 925 1404 196 718 0 984 1421 741 818 845 813 294 1071 800 363
552 518 454 1121 568 584 799 377 573 403 333 418 734 1064 494 575 407 568 1195 628 1058 1403 1265 494 1243 223 614 764 1169 359 956 700 720 163 1016 513 954 1281 658 408 406 891 742 608 571 648 531 534 395 153 742 565 840 446 601 865 958 553 1160 209 517 552 913 538 765 1171 554 984 0 457 505 362 172 567 1016 647 598 997
837 956 416 1413 857 823 555 438 892 860 518 658 649 1361 696 860 845 865 1584 908 1089 1658 1476 764 1446 661 740 944 1459 758 1328 363 1088 594 1418 793 1391 1501 734 663 686 987 952 414 854 1045 396 235 678 470 1005 861 828 882 1057 1096 968 851 1202 655 90 823 1243 713 609 1599 845 1421 457 0 797 657 575 806 1405 723 839 1371
46 395 461 628 63 107 778 385 99 550 281 143 570 573 153 70 351 68 806 123 670 900 760 43 740 579 269 296 675 231 544 819 316 575 661 20 717 776 347 135 112 473 254 634 65 326 557 706 121 374 236 64 547 353 576 362 609 54 748 388 803 53 445 187 663 880 50 741 505 797 0 149 341 99 634 343 114 587
195 403 365 777 213 222 716 275 235 487 158 81 544 721 159 218 322 216 930 271 744 1048 903 131 881 467 300 408 824 185 671 721 433 451 772 152 790 920 368 62 43 558 380 550 213 409 467 591 33 226 383 213 572 340 571 503 663 201 835 282 671 191 588 209 620 975 199 818 362 657 149 0 208 206 753 360 235 714
387 381 430 949 401 429 797 337 402 348 245 279 679 891 359 409 271 400 1031 462 942 1233 1101 335 1081 266 494 616 997 191 788 744 549 244 856 351 815 1116 551 263 251 762 587 611 405 484 526 588 240 114 576 397 748 307 502 703 853 385 1037 109 616 391 741 407 733 1025 387 845 172 575 341 208 0 413 852 541 441 829
84 493 434 607 97 18 718 374 161 648 291 156 495 556 111 91 451 113 840 115 570 860 702 80 678 665 181 204 653 328 579 783 370 655 711 80 791 721 260 161 162 374 174 591 87 404 521 687 173 424 199 110 453 452 674 303 509 110 650 475 800 56 455 119 594 939 97 813 567 806 99 206 413 0 676 258 33 620
607 532 1096 401 588 664 1393 1018 534 772 907 776 1159 368 778 590 626 575 179 562 1045 656 697 676 711 952 843 705 425 660 105 1453 320 991 65 646 298 682 914 765 733 875 647 1265 596 367 1190 1339 739 941 532 579 1065 588 594 570 1055 585 1062 816 1424 631 275 795 1263 299 595 294 1016 1405 634 753 852 676 0 916 653 78
341 733 306 766 355 263 484 307 419 847 313 278 242 726 206 349 672 371 1070 360 412 964 765 305 732 807 76 253 805 537 814 593 624 778 957 323 1048 793 11 298 329 267 290 398 345 662 354 543 336 494 391 368 212 682 912 425 313 368 517 634 689 314 669 160 348 1190 355 1071 647 723 343 360 541 258 916 0 271 853
84 498 464 574 90 15 740 406 153 664 324 189 511 523 143 82 463 106 814 90 558 827 670 106 646 689 195 182 619 346 554 811 353 681 689 97 778 688 272 194 192 361 145 618 80 395 550 718 203 456 165 104 457 462 679 271 505 108 635 499 833 62 425 145 613 920 95 800 598 839 114 235 441 33 653 271 0 595
556 535 1046 329 536 607 1333 972 487 782 865 730 1096 293 725 537 620 524 220 505 969 597 624 627 636 950 782 635 357 638 42 1401 283 985 141 597 363 611 851 720 690 801 579 1211 543 351 1139 1293 697 912 465 528 995 583 619 495 981 536 984 802 1385 579 199 739 1201 376 545 363 997 1371 587 714 829 620 78 853 595 0
