0 423 716 757 476 1273 1086 1719 451 1262 993 543 45 1384 1549 696
423 0 656 598 161 1693 884 2120 827 1653 1216 831 459 1623 1530 1011
716 656 0 1253 506 1639 422 2291 759 1876 733 589 758 2101 2170 1405
757 598 1253 0 756 1892 1459 2073 1200 1602 1733 1296 757 1271 944 892
476 161 506 756 0 1710 725 2195 813 1736 1119 774 519 1763 1691 1126
1273 1693 1639 1892 1710 0 2055 859 911 737 1160 1050 1243 1538 2295 1109
1086 884 422 1459 725 2055 0 2713 1182 2292 1055 1006 1131 2459 2403 1783
1719 2120 2291 2073 2195 859 2713 0 1535 475 1968 1736 1676 1150 2098 1183
451 827 759 1200 813 911 1182 1535 0 1138 643 224 444 1533 1911 833
1262 1653 1876 1602 1736 737 2292 475 1138 0 1658 1354 1218 842 1719 711
993 1216 733 1733 1119 1160 1055 1968 643 1658 0 456 1008 2167 2530 1474
543 831 589 1296 774 1050 1006 1736 224 1354 456 0 555 1751 2074 1045
45 459 758 757 519 1243 1131 1676 444 1218 1008 555 0 1342 1527 651
1384 1623 2101 1271 1763 1538 2459 1150 1533 842 2167 1751 1342 0 964 710
1549 1530 2170 944 1691 2295 2403 2098 1911 1719 2530 2074 1527 964 0 1201
696 1011 1405 892 1126 1109 1783 1183 833 711 1474 1045 651 710 1201 0
