0 226 124 575 430 106 615 143 752 326 740 799 499 777 462 366 12 687 620 577 366 59 853 853 130 649 57 5 456 292 755 558 854 615 633 622 589 192 345 420 522 849 611 730 151 211 380 289 786 487 839 230 221 750 707 183 759 47 657 138 831 689 222 305 788 20 503 856 458 398 160 816 174 201 760 693 479 14
226 0 218 443 615 234 619 303 831 553 875 606 719 910 684 554 239 488 762 532 522 167 632 1069 99 797 198 223 314 297 981 590 701 775 463 842 805 247 338 385 314 630 489 545 80 147 167 291 899 561 1022 455 9 918 500 319 616 189 746 356 924 465 366 262 833 239 373 678 600 624 323 1007 139 402 637 548 703 236
124 218 0 466 397 28 493 87 875 381 666 824 580 900 543 337 128 607 549 453 488 121 843 862 162 770 164 126 511 168 807 440 908 558 675 640 599 300 221 297 533 790 498 762 177 279 330 390 699 380 803 278 218 866 636 100 818 144 781 174 955 673 147 393 675 113 397 893 386 466 284 922 96 196 829 587 513 137
575 443 466 0 733 494 369 526 1274 832 816 823 1042 1339 1004 697 584 248 741 227 935 537 705 1220 508 1218 587 575 692 331 1238 407 997 794 766 1030 979 683 297 235 568 473 52 796 500 590 320 734 785 475 1059 732 451 1325 304 501 937 568 1187 633 1365 559 521 702 598 572 72 924 630 922 725 1389 402 627 985 120 934 590
430 615 397 733 0 381 520 312 1039 278 350 1219 464 974 435 64 421 941 237 587 618 477 1238 490 543 836 487 435 886 420 539 436 1285 201 1061 303 249 606 439 498 930 1149 739 1154 562 642 716 705 430 318 409 267 614 869 982 299 1190 477 945 300 1090 1067 255 730 559 410 681 1282 143 348 510 854 488 229 1189 844 255 431
106 234 28 494 381 0 509 68 858 353 660 838 552 877 515 319 108 635 543 474 466 116 863 840 168 746 152 109 517 189 780 453 916 548 685 616 576 290 243 320 549 817 525 774 184 280 355 384 698 386 789 251 233 840 664 91 825 134 763 146 936 694 138 390 685 92 424 905 379 438 264 895 121 172 833 614 487 118
615 619 493 369 520 509 0 491 1366 728 473 1145 945 1372 911 515 617 618 428 142 964 611 1061 961 627 1236 657 618 928 334 1059 83 1291 496 1050 816 762 790 285 236 862 841 341 1105 631 742 586 874 424 201 743 653 625 1310 674 449 1216 637 1272 589 1443 903 433 864 234 600 370 1238 380 819 772 1331 500 541 1248 433 769 627
143 303 87 526 312 68 491 0 879 307 600 906 516 881 478 251 140 686 481 476 472 173 930 774 233 747 199 148 582 201 727 427 981 483 752 553 512 336 250 329 617 874 552 842 251 341 417 433 643 347 721 206 301 831 717 42 888 183 783 109 952 760 78 445 649 124 459 972 318 396 285 874 183 110 895 647 429 151
752 831 875 1274 1039 858 1366 879 0 768 1390 951 673 223 675 988 749 1286 1275 1324 423 764 1156 1205 771 275 714 749 684 1042 930 1307 820 1238 786 1013 1022 594 1095 1167 876 1351 1319 881 776 684 978 541 1466 1223 1364 778 822 387 1278 922 743 735 96 797 101 1067 948 581 1525 766 1203 918 1137 728 595 547 894 863 675 1379 882 739
326 553 381 832 278 353 728 307 768 0 625 1106 218 697 182 239 314 989 514 753 354 385 1178 548 456 558 365 330 746 502 429 649 1129 471 929 315 297 434 545 621 843 1167 855 1033 477 513 700 522 708 538 613 102 548 598 1017 331 1030 367 675 207 815 1015 318 563 818 314 766 1150 400 92 312 603 472 205 1013 952 163 317
740 875 666 816 350 660 473 600 1390 625 0 1476 787 1318 765 404 733 1060 120 603 968 773 1448 560 827 1181 797 745 1177 601 761 412 1574 156 1338 511 464 928 588 604 1180 1283 799 1419 843 940 926 1027 106 348 285 616 877 1202 1112 568 1484 783 1296 628 1440 1279 523 1044 353 719 792 1553 281 685 847 1165 735 554 1494 899 557 744
799 606 824 823 1219 838 1145 906 951 1106 1476 0 1212 1137 1184 1156 810 649 1365 1019 907 745 241 1649 676 1086 748 794 365 878 1507 1143 217 1382 187 1417 1387 677 902 917 295 558 872 77 657 594 563 608 1489 1145 1627 1022 606 1233 602 925 229 752 914 938 1050 279 972 556 1378 817 789 106 1205 1153 802 1371 743 996 307 854 1267 803
499 719 580 1042 464 552 945 516 673 218 787 1212 0 548 37 441 487 1183 689 972 334 555 1318 535 620 419 521 501 847 715 301 865 1198 632 1027 341 358 540 760 837 977 1348 1068 1136 639 643 879 605 881 752 702 310 713 415 1206 544 1099 530 592 408 695 1164 535 656 1021 493 974 1240 600 126 418 391 664 421 1067 1163 231 487
777 910 900 1339 974 877 1372 881 223 697 1318 1137 548 0 561 933 771 1390 1211 1352 411 805 1325 1053 832 138 754 775 832 1067 760 1303 1025 1163 961 886 906 662 1120 1197 1019 1484 1380 1063 842 769 1071 640 1405 1206 1249 735 901 177 1391 923 942 773 223 783 177 1218 939 690 1502 786 1267 1116 1092 634 618 331 940 838 879 1452 776 763
462 684 543 1004 435 515 911 478 675 182 765 1184 37 561 0 409 450 1146 664 935 317 519 1286 541 584 429 486 465 818 678 325 831 1174 609 999 337 348 509 723 800 945 1311 1030 1108 604 611 843 577 857 718 692 273 677 437 1169 507 1075 494 591 371 703 1131 498 628 990 456 937 1214 570 91 386 423 627 384 1046 1125 214 450
366 554 337 697 64 319 515 251 988 239 404 1156 441 933 409 0 357 896 287 568 565 413 1180 536 480 794 423 371 822 375 553 432 1221 260 997 333 283 542 400 465 869 1100 707 1091 499 578 660 641 477 316 473 211 553 836 936 241 1126 413 893 236 1043 1009 199 666 581 346 642 1219 161 319 448 832 430 165 1125 811 255 367
12 239 128 584 421 108 617 140 749 314 733 810 487 771 450 357 0 698 613 582 360 71 866 841 142 642 66 16 466 296 742 559 864 607 644 610 578 196 350 426 534 861 619 741 163 221 392 294 781 486 829 217 233 741 719 180 769 58 655 127 827 701 218 312 787 16 512 866 452 386 155 806 184 192 768 703 467 11
687 488 607 248 941 635 618 686 1286 989 1060 649 1183 1390 1146 896 698 0 979 475 1011 635 486 1431 581 1283 677 685 629 521 1413 655 848 1026 643 1226 1179 733 503 462 458 224 280 642 566 621 322 752 1032 714 1293 886 497 1407 58 672 808 664 1209 782 1384 370 704 707 844 691 269 754 855 1073 810 1494 519 796 869 219 1114 700
620 762 549 741 237 543 428 481 1275 514 120 1365 689 1211 664 287 613 979 0 542 852 655 1348 542 711 1073 678 625 1060 498 699 354 1458 75 1224 445 393 808 491 517 1070 1200 731 1307 726 822 822 908 193 265 319 499 763 1101 1029 451 1368 664 1180 508 1328 1177 405 925 372 599 709 1440 163 580 727 1074 623 434 1376 834 464 624
577 532 453 227 587 474 142 476 1324 753 603 1019 972 1352 935 568 582 475 542 0 941 560 924 1056 560 1221 609 579 829 285 1121 191 1175 604 937 890 837 733 231 157 743 699 200 984 560 668 470 807 562 285 862 665 539 1308 532 439 1106 589 1231 584 1406 770 438 790 372 566 233 1116 461 846 737 1346 433 552 1143 296 821 591
366 522 488 935 618 466 964 472 423 354 968 907 334 411 317 565 360 1011 852 941 0 398 1043 854 434 283 348 365 548 656 634 898 871 817 719 636 634 283 709 786 707 1136 974 830 447 399 689 308 1042 807 965 354 514 395 1020 514 773 366 328 380 485 906 534 364 1107 375 863 923 714 335 210 493 533 442 737 1051 490 352
59 167 121 537 477 116 611 173 764 385 773 745 555 805 519 413 71 635 655 560 398 0 795 910 71 681 50 55 410 279 814 561 809 656 583 680 646 179 332 402 465 792 575 678 92 167 324 269 814 501 887 289 162 789 653 206 716 31 671 194 847 630 250 274 797 73 465 805 491 457 188 862 135 251 721 653 538 69
853 632 843 705 1238 863 1061 930 1156 1178 1448 241 1318 1325 1286 1180 866 486 1348 924 1043 795 0 1702 723 1257 812 849 500 850 1600 1077 455 1377 370 1474 1437 780 860 854 340 340 749 288 702 675 527 735 1445 1103 1636 1084 635 1402 431 939 466 810 1108 987 1257 171 983 679 1295 868 691 334 1197 1240 899 1528 750 1034 544 705 1333 861
853 1069 862 1220 490 840 961 774 1205 548 560 1649 535 1053 541 536 841 1431 542 1056 854 910 1702 0 982 939 901 858 1293 909 307 880 1677 468 1475 233 264 982 929 985 1376 1637 1223 1578 1002 1055 1192 1070 664 771 306 627 1066 891 1471 773 1578 899 1127 716 1216 1533 734 1112 906 837 1171 1698 596 525 861 791 958 668 1559 1329 385 848
130 99 162 508 543 168 627 233 771 456 827 676 620 832 584 480 142 581 711 560 434 71 723 982 0 713 99 126 349 293 883 585 748 716 518 752 717 177 342 404 394 729 550 610 20 118 263 248 862 537 953 360 93 829 596 259 657 90 682 266 860 558 306 238 826 145 436 739 547 525 229 912 128 320 667 620 610 139
649 797 770 1218 836 746 1236 747 275 558 1181 1086 419 138 429 794 642 1283 1073 1221 283 681 1257 939 713 0 630 648 757 936 657 1166 999 1026 903 760 777 550 989 1067 938 1391 1257 1010 725 663 961 544 1267 1068 1121 597 788 147 1288 788 909 649 221 647 277 1138 803 598 1363 657 1145 1077 953 498 493 298 816 701 853 1333 643 634
57 198 164 587 487 152 657 199 714 365 797 748 521 754 486 423 66 677 678 609 348 50 812 901 99 630 0 52 401 327 789 605 798 673 579 669 639 137 380 452 477 828 626 678 118 156 362 233 843 539 895 274 191 740 694 237 703 20 621 192 797 651 278 247 838 78 515 802 515 429 138 817 186 258 702 703 523 56
5 223 126 575 435 109 618 148 749 330 745 794 501 775 465 371 16 685 625 579 365 55 849 858 126 648 52 0 451 294 758 562 849 620 628 627 594 187 348 422 518 846 611 725 147 206 378 284 791 491 844 234 217 749 705 187 754 42 655 143 828 685 227 300 792 25 503 851 463 401 158 817 174 206 755 693 484 15
456 314 511 692 886 517 928 582 684 746 1177 365 847 832 818 822 466 629 1060 829 548 410 500 1293 349 757 401 451 0 612 1142 904 399 1065 183 1060 1033 313 651 692 191 667 744 289 334 244 372 244 1208 875 1295 667 310 901 610 609 307 409 623 593 786 385 656 190 1147 476 633 404 897 789 438 1028 450 658 322 771 908 457
292 297 168 331 420 189 334 201 1042 502 601 878 715 1067 678 375 296 521 498 285 656 279 850 909 293 936 327 294 612 0 907 294 995 529 754 707 658 457 53 130 583 729 353 826 299 410 324 539 611 267 792 404 302 1028 562 171 912 307 948 311 1123 679 189 531 537 281 270 960 350 593 452 1076 167 296 935 451 603 305
755 981 807 1238 539 780 1059 727 930 429 761 1507 301 760 325 553 742 1413 699 1121 634 814 1600 307 883 657 789 758 1142 907 0 975 1499 626 1324 254 307 831 942 1012 1261 1597 1254 1432 904 926 1130 902 867 857 573 531 976 591 1444 743 1400 793 860 636 929 1440 718 952 1069 743 1177 1539 679 359 706 484 900 618 1369 1356 304 745
558 590 440 407 436 453 83 427 1307 649 412 1143 865 1303 831 432 559 655 354 191 898 561 1077 880 585 1166 605 562 904 294 975 0 1278 419 1036 733 678 741 252 226 854 879 388 1098 592 703 580 828 377 117 672 578 595 1235 709 385 1199 585 1211 519 1380 914 364 824 243 543 393 1233 297 739 712 1253 461 467 1226 487 686 570
854 701 908 997 1285 916 1291 981 820 1129 1574 217 1198 1025 1174 1221 864 848 1458 1175 871 809 455 1677 748 999 798 849 399 995 1499 1278 0 1464 241 1444 1422 696 1027 1056 432 773 1048 205 732 643 705 607 1601 1262 1694 1058 699 1146 805 1008 99 807 802 989 913 484 1054 566 1519 875 954 124 1295 1160 816 1295 841 1056 146 1043 1291 855
615 775 558 794 201 548 496 483 1238 471 156 1382 632 1163 609 260 607 1026 75 604 817 656 1377 468 716 1026 673 620 1065 529 626 419 1464 0 1234 372 321 798 529 564 1088 1245 787 1321 733 823 849 898 251 321 266 469 776 1046 1074 458 1372 661 1144 493 1286 1206 411 920 447 595 757 1452 179 529 708 1012 639 420 1375 891 402 618
633 463 675 766 1061 685 1050 752 786 929 1338 187 1027 961 999 997 644 643 1224 937 719 583 370 1475 518 903 579 628 183 754 1324 1036 241 1234 0 1242 1215 496 786 815 197 617 818 110 501 423 466 422 1362 1021 1470 849 461 1050 609 775 171 586 741 771 887 313 822 371 1277 652 719 222 1061 972 621 1186 603 834 226 822 1091 635
622 842 640 1030 303 616 816 553 1013 315 511 1417 341 886 337 333 610 1226 445 890 636 680 1474 233 752 760 669 627 1060 707 254 733 1444 372 1242 0 54 749 734 797 1145 1425 1040 1345 772 822 971 837 615 616 365 394 838 740 1263 557 1346 668 928 486 1037 1307 522 879 815 606 975 1464 436 301 628 674 736 444 1328 1144 153 616
589 805 599 979 249 576 762 512 1022 297 464 1387 358 906 348 283 578 1179 393 837 634 646 1437 264 717 777 639 594 1033 658 307 678 1422 321 1215 54 0 726 684 746 1112 1380 988 1317 738 793 929 817 568 562 343 366 802 767 1217 513 1324 635 936 451 1051 1269 476 856 762 572 925 1438 381 299 607 710 695 404 1309 1092 143 584
192 247 300 683 606 290 790 336 594 434 928 677 540 662 509 542 196 733 808 733 283 179 780 982 177 550 137 187 313 457 831 741 696 798 496 749 726 0 509 577 439 852 726 603 183 115 411 99 978 677 1008 363 238 676 739 374 598 156 505 306 683 632 414 129 975 211 611 716 648 476 124 776 300 378 587 793 597 185
345 338 221 297 439 243 285 250 1095 545 588 902 760 1120 723 400 350 503 491 231 709 332 860 929 342 989 380 348 651 53 942 252 1027 529 786 734 684 509 0 78 609 718 312 853 346 457 341 590 589 244 795 450 343 1079 548 216 947 360 1002 359 1176 691 228 579 495 334 241 988 353 637 505 1125 215 339 973 413 638 359
420 385 297 235 498 320 236 329 1167 621 604 917 837 1197 800 465 426 462 517 157 786 402 854 985 404 1067 452 422 692 130 1012 226 1056 564 815 797 746 577 78 0 629 683 242 874 406 515 355 652 591 255 831 527 392 1158 511 294 980 432 1074 438 1249 689 303 638 462 411 192 1008 396 713 580 1203 277 416 1012 346 709 434
522 314 533 568 930 549 862 617 876 843 1180 295 977 1019 945 869 534 458 1070 743 707 465 340 1376 394 938 477 518 191 583 1261 854 432 1088 197 1145 1112 439 609 629 0 476 620 244 374 334 275 401 1194 850 1337 751 315 1079 431 633 368 477 813 660 977 200 680 345 1092 539 522 379 911 901 558 1198 448 713 419 627 1001 529
849 630 790 473 1149 817 841 874 1351 1167 1283 558 1348 1484 1311 1100 861 224 1200 699 1136 792 340 1637 729 1391 828 846 667 729 1597 879 773 1245 617 1425 1380 852 718 683 476 0 501 578 710 736 468 847 1257 937 1512 1065 637 1525 171 867 760 818 1285 961 1452 305 903 795 1065 857 492 661 1071 1246 949 1628 696 985 832 426 1303 861
611 489 498 52 739 525 341 552 1319 855 799 872 1068 1380 1030 707 619 280 731 200 974 575 749 1223 550 1257 626 611 744 353 1254 388 1048 787 818 1040 988 726 312 242 620 501 0 847 543 637 371 780 762 466 1050 757 498 1361 337 524 989 607 1231 660 1409 606 540 750 564 606 116 974 629 946 763 1421 440 649 1037 105 950 625
730 545 762 796 1154 774 1105 842 881 1033 1419 77 1136 1063 1108 1091 741 642 1307 984 830 678 288 1578 610 1010 678 725 289 826 1432 1098 205 1321 110 1345 1317 603 853 874 244 578 847 0 591 523 519 531 1437 1093 1563 951 544 1157 600 863 183 683 841 869 981 280 910 480 1336 749 757 134 1146 1079 727 1294 684 929 259 838 1195 734
151 80 177 500 562 184 631 251 776 477 843 657 639 842 604 499 163 566 726 560 447 92 702 1002 20 725 118 147 334 299 904 592 732 733 501 772 738 183 346 406 374 710 543 591 0 111 246 246 875 548 971 381 73 843 579 275 641 110 688 286 866 538 322 233 834 166 428 721 563 545 244 928 131 340 653 610 630 159
211 147 279 590 642 280 742 341 684 513 940 594 643 769 611 578 221 621 822 668 399 167 675 1055 118 663 156 206 244 410 926 703 643 823 423 822 793 115 457 515 334 736 637 523 111 0 301 143 978 656 1051 428 138 791 625 372 549 164 599 348 777 521 417 122 944 231 520 646 659 567 225 892 242 413 553 695 674 212
380 167 330 320 716 355 586 417 978 700 926 563 879 1071 843 660 392 322 822 470 689 324 527 1192 263 961 362 378 372 324 1130 580 705 849 466 971 929 411 341 355 275 468 371 519 246 301 0 437 930 585 1109 599 175 1085 332 419 635 350 897 495 1074 356 461 397 817 388 261 653 670 777 490 1174 234 527 675 407 841 392
289 291 390 734 705 384 874 433 541 522 1027 608 605 640 577 641 294 752 908 807 308 269 735 1070 248 544 233 284 244 539 902 828 607 898 422 837 817 99 590 652 401 847 780 531 246 143 437 0 1076 770 1105 457 282 681 750 470 508 250 459 405 636 600 511 56 1066 309 664 637 747 554 209 796 376 477 492 837 684 283
786 899 699 785 430 698 424 643 1466 708 106 1489 881 1405 857 477 781 1032 193 562 1042 814 1445 664 862 1267 843 791 1208 611 867 377 1601 251 1362 615 568 978 589 591 1194 1257 762 1437 875 978 930 1076 0 345 379 688 901 1294 1087 607 1514 827 1371 686 1520 1278 564 1088 264 766 770 1571 333 774 906 1264 759 614 1529 857 653 793
487 561 380 475 318 386 201 347 1223 538 348 1145 752 1206 718 316 486 714 265 285 807 501 1103 771 537 1068 539 491 875 267 857 117 1262 321 1021 616 562 677 244 255 850 937 466 1093 548 656 585 770 345 0 583 473 565 1130 765 305 1177 520 1127 426 1292 935 274 773 302 469 445 1228 180 627 632 1141 424 367 1197 570 568 497
839 1022 803 1059 409 789 743 721 1364 613 285 1627 702 1249 692 473 829 1293 319 862 965 887 1636 306 953 1121 895 844 1295 792 573 672 1694 266 1470 365 343 1008 795 831 1337 1512 1050 1563 971 1051 1109 1105 379 583 0 650 1021 1106 1341 703 1598 886 1276 705 1395 1464 656 1135 637 819 1023 1692 442 636 902 1034 890 637 1595 1153 482 839
230 455 278 732 267 251 653 206 778 102 616 1022 310 735 273 211 217 886 499 665 354 289 1084 627 360 597 274 234 667 404 531 578 1058 469 849 394 366 363 450 527 751 1065 757 951 381 428 599 457 688 473 650 0 450 657 914 233 961 274 682 104 835 919 227 492 766 216 666 1072 361 189 251 681 369 114 950 853 249 223
221 9 218 451 614 233 625 301 822 548 877 606 713 901 677 553 233 497 763 539 514 162 635 1066 93 788 191 217 310 302 976 595 699 776 461 838 802 238 343 392 315 637 498 544 73 138 175 282 901 565 1021 450 0 909 508 319 612 183 737 352 915 469 366 254 838 234 382 677 601 618 315 999 142 399 633 557 699 231
750 918 866 1325 869 840 1310 831 387 598 1202 1233 415 177 437 836 741 1407 1101 1308 395 789 1402 891 829 147 740 749 901 1028 591 1235 1146 1046 1050 740 767 676 1079 1158 1079 1525 1361 1157 843 791 1085 681 1294 1130 1106 657 909 0 1415 869 1057 757 356 725 354 1279 877 735 1416 754 1253 1225 998 521 602 160 922 768 1000 1442 647 735
707 500 636 304 982 664 674 717 1278 1017 1112 602 1206 1391 1169 936 719 58 1029 532 1020 653 431 1471 596 1288 694 705 610 562 1444 709 805 1074 609 1263 1217 739 548 511 431 171 337 600 579 625 332 750 1087 765 1341 914 508 1415 0 706 771 681 1204 809 1377 323 740 702 901 713 320 708 901 1099 823 1507 545 828 834 276 1146 720
183 319 100 501 299 91 449 42 922 331 568 925 544 923 507 241 180 672 451 439 514 206 939 773 259 788 237 187 609 171 743 385 1008 458 775 557 513 374 216 294 633 867 524 863 275 372 419 470 607 305 703 233 319 869 706 0 916 220 826 144 995 768 47 480 607 164 436 994 287 422 328 909 189 126 925 621 441 192
759 616 818 937 1190 825 1216 888 743 1030 1484 229 1099 942 1075 1126 769 808 1368 1106 773 716 466 1578 657 909 703 754 307 912 1400 1199 99 1372 171 1346 1324 598 947 980 368 760 989 183 641 549 635 508 1514 1177 1598 961 612 1057 771 916 0 713 719 893 840 459 963 468 1441 780 890 175 1204 1061 717 1204 755 961 78 993 1192 759
47 189 144 568 477 134 637 183 735 367 783 752 530 773 494 413 58 664 664 589 366 31 810 899 90 649 20 42 409 307 793 585 807 661 586 668 635 156 360 432 477 818 607 683 110 164 350 250 827 520 886 274 183 757 681 220 713 0 642 185 817 647 262 261 818 67 496 808 501 435 156 832 167 248 714 685 523 51
657 746 781 1187 945 763 1272 783 96 675 1296 914 592 223 591 893 655 1209 1180 1231 328 671 1108 1127 682 221 621 655 623 948 860 1211 802 1144 741 928 936 505 1002 1074 813 1285 1231 841 688 599 897 459 1371 1127 1276 682 737 356 1204 826 719 642 0 701 178 1008 852 502 1429 671 1116 892 1042 639 499 515 803 767 656 1294 794 644
138 356 174 633 300 146 589 109 797 207 628 938 408 783 371 236 127 782 508 584 380 194 987 716 266 647 192 143 593 311 636 519 989 493 771 486 451 306 359 438 660 961 660 869 286 348 495 405 686 426 705 104 352 725 809 144 893 185 701 0 865 821 155 431 728 121 565 994 352 292 219 765 265 73 890 754 348 135
831 924 955 1365 1090 936 1443 952 101 815 1440 1050 695 177 703 1043 827 1384 1328 1406 485 847 1257 1216 860 277 797 828 786 1123 929 1380 913 1286 887 1037 1051 683 1176 1249 977 1452 1409 981 866 777 1074 636 1520 1292 1395 835 915 354 1377 995 840 817 178 865 0 1169 1018 678 1593 844 1294 1015 1196 765 672 508 979 928 769 1472 914 818
689 465 673 559 1067 694 903 760 1067 1015 1279 279 1164 1218 1131 1009 701 370 1177 770 906 630 171 1533 558 1138 651 685 385 679 1440 914 484 1206 313 1307 1269 632 691 689 200 305 606 280 538 521 356 600 1278 935 1464 919 469 1279 323 768 459 647 1008 821 1169 0 812 544 1138 703 536 385 1026 1080 747 1397 579 865 529 578 1168 697
222 366 147 521 255 138 433 78 948 318 523 972 535 939 498 199 218 704 405 438 534 250 983 734 306 803 278 227 656 189 718 364 1054 411 822 522 476 414 228 303 680 903 540 910 322 417 461 511 564 274 656 227 366 877 740 47 963 262 852 155 1018 812 0 524 577 202 459 1041 241 410 358 908 234 113 971 640 414 229
305 262 393 702 730 390 864 445 581 563 1044 556 656 690 628 666 312 707 925 790 364 274 679 1112 238 598 247 300 190 531 952 824 566 920 371 879 856 129 579 638 345 795 750 480 233 122 397 56 1088 773 1135 492 254 735 702 480 468 261 502 431 678 544 524 0 1064 325 634 589 763 601 251 852 364 501 459 802 726 301
788 833 675 598 559 685 234 649 1525 818 353 1378 1021 1502 990 581 787 844 372 372 1107 797 1295 906 826 1363 838 792 1147 537 1069 243 1519 447 1277 815 762 975 495 462 1092 1065 564 1336 834 944 817 1066 264 302 637 766 838 1416 901 607 1441 818 1429 728 1593 1138 577 1064 0 770 604 1470 420 900 935 1412 704 665 1469 645 812 798
20 239 113 572 410 92 600 124 766 314 719 817 493 786 456 346 16 691 599 566 375 73 868 837 145 657 78 25 476 281 743 543 875 595 652 606 572 211 334 411 539 857 606 749 166 231 388 309 766 469 819 216 234 754 713 164 780 67 671 121 844 703 202 325 770 0 501 875 437 389 171 817 174 181 781 691 465 27
503 373 397 72 681 424 370 459 1203 766 792 789 974 1267 937 642 512 269 709 233 863 465 691 1171 436 1145 515 503 633 270 1177 393 954 757 719 975 925 611 241 192 522 492 116 757 428 520 261 664 770 445 1023 666 382 1253 320 436 890 496 1116 565 1294 536 459 634 604 501 0 887 587 856 653 1318 330 563 934 190 874 518
856 678 893 924 1282 905 1238 972 918 1150 1553 106 1240 1116 1214 1219 866 754 1440 1116 923 805 334 1698 739 1077 802 851 404 960 1539 1233 124 1452 222 1464 1438 716 988 1008 379 661 974 134 721 646 653 637 1571 1228 1692 1072 677 1225 708 994 175 808 892 994 1015 385 1041 589 1470 875 887 0 1278 1190 840 1369 817 1056 248 958 1313 858
458 600 386 630 143 379 380 318 1137 400 281 1205 600 1092 570 161 452 855 163 461 714 491 1197 596 547 953 515 463 897 350 679 297 1295 179 1061 436 381 648 353 396 911 1071 629 1146 563 659 670 747 333 180 442 361 601 998 901 287 1204 501 1042 352 1196 1026 241 763 420 437 587 1278 0 480 572 992 462 280 1212 734 398 463
398 624 466 922 348 438 819 396 728 92 685 1153 126 634 91 319 386 1073 580 846 335 457 1240 525 525 498 429 401 789 593 359 739 1160 529 972 301 299 476 637 713 901 1246 946 1079 545 567 777 554 774 627 636 189 618 521 1099 422 1061 435 639 292 765 1080 410 601 900 389 856 1190 480 0 351 514 554 297 1037 1043 155 387
160 323 284 725 510 264 772 285 595 312 847 802 418 618 386 448 155 810 727 737 210 188 899 861 229 493 138 158 438 452 706 712 816 708 621 628 607 124 505 580 558 949 763 727 244 225 490 209 906 632 902 251 315 602 823 328 717 156 499 219 672 747 358 251 935 171 653 840 572 351 0 684 323 293 701 841 475 146
816 1007 922 1389 854 895 1331 874 547 603 1165 1371 391 331 423 832 806 1494 1074 1346 493 862 1528 791 912 298 817 817 1028 1076 484 1253 1295 1012 1186 674 710 776 1125 1203 1198 1628 1421 1294 928 892 1174 796 1264 1141 1034 681 999 160 1507 909 1204 832 515 765 508 1397 908 852 1412 817 1318 1369 992 514 684 0 991 795 1150 1509 610 802
174 139 96 402 488 121 500 183 894 472 735 743 664 940 627 430 184 519 623 433 533 135 750 958 128 816 186 174 450 167 900 461 841 639 603 736 695 300 215 277 448 696 440 684 131 242 234 376 759 424 890 369 142 922 545 189 755 167 803 265 979 579 234 364 704 174 330 817 462 554 323 991 0 292 773 520 608 189
201 402 196 627 229 172 541 110 863 205 554 996 421 838 384 165 192 796 434 552 442 251 1034 668 320 701 258 206 658 296 618 467 1056 420 834 444 404 378 339 416 713 985 649 929 340 413 527 477 614 367 637 114 399 768 828 126 961 248 767 73 928 865 113 501 665 181 563 1056 280 297 293 795 292 0 960 747 318 201
760 637 829 985 1189 833 1248 895 675 1013 1494 307 1067 879 1046 1125 768 869 1376 1143 737 721 544 1559 667 853 702 755 322 935 1369 1226 146 1375 226 1328 1309 587 973 1012 419 832 1037 259 653 553 675 492 1529 1197 1595 950 633 1000 834 925 78 714 656 890 769 529 971 459 1469 781 934 248 1212 1037 701 1150 773 960 0 1046 1175 758
693 548 587 120 844 614 433 647 1379 952 899 854 1163 1452 1125 811 703 219 834 296 1051 653 705 1329 620 1333 703 693 771 451 1356 487 1043 891 822 1144 1092 793 413 346 627 426 105 838 610 695 407 837 857 570 1153 853 557 1442 276 621 993 685 1294 754 1472 578 640 802 645 691 190 958 734 1043 841 1509 520 747 1046 0 1052 708
479 703 513 934 255 487 769 429 882 163 557 1267 231 776 214 255 467 1114 464 821 490 538 1333 385 610 643 523 484 908 603 304 686 1291 402 1091 153 143 597 638 709 1001 1303 950 1195 630 674 841 684 653 568 482 249 699 647 1146 441 1192 523 794 348 914 1168 414 726 812 465 874 1313 398 155 475 610 608 318 1175 1052 0 472
14 236 137 590 431 118 627 151 739 317 744 803 487 763 450 367 11 700 624 591 352 69 861 848 139 634 56 15 457 305 745 570 855 618 635 616 584 185 359 434 529 861 625 734 159 212 392 283 793 497 839 223 231 735 720 192 759 51 644 135 818 697 229 301 798 27 518 858 463 387 146 802 189 201 758 708 472 0
