0 189 863 1710 1474 1562 103 1011 359 902 1249 1078 1027 639 928 395
189 0 971 1606 1425 1708 215 1200 418 987 1154 903 858 660 1003 218
863 971 0 1564 2327 793 775 993 560 1595 1154 1483 1799 1460 1640 1174
1710 1606 1564 0 2833 2195 1627 2474 1454 2593 464 1004 1809 2248 2608 1610
1474 1425 2327 2833 0 2934 1572 1997 1824 969 2448 1858 1081 879 911 1299
1562 1708 793 2195 2934 0 1495 1106 1327 2060 1856 2272 2561 2057 2116 1923
103 215 775 1627 1572 1495 0 1022 255 999 1164 1046 1074 742 1027 434
1011 1200 993 2474 1997 1106 1022 0 1066 1042 2022 2065 1981 1186 1101 1393
359 418 560 1454 1824 1327 255 1066 0 1236 990 1036 1240 998 1268 615
902 987 1595 2593 969 2060 999 1042 1236 0 2139 1810 1330 403 58 1025
1249 1154 1154 464 2448 1856 1164 2022 990 2139 0 732 1484 1807 2157 1182
1078 903 1483 1004 1858 2272 1046 2065 1036 1810 732 0 806 1418 1809 789
1027 858 1799 1809 1081 2561 1074 1981 1240 1330 1484 806 0 938 1305 640
639 660 1460 2248 879 2057 742 1186 998 403 1807 1418 938 0 393 647
928 1003 1640 2608 911 2116 1027 1101 1268 58 2157 1809 1305 393 0 1029
395 218 1174 1610 1299 1923 434 1393 615 1025 1182 789 640 647 1029 0
