0 332 29 838 547 723 583 623 537 209 608 816 361 490 355 636 386 155 219 651 479 658 65 239 235 228 576 817 344 227 95 52 592 752 329 172 19 402 675 685 545 760 93 520 334 609 198 465 657 583 806 498 672 483 818 691 299 328 16 724 148 297 5 450 851 630 851 789 327 524 89 246 22 2 638 21 132 865
332 0 339 784 467 538 391 314 667 308 909 561 245 431 634 604 699 379 551 319 351 969 272 484 469 176 416 898 531 506 390 292 720 1077 515 230 334 622 869 451 602 1087 308 838 520 569 505 732 883 559 999 169 425 209 822 992 227 238 348 591 188 188 337 242 632 749 1171 624 45 849 285 567 346 333 361 351 455 532
29 339 0 867 575 707 606 621 508 186 589 806 385 468 331 665 369 126 213 658 504 641 83 263 260 220 560 846 314 202 118 77 620 755 299 159 10 426 699 706 575 762 70 505 304 585 177 441 630 612 830 502 692 478 791 672 285 314 34 705 151 318 31 470 837 601 837 815 330 528 116 231 12 26 632 42 117 870
838 784 867 0 318 1308 435 993 1367 995 1372 1276 546 1208 1173 202 1155 989 950 832 432 1390 798 693 680 903 1199 342 1180 1058 783 794 432 1180 1165 910 857 632 608 477 334 1203 908 1254 1170 1346 1013 1283 1488 255 658 851 512 968 1593 1444 985 1006 841 1373 823 618 837 553 1375 1459 1527 288 829 1021 753 1027 860 841 1082 834 941 981
547 467 575 318 0 997 182 701 1060 684 1125 982 228 889 898 145 901 690 698 565 119 1156 498 461 444 586 883 483 880 774 511 498 394 1050 864 597 565 473 592 286 234 1069 606 1016 870 1027 736 1009 1205 115 695 550 306 657 1275 1203 667 687 553 1057 510 300 547 246 1074 1151 1320 263 511 851 458 764 569 550 782 547 664 751
723 538 707 1308 997 0 883 354 584 531 1051 194 783 280 805 1139 922 635 884 553 879 1134 696 950 941 505 146 1436 620 734 815 718 1248 1428 613 551 710 1109 1375 895 1139 1429 637 1044 616 283 777 846 874 1096 1508 462 859 340 465 1122 424 394 737 114 607 726 728 755 142 606 1344 1102 499 1212 738 846 719 721 255 744 776 600
583 391 606 435 182 883 0 558 1043 668 1189 841 222 821 938 313 964 702 771 399 123 1231 523 570 551 548 785 660 883 807 576 530 574 1187 867 579 597 620 769 118 415 1204 617 1091 872 958 782 1047 1227 295 877 421 128 546 1212 1270 615 628 593 957 500 289 584 151 942 1130 1410 232 436 976 495 823 605 585 648 590 713 572
623 314 621 993 701 354 558 0 764 513 1130 282 518 438 855 846 946 614 833 198 583 1202 570 798 783 406 316 1172 703 742 695 592 1016 1375 689 472 618 936 1177 551 883 1383 570 1083 693 539 760 933 1034 810 1305 158 514 150 779 1211 379 362 639 453 475 485 627 455 386 822 1412 763 300 1147 593 829 630 623 99 644 727 301
537 667 508 1367 1060 584 1043 764 0 377 499 769 842 334 332 1166 451 381 540 912 968 584 569 750 753 496 488 1350 198 361 614 576 1119 983 211 466 517 902 1165 1117 1083 976 458 532 207 306 422 310 290 1113 1289 746 1092 632 352 558 443 441 539 500 550 767 539 892 721 92 784 1272 626 810 616 461 517 534 706 547 476 1065
209 308 186 995 684 531 668 513 377 0 621 651 464 282 343 796 433 108 354 603 591 690 212 448 444 132 385 1014 222 230 304 226 795 902 206 89 191 611 884 748 731 905 115 570 211 400 256 431 574 744 1015 432 726 362 617 703 134 157 219 521 173 389 213 517 667 467 899 895 276 682 262 327 199 207 499 228 245 795
608 909 589 1372 1125 1051 1189 1130 499 621 0 1218 967 774 277 1178 225 530 427 1220 1078 85 672 679 693 745 928 1231 438 402 616 661 1003 556 449 682 597 764 959 1293 1040 541 601 126 445 793 411 205 283 1128 1054 1051 1281 980 832 83 751 768 597 985 726 905 606 1058 1194 535 292 1382 886 469 693 365 588 606 1103 599 476 1416
816 561 806 1276 982 194 841 282 769 651 1218 0 789 446 959 1127 1069 759 1003 461 864 1298 777 1025 1012 588 290 1448 780 872 902 799 1281 1553 771 647 807 1175 1429 827 1156 1557 742 1198 774 475 907 1012 1058 1090 1560 433 790 354 653 1292 524 496 832 305 681 747 822 736 122 797 1510 1041 533 1330 811 977 818 816 202 838 893 446
361 245 385 546 228 783 222 518 842 464 967 789 0 661 716 360 742 485 552 431 126 1011 302 373 355 359 661 659 672 587 357 308 500 999 655 376 375 463 671 328 366 1014 400 871 661 799 559 826 1010 314 795 360 321 447 1047 1048 439 459 371 835 291 75 362 110 870 932 1193 434 287 780 273 601 383 364 586 368 491 645
490 431 468 1208 889 280 821 438 334 282 774 446 661 0 525 1018 642 374 621 605 778 855 482 729 723 313 157 1273 340 459 585 500 1063 1155 333 333 474 892 1164 870 981 1155 398 764 335 138 506 568 619 969 1296 452 840 322 390 847 225 202 502 242 410 590 495 673 423 384 1066 1054 385 945 529 573 481 488 372 510 516 738
355 634 331 1173 898 805 938 855 332 343 277 959 716 525 0 972 123 255 242 943 835 347 414 493 502 468 672 1090 186 131 390 408 856 657 192 406 341 622 866 1036 856 652 330 239 189 575 161 111 317 920 983 774 1021 704 683 360 475 493 347 754 456 649 354 799 948 408 558 1144 610 477 445 155 333 353 832 351 233 1138
636 604 665 202 145 1139 313 846 1166 796 1178 1127 360 1018 972 0 958 787 753 707 263 1200 597 499 484 709 1021 347 978 856 582 592 311 1031 963 712 655 460 509 398 166 1052 707 1062 968 1156 811 1083 1286 53 595 695 425 800 1400 1252 794 816 639 1196 625 428 635 391 1218 1258 1347 292 648 853 551 828 658 639 927 632 739 886
386 699 369 1155 901 922 964 946 451 433 225 1069 742 642 123 958 0 331 205 1016 853 271 451 462 475 546 785 1037 308 203 391 438 805 533 311 480 377 565 790 1070 827 529 391 138 310 698 194 170 376 907 899 851 1059 795 804 305 568 590 374 875 513 682 384 836 1064 522 472 1157 682 362 470 141 367 384 931 376 253 1220
155 379 126 989 690 635 702 614 381 108 530 759 485 374 255 787 331 0 249 689 610 595 191 382 381 215 490 972 191 129 239 195 745 795 175 151 135 542 813 793 701 798 84 470 180 477 148 355 525 734 943 521 775 465 670 614 240 265 158 616 205 413 158 557 773 474 802 920 355 577 236 219 136 152 606 166 142 889
219 551 213 950 698 884 771 833 540 354 427 1003 552 621 242 753 205 249 0 870 656 461 282 259 271 429 739 849 349 182 194 264 614 549 342 363 218 379 629 880 624 554 265 320 344 712 122 343 555 702 749 715 872 688 875 505 479 506 203 863 365 498 215 651 1021 627 641 956 544 328 287 86 206 218 839 201 110 1084
651 319 658 832 565 553 399 198 912 603 1220 461 431 605 943 707 1016 689 870 0 457 1284 589 774 757 474 504 1048 816 818 701 608 923 1387 801 538 653 888 1101 367 775 1398 625 1155 806 721 822 1034 1163 680 1223 171 330 284 968 1303 484 477 667 651 507 427 655 338 575 980 1488 581 334 1159 596 886 665 652 297 669 774 219
479 351 504 432 119 879 123 583 968 591 1078 864 126 778 835 263 853 610 656 457 0 1117 423 447 428 483 766 593 797 707 462 427 474 1063 781 502 495 499 663 241 320 1080 525 977 786 917 676 945 1133 227 777 431 247 539 1167 1158 560 578 488 940 418 201 480 127 955 1057 1292 310 396 852 390 713 501 482 664 484 605 653
658 969 641 1390 1156 1134 1231 1202 584 690 85 1298 1011 855 347 1200 271 595 461 1284 1117 0 722 701 717 811 1008 1229 517 465 655 709 1005 495 527 746 649 770 945 1339 1056 478 660 140 524 878 465 288 360 1151 1032 1117 1329 1052 917 69 822 841 645 1069 784 952 655 1106 1276 620 212 1417 949 441 739 411 639 656 1178 646 525 1484
65 272 83 798 498 696 523 570 569 212 672 777 302 482 414 597 451 191 282 589 423 722 0 254 245 192 551 802 382 284 126 22 584 807 367 149 74 414 684 622 520 816 110 585 372 608 261 523 709 544 817 439 609 435 830 754 273 302 79 708 96 235 68 387 819 661 916 734 271 578 49 311 84 66 592 80 197 804
239 484 263 693 461 950 570 798 750 448 679 1025 373 729 493 499 462 382 259 774 447 701 254 0 18 446 806 602 552 397 145 233 369 625 539 402 257 163 435 687 365 640 332 563 543 848 342 600 810 449 567 651 687 675 1052 753 527 557 229 960 345 349 234 483 1072 842 858 725 499 407 214 340 251 241 834 221 277 994
235 469 260 680 444 941 551 783 753 444 693 1012 355 723 502 484 475 381 271 757 428 717 245 18 0 436 797 597 554 403 142 225 366 644 542 394 253 169 441 668 354 659 328 578 546 844 349 610 819 434 573 636 668 662 1051 768 518 548 226 953 335 331 230 464 1061 845 875 707 485 426 203 351 248 237 820 218 282 976
228 176 220 903 586 505 548 406 496 132 745 588 359 313 468 709 546 215 429 474 483 811 192 446 436 0 361 961 355 345 315 214 756 975 338 66 220 604 872 621 668 982 164 685 344 449 356 561 707 659 1004 306 597 259 690 828 88 116 244 523 102 285 233 396 627 581 1017 778 144 749 233 424 231 228 411 250 321 673
576 416 560 1199 883 146 785 316 488 385 928 290 661 157 672 1021 785 490 739 504 766 1008 551 806 797 361 0 1306 491 593 669 572 1111 1284 482 405 563 965 1233 813 1009 1286 491 911 485 225 633 722 775 976 1366 377 780 242 464 1002 278 249 590 174 464 599 581 647 282 529 1220 1013 374 1067 594 703 573 575 233 598 630 604
817 898 846 342 483 1436 660 1172 1350 1014 1231 1448 659 1273 1090 347 1037 972 849 1048 593 1229 802 602 597 961 1306 0 1152 1000 735 788 234 922 1139 944 837 471 317 744 296 947 906 1105 1143 1406 944 1192 1404 368 328 1015 772 1105 1632 1291 1050 1076 813 1477 863 710 814 718 1529 1442 1329 601 936 809 752 934 835 820 1245 805 879 1233
344 531 314 1180 880 620 883 703 198 222 438 780 672 340 186 978 308 191 349 816 797 517 382 552 554 355 491 1152 0 167 417 386 921 836 16 307 324 704 968 968 888 834 274 424 11 390 228 234 352 925 1093 645 947 555 525 515 332 343 344 568 383 598 346 735 763 290 729 1106 498 643 427 276 323 341 667 351 277 997
227 506 202 1058 774 734 807 742 361 230 402 872 587 459 131 856 203 129 182 818 707 465 284 397 403 345 593 1000 167 0 275 279 767 695 160 280 212 543 803 905 749 695 200 341 162 538 60 239 431 803 927 651 890 592 692 485 365 387 221 700 325 519 227 668 875 450 672 1017 484 489 317 115 205 225 729 226 121 1019
95 390 118 783 511 815 576 695 614 304 616 902 357 585 390 582 391 239 194 701 462 655 126 145 142 315 669 735 417 275 0 103 506 686 403 264 112 307 580 686 474 697 188 514 408 703 229 501 704 530 711 560 679 561 908 696 391 420 84 819 222 307 90 459 941 707 835 766 394 458 105 253 106 97 719 76 157 919
52 292 77 794 498 718 530 592 576 226 661 799 308 500 408 592 438 195 264 608 427 709 22 233 225 214 572 788 386 279 103 0 568 785 371 169 67 394 665 632 509 794 118 571 376 625 251 518 707 538 797 461 620 457 844 743 294 323 64 728 119 244 54 397 841 668 901 737 293 557 40 298 74 55 615 63 185 825
592 720 620 432 394 1248 574 1016 1119 795 1003 1281 500 1063 856 311 805 745 614 923 474 1005 584 369 366 756 1111 234 921 767 506 568 0 749 908 730 612 239 200 680 160 772 683 878 912 1192 710 958 1170 295 303 858 700 929 1411 1066 844 872 587 1278 654 534 589 584 1352 1212 1120 603 753 603 535 700 609 595 1079 578 647 1126
752 1077 755 1180 1050 1428 1187 1375 983 902 556 1553 999 1155 657 1031 533 795 549 1387 1063 495 807 625 644 975 1284 922 836 695 686 785 749 0 837 911 757 577 605 1305 865 25 813 464 837 1226 651 680 835 995 642 1246 1309 1234 1335 563 1029 1056 736 1395 900 972 747 1109 1567 1046 474 1306 1078 228 792 582 745 752 1387 731 659 1606
329 515 299 1165 864 613 867 689 211 206 449 771 655 333 192 963 311 175 342 801 781 527 367 539 542 338 482 1139 16 160 403 371 908 837 0 290 309 693 958 951 874 835 258 430 5 389 220 246 368 910 1084 629 930 541 532 527 317 328 329 563 366 581 331 718 756 303 740 1089 481 641 411 271 308 326 655 337 266 982
172 230 159 910 597 551 579 472 466 89 682 647 376 333 406 712 480 151 363 538 502 746 149 402 394 66 405 944 307 280 264 169 730 911 290 0 160 563 834 660 655 917 98 619 296 462 289 502 658 660 966 370 640 325 692 765 127 156 186 558 86 301 177 429 679 555 952 806 204 686 196 357 171 171 475 193 255 739
19 334 10 857 565 710 597 618 517 191 597 807 375 474 341 655 377 135 218 653 495 649 74 257 253 220 563 837 324 212 112 67 612 757 309 160 0 420 692 697 565 764 75 512 314 591 186 450 640 602 824 497 684 477 799 680 287 316 27 709 146 309 23 461 839 610 844 805 326 530 106 238 12 17 631 36 124 866
402 622 426 632 473 1109 620 936 902 611 764 1175 463 892 622 460 565 542 379 888 499 770 414 163 169 604 965 471 704 543 307 394 239 577 693 563 420 0 272 738 299 597 495 640 696 1011 483 721 933 421 404 783 746 822 1212 829 688 717 392 1122 502 462 397 569 1228 993 896 729 643 392 371 466 413 404 980 384 426 1106
675 869 699 608 592 1375 769 1177 1165 884 959 1429 671 1164 866 509 790 813 629 1101 663 945 684 435 441 872 1233 317 968 803 580 665 200 605 958 834 692 272 0 879 359 631 768 833 961 1284 743 956 1166 495 132 1020 897 1075 1483 1011 957 986 665 1392 769 691 670 765 1490 1254 1025 802 896 510 639 714 686 677 1230 656 691 1311
685 451 706 477 286 895 118 551 1117 748 1293 827 328 870 1036 398 1070 793 880 367 241 1339 622 687 668 621 813 744 968 905 686 632 680 1305 951 660 697 738 879 0 520 1322 710 1199 957 1003 883 1143 1316 391 981 437 36 571 1258 1375 678 687 696 979 588 387 687 236 936 1200 1521 214 494 1093 599 929 706 687 647 694 817 504
545 602 575 334 234 1139 415 883 1083 731 1040 1156 366 981 856 166 827 701 624 775 320 1056 520 365 354 668 1009 296 888 749 474 509 160 865 874 655 565 299 359 520 0 886 628 921 878 1115 699 964 1173 139 461 725 540 810 1347 1111 756 782 544 1181 572 414 543 437 1234 1176 1193 453 640 691 471 705 565 548 953 536 629 974
760 1087 762 1203 1069 1429 1204 1383 976 905 541 1557 1014 1155 652 1052 529 798 554 1398 1080 478 816 640 659 982 1286 947 834 695 697 794 772 25 835 917 764 597 631 1322 886 0 819 454 834 1224 652 671 822 1016 668 1256 1325 1241 1328 545 1033 1060 744 1395 908 985 755 1124 1569 1038 450 1326 1087 238 802 583 752 760 1393 740 664 1617
93 308 70 908 606 637 617 570 458 115 601 742 400 398 330 707 391 84 265 625 525 660 110 332 328 164 491 906 274 200 188 118 683 813 258 98 75 495 768 710 628 819 0 529 263 515 197 435 609 654 900 462 693 423 727 684 218 247 103 634 125 328 98 473 769 551 863 835 291 588 157 262 83 91 574 112 157 831
520 838 505 1254 1016 1044 1091 1083 532 570 126 1198 871 764 239 1062 138 470 320 1155 977 140 585 563 578 685 911 1105 424 341 514 571 878 464 430 619 512 640 833 1199 921 454 529 0 428 805 332 222 375 1013 929 990 1189 933 880 190 705 725 507 990 651 813 517 967 1187 587 333 1276 820 349 600 274 502 518 1066 508 388 1358
334 520 304 1170 870 616 872 693 207 211 445 774 661 335 189 968 310 180 344 806 786 524 372 543 546 344 485 1143 11 162 408 376 912 837 5 296 314 696 961 957 878 834 263 428 0 389 222 241 363 915 1087 635 936 546 530 523 322 333 334 565 371 587 336 724 759 299 736 1095 487 641 416 272 313 331 659 342 270 987
609 569 585 1346 1027 283 958 539 306 400 793 475 799 138 575 1156 698 477 712 721 917 878 608 848 844 449 225 1406 390 538 703 625 1192 1226 389 462 591 1011 1284 1003 1115 1224 515 805 389 0 592 593 594 1107 1415 578 972 443 254 859 362 340 619 194 543 728 613 811 416 322 1084 1191 523 1027 657 653 597 607 458 627 615 830
198 505 177 1013 736 777 782 760 422 256 411 907 559 506 161 811 194 148 122 822 676 465 261 342 349 356 633 944 228 60 229 251 710 651 220 289 186 483 743 883 699 652 197 332 222 592 0 272 475 759 866 658 870 611 752 494 389 414 188 748 318 495 197 648 916 511 666 985 488 438 286 70 177 196 754 192 72 1028
465 732 441 1283 1009 846 1047 933 310 431 205 1012 826 568 111 1083 170 355 343 1034 945 288 523 600 610 561 722 1192 234 239 501 518 958 680 246 502 450 721 956 1143 964 671 435 222 241 593 272 0 212 1030 1068 864 1127 784 659 281 556 571 457 782 559 758 465 907 988 366 498 1255 705 529 555 259 443 463 901 462 345 1223
657 883 630 1488 1205 874 1227 1034 290 574 283 1058 1010 619 317 1286 376 525 555 1163 1133 360 709 810 819 707 775 1404 352 431 704 707 1170 835 368 658 640 933 1166 1316 1173 822 609 375 363 594 475 212 0 1233 1275 993 1297 893 573 312 679 686 652 788 728 938 657 1081 1011 287 531 1443 849 717 747 470 635 654 984 657 547 1334
583 559 612 255 115 1096 295 810 1113 744 1128 1090 314 969 920 53 907 734 702 680 227 1151 544 449 434 659 976 368 925 803 530 538 295 995 910 660 602 421 495 391 139 1016 654 1013 915 1107 759 1030 1233 0 590 657 415 758 1349 1202 744 767 585 1150 574 380 582 355 1178 1205 1301 315 602 811 498 776 605 586 889 579 687 866
806 999 830 658 695 1508 877 1305 1289 1015 1054 1560 795 1296 983 595 899 943 749 1223 777 1032 817 567 573 1004 1366 328 1093 927 711 797 303 642 1084 966 824 404 132 981 461 668 900 929 1087 1415 866 1068 1275 590 0 1147 1002 1206 1611 1100 1089 1118 796 1525 902 819 802 885 1622 1377 1090 883 1027 590 772 833 817 808 1360 787 818 1429
498 169 502 851 550 462 421 158 746 432 1051 433 360 452 774 695 851 521 715 171 431 1117 439 651 636 306 377 1015 645 651 560 461 858 1246 629 370 497 783 1020 437 725 1256 462 990 635 578 658 864 993 657 1147 0 403 135 831 1134 313 307 514 542 350 328 502 303 525 817 1323 641 171 1018 455 724 509 498 232 517 615 369
672 425 692 512 306 859 128 514 1092 726 1281 790 321 840 1021 425 1059 775 872 330 247 1329 609 687 668 597 780 772 947 890 679 620 700 1309 930 640 684 746 897 36 540 1325 693 1189 936 972 870 1127 1297 415 1002 403 0 538 1227 1363 652 660 684 945 570 376 674 222 900 1174 1514 251 468 1095 589 918 693 675 611 682 805 470
483 209 478 968 657 340 546 150 632 362 980 354 447 322 704 800 795 465 688 284 539 1052 435 675 662 259 242 1105 555 592 561 457 929 1234 541 325 477 822 1075 571 810 1241 423 933 546 443 611 784 893 758 1206 135 538 0 695 1061 229 212 499 411 338 397 488 415 424 697 1262 771 179 1007 464 680 488 482 158 504 581 441
818 822 791 1593 1275 465 1212 779 352 617 832 653 1047 390 683 1400 804 670 875 968 1167 917 830 1052 1051 690 464 1632 525 692 908 844 1411 1335 532 692 799 1212 1483 1258 1347 1328 727 880 530 254 752 659 573 1349 1611 831 1227 695 0 879 607 589 825 350 778 974 822 1064 559 296 1102 1445 776 1160 880 801 803 816 689 834 793 1057
691 992 672 1444 1203 1122 1270 1211 558 703 83 1292 1048 847 360 1252 305 614 505 1303 1158 69 754 753 768 828 1002 1291 515 485 696 743 1066 563 527 765 680 829 1011 1375 1111 545 684 190 523 859 494 281 312 1202 1100 1134 1363 1061 879 0 832 849 679 1052 809 987 689 1141 1264 585 226 1461 969 509 775 446 670 689 1182 681 558 1498
299 227 285 985 667 424 615 379 443 134 751 524 439 225 475 794 568 240 479 484 560 822 273 527 518 88 278 1050 332 365 391 294 844 1029 317 127 287 688 957 678 756 1033 218 705 322 362 389 556 679 744 1089 313 652 229 607 832 0 29 313 436 190 367 304 464 552 522 1033 848 184 806 317 460 297 298 365 320 369 666
328 238 314 1006 687 394 628 362 441 157 768 496 459 202 493 816 590 265 506 477 578 841 302 557 548 116 249 1076 343 387 420 323 872 1056 328 156 316 717 986 687 782 1060 247 725 333 340 414 571 686 767 1118 307 660 212 589 849 29 0 343 407 218 388 334 478 522 517 1052 861 193 833 346 484 326 327 341 350 396 653
16 348 34 841 553 737 593 639 539 219 597 832 371 502 347 639 374 158 203 667 488 645 79 229 226 244 590 813 344 221 84 64 587 736 329 186 27 392 665 696 544 744 103 507 334 619 188 457 652 585 796 514 684 499 825 679 313 343 0 737 164 308 11 461 865 632 837 797 344 508 98 233 22 16 654 8 120 881
724 591 705 1373 1057 114 957 453 500 521 985 305 835 242 754 1196 875 616 863 651 940 1069 708 960 953 523 174 1477 568 700 819 728 1278 1395 563 558 709 1122 1392 979 1181 1395 634 990 565 194 748 782 788 1150 1525 542 945 411 350 1052 436 407 737 0 626 773 729 821 226 511 1276 1182 548 1187 753 814 717 723 357 745 758 713
148 188 151 823 510 607 500 475 550 173 726 681 291 410 456 625 513 205 365 507 418 784 96 345 335 102 464 863 383 325 222 119 654 900 366 86 146 502 769 588 572 908 125 651 371 543 318 559 728 574 902 350 570 338 778 809 190 218 164 626 0 217 153 353 726 640 984 724 179 672 131 379 158 148 496 168 266 719
297 188 318 618 300 726 289 485 767 389 905 747 75 590 649 428 682 413 498 427 201 952 235 349 331 285 599 710 598 519 307 244 534 972 581 301 309 462 691 387 414 985 328 813 587 728 495 758 938 380 819 328 376 397 974 987 367 388 308 773 217 0 299 153 821 856 1140 507 226 748 213 541 318 299 545 306 429 646
5 337 31 837 547 728 584 627 539 213 606 822 362 495 354 635 384 158 215 655 480 655 68 234 230 233 581 814 346 227 90 54 589 747 331 177 23 397 670 687 543 755 98 517 336 613 197 465 657 582 802 502 674 488 822 689 304 334 11 729 153 299 0 452 856 632 848 790 332 519 90 244 22 6 643 16 130 869
450 242 470 553 246 755 151 455 892 517 1058 736 110 673 799 391 836 557 651 338 127 1106 387 483 464 396 647 718 735 668 459 397 584 1109 718 429 461 569 765 236 437 1124 473 967 724 811 648 907 1081 355 885 303 222 415 1064 1141 464 478 461 821 353 153 452 0 828 978 1293 383 287 889 366 695 470 452 536 460 582 545
851 632 837 1375 1074 142 942 386 721 667 1194 122 870 423 948 1218 1064 773 1021 575 955 1276 819 1072 1061 627 282 1529 763 875 941 841 1352 1567 756 679 839 1228 1490 936 1234 1569 769 1187 759 416 916 988 1011 1178 1622 525 900 424 559 1264 552 522 865 226 726 821 856 828 0 737 1486 1149 598 1349 858 985 849 850 293 873 912 568
630 749 601 1459 1151 606 1130 822 92 467 535 797 932 384 408 1258 522 474 627 980 1057 620 661 842 845 581 529 1442 290 450 707 668 1212 1046 303 555 610 993 1254 1200 1176 1038 551 587 299 322 511 366 287 1205 1377 817 1174 697 296 585 522 517 632 511 640 856 632 978 737 0 810 1359 707 884 708 545 610 627 756 640 567 1122
851 1171 837 1527 1320 1344 1410 1412 784 899 292 1510 1193 1066 558 1347 472 802 641 1488 1292 212 916 858 875 1017 1220 1329 729 672 835 901 1120 474 740 952 844 896 1025 1521 1193 450 863 333 736 1084 666 498 531 1301 1090 1323 1514 1262 1102 226 1033 1052 837 1276 984 1140 848 1293 1486 810 0 1583 1154 519 927 605 833 849 1390 837 720 1691
789 624 815 288 263 1102 232 763 1272 895 1382 1041 434 1054 1144 292 1157 920 956 581 310 1417 734 725 707 778 1013 601 1106 1017 766 737 603 1306 1089 806 805 729 802 214 453 1326 835 1276 1095 1191 985 1255 1443 315 883 641 251 771 1445 1461 848 861 797 1182 724 507 790 383 1149 1359 1583 0 669 1113 699 1018 811 792 859 793 914 705
327 45 330 829 511 499 436 300 626 276 886 533 287 385 610 648 682 355 544 334 396 949 271 499 485 144 374 936 498 484 394 293 753 1078 481 204 326 643 896 494 640 1087 291 820 487 523 488 705 849 602 1027 171 468 179 776 969 184 193 344 548 179 226 332 287 598 707 1154 669 0 850 292 553 338 328 336 347 443 541
524 849 528 1021 851 1212 976 1147 810 682 469 1330 780 945 477 853 362 577 328 1159 852 441 578 407 426 749 1067 809 643 489 458 557 603 228 641 686 530 392 510 1093 691 238 588 349 641 1027 438 529 717 811 590 1018 1095 1007 1160 509 806 833 508 1187 672 748 519 889 1349 884 519 1113 850 0 564 373 518 524 1161 503 437 1378
89 285 116 753 458 738 495 593 616 262 693 811 273 529 445 551 470 236 287 596 390 739 49 214 203 233 594 752 427 317 105 40 535 792 411 196 106 371 639 599 471 802 157 600 416 657 286 555 747 498 772 455 589 464 880 775 317 346 98 753 131 213 90 366 858 708 927 699 292 564 0 329 112 92 622 94 217 814
246 567 231 1027 764 846 823 829 461 327 365 977 601 573 155 828 141 219 86 886 713 411 311 340 351 424 703 934 276 115 253 298 700 582 271 357 238 466 714 929 705 583 262 274 272 653 70 259 470 776 833 724 918 680 801 446 460 484 233 814 379 541 244 695 985 545 605 1018 553 373 329 0 228 245 824 235 114 1094
22 346 12 860 569 719 605 630 517 199 588 818 383 481 333 658 367 136 206 665 501 639 84 251 248 231 573 835 323 205 106 74 609 745 308 171 12 413 686 706 565 752 83 502 313 597 177 443 635 605 817 509 693 488 803 670 297 326 22 717 158 318 22 470 849 610 833 811 338 518 112 228 0 19 643 30 113 877
2 333 26 841 550 721 585 623 534 207 606 816 364 488 353 639 384 152 218 652 482 656 66 241 237 228 575 820 341 225 97 55 595 752 326 171 17 404 677 687 548 760 91 518 331 607 196 463 654 586 808 498 675 482 816 689 298 327 16 723 148 299 6 452 850 627 849 792 328 524 92 245 19 0 638 22 130 866
638 361 632 1082 782 255 648 99 706 499 1103 202 586 372 832 927 931 606 839 297 664 1178 592 834 820 411 233 1245 667 729 719 615 1079 1387 655 475 631 980 1230 647 953 1393 574 1066 659 458 754 901 984 889 1360 232 611 158 689 1182 365 341 654 357 496 545 643 536 293 756 1390 859 336 1161 622 824 643 638 0 660 730 371
21 351 42 834 547 744 590 644 547 228 599 838 368 510 351 632 376 166 201 669 484 646 80 221 218 250 598 805 351 226 76 63 578 731 337 193 36 384 656 694 536 740 112 508 342 627 192 462 657 579 787 517 682 504 834 681 320 350 8 745 168 306 16 460 873 640 837 793 347 503 94 235 30 22 660 0 122 884
132 455 117 941 664 776 713 727 476 245 476 893 491 516 233 739 253 142 110 774 605 525 197 277 282 321 630 879 277 121 157 185 647 659 266 255 124 426 691 817 629 664 157 388 270 615 72 345 547 687 818 615 805 581 793 558 369 396 120 758 266 429 130 582 912 567 720 914 443 437 217 114 113 130 730 122 0 984
865 532 870 981 751 600 572 301 1065 795 1416 446 645 738 1138 886 1220 889 1084 219 653 1484 804 994 976 673 604 1233 997 1019 919 825 1126 1606 982 739 866 1106 1311 504 974 1617 831 1358 987 830 1028 1223 1334 866 1429 369 470 441 1057 1498 666 653 881 713 719 646 869 545 568 1122 1691 705 541 1378 814 1094 877 866 371 884 984 0
