0 482 1119 1271 679 1663 255 1010 134 1485 347 612 851 143 844 291 1696
482 0 1520 1049 986 2044 364 1336 490 1502 322 960 906 525 1317 752 1251
1119 1520 0 1653 575 1890 1155 1599 1218 2433 1216 1350 1853 1199 930 1047 2462
1271 1049 1653 0 1134 2925 1016 2280 1373 2549 931 1882 1953 1399 2003 1541 941
679 986 575 1134 0 1978 626 1485 806 2143 668 1134 1516 801 976 752 1892
1663 2044 1890 2925 1978 0 1918 727 1584 1452 2011 1084 1391 1552 1009 1384 3289
255 364 1155 1016 626 1918 0 1263 361 1663 97 865 1030 384 1066 539 1477
1010 1336 1599 2280 1485 727 1263 0 907 971 1349 397 691 880 695 768 2570
134 490 1218 1373 806 1584 361 907 0 1351 442 511 717 35 832 268 1735
1485 1502 2433 2549 2143 1452 1663 971 1351 0 1707 1085 635 1349 1621 1409 2472
347 322 1216 931 668 2011 97 1349 442 1707 0 952 1078 468 1163 634 1382
612 960 1350 1882 1134 1084 865 397 511 1085 952 0 565 483 584 388 2208
851 906 1853 1953 1516 1391 1030 691 717 635 1078 565 0 717 1149 807 2022
143 525 1199 1399 801 1552 384 880 35 1349 468 483 717 0 797 233 1770
844 1317 930 2003 976 1009 1066 695 832 1621 1163 584 1149 797 0 565 2538
291 752 1047 1541 752 1384 539 768 268 1409 634 388 807 233 565 0 1985
1696 1251 2462 941 1892 3289 1477 2570 1735 2472 1382 2208 2022 1770 2538 1985 0
