0 953 1489 1453 105 1166 1684 84 192 336 425 957 571 334 386 554
953 0 1924 1178 1044 2055 2622 1007 886 1280 1120 1444 402 973 1322 796
1489 1924 0 2876 1418 1152 1725 1414 1676 1550 1063 536 1612 1176 1594 1166
1453 1178 2876 0 1551 2557 2938 1537 1264 1600 1849 2342 1305 1714 1600 1727
105 1044 1418 1551 0 1061 1585 38 287 277 360 892 653 303 333 565
1166 2055 1152 2557 1061 0 646 1089 1328 956 948 968 1652 1086 959 1332
1684 2622 1725 2938 1585 646 0 1619 1811 1398 1556 1612 2222 1681 1377 1949
84 1007 1414 1537 38 1089 1619 0 275 314 352 885 615 280 370 533
192 886 1676 1264 287 1328 1811 275 0 416 613 1141 549 507 448 672
336 1280 1550 1600 277 956 1398 314 416 0 561 1056 906 557 58 837
425 1120 1063 1849 360 948 1556 352 613 561 0 533 723 150 617 393
957 1444 536 2342 892 968 1612 885 1141 1056 533 0 1100 639 1106 655
571 402 1612 1305 653 1652 2222 615 549 906 723 1100 0 574 954 446
334 973 1176 1714 303 1086 1681 280 507 557 150 639 574 0 615 296
386 1322 1594 1600 333 959 1377 370 448 58 617 1106 954 615 0 895
554 796 1166 1727 565 1332 1949 533 672 837 393 655 446 296 895 0
