0 320 546 479 1547 677 8 772 1625 985 1399 1713 776 1054 689 1561
320 0 243 799 1427 359 327 868 1590 1305 1533 1547 1085 891 619 1688
546 243 0 1021 1268 149 552 1079 1488 1529 1746 1355 1278 720 554 1705
479 799 1021 0 1824 1156 472 857 1792 509 1317 2037 359 1407 1001 1492
1547 1427 1268 1824 0 1307 1546 2284 441 2241 2938 290 1840 547 858 1204
677 359 149 1156 1307 0 684 1126 1564 1663 1788 1364 1423 763 669 1832
8 327 552 472 1546 684 0 776 1622 979 1401 1714 768 1055 688 1555
772 868 1079 857 2284 1126 776 0 2395 1123 666 2415 1203 1758 1440 2288
1625 1590 1488 1792 441 1564 1622 2395 0 2134 3018 703 1721 829 971 821
985 1305 1529 509 2241 1663 979 1123 2134 0 1341 2477 413 1876 1467 1653
1399 1533 1746 1317 2938 1788 1401 666 3018 1341 0 3079 1592 2419 2085 2809
1713 1547 1355 2037 290 1364 1714 2415 703 2477 3079 0 2086 661 1041 1491
776 1085 1278 359 1840 1423 768 1203 1721 413 1592 2086 0 1510 1106 1268
1054 891 720 1407 547 763 1055 1758 829 1876 2419 661 1510 0 409 1314
689 619 554 1001 858 669 688 1440 971 1467 2085 1041 1106 409 0 1168
1561 1688 1705 1492 1204 1832 1555 2288 821 1653 2809 1491 1268 1314 1168 0
