0 1454 673 604 847 1366 649 525 263 201 262 806 1304 1262 854 1458
1454 0 924 1666 1005 1096 1878 1139 1654 1644 1317 2258 2682 2687 1272 2880
673 924 0 741 897 1352 1279 725 929 873 449 1411 1770 1925 449 1984
604 1666 741 0 1375 1894 1173 1075 782 674 461 866 1059 1466 543 1300
847 1005 897 1375 0 522 968 322 905 955 914 1572 2134 1846 1329 2255
1366 1096 1352 1894 522 0 1364 840 1394 1457 1433 2053 2636 2248 1800 2739
649 1878 1279 1173 968 1364 0 740 400 504 911 787 1410 886 1503 1442
525 1139 725 1075 322 840 740 0 595 636 621 1262 1813 1583 1111 1942
263 1654 929 782 905 1394 400 595 0 108 523 667 1243 1034 1108 1351
201 1644 873 674 955 1457 504 636 108 0 445 633 1180 1061 1018 1306
262 1317 449 461 914 1433 911 621 523 445 0 964 1370 1480 594 1562
806 2258 1411 866 1572 2053 787 1262 667 633 964 0 623 607 1388 685
1304 2682 1770 1059 2134 2636 1410 1813 1243 1180 1370 623 0 962 1590 281
1262 2687 1925 1466 1846 2248 886 1583 1034 1061 1480 607 962 0 1971 822
854 1272 449 543 1329 1800 1503 1111 1108 1018 594 1388 1590 1971 0 1840
1458 2880 1984 1300 2255 2739 1442 1942 1351 1306 1562 685 281 822 1840 0
