0 1094 1728 1547 880 1696 1053 133 490 679 524 1731 1148 1434 558 1420
1094 0 1859 596 1562 2627 2146 1209 1055 1707 1381 2520 336 1943 610 1662
1728 1859 0 2438 2608 1730 2258 1685 2171 1610 1321 3386 1559 636 1501 3103
1547 596 2438 0 1736 3177 2554 1676 1329 2210 1923 2646 880 2539 1165 1586
880 1562 2608 1736 0 2232 1133 930 529 1271 1340 959 1770 2269 1288 691
1696 2627 1730 3177 2232 0 1214 1564 2128 1027 1254 2541 2508 1099 2020 2918
1053 2146 2258 2554 1133 1214 0 950 1256 658 1028 1334 2189 1710 1597 1817
133 1209 1685 1676 930 1564 950 0 598 546 424 1729 1239 1349 647 1509
490 1055 2171 1329 529 2128 1256 598 0 1101 1014 1482 1243 1921 768 939
679 1707 1610 2210 1271 1027 658 546 1101 0 394 1835 1671 1101 1104 1933
524 1381 1321 1923 1340 1254 1028 424 1014 394 0 2065 1304 929 770 1933
1731 2520 3386 2646 959 2541 1334 1729 1482 1835 2065 0 2726 2934 2217 1191
1148 336 1559 880 1770 2508 2189 1239 1243 1671 1304 2726 0 1716 592 1956
1434 1943 636 2539 2269 1099 1710 1349 1921 1101 929 2934 1716 0 1426 2854
558 610 1501 1165 1288 2020 1597 647 768 1104 770 2217 592 1426 0 1640
1420 1662 3103 1586 691 2918 1817 1509 939 1933 1933 1191 1956 2854 1640 0
