0 476 243 926 818 651 48 1160 526 1157 690 1439 722 1032 1168 1222
476 0 430 1084 1284 204 428 1340 580 1413 780 1751 1025 901 1415 967
243 430 0 1158 897 633 230 978 718 1400 901 1680 965 789 1411 1331
926 1084 1158 0 1326 1085 928 2063 504 385 308 761 352 1918 373 921
818 1284 897 1326 0 1468 865 1084 1195 1317 1259 1398 977 1469 1343 1961
651 204 633 1085 1468 0 603 1532 596 1443 778 1799 1092 1032 1440 800
48 428 230 928 865 603 0 1175 508 1173 680 1463 741 1013 1183 1187
1160 1340 978 2063 1084 1532 1175 0 1683 2213 1849 2397 1787 774 2232 2297
526 580 718 504 1195 596 508 1683 0 847 201 1203 516 1435 845 766
1157 1413 1400 385 1317 1443 1173 2213 847 0 671 376 438 2187 31 1289
690 780 901 308 1259 778 680 1849 201 671 0 1039 419 1634 665 758
1439 1751 1680 761 1398 1799 1463 2397 1203 376 1039 0 730 2469 391 1659
722 1025 965 352 977 1092 741 1787 516 438 419 730 0 1754 452 1172
1032 901 789 1918 1469 1032 1013 774 1435 2187 1634 2469 1754 0 2196 1831
1168 1415 1411 373 1343 1440 1183 2232 845 31 665 391 452 2196 0 1269
1222 967 1331 921 1961 800 1187 2297 766 1289 758 1659 1172 1831 1269 0
