0 1532 364 831 697 810 302 338 588 1683 948 874 169 312 188 535
1532 0 1679 1132 854 2304 1835 1868 1016 813 607 2373 1531 1842 1441 1050
364 1679 0 1169 924 914 396 452 870 1963 1153 961 530 356 548 814
831 1132 1169 0 493 1357 1063 1065 373 925 595 1427 709 1097 647 414
697 854 924 493 0 1449 997 1025 180 1047 252 1519 677 1010 588 200
810 2304 914 1357 1449 0 542 490 1295 2283 1699 70 774 568 863 1256
302 1835 396 1063 997 542 0 55 875 1954 1249 599 356 51 433 825
338 1868 452 1065 1025 490 55 0 896 1965 1277 549 367 100 450 848
588 1016 870 373 180 1295 875 896 0 1099 409 1366 534 896 447 55
1683 813 1963 925 1047 2283 1954 1965 1099 0 865 2353 1598 1981 1521 1154
948 607 1153 595 252 1699 1249 1277 409 865 0 1769 929 1261 840 444
874 2373 961 1427 1519 70 599 549 1366 2353 1769 0 842 621 932 1326
169 1531 530 709 677 774 356 367 534 1598 929 842 0 388 89 489
312 1842 356 1097 1010 568 51 100 896 1981 1261 621 388 0 460 844
188 1441 548 647 588 863 433 450 447 1521 840 932 89 460 0 401
535 1050 814 414 200 1256 825 848 55 1154 444 1326 489 844 401 0
