0 267 841 1698 253 1259 501 1585 1349 1005 488 1352 493 400 908 594
267 0 626 1505 519 1286 754 1348 1579 1205 405 1607 743 362 1164 602
841 626 0 1633 1054 1099 1208 752 1877 1830 949 2001 1333 541 1738 1180
1698 1505 1633 0 1913 2690 2181 1781 3042 2025 1234 2999 1952 1827 2306 1286
253 519 1054 1913 0 1256 268 1806 1129 874 680 1107 308 546 685 712
1259 1286 1099 2690 1256 0 1161 1548 1241 2102 1686 1516 1537 924 1767 1845
501 754 1208 2181 268 1161 0 1957 861 948 948 852 407 668 622 968
1585 1348 752 1781 1806 1548 1957 0 2563 2549 1586 2722 2079 1288 2489 1822
1349 1579 1877 3042 1129 1241 861 2563 0 1528 1810 333 1173 1370 1057 1816
1005 1205 1830 2025 874 2102 948 2549 1528 0 1020 1305 570 1394 472 825
488 405 949 1234 680 1686 948 1586 1810 1020 0 1767 743 764 1142 236
1352 1607 2001 2999 1107 1516 852 2722 333 1305 1767 0 1060 1467 836 1731
493 743 1333 1952 308 1537 407 2079 1173 570 743 1060 0 848 423 672
400 362 541 1827 546 924 668 1288 1370 1394 764 1467 848 0 1227 939
908 1164 1738 2306 685 1767 622 2489 1057 472 1142 836 423 1227 0 1024
594 602 1180 1286 712 1845 968 1822 1816 825 236 1731 672 939 1024 0
