0 1628 1416 893 798 312 1064 1129 1167 1283 155 779 1328 1571 1064 1650
1628 0 222 1265 1269 1537 2382 1330 2795 2735 1535 871 1241 3199 2628 3273
1416 222 0 1054 1052 1343 2161 1137 2582 2513 1319 677 1071 2988 2431 3065
893 1265 1054 0 96 1077 1165 243 1858 1552 738 851 436 2261 1912 2371
798 1269 1052 96 0 982 1131 338 1781 1509 643 788 530 2186 1822 2293
312 1537 1343 1077 982 0 1372 1321 1322 1568 410 666 1492 1707 1091 1763
1064 2382 2161 1165 1131 1372 0 1242 1046 401 1026 1696 1467 1362 1403 1502
1129 1330 1137 243 338 1321 1242 0 2033 1641 974 1057 234 2429 2125 2546
1167 2795 2582 1858 1781 1322 1046 2033 0 829 1267 1941 2266 409 526 513
1283 2735 2513 1552 1509 1568 401 1641 829 0 1289 1996 1867 1057 1291 1203
155 1535 1319 738 643 410 1026 974 1267 1289 0 718 1173 1676 1206 1763
779 871 677 851 788 666 1696 1057 1941 1996 718 0 1135 2340 1757 2409
1328 1241 1071 436 530 1492 1467 234 2266 1867 1173 1135 0 2663 2346 2779
1571 3199 2988 2261 2186 1707 1362 2429 409 1057 1676 2340 2663 0 739 147
1064 2628 2431 1912 1822 1091 1403 2125 526 1291 1206 1757 2346 739 0 739
1650 3273 3065 2371 2293 1763 1502 2546 513 1203 1763 2409 2779 147 739 0
