0 108 586 589 681 872 160 573 1076 713 1120 856 202 1106 1497 1154
108 0 551 544 768 976 65 497 994 771 1143 771 268 1213 1421 1243
586 551 0 52 1235 1093 495 937 1354 590 1694 1135 789 1505 977 1173
589 544 52 0 1249 1135 485 908 1315 641 1687 1097 792 1538 947 1223
681 768 1235 1249 0 780 832 953 1379 1074 749 1217 504 630 2177 1197
872 976 1093 1135 780 0 1006 1419 1919 587 1529 1710 873 523 2044 419
160 65 495 485 832 1006 0 510 997 761 1201 772 333 1264 1355 1255
573 497 937 908 953 1419 510 0 504 1268 947 290 552 1537 1564 1726
1076 994 1354 1315 1379 1919 997 504 0 1758 1103 226 1047 1995 1741 2230
713 771 590 641 1074 587 761 1268 1758 0 1735 1533 846 1086 1479 582
1120 1143 1694 1687 749 1529 1201 947 1103 1735 0 1061 927 1307 2489 1943
856 771 1135 1097 1217 1710 772 290 226 1533 1061 0 843 1817 1595 2011
202 268 789 792 504 873 333 552 1047 846 927 843 0 1006 1688 1210
1106 1213 1505 1538 630 523 1264 1537 1995 1086 1307 1817 1006 0 2481 873
1497 1421 977 947 2177 2044 1355 1564 1741 1479 2489 1595 1688 2481 0 2028
1154 1243 1173 1223 1197 419 1255 1726 2230 582 1943 2011 1210 873 2028 0
