0 65 1695 912 803 1559 1714 1180 203 160 161 1324 1165 1584 723 952
65 0 1752 926 862 1517 1650 1168 269 123 225 1264 1146 1529 663 906
1695 1752 0 2197 1453 3217 3152 1708 1531 1738 1590 2689 1822 2793 2413 2137
912 926 2197 0 763 1217 2242 2093 889 1049 854 1980 2073 2298 1030 1777
803 862 1453 763 0 1914 2502 1799 623 957 646 2127 1827 2386 1381 1736
1559 1517 3217 1217 1914 0 1702 2461 1693 1580 1635 1711 2379 2040 963 1877
1714 1650 3152 2242 2502 1702 0 1616 1915 1581 1875 467 1487 544 1212 1024
1180 1168 1708 2093 1799 2461 1616 0 1247 1049 1263 1164 130 1150 1500 656
203 269 1531 889 623 1693 1915 1247 0 339 58 1517 1252 1765 910 1113
160 123 1738 1049 957 1580 1581 1049 339 0 310 1178 1024 1429 681 792
161 225 1590 854 646 1635 1875 1263 58 310 0 1484 1262 1740 854 1096
1324 1264 2689 1980 2127 1711 467 1164 1517 1178 1484 0 1037 339 976 557
1165 1146 1822 2073 1827 2379 1487 130 1252 1024 1262 1037 0 1021 1423 543
1584 1529 2793 2298 2386 2040 544 1150 1765 1429 1740 339 1021 0 1310 687
723 663 2413 1030 1381 963 1212 1500 910 681 854 976 1423 1310 0 950
952 906 2137 1777 1736 1877 1024 656 1113 792 1096 557 543 687 950 0
