0 452 741 1145 811 265 1267 1347 1492 17 980 1663 1228 1568 341 648
452 0 996 1592 880 570 1709 1744 1727 441 527 1931 1574 1375 776 415
741 996 0 1256 1541 480 1393 865 753 757 1420 939 1688 2298 553 1343
1145 1592 1256 0 1352 1171 137 961 1666 1154 2116 1685 724 2258 890 1634
811 880 1541 1352 0 1075 1414 1970 2280 797 1199 2429 945 912 1031 563
265 570 480 1171 1075 0 1304 1173 1234 279 1066 1413 1395 1818 281 871
1267 1709 1393 137 1414 1304 0 1055 1785 1275 2231 1793 694 2310 1023 1731
1347 1744 865 961 1970 1173 1055 0 810 1364 2231 757 1654 2853 1011 1993
1492 1727 753 1666 2280 1234 1785 810 0 1508 2089 238 2266 3051 1256 2093
17 441 757 1154 797 279 1275 1364 1508 0 968 1680 1227 1551 357 631
980 527 1420 2116 1199 1066 2231 2231 2089 968 0 2312 2034 1328 1298 637
1663 1931 939 1685 2429 1413 1793 757 238 1680 2312 0 2329 3230 1398 2282
1228 1574 1688 724 945 1395 694 1654 2266 1227 2034 2329 0 1749 1163 1427
1568 1375 2298 2258 912 1818 2310 2853 3051 1551 1328 3230 1749 0 1865 970
341 776 553 890 1031 281 1023 1011 1256 357 1298 1398 1163 1865 0 982
648 415 1343 1634 563 871 1731 1993 2093 631 637 2282 1427 970 982 0
