0 258 294 836 696 742 537 418 289 518 302 571 858 468 57 404 567 207 701 720 356 91 431 527 194 814 36 243 518 167 384 229 57 613 767 755 409 771 142 544 527 184 52 525 301 27 295 384 724 512 358 488 844 531 288 308 395 685 0 338 226 788 512 200 1 509 385 697 179 596 509 742 177 265 287 516 237 172
258 0 65 986 950 675 702 671 537 310 453 728 835 452 209 661 609 149 639 940 99 245 301 391 107 666 224 457 511 414 549 343 244 668 509 776 208 717 262 709 779 397 231 450 69 244 553 462 569 663 115 712 614 276 337 419 640 642 257 84 156 1025 556 456 259 628 453 631 133 849 677 532 85 368 466 286 382 412
294 65 0 1050 990 615 763 694 559 247 514 712 779 404 253 687 568 134 696 942 103 260 355 326 109 600 263 510 574 437 539 405 268 733 479 728 248 658 265 770 800 448 277 509 8 285 587 434 609 646 64 718 624 239 403 401 658 586 293 55 132 1074 516 484 295 692 424 688 196 890 665 553 117 352 464 304 375 457
836 986 1050 0 636 1577 298 839 850 1296 542 1246 1680 1301 837 800 1370 1026 698 1178 1041 926 837 1350 995 1638 841 601 593 851 1104 646 893 412 1392 1558 950 1604 975 292 886 654 814 728 1054 823 734 1189 947 1212 1099 1028 1244 1222 653 1106 892 1517 836 1062 1046 487 1319 803 835 361 1194 708 853 625 1183 1112 952 1077 1023 1049 1030 687
696 950 990 636 0 1295 514 381 489 1206 599 782 1330 1030 740 359 1016 892 1080 600 1044 749 1000 1178 889 1447 727 516 888 581 718 684 730 809 1456 1179 1047 1303 773 511 351 567 718 991 998 706 412 871 1245 778 1055 538 1464 1226 757 801 448 1218 697 1032 908 193 982 523 696 638 884 1085 838 100 734 1340 873 803 685 1164 745 539
742 675 615 1577 1295 0 1279 915 812 464 1042 604 193 278 749 935 300 571 1311 922 693 651 969 304 613 253 740 977 1183 752 582 954 684 1325 789 257 851 51 602 1285 974 923 769 1124 615 757 912 424 1197 568 606 799 1105 648 983 499 849 81 742 642 553 1445 319 810 743 1247 413 1302 776 1204 615 1088 663 512 612 863 567 894
537 702 763 298 514 1279 0 589 574 1010 249 972 1383 1002 540 550 1076 730 581 951 766 627 603 1055 701 1344 544 304 410 558 819 358 594 296 1143 1265 698 1306 676 7 660 355 517 535 769 525 461 893 784 933 817 772 1050 953 383 810 633 1219 537 781 750 454 1024 515 536 134 898 588 568 458 908 918 660 780 734 807 734 390
418 671 694 839 381 915 589 0 136 877 501 423 950 655 474 39 635 574 1018 368 771 434 822 821 585 1078 455 375 815 258 337 527 427 821 1174 802 823 922 441 591 109 387 459 874 702 439 156 493 1107 406 758 189 1259 933 611 428 67 837 419 745 586 547 600 218 417 656 506 1018 593 297 366 1151 586 438 310 933 382 331
289 537 559 850 489 812 574 136 0 742 431 398 867 542 346 136 549 437 931 447 637 298 707 693 449 958 325 307 732 123 259 432 292 766 1038 728 697 824 305 578 241 299 334 775 567 311 116 388 997 361 622 223 1133 797 514 314 106 737 289 610 450 633 507 96 288 613 399 930 467 394 334 1029 452 314 200 805 257 239
518 310 247 1296 1206 464 1010 877 742 0 761 778 652 369 488 877 543 314 888 1058 274 457 550 167 324 375 494 750 798 630 640 652 477 968 368 651 420 514 437 1017 973 688 512 710 242 516 795 485 742 716 199 854 645 184 646 495 828 466 517 238 297 1306 506 685 519 938 470 878 443 1106 748 624 355 460 596 407 507 689
302 453 514 542 599 1042 249 501 431 761 0 811 1159 770 295 468 862 484 519 867 522 393 405 808 453 1096 302 126 316 370 638 111 359 337 914 1052 475 1073 444 256 600 141 274 397 520 285 346 679 649 762 569 653 870 711 162 598 520 987 301 534 503 615 809 346 301 207 681 521 319 511 746 744 411 561 543 589 522 197
571 728 712 1246 782 604 972 423 398 778 811 0 575 429 620 458 305 581 1272 319 814 512 989 651 620 826 599 694 1084 442 187 782 534 1148 1139 416 932 591 475 976 431 670 623 1096 719 598 512 294 1280 65 758 244 1336 910 854 310 359 522 571 767 580 962 305 467 571 1005 308 1268 728 712 65 1260 654 361 284 1013 351 614
858 835 779 1680 1330 193 1383 950 867 652 1159 575 0 394 875 976 318 714 1474 879 866 767 1135 487 759 421 863 1079 1333 833 614 1081 800 1462 983 158 1023 141 715 1389 989 1030 893 1285 781 877 978 492 1375 559 779 803 1296 836 1121 575 882 193 858 812 698 1495 363 886 859 1367 486 1466 921 1247 606 1275 810 602 670 1045 650 993
468 452 404 1301 1030 278 1002 655 542 369 770 429 394 0 482 671 176 322 1088 734 502 377 754 224 368 426 471 700 939 474 339 688 411 1067 737 323 653 303 326 1008 727 647 500 899 408 486 637 165 1014 373 421 567 989 530 727 228 592 216 469 447 306 1172 137 532 469 977 151 1081 528 936 414 941 418 234 345 697 290 616
57 209 253 837 740 749 540 474 346 488 295 620 875 482 0 459 595 189 655 778 305 117 375 515 165 803 22 261 478 225 433 206 88 587 718 781 351 781 167 547 584 200 24 475 260 35 346 416 668 560 316 546 786 485 252 344 453 696 57 292 209 821 539 256 58 497 414 651 121 640 560 684 136 297 337 459 278 204
404 661 687 800 359 935 550 39 136 877 468 458 976 671 459 0 660 570 986 405 760 428 799 830 579 1091 440 343 783 251 362 499 419 785 1166 830 806 944 440 552 134 359 443 846 695 423 127 512 1081 438 751 227 1241 927 583 443 98 859 405 736 584 518 623 205 404 618 524 987 576 270 400 1131 577 449 325 917 391 304
567 609 568 1370 1016 300 1076 635 549 543 862 305 318 176 595 660 0 466 1232 624 669 479 907 389 513 523 579 772 1070 519 298 796 512 1180 911 189 815 294 427 1081 683 727 608 1044 572 589 660 183 1177 267 592 502 1165 707 847 265 567 218 567 615 455 1178 55 570 567 1070 182 1225 665 931 315 1114 561 302 353 867 342 685
207 149 134 1026 892 571 730 574 437 314 484 581 714 322 189 570 466 0 767 808 233 144 440 325 46 613 189 447 618 319 406 386 163 754 604 640 357 608 134 737 676 386 213 579 141 210 481 313 716 516 190 585 756 363 412 271 532 527 206 189 19 993 412 372 208 681 305 761 207 791 533 679 96 220 330 431 241 379
701 639 696 698 1080 1311 581 1018 931 888 519 1272 1474 1088 655 986 1232 767 0 1377 622 770 342 1016 721 1263 675 643 203 841 1086 500 744 298 817 1408 468 1355 817 586 1119 634 650 188 696 674 861 1063 263 1213 708 1154 574 738 420 997 1030 1282 701 671 781 1036 1176 837 701 448 1059 12 567 1006 1210 450 671 948 988 504 933 693
720 940 942 1178 600 922 951 368 447 1058 867 319 879 734 778 405 624 808 1377 0 1036 697 1150 950 837 1144 756 740 1176 555 417 879 705 1190 1403 721 1124 909 679 953 293 743 770 1223 950 746 521 580 1442 363 998 231 1553 1165 961 564 347 841 721 997 813 794 620 544 720 1024 596 1377 898 566 320 1459 856 603 478 1223 568 684
356 99 103 1041 1044 693 766 771 637 274 522 814 866 502 305 760 669 233 622 1036 0 344 280 394 199 647 322 543 523 514 639 410 344 696 412 823 157 739 357 773 879 484 326 439 97 341 651 537 513 748 87 809 523 189 387 503 740 672 356 54 233 1112 618 555 357 679 527 613 210 944 766 450 185 453 560 201 473 504
91 245 260 926 749 651 627 434 298 457 393 512 767 377 117 428 479 144 770 697 344 0 476 447 151 733 99 329 595 177 326 316 33 700 740 667 430 680 52 633 539 272 129 588 268 110 337 299 768 450 323 467 856 499 368 227 397 594 91 312 159 855 424 228 92 600 298 766 215 648 455 764 160 180 233 525 163 250
431 301 355 837 1000 969 603 822 707 550 405 989 1135 754 375 799 907 440 342 1150 280 476 0 673 393 925 397 489 263 594 802 317 457 450 556 1077 132 1013 516 610 932 449 380 160 354 404 673 749 293 926 366 918 464 417 243 692 814 942 430 328 451 1019 852 611 431 486 742 333 261 908 931 340 347 641 708 212 638 497
527 391 326 1350 1178 304 1055 821 693 167 808 651 487 224 515 830 389 325 1016 950 394 447 673 0 356 288 513 770 901 597 540 707 475 1058 526 484 551 352 410 1062 907 710 538 831 325 534 768 369 893 593 307 765 813 350 720 404 765 299 527 345 305 1298 359 657 528 1002 354 1006 509 1079 631 787 401 384 518 559 439 697
194 107 109 995 889 613 701 585 449 324 453 620 759 368 165 579 513 46 721 837 199 151 393 356 0 643 170 427 573 328 442 351 161 712 588 687 314 651 158 708 690 365 189 532 117 191 482 358 671 555 172 611 720 347 371 311 548 571 194 162 61 982 459 377 195 646 350 714 163 788 570 639 50 260 361 393 275 364
814 666 600 1638 1447 253 1344 1078 958 375 1096 826 421 426 803 1091 523 613 1263 1144 647 733 925 288 643 0 802 1058 1169 873 765 993 762 1334 609 510 795 294 692 1350 1153 998 827 1085 598 822 1042 592 1104 781 566 992 953 536 1002 649 1016 320 814 606 593 1577 523 932 816 1287 577 1253 791 1350 826 964 687 643 768 773 701 983
36 224 263 841 727 740 544 455 325 494 302 599 863 471 22 440 579 189 675 756 322 99 397 513 170 802 0 258 497 204 412 218 69 601 733 766 372 772 151 550 564 197 29 497 271 21 329 399 691 539 328 524 807 499 269 326 432 686 36 305 209 813 524 236 37 506 398 671 142 626 539 705 146 280 315 479 258 195
243 457 510 601 516 977 304 375 307 750 126 694 1079 700 261 343 772 447 643 740 543 329 489 770 427 1058 258 0 440 260 527 172 297 459 951 962 531 1003 376 309 475 61 237 509 517 237 219 589 754 648 571 527 950 731 252 507 394 916 243 542 467 569 720 226 242 311 594 644 332 421 629 829 395 476 436 648 430 87
518 511 574 593 888 1183 410 815 732 798 316 1084 1333 939 478 783 1070 618 203 1176 523 595 263 901 573 1169 497 440 0 646 900 303 566 189 813 1252 392 1223 645 416 916 433 469 134 576 492 659 894 374 1027 602 955 654 678 230 823 828 1144 518 563 634 861 1014 638 518 276 892 204 411 810 1020 521 522 776 801 471 754 493
167 414 437 851 581 752 558 258 123 630 370 442 833 474 225 251 519 319 841 555 514 177 594 597 328 873 204 260 646 0 267 343 169 706 916 707 577 771 193 563 364 229 215 674 445 192 170 340 887 391 500 324 1011 676 420 258 228 683 168 487 334 704 470 59 167 570 347 838 347 482 377 910 329 240 176 682 185 175
384 549 539 1104 718 582 819 337 259 640 638 187 614 339 433 362 298 406 1086 417 639 326 802 540 442 765 412 527 900 267 0 600 346 973 988 470 749 586 290 823 392 496 436 909 546 412 374 174 1094 127 590 227 1162 752 670 146 269 503 385 595 408 880 264 304 385 838 189 1082 541 633 129 1080 472 189 98 835 167 443
229 343 405 646 684 954 358 527 432 652 111 782 1081 688 206 499 796 386 500 879 410 316 317 707 351 993 218 172 303 343 600 0 284 384 805 984 370 987 369 366 633 140 188 347 410 206 372 614 585 727 458 654 780 599 83 537 532 903 229 423 406 718 741 337 228 295 614 498 209 591 718 658 306 494 502 486 464 196
57 244 268 893 730 684 594 427 292 477 359 534 800 411 88 419 512 163 744 705 344 33 457 475 161 762 69 297 566 169 346 284 0 668 747 699 418 713 85 600 534 240 97 563 276 77 320 331 750 472 333 474 849 508 338 257 395 627 57 317 180 830 456 215 58 566 330 739 197 629 474 753 159 211 251 519 189 221
613 668 733 412 809 1325 296 821 766 968 337 1148 1462 1067 587 785 1180 754 298 1190 696 700 450 1058 712 1334 601 459 189 706 973 384 668 0 1003 1368 576 1361 753 300 909 477 572 321 736 590 671 998 536 1098 769 985 832 860 341 921 849 1279 613 730 772 745 1125 683 612 175 998 307 551 747 1083 700 662 878 876 660 847 534
767 509 479 1392 1456 789 1143 1174 1038 368 914 1139 983 737 718 1166 911 604 817 1403 412 740 556 526 588 609 733 951 813 916 988 805 747 1003 0 1007 446 841 739 1151 1279 894 739 688 471 753 1062 844 587 1075 416 1187 356 241 761 841 1136 812 766 430 595 1519 875 962 767 1037 830 804 620 1356 1104 406 590 800 928 344 837 917
755 776 728 1558 1179 257 1265 802 728 651 1052 416 158 323 781 830 189 640 1408 721 823 667 1077 484 687 510 766 962 1252 707 470 984 699 1368 1007 0 976 220 614 1270 835 917 796 1220 731 777 842 373 1336 404 741 648 1293 829 1032 455 734 201 755 769 627 1348 243 757 756 1260 371 1401 844 1099 450 1256 737 491 537 1015 531 875
409 208 248 950 1047 851 698 823 697 420 475 932 1023 653 351 806 815 357 468 1124 157 430 132 551 314 795 372 531 392 577 749 370 418 576 446 976 0 896 458 705 933 480 364 291 245 386 685 671 362 867 244 893 435 285 316 625 804 829 408 210 364 1088 762 606 409 592 662 458 230 950 878 334 277 573 661 116 582 517
771 717 658 1604 1303 51 1306 922 824 514 1073 591 141 303 781 944 294 608 1355 909 739 680 1013 352 651 294 772 1003 1223 771 586 987 713 1361 841 220 896 0 630 1312 976 950 801 1167 658 787 927 436 1244 560 652 797 1156 698 1020 515 855 88 771 687 590 1457 321 828 772 1278 426 1346 814 1214 608 1138 701 532 624 912 585 919
142 262 265 975 773 602 676 441 305 437 444 475 715 326 167 440 427 134 817 679 357 52 516 410 158 692 151 376 645 193 290 369 85 753 739 614 458 630 0 682 542 321 181 634 272 163 361 248 805 411 324 453 877 498 420 179 398 543 143 319 145 888 372 250 143 652 246 812 256 674 420 791 181 130 204 547 123 294
544 709 770 292 511 1285 7 591 578 1017 256 976 1389 1008 547 552 1081 737 586 953 773 633 610 1062 708 1350 550 309 416 563 823 366 600 300 1151 1270 705 1312 682 0 661 361 524 542 776 531 465 898 790 937 824 774 1057 960 391 816 636 1224 544 789 757 449 1030 519 542 140 903 593 575 457 912 925 667 786 738 814 739 396
527 779 800 886 351 974 660 109 241 973 600 431 989 727 584 134 683 676 1119 293 879 539 932 907 690 1153 564 475 916 364 392 633 534 909 1279 835 933 976 542 661 0 493 569 980 808 548 261 561 1215 431 862 188 1369 1038 717 506 144 894 528 851 688 536 655 327 527 739 575 1120 703 290 386 1261 694 523 388 1043 470 438
184 397 448 654 567 923 355 387 299 688 141 670 1030 647 200 359 727 386 634 743 484 272 449 710 365 998 197 61 433 229 496 140 240 477 894 917 480 950 321 361 493 0 175 487 455 176 231 544 724 620 510 522 906 671 224 462 395 863 184 481 406 628 674 208 183 345 547 634 274 470 605 788 333 428 402 597 385 59
52 231 277 814 718 769 517 459 334 512 274 623 893 500 24 443 608 213 650 770 326 129 380 538 189 827 29 237 469 215 436 188 97 572 739 796 364 801 181 524 569 175 0 473 284 24 327 428 673 563 340 538 799 508 240 354 441 716 51 315 233 797 553 241 52 477 427 646 134 617 562 695 160 309 338 474 285 180
525 450 509 728 991 1124 535 874 775 710 397 1096 1285 899 475 846 1044 579 188 1223 439 588 160 831 532 1085 497 509 134 674 909 347 563 321 688 1220 291 1167 634 542 980 487 473 0 509 497 718 877 254 1036 524 995 520 573 263 814 878 1093 524 486 593 980 989 678 525 404 872 181 380 907 1035 387 483 764 812 351 752 543
301 69 8 1054 998 615 769 702 567 242 520 719 781 408 260 695 572 141 696 950 97 268 354 325 117 598 271 517 576 445 546 410 276 736 471 731 245 658 272 776 808 455 284 509 0 292 595 440 606 653 56 726 617 231 406 408 666 587 301 48 139 1081 521 492 302 696 429 687 201 897 672 547 124 359 472 299 383 465
27 244 285 823 706 757 525 439 311 516 285 598 877 486 35 423 589 210 674 746 341 110 404 534 191 822 21 237 492 192 412 206 77 590 753 777 386 787 163 531 548 176 24 497 292 0 310 408 697 539 349 514 821 519 262 333 418 702 26 326 229 791 534 220 27 491 408 670 155 605 537 717 167 288 314 494 262 173
295 553 587 734 412 912 461 156 116 795 346 512 978 637 346 127 660 481 861 521 651 337 673 768 482 1042 329 219 659 170 374 372 320 671 1062 842 685 927 361 465 261 231 327 718 595 310 0 491 954 478 651 315 1119 825 456 413 178 840 296 633 497 535 615 111 294 511 501 862 459 312 449 1007 472 403 307 798 346 177
384 462 434 1189 871 424 893 493 388 485 679 294 492 165 416 512 183 313 1063 580 537 299 749 369 358 592 399 589 894 340 174 614 331 998 844 373 671 436 248 898 561 544 428 877 440 408 491 0 1030 231 472 402 1054 617 668 82 429 349 385 487 307 1021 131 394 385 886 15 1057 496 780 264 987 401 119 187 739 159 502
724 569 609 947 1245 1197 784 1107 997 742 649 1280 1375 1014 668 1081 1177 716 263 1442 513 768 293 893 671 1104 691 754 374 887 1094 585 750 536 587 1336 362 1244 805 790 1215 724 673 254 606 697 954 1030 0 1217 597 1211 312 567 502 979 1103 1182 724 567 725 1233 1124 901 724 651 1022 250 553 1160 1223 193 630 927 1001 334 929 777
512 663 646 1212 778 568 933 406 361 716 762 65 559 373 560 438 267 516 1213 363 748 450 926 593 555 781 539 648 1027 391 127 727 472 1098 1075 404 867 560 411 937 431 620 563 1036 653 539 478 231 1217 0 692 244 1271 845 797 245 340 486 512 701 515 952 257 422 512 959 245 1209 665 701 47 1195 589 295 225 948 287 566
358 115 64 1099 1055 606 817 758 622 199 569 758 779 421 316 751 592 190 708 998 87 323 366 307 172 566 328 571 602 500 590 458 333 769 416 741 244 652 324 824 862 510 340 524 56 349 651 472 597 692 0 776 581 175 448 448 720 586 358 39 184 1137 543 548 359 740 461 699 249 954 714 521 181 401 520 275 429 521
488 712 718 1028 538 799 772 189 223 854 653 244 803 567 546 227 502 585 1154 231 809 467 918 765 611 992 524 527 955 324 227 654 474 985 1187 648 893 797 453 774 188 522 538 995 726 514 315 402 1211 244 776 0 1323 947 736 363 138 718 489 772 592 719 480 317 488 827 417 1153 666 469 198 1228 627 394 260 993 351 462
844 614 624 1244 1464 1105 1050 1259 1133 645 870 1336 1296 989 786 1241 1165 756 574 1553 523 856 464 813 720 953 807 950 654 1011 1162 780 849 832 356 1293 435 1156 877 1057 1369 906 799 520 617 821 1119 1054 312 1271 581 1323 0 464 708 1026 1239 1112 843 569 756 1481 1119 1041 844 923 1043 562 665 1371 1289 132 696 976 1081 330 995 948
531 276 239 1222 1226 648 953 933 797 184 711 910 836 530 485 927 707 363 738 1165 189 499 417 350 347 536 499 731 678 676 752 599 508 860 241 829 285 698 498 960 1038 671 508 573 231 519 825 617 567 845 175 947 464 0 571 606 895 649 530 193 354 1300 664 723 532 861 604 727 399 1125 871 440 353 562 688 238 597 688
288 337 403 653 757 983 383 611 514 646 162 854 1121 727 252 583 847 412 420 961 387 368 243 720 371 1002 269 252 230 420 670 83 338 341 761 1032 316 1020 420 391 717 224 240 263 406 262 456 668 502 797 448 736 708 571 0 595 615 938 288 410 430 778 791 418 288 292 667 418 211 666 791 583 321 549 571 429 525 280
308 419 401 1106 801 499 810 428 314 495 598 310 575 228 344 443 265 271 997 564 503 227 692 404 311 649 326 507 823 258 146 537 257 921 841 455 625 515 179 816 506 462 354 814 408 333 413 82 979 245 448 363 1026 606 595 0 367 427 308 456 269 945 213 313 309 805 89 992 435 708 265 950 349 51 118 703 76 420
395 640 658 892 448 849 633 67 106 828 520 359 882 592 453 98 567 532 1030 347 740 397 814 765 548 1016 432 394 828 228 269 532 395 849 1136 734 804 855 398 636 144 395 441 878 666 418 178 429 1103 340 720 138 1239 895 615 367 0 771 396 710 543 614 533 202 394 689 442 1029 574 365 301 1136 555 380 248 910 326 336
685 642 586 1517 1218 81 1219 837 737 466 987 522 193 216 696 859 218 527 1282 841 672 594 942 299 571 320 686 916 1144 683 503 903 627 1279 812 201 829 88 543 1224 894 863 716 1093 587 702 840 349 1182 486 586 718 1112 649 938 427 771 0 685 619 510 1370 238 739 686 1193 339 1274 734 1128 534 1085 622 444 536 852 497 831
0 257 293 836 697 742 537 419 289 517 301 571 858 469 57 405 567 206 701 721 356 91 430 527 194 814 36 243 518 168 385 229 57 613 766 755 408 771 143 544 528 184 51 524 301 26 296 385 724 512 358 489 843 530 288 308 396 685 0 337 225 788 512 201 1 509 385 697 178 596 510 741 177 265 287 515 237 172
338 84 55 1062 1032 642 781 745 610 238 534 767 812 447 292 736 615 189 671 997 54 312 328 345 162 606 305 542 563 487 595 423 317 730 430 769 210 687 319 789 851 481 315 486 48 326 633 487 567 701 39 772 569 193 410 456 710 619 337 0 187 1110 564 532 338 702 476 662 215 932 720 501 160 407 520 253 431 495
226 156 132 1046 908 553 750 586 450 297 503 580 698 306 209 584 455 19 781 813 233 159 451 305 61 593 209 467 634 334 408 406 180 772 595 627 364 590 145 757 688 406 233 593 139 229 497 307 725 515 184 592 756 354 430 269 543 510 225 187 0 1011 401 388 227 701 298 774 224 808 533 682 112 220 335 434 245 398
788 1025 1074 487 193 1445 454 547 633 1306 615 962 1495 1172 821 518 1178 993 1036 794 1112 855 1019 1298 982 1577 813 569 861 704 880 718 830 745 1519 1348 1088 1457 888 449 536 628 797 980 1081 791 535 1021 1233 952 1137 719 1481 1300 778 945 614 1370 788 1110 1011 0 1139 644 787 589 1032 1043 901 250 910 1352 957 939 833 1204 882 617
512 556 516 1319 982 319 1024 600 507 506 809 305 363 137 539 623 55 412 1176 620 618 424 852 359 459 523 524 720 1014 470 264 741 456 1125 875 243 762 321 372 1030 655 674 553 989 521 534 615 131 1124 257 543 480 1119 664 791 213 533 238 512 564 401 1139 0 523 513 1017 127 1170 609 894 303 1065 506 247 308 817 290 633
200 456 484 803 523 810 515 218 96 685 346 467 886 532 256 205 570 372 837 544 555 228 611 657 377 932 236 226 638 59 304 337 215 683 962 757 606 828 250 519 327 208 241 678 492 220 111 394 901 422 548 317 1041 723 418 313 202 739 201 532 388 644 523 0 199 538 402 836 375 423 402 935 372 298 220 715 242 149
1 259 295 835 696 743 536 417 288 519 301 571 859 469 58 404 567 208 701 720 357 92 431 528 195 816 37 242 518 167 385 228 58 612 767 756 409 772 143 542 527 183 52 525 302 27 294 385 724 512 359 488 844 532 288 309 394 686 1 338 227 787 513 199 0 508 385 697 179 595 510 742 178 266 287 516 237 171
509 628 692 361 638 1247 134 656 613 938 207 1005 1367 977 497 618 1070 681 448 1024 679 600 486 1002 646 1287 506 311 276 570 838 295 566 175 1037 1260 592 1278 652 140 739 345 477 404 696 491 511 886 651 959 740 827 923 861 292 805 689 1193 509 702 701 589 1017 538 508 0 889 454 497 573 940 790 600 769 745 695 729 395
385 453 424 1194 884 413 898 506 399 470 681 308 486 151 414 524 182 305 1059 596 527 298 742 354 350 577 398 594 892 347 189 614 330 998 830 371 662 426 246 903 575 547 427 872 429 408 501 15 1022 245 461 417 1043 604 667 89 442 339 385 476 298 1032 127 402 385 889 0 1053 492 792 279 977 394 120 199 728 164 507
697 631 688 708 1085 1302 588 1018 930 878 521 1268 1466 1081 651 987 1225 761 12 1377 613 766 333 1006 714 1253 671 644 204 838 1082 498 739 307 804 1401 458 1346 812 593 1120 634 646 181 687 670 862 1057 250 1209 699 1153 562 727 418 992 1029 1274 697 662 774 1043 1170 836 697 454 1053 0 561 1010 1206 438 664 943 984 492 929 693
179 133 196 853 838 776 568 593 467 443 319 728 921 528 121 576 665 207 567 898 210 215 261 509 163 791 142 332 411 347 541 209 197 551 620 844 230 814 256 575 703 274 134 380 201 155 459 496 553 665 249 666 665 399 211 435 574 734 178 215 224 901 609 375 179 497 492 561 0 739 670 562 112 384 447 340 378 299
596 849 890 625 100 1204 458 297 394 1106 511 712 1247 936 640 270 931 791 1006 566 944 648 908 1079 788 1350 626 421 810 482 633 591 629 747 1356 1099 950 1214 674 457 290 470 617 907 897 605 312 780 1160 701 954 469 1371 1125 666 708 365 1128 596 932 808 250 894 423 595 573 792 1010 739 0 660 1249 773 707 592 1067 649 439
509 677 665 1183 734 615 908 366 334 748 746 65 606 414 560 400 315 533 1210 320 766 455 931 631 570 826 539 629 1020 377 129 718 474 1083 1104 450 878 608 420 912 386 605 562 1035 672 537 449 264 1223 47 714 198 1289 871 791 265 301 534 510 720 533 910 303 402 510 940 279 1206 670 660 0 1209 601 313 223 963 296 549
742 532 553 1112 1340 1088 918 1151 1029 624 744 1260 1275 941 684 1131 1114 679 450 1459 450 764 340 787 639 964 705 829 521 910 1080 658 753 700 406 1256 334 1138 791 925 1261 788 695 387 547 717 1007 987 193 1195 521 1228 132 440 583 950 1136 1085 741 501 682 1352 1065 935 742 790 977 438 562 1249 1209 0 609 899 995 248 913 833
177 85 117 952 873 663 660 586 452 355 411 654 810 418 136 577 561 96 671 856 185 160 347 401 50 687 146 395 522 329 472 306 159 662 590 737 277 701 181 667 694 333 160 483 124 167 472 401 630 589 181 627 696 353 321 349 555 622 177 160 112 957 506 372 178 600 394 664 112 773 601 609 0 297 386 367 304 340
265 368 352 1077 803 512 780 438 314 460 561 361 602 234 297 449 302 220 948 603 453 180 641 384 260 643 280 476 776 240 189 494 211 878 800 491 573 532 130 786 523 428 309 764 359 288 403 119 927 295 401 394 976 562 549 51 380 444 265 407 220 939 247 298 266 769 120 943 384 707 313 899 297 0 136 652 57 390
287 466 464 1023 685 612 734 310 200 596 543 284 670 345 337 325 353 330 988 478 560 233 708 518 361 768 315 436 801 176 98 502 251 876 928 537 661 624 204 738 388 402 338 812 472 314 307 187 1001 225 520 260 1081 688 571 118 248 536 287 520 335 833 308 220 287 745 199 984 447 592 223 995 386 136 0 752 91 351
516 286 304 1049 1164 863 807 933 805 407 589 1013 1045 697 459 917 867 431 504 1223 201 525 212 559 393 773 479 648 471 682 835 486 519 660 344 1015 116 912 547 814 1043 597 474 351 299 494 798 739 334 948 275 993 330 238 429 703 910 852 515 253 434 1204 817 715 516 695 728 492 340 1067 963 248 367 652 752 0 668 633
237 382 375 1030 745 567 734 382 257 507 522 351 650 290 278 391 342 241 933 568 473 163 638 439 275 701 258 430 754 185 167 464 189 847 837 531 582 585 123 739 470 385 285 752 383 262 346 159 929 287 429 351 995 597 525 76 326 497 237 431 245 882 290 242 237 729 164 929 378 649 296 913 304 57 91 668 0 343
172 412 457 687 539 894 390 331 239 689 197 614 993 616 204 304 685 379 693 684 504 250 497 697 364 983 195 87 493 175 443 196 221 534 917 875 517 919 294 396 438 59 180 543 465 173 177 502 777 566 521 462 948 688 280 420 336 831 172 495 398 617 633 149 171 395 507 693 299 439 549 833 340 390 351 633 343 0
