0 538 1500 1104 1123 475 250 1501 888 898 399 591 35 1642 498 1712
538 0 1149 575 1661 693 644 1598 1138 1410 776 999 517 1104 504 2050
1500 1149 0 845 2432 1212 1402 1254 2280 2369 1862 2078 1465 1170 1653 3178
1104 575 845 0 2218 1115 1159 1754 1641 1985 1340 1562 1080 583 1004 2562
1123 1661 2432 2218 0 1222 1076 1813 1311 507 1074 963 1143 2765 1470 1529
475 693 1212 1115 1222 0 248 1028 1360 1188 865 1029 445 1698 926 2142
250 644 1402 1159 1076 248 0 1259 1117 969 622 780 229 1728 740 1894
1501 1598 1254 1754 1813 1028 1259 0 2375 2021 1880 2015 1473 2279 1944 3084
888 1138 2280 1641 1311 1360 1117 2375 0 814 495 400 921 2006 642 920
898 1410 2369 1985 507 1188 969 2021 814 0 687 513 929 2485 1095 1104
399 776 1862 1340 1074 865 622 1880 495 687 0 223 434 1808 408 1322
591 999 2078 1562 963 1029 780 2015 400 513 223 0 627 2019 602 1121
35 517 1465 1080 1143 445 229 1473 921 929 434 627 0 1622 512 1747
1642 1104 1170 583 2765 1698 1728 2279 2006 2485 1808 2019 1622 0 1421 2903
498 504 1653 1004 1470 926 740 1944 642 1095 408 602 512 1421 0 1561
1712 2050 3178 2562 1529 2142 1894 3084 920 1104 1322 1121 1747 2903 1561 0
