0 357 255 1413 117 951 179 212 70 933 124 907 297 116 782 371
357 0 393 1150 312 681 534 145 377 972 360 1222 508 269 898 166
255 393 0 1539 149 791 312 288 326 681 374 1103 120 188 547 500
1413 1150 1539 0 1430 1414 1578 1257 1384 2072 1327 1920 1649 1381 2038 1050
117 312 149 1430 0 847 245 177 185 830 227 1014 225 49 694 380
951 681 791 1414 847 0 1086 777 1003 832 1010 1859 886 835 928 827
179 534 312 1578 245 1086 0 389 193 928 251 790 280 273 744 548
212 145 288 1257 177 777 389 0 239 932 234 1095 392 129 827 211
70 377 326 1384 185 1003 193 239 0 1003 62 859 363 174 850 360
933 972 681 2072 830 832 928 932 1003 0 1054 1651 652 864 227 1125
124 360 374 1327 227 1010 251 234 62 1054 0 863 421 204 906 318
907 1222 1103 1920 1014 1859 790 1095 859 1651 863 0 1053 1024 1435 1143
297 508 120 1649 225 886 280 392 363 652 421 1053 0 273 486 602
116 269 188 1381 49 835 273 129 174 864 204 1024 273 0 735 331
782 898 547 2038 694 928 744 827 850 227 906 1435 486 735 0 1034
371 166 500 1050 380 827 548 211 360 1125 318 1143 602 331 1034 0
