0 1003 970 1237 1110 53 18 1548 1327 442 1177 626 434 411 1708 524
1003 0 1412 515 1296 1053 997 1960 2269 944 1327 921 658 716 1804 1230
970 1412 0 1247 318 991 988 2511 1222 1396 374 1562 860 806 790 467
1237 515 1247 0 1029 1290 1238 2440 2320 1337 1036 1365 805 840 1421 1247
1110 1296 318 1029 0 1143 1125 2655 1540 1495 69 1638 870 831 603 687
53 1053 991 1290 1143 0 56 1521 1292 444 1211 631 487 463 1739 536
18 997 988 1238 1125 56 0 1532 1340 424 1192 608 437 417 1724 543
1548 1960 2511 2440 2655 1521 1532 0 2338 1178 2720 1087 1843 1861 3256 2047
1327 2269 1222 2320 1540 1292 1340 2338 0 1679 1593 1864 1612 1556 1864 1074
442 944 1396 1337 1495 444 424 1178 1679 0 1557 190 664 683 2098 965
1177 1327 374 1036 69 1211 1192 2720 1593 1557 0 1698 926 889 541 756
626 921 1562 1365 1638 631 608 1087 1864 190 1698 0 781 811 2239 1143
434 658 860 805 870 487 437 1843 1612 664 926 781 0 61 1466 579
411 716 806 840 831 463 417 1861 1556 683 889 811 61 0 1430 518
1708 1804 790 1421 603 1739 1724 3256 1864 2098 541 2239 1466 1430 0 1247
524 1230 467 1247 687 536 543 2047 1074 965 756 1143 579 518 1247 0
