0 1113 242 777 1655 1216 23 20 689 954 1601 488 1534 898 1589 1560 625
1113 0 969 1835 1094 2174 1090 1119 962 1395 2596 1578 1037 1935 1485 2656 810
242 969 0 1008 1670 1457 231 261 453 772 1838 615 1557 1132 1357 1764 384
777 1835 1008 0 2063 497 795 762 1414 1529 833 591 1935 132 2266 833 1387
1655 1094 1670 2063 0 2169 1634 1647 1901 2343 2573 2121 128 2104 2572 2862 1735
1216 2174 1457 497 2169 0 1229 1198 1886 2026 426 1088 2045 368 2755 766 1841
23 1090 231 795 1634 1229 0 32 682 958 1617 511 1514 915 1583 1581 613
20 1119 261 762 1647 1198 32 0 709 975 1585 490 1525 883 1609 1550 644
689 962 453 1414 1901 1886 682 709 0 445 2247 908 1804 1543 904 2100 165
954 1395 772 1529 2343 2026 958 975 445 0 2334 946 2243 1660 772 2075 610
1601 2596 1838 833 2573 426 1617 1585 2247 2334 0 1388 2452 705 3087 586 2219
488 1578 615 591 2121 1088 511 490 908 946 1388 0 1997 720 1701 1191 932
1534 1037 1557 1935 128 2045 1514 1525 1804 2243 2452 1997 0 1976 2501 2735 1639
898 1935 1132 132 2104 368 915 883 1543 1660 705 720 1976 0 2398 763 1513
1589 1485 1357 2266 2572 2755 1583 1609 904 772 3087 1701 2501 2398 0 2848 1013
1560 2656 1764 833 2862 766 1581 1550 2100 2075 586 1191 2735 763 2848 0 2116
625 810 384 1387 1735 1841 613 644 165 610 2219 932 1639 1513 1013 2116 0
