0 448 1514 950 1724 929 12 1535 1287 450 1527 160 438 1490 935 436
448 0 1322 748 1545 635 460 1899 1732 852 1323 307 682 1178 575 219
1514 1322 0 579 224 1833 1524 2020 2374 1944 2519 1494 1238 2233 1694 1541
950 748 579 0 800 1304 961 1795 1963 1392 2003 918 751 1763 1182 967
1724 1545 224 800 0 2056 1734 2103 2520 2147 2738 1711 1424 2446 1915 1764
929 635 1833 1304 2056 0 936 2464 2145 1136 700 775 1290 561 165 503
12 460 1524 961 1734 936 0 1529 1276 438 1531 169 440 1497 944 444
1535 1899 2020 1795 2103 2464 1529 0 828 1503 3038 1689 1225 3026 2456 1964
1287 1732 2374 1963 2520 2145 1276 828 0 1018 2579 1442 1221 2673 2191 1702
450 852 1944 1392 2147 1136 438 1503 1018 0 1576 547 754 1655 1201 744
1527 1323 2519 2003 2738 700 1531 3038 2579 1576 0 1394 1936 415 825 1153
160 307 1494 918 1711 775 169 1689 1442 547 1394 0 544 1337 775 277
438 682 1238 751 1424 1290 440 1225 1221 754 1936 544 0 1848 1254 790
1490 1178 2233 1763 2446 561 1497 3026 2673 1655 415 1337 1848 0 607 1064
935 575 1694 1182 1915 165 944 2456 2191 1201 825 775 1254 607 0 499
436 219 1541 967 1764 503 444 1964 1702 744 1153 277 790 1064 499 0
