0 548 224 324 244 138 729 0 560 468 311 10 281 474 508 138 703 797 847 76 550 307 493 436 565 658 686 50 209 731 690 67 372 721 857 407 638 706 389 623 241 679 287 776 435 378 342 521 341 161 441 810 220 209 134 468 550 209 70 736 113 490 12 727 40 805 690 754 672 840 249 5 632 429 326 342 820 451 639 381 532 752 434 680 751 768 493 449 695 490 456 539 153 46 590 632 55 69 582 745 567 426 622 544 636 236 691 28 302 203 526 841 649 852 522 517
548 0 689 545 304 511 423 548 1108 238 345 554 271 753 1023 634 649 841 517 623 730 698 962 288 1030 863 1231 550 627 1221 1180 554 820 758 1097 209 1187 569 262 1142 322 858 623 945 972 461 872 534 634 415 987 293 344 646 681 351 539 747 540 783 640 805 560 723 576 513 194 952 540 300 333 543 798 837 803 656 1179 960 1119 346 713 807 174 1156 326 1195 1036 866 625 92 791 590 695 589 947 632 598 600 971 321 910 772 888 1041 165 313 1081 532 706 365 771 1383 530 486 590 971
224 689 0 241 411 362 938 224 496 666 524 213 423 288 335 86 927 1016 853 178 761 106 593 643 658 858 642 183 68 535 493 283 149 596 1038 503 561 930 589 646 431 883 494 595 443 345 391 746 550 372 347 974 348 46 217 683 485 283 292 604 267 674 221 950 240 1018 858 565 627 953 356 225 468 582 450 179 958 512 710 596 744 615 536 475 940 548 471 594 619 653 249 763 144 184 748 540 228 251 726 805 733 608 810 352 732 389 824 214 94 327 726 710 872 1056 745 300
324 545 241 0 349 438 882 324 737 604 513 317 328 213 546 258 955 1084 615 336 856 183 797 602 866 973 883 276 178 705 666 389 311 396 1179 337 800 929 541 879 395 990 605 475 676 112 610 777 656 390 588 839 268 199 404 660 246 485 387 412 424 813 331 997 362 971 734 464 386 767 249 320 323 752 637 115 1141 731 928 582 837 428 372 634 845 652 710 770 386 539 245 810 353 317 914 314 366 387 904 587 892 751 944 542 543 320 1010 297 197 254 842 932 873 985 796 447
244 304 411 349 0 224 541 244 804 262 171 250 55 558 734 342 614 761 672 319 566 448 683 253 754 697 927 251 359 946 904 253 554 694 924 199 883 580 193 847 55 705 373 819 670 324 572 442 404 125 684 570 81 374 377 311 481 444 238 716 338 582 256 663 272 627 452 812 561 599 107 239 665 577 517 434 951 667 838 235 547 737 214 886 529 949 733 604 615 248 572 483 393 286 713 579 294 296 724 533 681 534 693 761 406 29 837 230 452 96 578 1083 525 652 472 708
138 511 362 438 224 0 616 138 622 376 207 148 277 607 623 276 566 660 889 195 419 445 458 333 529 534 731 185 346 852 811 82 508 830 745 421 703 574 299 631 190 552 170 905 468 468 365 384 217 99 526 741 248 347 214 351 641 253 70 848 151 383 140 589 125 686 621 885 748 812 285 138 757 356 294 474 739 449 614 268 400 865 438 806 659 902 537 382 784 436 592 401 268 178 503 731 144 129 507 758 474 326 509 666 629 233 619 155 441 241 404 926 517 743 384 650
729 423 938 882 541 616 0 729 1222 279 418 739 554 1095 1236 859 321 521 924 802 546 988 945 295 998 651 1310 759 895 1461 1420 694 1087 1166 859 590 1303 212 350 1166 509 627 614 1332 1051 829 949 335 586 569 1141 326 620 907 830 264 944 862 680 1191 767 695 737 403 734 91 284 1332 961 566 634 726 1180 792 831 975 1023 992 1091 349 537 1214 565 1409 158 1485 1126 821 1043 370 1113 380 879 776 831 1041 756 745 876 716 792 699 715 1274 570 568 965 729 990 637 620 1538 213 129 395 1238
0 548 224 324 244 138 729 0 560 468 311 10 281 474 508 138 703 797 847 76 550 307 493 436 565 658 686 50 209 731 690 66 372 721 857 407 638 706 389 623 241 679 287 776 435 378 342 521 341 161 441 810 220 209 134 468 550 209 70 736 113 490 12 727 40 805 690 754 672 840 249 5 632 429 326 342 820 451 639 381 531 752 434 680 751 769 493 449 695 490 456 539 154 47 590 632 55 69 582 745 567 426 622 544 636 236 691 28 303 203 526 841 649 852 522 517
560 1108 496 737 804 622 1222 560 0 998 829 555 840 719 293 505 1078 1072 1348 487 815 572 392 954 407 840 148 565 562 445 425 559 477 1056 916 958 81 1129 921 250 793 878 616 981 181 841 275 927 657 702 151 1361 774 539 427 961 978 368 575 1058 474 651 548 1061 532 1281 1241 937 1122 1399 798 565 898 512 409 657 726 285 387 884 806 1064 987 460 1280 620 108 497 1106 1046 649 912 422 521 621 1023 510 510 567 1284 634 601 756 357 1190 796 608 578 556 756 741 327 1078 1352 892 465
468 238 666 604 262 376 279 468 998 0 169 477 276 817 976 590 421 606 749 544 496 710 783 56 847 628 1103 491 619 1195 1154 445 813 909 861 335 1079 356 78 985 234 621 435 1062 840 557 736 296 430 307 899 374 341 632 583 113 686 630 430 933 526 589 477 490 480 366 258 1059 726 507 355 464 908 643 640 696 959 803 939 130 480 955 318 1140 284 1209 911 674 800 149 834 351 621 515 733 786 503 496 764 558 695 567 659 1009 402 289 869 464 713 358 544 1300 308 391 352 965
311 345 524 513 171 207 418 311 829 169 0 321 215 715 818 442 443 591 804 384 412 583 624 127 691 546 934 342 487 1043 1001 279 673 866 777 338 910 418 96 819 118 549 279 987 670 496 567 271 288 151 732 540 249 496 417 159 651 460 264 887 358 461 319 492 318 495 422 977 724 642 278 308 833 493 474 586 837 637 782 73 393 908 338 991 451 1072 741 522 782 257 720 313 461 358 603 750 340 330 625 639 566 427 556 856 491 200 735 312 584 259 438 1133 361 541 303 823
10 554 213 317 250 148 739 10 555 477 321 0 285 464 499 128 714 808 845 69 560 297 496 445 568 667 683 41 199 722 680 76 361 714 865 409 633 717 398 622 248 688 297 767 433 373 342 532 351 170 434 817 222 198 131 478 545 208 80 729 115 498 14 738 45 815 697 744 668 844 250 12 623 436 330 332 826 452 641 391 541 744 436 670 759 758 490 455 689 497 445 550 146 38 597 626 56 73 588 746 574 434 631 535 639 241 697 25 292 205 535 834 660 861 532 507
281 271 423 328 55 277 554 281 840 276 215 285 0 541 753 363 652 807 617 353 619 447 735 278 806 750 967 278 366 958 917 298 561 653 977 144 918 612 216 894 107 757 428 789 713 288 616 485 459 178 716 550 75 383 415 341 436 487 285 675 381 637 293 705 312 642 435 784 510 559 80 275 635 631 568 423 1006 715 889 273 599 697 161 896 526 950 773 658 567 230 562 528 424 319 769 535 333 339 779 481 736 589 748 775 358 45 892 262 453 95 632 1111 557 658 519 714
474 753 288 213 558 607 1095 474 719 817 715 464 541 0 464 357 1152 1267 722 454 1024 182 880 812 943 1131 867 424 268 562 527 541 241 337 1321 544 766 1134 751 910 600 1153 761 307 711 295 673 971 816 580 569 1046 477 276 504 868 323 571 544 339 547 955 476 1187 504 1183 945 280 461 952 461 473 184 870 739 133 1247 794 989 787 1006 345 579 485 1058 466 724 882 414 752 74 999 433 449 1036 327 498 522 1014 747 1019 889 1090 434 731 529 1113 453 195 462 999 840 1077 1198 983 314
508 1023 335 546 734 623 1236 508 293 976 818 499 753 464 0 391 1166 1208 1155 434 942 363 606 944 646 1004 428 486 401 232 194 542 239 799 1129 838 316 1191 897 533 744 1037 692 697 379 658 411 993 746 669 181 1303 679 380 411 972 762 408 556 798 478 806 499 1169 501 1309 1186 651 907 1288 690 512 631 677 541 442 975 495 653 886 929 799 872 204 1257 349 348 673 874 981 390 995 356 461 823 787 479 493 779 1131 823 743 932 68 1066 716 846 512 349 658 884 386 1135 1360 975 175
138 634 86 258 342 276 859 138 505 590 442 128 363 357 391 0 841 931 849 96 678 179 542 564 610 778 645 100 91 605 564 197 233 642 963 460 577 845 512 623 356 802 411 664 421 346 352 660 467 291 365 911 289 81 151 601 504 228 206 653 189 598 135 864 155 938 794 637 640 909 304 140 529 514 388 233 897 473 670 514 660 666 492 550 869 631 462 528 645 589 327 677 95 99 680 571 144 167 662 780 662 532 733 419 693 324 764 130 171 268 645 751 787 979 659 381
703 649 927 955 614 566 321 703 1078 421 443 714 652 1152 1166 841 0 203 1166 759 284 1005 736 388 773 353 1135 747 905 1398 1359 646 1074 1306 543 748 1155 109 444 963 562 322 475 1430 897 938 805 182 425 572 1033 642 692 910 758 318 1087 759 636 1328 691 457 706 82 690 305 575 1419 1143 863 721 702 1277 584 669 1020 729 811 862 378 285 1349 735 1360 476 1466 972 609 1211 567 1149 170 826 744 570 1187 707 687 624 969 534 487 432 1217 814 643 694 716 1002 702 367 1405 122 413 191 1214
797 841 1016 1084 761 660 521 797 1072 606 591 808 807 1267 1208 931 203 0 1355 839 265 1105 695 565 715 245 1103 846 1006 1438 1402 733 1155 1455 368 918 1143 309 615 915 706 205 526 1559 892 1084 814 323 470 694 1055 845 834 1006 821 496 1243 802 727 1476 758 420 797 121 775 493 777 1542 1311 1066 867 798 1408 559 675 1133 590 789 793 538 279 1496 910 1410 678 1531 964 576 1373 755 1253 278 895 832 488 1341 787 765 547 1163 460 473 337 1266 1006 789 589 816 1100 841 331 1397 324 601 289 1282
847 517 853 615 672 889 924 847 1348 749 804 845 617 722 1155 849 1166 1355 0 896 1216 794 1336 791 1408 1350 1492 817 786 1284 1247 889 916 495 1582 473 1414 1086 749 1464 721 1350 1045 728 1266 507 1184 1040 1074 793 1201 669 642 808 969 860 399 1051 879 517 960 1253 858 1239 887 1008 647 761 264 434 607 841 639 1246 1168 713 1623 1298 1485 833 1197 537 466 1207 793 1175 1311 1271 339 600 792 1093 941 866 1386 414 902 916 1395 209 1353 1206 1358 1142 356 656 1508 819 809 653 1241 1542 1048 955 1090 1030
76 623 178 336 319 195 802 76 487 544 384 69 353 454 434 96 759 839 896 0 583 275 461 510 531 681 618 80 186 660 619 113 317 729 867 473 565 769 465 568 318 706 316 760 373 409 288 578 372 236 365 886 287 178 72 539 576 155 125 741 93 501 66 777 69 876 767 734 706 912 312 81 623 421 300 327 807 404 598 453 566 756 501 611 827 707 426 436 719 566 424 591 77 33 586 650 52 73 570 806 567 435 636 473 704 309 675 90 267 269 549 764 712 926 573 455
550 730 761 856 566 419 546 550 815 496 412 560 619 1024 942 678 284 265 1216 583 0 855 455 442 489 134 859 600 758 1173 1136 484 896 1242 367 750 888 369 472 682 511 138 267 1324 634 873 551 219 210 473 790 825 628 756 560 387 1041 536 480 1261 498 174 548 249 523 563 729 1304 1128 1001 664 551 1176 307 412 891 479 538 577 386 19 1280 751 1145 676 1267 707 329 1179 638 1004 167 635 580 289 1136 533 510 341 1042 252 214 170 1001 890 591 420 571 849 630 82 1142 339 663 156 1019
307 698 106 183 448 445 988 307 572 710 583 297 447 182 363 179 1005 1105 794 275 855 0 699 694 762 957 720 259 99 529 488 372 128 496 1141 498 630 998 637 742 479 981 589 489 540 295 494 823 645 437 421 989 374 99 322 742 408 389 378 503 368 776 307 1033 331 1072 878 460 553 941 371 307 362 688 556 85 1064 615 812 657 837 513 533 460 974 502 561 700 534 675 149 845 250 275 854 451 323 346 832 770 838 710 912 360 717 422 930 290 16 354 824 749 941 1100 828 273
493 962 593 797 683 458 945 493 392 783 624 496 735 880 606 542 736 695 1336 461 455 699 0 729 71 455 408 531 632 812 784 447 671 1184 529 877 454 807 720 227 647 494 348 1183 230 868 211 616 361 558 426 1157 695 617 392 710 1037 313 457 1194 381 281 483 703 452 985 1041 1148 1164 1262 730 499 1061 154 168 770 376 112 157 654 451 1207 896 807 1039 955 287 127 1180 880 830 586 452 484 229 1111 441 424 177 1216 243 251 367 674 1087 690 243 522 685 683 374 708 765 1073 567 740
436 288 643 602 253 333 295 436 954 56 127 445 278 812 944 564 388 565 791 510 442 694 729 0 792 575 1056 464 600 1167 1126 407 791 925 808 359 1035 335 61 933 215 569 380 1067 792 565 689 248 374 275 859 427 334 611 545 70 704 586 392 948 485 532 445 452 445 377 313 1062 754 563 354 432 913 588 588 687 902 752 885 75 425 970 347 1114 326 1190 865 618 823 197 824 303 588 483 676 803 467 458 707 606 638 510 604 980 451 282 813 435 696 349 488 1260 283 416 302 943
565 1030 658 866 754 529 998 565 407 847 691 568 806 943 646 610 773 715 1408 531 489 762 71 792 0 470 396 602 699 842 816 518 728 1251 511 949 460 851 785 201 717 510 412 1244 266 939 270 666 420 629 464 1219 767 683 461 770 1107 381 529 1261 452 316 554 735 524 1034 1105 1208 1235 1330 801 570 1125 207 240 835 329 155 93 717 488 1273 967 842 1098 995 309 177 1250 947 891 631 518 555 230 1180 512 495 171 1287 255 298 379 714 1157 761 203 593 749 755 407 708 812 1124 613 788
658 863 858 973 697 534 651 658 840 628 546 667 750 1131 1004 778 353 245 1350 681 134 957 455 575 470 0 862 709 863 1229 1195 591 985 1364 233 883 908 455 606 671 642 40 370 1435 664 997 597 342 317 598 840 946 756 858 647 518 1167 610 589 1382 591 197 655 290 627 654 854 1412 1258 1130 792 660 1290 331 462 1000 376 555 547 520 152 1400 885 1208 790 1340 732 344 1307 771 1106 286 724 682 242 1260 633 610 302 1177 215 261 91 1066 1023 721 349 682 949 756 132 1162 438 759 279 1098
686 1231 642 883 927 731 1310 686 148 1103 934 683 967 867 428 645 1135 1103 1492 618 859 720 408 1056 396 862 0 697 707 539 528 677 625 1204 900 1091 116 1197 1029 198 911 902 696 1123 263 985 367 998 729 818 299 1472 905 685 552 1055 1125 483 692 1206 591 687 674 1108 655 1362 1353 1078 1269 1526 930 692 1045 553 479 805 682 325 344 983 854 1211 1119 570 1381 731 194 530 1254 1164 797 977 558 651 626 1171 634 631 568 1422 647 648 772 488 1322 922 581 707 704 887 780 320 1150 1440 956 604
50 550 183 276 251 185 759 50 565 491 342 41 278 424 486 100 747 846 817 80 600 259 531 464 602 709 697 0 160 704 662 117 332 673 907 393 641 747 413 647 258 729 338 726 453 337 367 565 392 190 437 821 210 162 151 501 507 233 120 687 151 540 55 774 86 837 702 704 633 835 233 48 582 475 366 291 865 481 673 414 582 703 422 650 771 731 506 494 651 499 407 586 145 48 638 587 91 111 628 726 615 476 672 517 625 237 736 31 255 191 576 832 689 880 568 481
209 627 68 178 359 346 895 209 562 619 487 199 366 268 401 91 905 1006 786 186 758 99 632 600 699 863 707 160 0 594 552 274 195 551 1053 437 628 900 544 702 385 885 494 574 499 278 437 723 549 338 415 915 290 22 243 645 424 318 279 562 279 686 210 934 235 978 801 549 564 887 294 208 437 606 480 141 989 559 757 560 740 575 471 530 889 590 532 620 561 596 246 745 181 180 772 485 230 253 754 736 753 621 821 413 665 335 856 191 97 270 730 778 842 1010 728 349
731 1221 535 705 946 852 1461 731 445 1195 1043 722 958 562 232 605 1398 1438 1284 660 1173 529 812 1167 842 1229 539 704 594 0 41 770 402 864 1341 1025 426 1422 1117 695 962 1264 925 704 582 816 632 1225 978 892 391 1509 883 576 643 1199 884 640 784 855 710 1032 723 1402 728 1536 1394 654 1023 1470 888 735 688 899 767 591 1168 699 832 1112 1160 850 1061 77 1474 204 532 892 971 1188 492 1228 584 684 1037 885 707 722 989 1291 1041 971 1154 186 1246 925 1045 732 518 863 1112 335 1366 1583 1207 258
690 1180 493 666 904 811 1420 690 425 1154 1001 680 917 527 194 564 1359 1402 1247 619 1136 488 784 1126 816 1195 528 662 552 41 0 730 361 834 1311 984 413 1383 1076 676 920 1229 887 681 553 776 599 1185 941 850 359 1467 841 534 603 1158 848 603 743 826 670 997 682 1364 687 1495 1352 632 988 1429 847 693 658 866 733 551 1143 671 810 1071 1123 822 1019 50 1432 203 507 860 938 1147 455 1189 543 643 1006 851 667 682 959 1251 1010 936 1121 145 1205 883 1019 690 477 821 1077 349 1326 1542 1169 219
67 554 283 389 253 82 694 66 559 445 279 76 298 541 542 197 646 733 889 113 484 372 447 407 518 591 677 117 274 770 730 0 428 785 790 435 639 656 366 595 234 612 220 843 417 436 319 466 275 143 454 801 249 273 138 430 609 193 15 801 85 424 64 666 43 766 681 821 726 852 283 69 699 370 278 409 760 417 597 345 465 817 458 724 729 820 482 392 754 487 521 480 186 98 528 694 62 51 523 775 504 361 556 584 657 252 634 92 366 237 459 855 599 820 462 568
372 820 149 311 554 508 1087 372 477 813 673 361 561 241 239 233 1074 1155 916 317 896 128 671 791 728 985 625 332 195 402 361 428 0 578 1151 623 526 1079 737 675 578 1012 629 520 481 423 459 893 686 522 328 1109 486 180 337 832 524 383 437 581 398 795 368 1094 384 1168 996 481 669 1069 488 374 421 689 550 203 1046 574 764 746 879 586 658 336 1084 398 487 695 639 791 173 908 261 330 852 554 369 390 822 898 842 728 929 231 845 531 911 363 116 466 855 625 1021 1204 890 153
721 758 596 396 694 830 1166 721 1056 909 866 714 653 337 799 642 1306 1455 495 729 1242 496 1184 925 1251 1364 1204 673 551 864 834 785 578 0 1574 577 1104 1261 865 1239 748 1379 1000 233 1037 371 986 1137 1048 769 906 1019 620 567 792 992 222 870 783 26 819 1209 728 1358 759 1258 946 268 253 851 588 717 175 1148 1029 417 1536 1108 1306 927 1223 49 601 787 1084 719 1056 1165 160 796 410 1177 732 712 1311 125 762 784 1299 607 1288 1147 1339 763 664 666 1404 694 512 615 1235 1166 1208 1243 1165 638
857 1097 1038 1179 924 745 859 857 916 861 777 865 977 1321 1129 963 543 368 1582 867 367 1141 529 808 511 233 900 907 1053 1341 1311 790 1151 1574 0 1113 971 652 839 701 870 241 575 1628 759 1213 718 570 529 818 952 1167 978 1045 821 749 1385 767 791 1591 774 367 852 465 822 848 1081 1601 1483 1360 1015 860 1488 462 602 1193 256 641 557 753 385 1608 1116 1332 1007 1476 815 459 1527 1005 1287 514 896 874 306 1476 824 801 352 1410 309 432 235 1195 1257 946 320 883 1131 976 345 1217 647 956 510 1247
407 209 503 337 199 421 590 407 958 335 338 409 144 544 838 460 748 918 473 473 750 498 877 359 949 883 1091 393 437 1025 984 435 623 577 1113 0 1033 691 304 1029 247 887 572 746 842 252 749 595 601 323 824 501 187 457 541 429 354 617 423 601 515 779 420 809 443 682 401 751 394 450 160 401 597 776 710 450 1150 853 1031 380 731 624 35 958 523 989 899 803 465 222 583 644 536 439 912 452 462 471 924 339 879 733 886 849 233 187 1036 385 507 204 770 1210 641 674 637 771
638 1187 561 800 883 703 1303 638 81 1079 910 633 918 766 316 577 1155 1143 1414 565 888 630 454 1035 460 908 116 641 628 426 413 639 526 1104 971 1033 0 1207 1002 281 873 946 695 1014 257 907 355 1006 736 782 213 1441 851 606 506 1042 1038 449 655 1104 555 722 626 1136 612 1361 1321 968 1182 1477 873 644 941 584 486 715 768 353 426 965 881 1108 1063 454 1361 615 182 566 1162 1126 694 990 497 598 682 1078 589 590 626 1357 698 674 821 374 1266 874 656 655 614 832 813 254 1157 1433 969 492
706 569 930 929 580 574 212 706 1129 356 418 717 612 1134 1191 845 109 309 1086 769 369 998 807 335 851 455 1197 747 900 1422 1383 656 1079 1261 652 691 1207 0 396 1034 534 427 514 1400 950 900 853 202 471 561 1070 536 662 907 779 270 1039 792 644 1284 712 536 711 191 700 198 475 1392 1082 764 686 705 1246 653 722 1004 831 872 941 346 366 1306 674 1379 368 1475 1025 680 1156 493 1138 221 841 750 659 1139 719 702 711 885 622 556 528 1238 731 610 788 715 998 674 450 1454 57 305 241 1223
389 262 589 541 193 299 350 389 921 78 96 398 216 751 897 512 444 615 749 465 472 637 720 61 785 606 1029 413 544 1117 1076 366 737 865 839 304 1002 396 0 916 158 603 372 1006 766 504 662 293 376 228 821 444 274 556 505 127 645 553 351 888 448 543 399 505 402 435 325 1001 699 552 293 385 852 585 571 627 917 733 877 85 454 910 295 1063 362 1134 836 615 766 170 765 345 542 436 687 744 425 417 713 570 649 514 626 931 418 222 821 385 640 289 509 1222 343 467 341 889
623 1142 646 879 847 631 1166 623 250 985 819 622 894 910 533 623 963 915 1464 568 682 742 227 933 201 671 198 647 702 695 676 595 675 1239 701 1029 281 1034 916 0 820 711 556 1194 203 969 280 841 579 727 360 1359 841 682 495 922 1126 414 608 1245 513 507 611 930 585 1209 1241 1153 1264 1442 872 629 1094 381 345 823 487 182 146 858 679 1253 1053 710 1252 869 190 355 1264 1066 848 813 528 598 432 1186 567 557 372 1368 456 478 580 600 1252 848 382 648 726 826 600 517 991 1294 793 697
241 322 431 395 55 190 509 241 793 234 118 248 107 600 744 356 562 706 721 318 511 479 647 215 717 642 911 258 385 962 920 234 578 748 870 247 873 534 158 820 0 650 326 869 651 378 550 388 353 93 681 569 130 397 367 267 536 428 219 769 320 531 252 609 261 592 449 859 617 622 160 236 715 534 484 473 903 639 804 187 492 790 258 905 513 975 717 562 670 253 609 428 395 286 665 634 284 282 679 575 632 486 640 775 440 82 791 232 481 141 525 1082 477 625 417 730
679 858 883 990 705 552 627 679 878 621 549 688 757 1153 1037 802 322 205 1350 706 138 981 494 569 510 40 902 729 885 1264 1229 612 1012 1379 241 887 946 427 603 711 650 0 391 1455 702 1010 632 329 337 610 875 928 766 881 675 509 1179 640 609 1397 616 232 676 255 650 626 840 1433 1267 1119 802 681 1309 368 496 1021 407 594 587 518 157 1415 887 1242 770 1372 770 381 1317 766 1129 272 751 705 282 1273 657 634 342 1174 255 294 131 1099 1019 729 387 702 973 768 157 1201 414 732 269 1128
287 623 494 605 373 170 614 287 616 435 279 297 428 761 692 411 475 526 1045 316 267 589 348 380 412 370 696 338 494 925 887 220 629 1000 575 572 695 514 372 556 326 391 0 1064 439 639 340 311 56 253 558 808 412 490 295 365 812 284 219 1016 231 213 285 477 258 667 693 1042 916 921 450 290 920 213 216 630 578 378 504 305 250 1034 584 890 695 1006 515 243 955 537 738 304 368 314 340 902 266 243 353 900 308 160 339 747 761 389 465 311 582 408 238 940 462 744 284 756
776 945 595 475 819 905 1332 776 981 1062 987 767 789 307 697 664 1430 1559 728 760 1324 489 1183 1067 1244 1435 1123 726 574 704 681 843 520 233 1628 746 1014 1400 1006 1194 869 1455 1064 0 1002 504 974 1253 1118 865 839 1221 739 583 811 1130 411 877 845 210 854 1261 780 1473 808 1423 1138 50 481 1071 714 774 154 1177 1045 435 1553 1092 1284 1055 1305 192 776 631 1268 530 1004 1189 392 968 352 1286 739 754 1343 335 804 827 1321 832 1327 1196 1396 646 873 789 1418 753 501 728 1302 1029 1345 1421 1271 522
435 972 443 676 670 468 1051 435 181 840 670 433 713 711 379 421 897 892 1266 373 634 540 230 792 266 664 263 453 499 582 553 417 481 1037 759 842 257 950 766 203 651 702 439 1002 0 768 103 748 478 557 197 1209 655 479 302 794 923 226 432 1044 332 472 422 880 400 1106 1089 963 1061 1270 683 441 896 334 228 621 596 117 284 720 625 1053 869 577 1118 728 75 320 1061 903 652 732 327 405 456 983 380 374 407 1179 464 420 582 448 1070 667 467 458 525 638 561 508 900 1181 712 525
378 461 345 112 324 468 829 378 841 557 496 373 288 295 658 346 938 1084 507 409 873 295 868 565 939 997 985 337 278 816 776 436 423 371 1213 252 907 900 504 969 378 1010 639 504 768 0 694 767 684 399 693 751 249 301 481 629 173 563 431 392 488 852 387 988 419 920 654 503 296 662 217 373 351 807 703 225 1197 813 1007 559 853 412 286 743 774 753 807 828 317 469 342 806 441 384 964 263 428 447 960 475 938 793 978 654 439 295 1070 350 309 243 870 1044 845 922 794 557
342 872 391 610 572 365 949 342 275 736 567 342 616 673 411 352 805 814 1184 288 551 494 211 689 270 597 367 367 437 632 599 319 459 986 718 749 355 853 662 280 550 632 340 974 103 694 0 651 382 456 242 1106 561 419 215 690 856 134 333 995 234 400 330 793 306 1006 986 938 990 1171 591 348 856 267 139 569 587 121 319 617 541 1006 774 616 1014 757 177 261 997 801 621 638 257 318 412 923 287 278 372 1088 412 342 521 477 975 571 453 368 480 546 484 600 803 1079 617 532
521 534 746 777 442 384 335 521 927 296 271 532 485 971 993 660 182 323 1040 578 219 823 616 248 666 342 998 565 723 1225 1185 466 893 1137 570 595 1006 202 293 841 388 329 311 1253 748 767 651 0 270 391 868 606 518 728 582 183 922 590 455 1158 515 359 525 221 510 368 512 1240 988 790 549 520 1100 462 521 839 698 674 758 215 207 1179 588 1184 457 1286 824 490 1051 444 967 56 647 563 496 1021 527 508 541 854 457 367 389 1042 698 471 632 534 820 527 287 1251 152 459 63 1034
341 634 550 656 404 217 586 341 657 430 288 351 459 816 746 467 425 470 1074 372 210 645 361 374 420 317 729 392 549 978 941 275 686 1048 529 601 736 471 376 579 353 337 56 1118 478 684 382 270 0 290 607 800 451 546 351 349 856 337 272 1065 288 178 339 423 313 633 688 1096 956 928 488 343 972 214 250 684 551 407 513 300 193 1083 610 945 678 1062 554 244 998 545 794 256 425 369 315 947 322 299 337 922 280 138 294 801 778 423 447 364 638 448 186 983 422 715 235 812
161 415 372 390 125 99 569 161 702 307 151 170 178 580 669 291 572 694 793 236 473 437 558 275 629 598 818 190 338 892 850 143 522 769 818 323 782 561 228 727 93 610 253 865 557 399 456 391 290 0 594 658 160 346 279 310 568 335 127 788 228 466 170 608 174 647 538 851 665 715 197 157 714 453 393 447 831 546 714 224 454 807 339 839 591 921 624 479 709 345 578 420 314 208 593 662 197 192 601 659 562 414 584 705 529 137 714 160 436 158 473 996 504 691 406 671
441 987 347 588 684 526 1141 441 151 899 732 434 716 569 181 365 1033 1055 1201 365 790 421 426 859 464 840 299 437 415 391 359 454 328 906 952 824 213 1070 821 360 681 875 558 839 197 693 242 868 607 594 0 1251 646 392 316 876 827 280 469 909 374 643 429 1027 420 1206 1131 796 971 1271 666 446 750 509 380 506 794 314 473 794 779 914 855 380 1183 530 170 501 955 931 501 863 291 398 647 871 397 403 601 1144 650 583 763 250 1058 673 665 454 404 626 726 401 1017 1269 842 337
810 293 974 839 570 741 326 810 1361 374 540 817 550 1046 1303 911 642 845 669 886 825 989 1157 427 1219 946 1472 821 915 1509 1467 801 1109 1019 1167 501 1441 536 444 1359 569 928 808 1221 1209 751 1106 606 800 658 1251 0 626 933 937 453 811 992 786 1045 886 946 821 725 831 385 120 1233 780 256 620 805 1080 1014 1014 950 1304 1177 1312 502 812 1069 466 1445 168 1488 1279 1044 872 322 1084 660 962 854 1090 896 854 851 1126 463 1051 933 996 1326 356 586 1227 799 997 646 888 1651 525 303 669 1261
220 344 348 268 81 248 620 220 774 341 249 222 75 477 679 289 692 834 642 287 628 374 695 334 767 756 905 210 290 883 841 249 486 620 978 187 851 662 274 841 130 766 412 739 655 249 561 518 451 160 646 626 0 307 353 392 412 429 238 641 327 626 232 739 255 707 510 730 505 625 37 214 585 604 527 355 987 666 847 316 609 661 214 821 600 876 712 629 550 305 493 557 354 253 750 509 274 283 755 526 720 572 744 700 416 52 867 198 379 20 632 1039 606 728 545 639
209 646 46 199 374 347 907 209 539 632 496 198 383 276 380 81 910 1006 808 178 756 99 617 611 683 858 685 162 22 576 534 273 180 567 1045 457 606 907 556 682 397 881 490 583 479 301 419 728 546 346 392 933 307 0 230 655 445 303 279 577 271 679 208 936 232 988 818 556 586 908 313 209 449 595 467 153 976 541 739 569 738 590 492 513 904 578 511 608 582 613 248 748 164 176 761 504 224 247 741 758 743 613 814 394 687 351 843 194 93 287 726 756 849 1023 731 334
134 681 217 404 377 214 830 134 427 583 417 131 415 504 411 151 758 821 969 72 560 322 392 545 461 647 552 151 243 643 603 138 337 792 821 541 506 779 505 495 367 675 295 811 302 481 215 582 351 279 316 937 353 230 0 565 646 82 153 804 67 459 122 769 106 900 817 782 777 974 381 140 679 366 237 383 746 332 526 481 544 817 568 601 867 711 358 378 789 620 466 588 76 103 532 718 83 87 511 876 516 392 595 459 770 370 613 156 311 336 517 717 723 957 569 461
468 351 683 660 311 351 264 468 961 113 159 478 341 868 972 601 318 496 860 539 387 742 710 70 770 518 1055 501 645 1199 1158 430 832 992 749 429 1042 270 127 922 267 509 365 1130 794 629 690 183 349 310 876 453 392 655 565 0 772 598 416 1015 502 493 475 382 471 337 347 1123 824 613 415 465 975 563 580 740 857 743 863 86 372 1037 417 1148 329 1231 867 593 893 261 876 238 615 514 637 871 492 480 672 671 598 479 553 1012 515 341 774 471 742 406 440 1274 216 392 240 982
550 539 485 246 481 641 944 550 978 686 651 545 436 323 762 504 1087 1243 399 576 1041 408 1037 704 1107 1167 1125 507 424 884 848 609 524 222 1385 354 1038 1039 645 1126 536 1179 812 411 923 173 856 922 856 568 827 811 412 445 646 772 0 728 604 247 658 1025 559 1142 591 1035 730 426 145 667 378 545 277 979 873 324 1370 976 1172 710 1021 270 378 808 866 783 956 1000 144 574 392 964 599 552 1138 99 598 618 1133 440 1112 966 1150 744 462 454 1242 522 424 410 1041 1147 987 1023 954 631
209 747 283 485 444 253 862 209 368 630 460 208 487 571 408 228 759 802 1051 155 536 389 313 586 381 610 483 233 318 640 603 193 383 870 767 617 449 792 553 414 428 640 284 877 226 563 134 590 337 335 280 992 429 303 82 598 728 0 208 881 107 415 197 761 174 927 872 845 860 1044 458 215 750 306 168 457 675 249 444 518 522 893 643 608 912 732 289 314 870 681 527 588 139 184 470 799 154 148 444 954 458 349 548 465 844 441 541 234 376 413 483 676 737 991 568 488
70 540 292 387 238 70 680 70 575 430 264 80 285 544 556 206 636 727 879 125 480 378 457 392 529 589 692 120 279 784 743 15 437 783 791 423 655 644 351 608 219 609 219 845 432 431 333 455 272 127 469 786 238 279 153 416 604 208 0 799 101 425 70 658 55 753 666 824 720 837 272 71 700 376 288 412 766 430 609 331 461 816 445 736 714 831 497 399 749 472 526 471 199 107 533 690 76 66 530 763 507 364 556 597 643 239 640 92 372 226 457 870 587 805 453 579
736 783 604 412 716 848 1191 736 1058 933 887 729 675 339 798 653 1328 1476 517 741 1261 503 1194 948 1261 1382 1206 687 562 855 826 801 581 26 1591 601 1104 1284 888 1245 769 1397 1016 210 1044 392 995 1158 1065 788 909 1045 641 577 804 1015 247 881 799 0 832 1225 742 1379 773 1283 972 247 278 876 609 732 169 1161 1041 426 1549 1117 1315 949 1241 23 625 779 1110 706 1061 1178 185 821 410 1198 742 726 1325 151 776 798 1312 633 1303 1163 1355 759 690 687 1417 709 519 635 1252 1161 1231 1268 1186 634
113 640 267 424 338 151 767 113 474 526 358 115 381 547 478 189 691 758 960 93 498 368 381 485 452 591 591 151 279 710 670 85 398 819 774 515 555 712 448 513 320 616 231 854 332 488 234 515 288 228 374 886 327 271 67 502 658 107 101 832 0 408 102 703 73 835 766 827 783 937 359 119 717 329 215 420 716 339 525 419 481 847 539 669 810 777 396 345 803 573 516 522 137 107 493 737 60 44 479 854 474 342 543 526 740 336 586 141 359 313 459 775 657 894 502 526
490 805 674 813 582 383 695 490 651 589 461 498 637 955 806 598 457 420 1253 501 174 776 281 532 316 197 687 540 686 1032 997 424 795 1209 367 779 722 536 543 507 531 232 213 1261 472 852 400 359 178 466 643 946 626 679 459 493 1025 415 425 1225 408 0 485 422 455 723 840 1235 1130 1094 663 493 1121 138 264 826 375 369 405 462 172 1242 788 1011 810 1143 543 157 1168 714 924 319 535 507 144 1114 457 434 181 1099 106 66 135 869 953 600 281 516 767 622 93 977 500 818 302 903
12 560 221 331 256 140 737 12 548 477 319 14 293 476 499 135 706 797 858 66 548 307 483 445 554 655 674 55 210 723 682 64 368 728 852 420 626 711 399 611 252 676 285 780 422 387 330 525 339 170 429 821 232 208 122 475 559 197 70 742 102 485 0 729 31 813 701 757 682 852 261 18 636 422 316 345 811 439 628 389 530 758 446 673 761 763 480 441 703 501 456 542 144 39 583 640 43 59 574 757 560 421 618 536 648 248 683 38 302 215 522 830 654 861 524 512
727 723 950 997 663 589 403 727 1061 490 492 738 705 1187 1169 864 82 121 1239 777 249 1033 703 452 735 290 1108 774 934 1402 1364 666 1094 1358 465 809 1136 191 505 930 609 255 477 1473 880 988 793 221 423 608 1027 725 739 936 769 382 1142 761 658 1379 703 422 729 0 710 383 656 1459 1204 944 770 727 1320 556 654 1054 662 786 819 432 255 1400 799 1368 558 1480 954 578 1269 638 1180 188 839 765 520 1241 725 704 577 1044 486 461 375 1224 888 692 638 742 1030 748 329 1389 202 491 205 1229
40 576 240 362 272 125 734 40 532 480 318 45 312 504 501 155 690 775 887 69 523 331 452 445 524 627 655 86 235 728 687 43 384 759 822 443 612 700 402 585 261 650 258 808 400 419 306 510 313 174 420 831 255 232 106 471 591 174 55 773 73 455 31 710 0 808 711 784 713 871 286 46 666 390 285 373 780 412 599 385 505 789 468 681 765 776 461 409 735 514 480 524 144 56 552 672 23 29 543 782 529 390 588 542 670 267 651 69 325 240 495 821 643 859 505 524
805 513 1018 971 627 686 91 805 1281 366 495 815 642 1183 1309 938 305 493 1008 876 563 1072 985 377 1034 654 1362 837 978 1536 1495 766 1168 1258 848 682 1361 198 435 1209 592 626 667 1423 1106 920 1006 368 633 647 1206 385 707 988 900 337 1035 927 753 1283 835 723 813 383 808 0 362 1423 1052 635 722 802 1271 830 882 1062 1030 1040 1126 423 557 1306 657 1486 223 1566 1182 859 1134 461 1200 403 952 852 852 1132 829 816 901 799 814 735 725 1349 657 655 983 807 1074 723 641 1600 223 108 421 1318
690 194 858 734 452 621 284 690 1241 258 422 697 435 945 1186 794 575 777 647 767 729 878 1041 313 1105 854 1353 702 801 1394 1352 681 996 946 1081 401 1321 475 325 1241 449 840 693 1138 1089 654 986 512 688 538 1131 120 510 818 817 347 730 872 666 972 766 840 701 656 711 362 0 1146 718 288 508 685 992 901 896 843 1203 1059 1198 388 715 996 368 1332 147 1379 1159 931 807 205 979 568 843 735 984 821 734 731 1018 438 945 822 898 1210 302 469 1121 680 885 531 787 1532 453 310 575 1148
754 952 565 464 812 885 1332 754 937 1059 977 744 784 280 651 637 1419 1542 761 734 1304 460 1148 1062 1208 1412 1078 704 549 654 632 821 481 268 1601 751 968 1392 1001 1153 859 1433 1042 50 963 503 938 1240 1096 851 796 1233 730 556 782 1123 426 845 824 247 827 1235 757 1459 784 1423 1146 0 509 1092 707 752 154 1148 1014 412 1520 1055 1246 1046 1285 232 781 581 1274 481 963 1159 423 971 318 1271 709 729 1314 359 779 802 1290 856 1298 1169 1370 598 889 782 1385 732 470 718 1279 979 1336 1425 1257 476
672 540 627 386 561 748 961 672 1122 726 724 668 510 461 907 640 1143 1311 264 706 1128 553 1164 754 1235 1258 1269 633 564 1023 988 726 669 253 1483 394 1182 1082 699 1264 617 1267 916 481 1061 296 990 988 956 665 971 780 505 586 777 824 145 860 720 278 783 1130 682 1204 713 1052 718 509 0 599 468 667 377 1096 998 469 1485 1109 1304 773 1109 301 408 946 862 911 1097 1119 94 595 532 1035 735 680 1250 152 723 741 1249 354 1222 1075 1250 888 424 537 1360 643 569 508 1137 1292 1034 1024 1027 773
840 300 953 767 599 812 566 840 1399 507 642 844 559 952 1288 909 863 1066 434 912 1001 941 1262 563 1330 1130 1526 835 887 1470 1429 852 1069 851 1360 450 1477 764 552 1442 622 1119 921 1071 1270 662 1171 790 928 715 1271 256 625 908 974 613 667 1044 837 876 937 1094 852 944 871 635 288 1092 599 0 605 834 945 1135 1104 883 1466 1261 1420 631 985 900 417 1400 412 1415 1332 1164 693 384 1004 846 980 878 1238 736 892 896 1265 247 1200 1066 1166 1298 224 604 1373 821 952 644 1051 1660 742 558 851 1213
249 333 356 249 107 285 634 249 798 355 278 250 80 461 690 304 721 867 607 312 664 371 730 354 801 792 930 233 294 888 847 283 488 588 1015 160 873 686 293 872 160 802 450 714 683 217 591 549 488 197 666 620 37 313 381 415 378 458 272 609 359 663 261 770 286 722 508 707 468 605 0 243 560 641 561 344 1024 698 881 342 644 630 189 824 605 873 739 665 515 304 482 588 376 279 787 475 304 314 792 496 757 610 781 707 392 77 904 225 377 46 669 1055 630 738 577 641
5 543 225 320 239 138 726 5 565 464 308 12 275 473 512 140 702 798 841 81 551 307 499 432 570 660 692 48 208 735 693 69 374 717 860 401 644 705 385 629 236 681 290 774 441 373 348 520 343 157 446 805 214 209 140 465 545 215 71 732 119 493 18 727 46 802 685 752 667 834 243 0 630 434 331 340 824 457 645 378 533 749 428 683 746 770 499 454 690 485 455 539 158 50 595 628 61 75 587 739 571 430 625 548 630 230 696 23 302 197 528 846 647 848 522 519
632 798 468 323 665 757 1180 632 898 908 833 623 635 184 631 529 1277 1408 639 623 1176 362 1061 913 1125 1290 1045 582 437 688 658 699 421 175 1488 597 941 1246 852 1094 715 1309 920 154 896 351 856 1100 972 714 750 1080 585 449 679 975 277 750 700 169 717 1121 636 1320 666 1271 992 154 377 945 560 630 0 1044 916 296 1425 977 1173 901 1157 168 627 611 1120 547 907 1058 302 818 248 1133 611 614 1210 224 664 687 1191 714 1191 1056 1254 591 738 635 1292 608 376 574 1158 992 1190 1271 1120 466
429 837 582 752 577 356 792 429 512 643 493 436 631 870 677 514 584 559 1246 421 307 688 154 588 207 331 553 475 606 899 866 370 689 1148 462 776 584 653 585 381 534 368 213 1177 334 807 267 462 214 453 509 1014 604 595 366 563 979 306 376 1161 329 138 422 556 390 830 901 1148 1096 1135 641 434 1044 0 140 747 390 231 300 513 301 1176 791 882 891 1019 404 30 1124 751 831 432 439 435 166 1062 386 364 153 1109 152 96 254 742 972 589 264 458 677 596 229 838 611 919 412 785
326 803 450 637 517 294 831 326 409 640 474 330 568 739 541 388 669 675 1168 300 412 556 168 588 240 462 479 366 480 767 733 278 550 1029 602 710 486 722 571 345 484 496 216 1045 228 703 139 521 250 393 380 1014 527 467 237 580 873 168 288 1041 215 264 316 654 285 882 896 1014 998 1104 561 331 916 140 0 620 509 163 321 514 402 1055 730 746 909 881 304 145 1017 724 696 504 306 320 302 951 275 256 275 1049 292 203 391 604 923 523 376 354 544 515 345 736 673 960 483 645
342 656 179 115 434 474 975 342 657 696 586 332 423 133 442 233 1020 1133 713 327 891 85 770 687 835 1000 805 291 141 591 551 409 203 417 1193 450 715 1004 627 823 473 1021 630 435 621 225 569 839 684 447 506 950 355 153 383 740 324 457 412 426 420 826 345 1054 373 1062 843 412 469 883 344 340 296 747 620 0 1130 691 889 658 873 437 485 518 948 538 645 761 449 644 138 866 317 319 913 366 369 392 895 700 895 761 961 432 659 406 997 320 101 338 867 828 947 1082 850 332
820 1179 958 1141 951 739 1023 820 726 959 837 826 1006 1247 975 897 729 590 1623 807 479 1064 376 902 329 376 682 865 989 1168 1143 760 1046 1536 256 1150 768 831 917 487 903 407 578 1553 596 1197 587 698 551 831 794 1304 987 976 746 857 1370 675 766 1549 716 375 811 662 780 1030 1203 1520 1485 1466 1024 824 1425 390 509 1130 0 482 342 835 491 1563 1161 1171 1156 1324 636 371 1514 1088 1201 647 814 823 237 1452 775 754 237 1474 271 417 309 1044 1328 967 134 848 1052 981 416 1002 812 1134 635 1116
451 960 512 731 667 449 992 451 285 803 637 452 715 794 495 473 811 789 1298 404 538 615 112 752 155 555 325 481 559 699 671 417 574 1108 641 853 353 872 733 182 639 594 378 1092 117 813 121 674 407 546 314 1177 666 541 332 743 976 249 430 1117 339 369 439 786 412 1040 1059 1055 1109 1261 698 457 977 231 163 691 482 0 197 678 531 1128 875 694 1072 844 177 213 1118 884 739 652 378 432 340 1044 396 383 289 1192 349 324 471 563 1073 669 352 478 601 652 461 607 826 1121 631 634
639 1119 710 928 838 614 1091 639 387 939 782 641 889 989 653 670 862 793 1485 598 577 812 157 885 93 547 344 673 757 832 810 597 764 1306 557 1031 426 941 877 146 804 587 504 1284 284 1007 319 758 513 714 473 1312 847 739 526 863 1172 444 609 1315 525 405 628 819 599 1126 1198 1246 1304 1420 881 645 1173 300 321 889 342 197 0 810 577 1325 1051 841 1191 998 305 270 1314 1037 932 723 576 624 304 1241 585 570 245 1370 334 391 455 722 1244 845 237 667 797 834 495 663 903 1217 705 808
381 346 596 582 235 268 349 381 884 130 73 391 273 787 886 514 378 538 833 453 386 657 654 75 717 520 983 414 560 1112 1071 345 746 927 753 380 965 346 85 858 187 518 305 1055 720 559 617 215 300 224 794 502 316 569 481 86 710 518 331 949 419 462 389 432 385 423 388 1046 773 631 342 378 901 513 514 658 835 678 810 0 368 970 375 1062 397 1145 793 544 836 254 793 263 530 428 606 809 407 395 635 656 568 437 541 926 504 265 742 384 657 328 424 1194 290 475 258 895
532 713 744 837 547 400 537 531 806 480 393 541 599 1006 929 660 285 279 1197 566 19 837 451 425 488 152 854 582 740 1160 1123 465 879 1223 385 731 881 366 454 679 492 157 250 1305 625 853 541 207 193 454 779 812 609 738 544 372 1021 522 461 1241 481 172 530 255 505 557 715 1285 1109 985 644 533 1157 301 402 873 491 531 577 368 0 1260 732 1131 664 1252 699 324 1159 621 986 157 618 562 295 1116 515 493 345 1024 256 206 183 987 872 571 428 553 831 611 84 1134 333 656 144 1004
752 807 615 428 737 865 1214 752 1064 955 908 744 697 345 799 666 1349 1496 537 756 1280 513 1207 970 1273 1400 1211 703 575 850 822 817 586 49 1608 624 1108 1306 910 1253 790 1415 1034 192 1053 412 1006 1179 1083 807 914 1069 661 590 817 1037 270 893 816 23 847 1242 758 1400 789 1306 996 232 301 900 630 749 168 1176 1055 437 1563 1128 1325 970 1260 0 649 774 1134 697 1069 1193 208 844 414 1218 754 741 1340 175 791 813 1326 656 1319 1179 1372 759 714 708 1431 725 528 655 1270 1160 1253 1292 1206 634
434 174 536 372 214 438 565 434 987 318 338 436 161 579 872 492 735 910 466 501 751 533 896 347 967 885 1119 422 471 1061 1019 458 658 601 1116 35 1063 674 295 1053 258 887 584 776 869 286 774 588 610 339 855 466 214 492 568 417 378 643 445 625 539 788 446 799 468 657 368 781 408 417 189 428 627 791 730 485 1161 875 1051 375 732 649 0 993 492 1024 926 818 483 195 618 638 566 467 923 475 488 496 937 319 890 744 892 884 202 206 1049 412 542 231 774 1242 626 646 633 806
680 1156 475 634 886 806 1409 680 460 1140 991 670 896 485 204 550 1360 1410 1207 611 1145 460 807 1114 842 1208 570 650 530 77 50 724 336 787 1332 958 454 1379 1063 710 905 1242 890 631 577 743 616 1184 945 839 380 1445 821 513 601 1148 808 608 736 779 669 1011 673 1368 681 1486 1332 581 946 1400 824 683 611 882 746 518 1171 694 841 1062 1131 774 993 0 1416 160 536 878 894 1127 416 1190 538 634 1026 808 661 677 981 1217 1028 948 1137 143 1176 865 1044 679 450 801 1087 400 1323 1529 1170 187
751 326 940 845 529 659 158 751 1280 284 451 759 526 1058 1257 869 476 678 793 827 676 974 1039 326 1098 790 1381 771 889 1474 1432 729 1084 1084 1007 523 1361 368 362 1252 513 770 695 1268 1118 774 1014 457 678 591 1183 168 600 904 867 329 866 912 714 1110 810 810 761 558 765 223 147 1274 862 412 605 746 1120 891 909 948 1156 1072 1191 397 664 1134 492 1416 0 1476 1190 921 949 305 1086 508 905 797 951 959 787 780 991 584 911 804 846 1288 449 553 1087 745 979 619 743 1584 361 163 520 1237
768 1195 548 652 949 902 1485 769 620 1209 1072 758 950 466 349 631 1466 1531 1175 707 1267 502 955 1190 995 1340 731 731 590 204 203 820 398 719 1476 989 615 1475 1134 869 975 1372 1006 530 728 753 757 1286 1062 921 530 1488 876 578 711 1231 783 732 831 706 777 1143 763 1480 776 1566 1379 481 911 1415 873 770 547 1019 881 538 1324 844 998 1145 1252 697 1024 160 1476 0 692 1018 846 1177 410 1297 640 724 1170 763 759 778 1127 1213 1168 1079 1273 281 1192 924 1196 762 497 857 1215 538 1418 1600 1278 252
493 1036 471 710 733 537 1126 493 108 911 741 490 773 724 348 462 972 964 1311 426 707 561 287 865 309 732 194 506 532 532 507 482 487 1056 815 899 182 1025 836 190 717 770 515 1004 75 807 177 824 554 624 170 1279 712 511 358 867 956 289 497 1061 396 543 480 954 461 1182 1159 963 1097 1332 739 499 907 404 304 645 636 177 305 793 699 1069 926 536 1190 692 0 388 1091 969 660 808 371 459 516 1010 440 436 463 1232 527 493 648 416 1129 728 512 514 545 695 633 435 976 1256 787 508
449 866 594 770 604 382 821 449 497 674 522 455 658 882 673 528 609 576 1271 436 329 700 127 618 177 344 530 494 620 892 860 392 695 1165 459 803 566 680 615 355 562 381 243 1189 320 828 261 490 244 479 501 1044 629 608 378 593 1000 314 399 1178 345 157 441 578 409 859 931 1159 1119 1164 665 454 1058 30 145 761 371 213 270 544 324 1193 818 878 921 1018 388 0 1145 780 841 459 449 452 156 1082 404 383 133 1137 150 123 262 738 1001 616 242 478 688 620 250 821 638 948 440 787
695 625 619 386 615 784 1043 695 1106 800 782 689 567 414 874 645 1211 1373 339 719 1179 534 1180 823 1250 1307 1254 651 561 971 938 754 639 160 1527 465 1162 1156 766 1264 670 1317 955 392 1061 317 997 1051 998 709 955 872 550 582 789 893 144 870 749 185 803 1168 703 1269 735 1134 807 423 94 693 515 690 302 1124 1017 449 1514 1118 1314 836 1159 208 483 894 949 846 1091 1145 0 675 488 1096 739 697 1282 87 743 762 1277 448 1256 1110 1292 849 516 589 1387 666 550 550 1182 1255 1106 1111 1086 729
490 92 653 539 248 436 370 490 1046 149 257 497 230 752 981 589 567 755 600 566 638 675 880 197 947 771 1164 499 596 1188 1147 487 791 796 1005 222 1126 493 170 1066 253 766 537 968 903 469 801 444 545 345 931 322 305 613 620 261 574 681 472 821 573 714 501 638 514 461 205 971 595 384 304 485 818 751 724 644 1088 884 1037 254 621 844 195 1127 305 1177 969 780 675 0 782 499 641 534 857 671 536 535 882 409 820 684 796 1005 254 264 991 477 682 326 679 1331 450 453 499 944
456 791 249 245 572 592 1113 456 649 834 720 445 562 74 390 327 1149 1253 792 424 1004 149 830 824 891 1106 797 407 246 492 455 521 173 410 1287 583 694 1138 765 848 609 1129 738 352 652 342 621 967 794 578 501 1084 493 248 466 876 392 527 526 410 516 924 456 1180 480 1200 979 318 532 1004 482 455 248 831 696 138 1201 739 932 793 986 414 618 416 1086 410 660 841 488 782 0 991 392 424 996 401 472 495 971 807 982 857 1059 360 781 544 1067 437 156 476 973 766 1080 1221 974 240
539 590 763 810 483 401 380 539 912 351 313 550 528 999 995 677 170 278 1093 591 167 845 586 303 631 286 977 586 745 1228 1189 480 908 1177 514 644 990 221 345 813 428 272 304 1286 732 806 638 56 256 420 863 660 557 748 588 238 964 588 471 1198 522 319 542 188 524 403 568 1271 1035 846 588 539 1133 432 504 866 647 652 723 263 157 1218 638 1190 508 1297 808 459 1096 499 991 0 657 579 451 1063 539 519 498 909 412 335 337 1047 753 511 585 554 841 563 240 1239 180 499 20 1046
153 695 144 353 393 268 879 154 422 621 461 146 424 433 356 95 826 895 941 77 635 250 452 588 518 724 558 145 181 584 543 186 261 732 896 536 497 841 542 528 395 751 368 739 327 441 257 647 425 314 291 962 354 164 76 615 599 139 199 742 137 535 144 839 144 952 843 709 735 980 376 158 611 439 306 317 814 378 576 530 618 754 566 538 905 640 371 449 739 641 392 657 0 108 604 665 123 139 581 864 590 469 671 398 769 381 680 163 238 335 593 689 784 1003 638 389
46 589 184 317 286 178 776 47 521 515 358 38 319 449 461 99 744 832 866 33 580 275 484 483 555 682 651 48 180 684 643 98 330 712 874 439 598 750 436 598 286 705 314 754 405 384 318 563 369 208 398 854 253 176 103 514 552 184 107 726 107 507 39 765 56 852 735 729 680 878 279 50 614 435 320 319 823 432 624 428 562 741 467 634 797 724 459 452 697 534 424 579 108 0 599 630 50 73 586 774 578 442 641 497 670 276 693 57 269 235 550 796 693 899 561 473
590 947 748 914 713 503 831 590 621 733 603 597 769 1036 823 680 570 488 1386 586 289 854 229 676 230 242 626 638 772 1037 1006 528 852 1311 306 912 682 659 687 432 665 282 340 1343 456 964 412 496 315 593 647 1090 750 761 532 637 1138 470 533 1325 493 144 583 520 552 852 984 1314 1250 1238 787 595 1210 166 302 913 237 340 304 606 295 1340 923 1026 951 1170 516 156 1282 857 996 451 604 599 0 1223 549 527 59 1237 39 179 150 889 1094 729 137 618 843 744 211 935 628 951 436 942
632 632 540 314 579 731 1041 632 1023 786 750 626 535 327 787 571 1187 1341 414 650 1136 451 1111 803 1180 1260 1171 587 485 885 851 694 554 125 1476 452 1078 1139 744 1186 634 1273 902 335 983 263 923 1021 947 662 871 896 509 504 718 871 99 799 690 151 737 1114 640 1241 672 1132 821 359 152 736 475 628 224 1062 951 366 1452 1044 1241 809 1116 175 475 808 959 763 1010 1082 87 671 401 1063 665 630 1223 0 678 698 1215 497 1198 1054 1241 761 542 551 1323 604 467 505 1133 1167 1087 1117 1052 641
55 598 228 366 294 144 756 55 510 503 340 56 333 498 479 144 707 787 902 52 533 323 441 467 512 633 634 91 230 707 667 62 369 762 824 462 589 719 425 567 284 657 266 804 380 428 287 527 322 197 397 854 274 224 83 492 598 154 76 776 60 457 43 725 23 829 734 779 723 892 304 61 664 386 275 369 775 396 585 407 515 791 488 661 787 759 440 404 743 536 472 539 123 50 549 678 0 23 537 800 528 392 591 521 690 288 645 82 316 258 501 798 662 881 521 507
69 600 251 387 296 129 745 69 510 496 330 73 339 522 493 167 687 765 916 73 510 346 424 458 495 610 631 111 253 722 682 51 390 784 801 471 590 702 417 557 282 634 243 827 374 447 278 508 299 192 403 851 283 247 87 480 618 148 66 798 44 434 59 704 29 816 731 802 741 896 314 75 687 364 256 392 754 383 570 395 493 813 496 677 780 778 436 383 762 535 495 519 139 73 527 698 23 0 516 810 505 369 568 537 697 293 624 98 339 268 478 804 645 871 501 526
582 971 726 904 724 507 876 582 567 764 625 588 779 1014 779 662 624 547 1395 570 341 832 177 707 171 302 568 628 754 989 959 523 822 1299 352 924 626 711 713 372 679 342 353 1321 407 960 372 541 337 601 601 1126 755 741 511 672 1133 444 530 1312 479 181 574 577 543 901 1018 1290 1249 1265 792 587 1191 153 275 895 237 289 245 635 345 1326 937 981 991 1127 463 133 1277 882 971 498 581 586 59 1215 537 516 0 1253 90 198 210 846 1113 738 112 611 820 748 260 878 678 998 482 905
745 321 805 587 533 758 716 745 1284 558 639 746 481 747 1131 780 969 1163 209 806 1042 770 1216 606 1287 1177 1422 726 736 1291 1251 775 898 607 1410 339 1357 885 570 1368 575 1174 900 832 1179 475 1088 854 922 659 1144 463 526 758 876 671 440 954 763 633 854 1099 757 1044 782 799 438 856 354 247 496 739 714 1109 1049 700 1474 1192 1370 656 1024 656 319 1217 584 1213 1232 1137 448 409 807 909 864 774 1237 497 800 810 1253 0 1202 1058 1194 1130 156 525 1365 721 783 542 1076 1514 849 745 908 1032
567 910 733 892 681 474 792 567 634 695 566 574 736 1019 823 662 534 460 1353 567 252 838 243 638 255 215 647 615 753 1041 1010 504 842 1288 309 879 698 622 649 456 632 255 308 1327 464 938 412 457 280 562 650 1051 720 743 516 598 1112 458 507 1303 474 106 560 486 529 814 945 1298 1222 1200 757 571 1191 152 292 895 271 349 334 568 256 1319 890 1028 911 1168 527 150 1256 820 982 412 590 578 39 1198 528 505 90 1202 0 147 125 889 1058 698 176 595 827 715 172 951 590 912 397 937
426 772 608 751 534 326 699 426 601 567 427 434 589 889 743 532 487 473 1206 435 214 710 251 510 298 261 648 476 621 971 936 361 728 1147 432 733 674 556 514 478 486 294 160 1196 420 793 342 367 138 414 583 933 572 613 392 479 966 349 364 1163 342 66 421 461 390 735 822 1169 1075 1066 610 430 1056 96 203 761 417 324 391 437 206 1179 744 948 804 1079 493 123 1110 684 857 335 469 442 179 1054 392 369 198 1058 147 0 202 805 916 550 308 453 701 567 142 928 514 825 316 837
622 888 810 944 693 509 715 622 756 659 556 631 748 1090 932 733 432 337 1358 636 170 912 367 604 379 91 772 672 821 1154 1121 556 929 1339 235 886 821 528 626 580 640 131 339 1396 582 978 521 389 294 584 763 996 744 814 595 553 1150 548 556 1355 543 135 618 375 588 725 898 1370 1250 1166 781 625 1254 254 391 961 309 471 455 541 183 1372 892 1137 846 1273 648 262 1292 796 1059 337 671 641 150 1241 591 568 210 1194 125 202 0 996 1044 714 263 648 902 742 117 1075 505 828 326 1035
544 1041 352 542 761 666 1274 544 357 1009 856 535 775 434 68 419 1217 1266 1142 473 1001 360 674 980 714 1066 488 517 413 186 145 584 231 763 1195 849 374 1238 931 600 775 1099 747 646 448 654 477 1042 801 705 250 1326 700 394 459 1012 744 465 597 759 526 869 536 1224 542 1349 1210 598 888 1298 707 548 591 742 604 432 1044 563 722 926 987 759 884 143 1288 281 416 738 849 1005 360 1047 398 497 889 761 521 537 846 1130 889 805 996 0 1074 741 915 545 347 679 944 406 1182 1396 1027 125
636 165 732 543 406 629 570 636 1190 402 491 639 358 731 1066 693 814 1006 356 704 890 717 1087 451 1157 1023 1322 625 665 1246 1205 657 845 664 1257 233 1266 731 418 1252 440 1019 761 873 1070 439 975 698 778 529 1058 356 416 687 770 515 462 844 643 690 740 953 648 888 670 657 302 889 424 224 392 630 738 972 923 659 1328 1073 1244 504 872 714 202 1176 449 1192 1129 1001 516 254 781 753 769 670 1094 542 690 697 1113 156 1058 916 1044 1074 0 404 1224 615 728 434 926 1441 694 613 753 988
236 313 389 320 29 233 568 236 796 289 200 241 45 529 716 324 643 789 656 309 591 422 690 282 761 721 922 237 335 925 883 252 531 666 946 187 874 610 222 848 82 729 389 789 667 295 571 471 423 137 673 586 52 351 370 341 454 441 239 687 336 600 248 692 267 655 469 782 537 604 77 230 635 589 523 406 967 669 845 265 571 708 206 865 553 924 728 616 589 264 544 511 381 276 729 551 288 293 738 525 698 550 714 741 404 0 851 219 426 68 600 1069 555 678 500 684
691 1081 824 1010 837 619 965 691 608 869 735 697 892 1113 846 764 694 589 1508 675 420 930 243 813 203 349 581 736 856 1045 1019 634 911 1404 320 1036 656 788 821 382 791 387 465 1418 467 1070 453 632 447 714 665 1227 867 843 613 774 1242 541 640 1417 586 281 683 638 651 983 1121 1385 1360 1373 904 696 1292 264 376 997 134 352 237 742 428 1431 1049 1044 1087 1196 512 242 1387 991 1067 585 680 693 137 1323 645 624 112 1365 176 308 263 915 1224 851 0 720 918 860 345 899 760 1084 571 984
28 532 214 297 230 155 729 28 578 464 312 25 262 453 512 130 716 816 819 90 571 290 522 435 593 682 707 31 191 732 690 92 363 694 883 385 655 715 385 648 232 702 311 753 458 350 368 534 364 160 454 799 198 194 156 471 522 234 92 709 141 516 38 742 69 807 680 732 643 821 225 23 608 458 354 320 848 478 667 384 553 725 412 679 745 762 514 478 666 477 437 554 163 57 618 604 82 98 611 721 595 453 648 545 615 219 720 0 287 180 550 853 658 851 537 511
302 706 94 197 452 441 990 303 556 713 584 292 453 195 349 171 1002 1100 809 267 849 16 685 696 749 949 704 255 97 518 477 366 116 512 1131 507 614 998 640 726 481 973 582 501 525 309 480 820 638 436 404 997 379 93 311 742 424 376 372 519 359 767 302 1030 325 1074 885 470 569 952 377 302 376 677 544 101 1052 601 797 657 831 528 542 450 979 497 545 688 550 682 156 841 238 269 843 467 316 339 820 783 827 701 902 347 728 426 918 287 0 359 817 735 940 1104 824 264
203 365 327 254 96 241 637 203 756 358 259 205 95 462 658 268 702 841 653 269 630 354 683 349 755 756 887 191 270 863 821 237 466 615 976 204 832 674 289 826 141 768 408 728 638 243 546 527 448 158 626 646 20 287 336 406 410 413 226 635 313 622 215 748 240 723 531 718 508 644 46 197 574 596 515 338 981 652 834 328 611 655 231 801 619 857 695 620 550 326 476 563 335 235 744 505 258 268 748 542 715 567 742 679 434 68 860 180 359 0 631 1019 618 746 551 619
526 771 726 842 578 404 620 526 741 544 438 535 632 999 884 645 367 331 1241 549 82 824 374 488 407 132 780 576 730 1112 1077 459 855 1235 345 770 813 450 509 600 525 157 238 1302 561 870 484 287 186 473 726 888 632 726 517 440 1041 483 457 1252 459 93 522 329 495 641 787 1279 1137 1051 669 528 1158 229 345 867 416 461 495 424 84 1270 774 1087 743 1215 633 250 1182 679 973 240 593 550 211 1133 501 478 260 1076 172 142 117 944 926 600 345 550 817 631 0 1068 417 740 225 971
841 1383 710 932 1083 926 1538 841 327 1300 1133 834 1111 840 386 751 1405 1397 1542 764 1142 749 708 1260 708 1162 320 832 778 335 349 855 625 1166 1217 1210 254 1454 1222 517 1082 1201 940 1029 508 1044 600 1251 983 996 401 1651 1039 756 717 1274 1147 676 870 1161 775 977 830 1389 821 1600 1532 979 1292 1660 1055 846 992 838 736 828 1002 607 663 1194 1134 1160 1242 400 1584 538 435 821 1255 1331 766 1239 689 796 935 1167 798 804 878 1514 951 928 1075 406 1441 1069 899 853 735 1019 1068 0 1402 1667 1218 528
649 530 872 873 525 517 213 649 1078 308 361 660 557 1077 1135 787 122 324 1048 712 339 941 765 283 812 438 1150 689 842 1366 1326 599 1021 1208 647 641 1157 57 343 991 477 414 462 1345 900 845 803 152 422 504 1017 525 606 849 723 216 987 737 587 1231 657 500 654 202 643 223 453 1336 1034 742 630 647 1190 611 673 947 812 826 903 290 333 1253 626 1323 361 1418 976 638 1106 450 1080 180 784 693 628 1087 662 645 678 849 590 514 505 1182 694 555 760 658 940 618 417 1402 0 323 198 1166
852 486 1056 985 652 743 129 852 1352 391 541 861 658 1198 1360 979 413 601 955 926 663 1100 1073 416 1124 759 1440 880 1010 1583 1542 820 1204 1243 956 674 1433 305 467 1294 625 732 744 1421 1181 922 1079 459 715 691 1269 303 728 1023 957 392 1023 991 805 1268 894 818 861 491 859 108 310 1425 1024 558 738 848 1271 919 960 1082 1134 1121 1217 475 656 1292 646 1529 163 1600 1256 948 1111 453 1221 499 1003 899 951 1117 881 871 998 745 912 825 828 1396 613 678 1084 851 1104 746 740 1667 323 0 516 1356
522 590 745 796 472 384 395 522 892 352 303 532 519 983 975 659 191 289 1090 573 156 828 567 302 613 279 956 568 728 1207 1169 462 890 1165 510 637 969 241 341 793 417 269 284 1271 712 794 617 63 235 406 842 669 545 731 569 240 954 568 453 1186 502 302 524 205 505 421 575 1257 1027 851 577 522 1120 412 483 850 635 631 705 258 144 1206 633 1170 520 1278 787 440 1086 499 974 20 638 561 436 1052 521 501 482 908 397 316 326 1027 753 500 571 537 824 551 225 1218 198 516 0 1027
517 971 300 447 708 650 1238 517 465 965 823 507 714 314 175 381 1214 1282 1030 455 1019 273 740 943 788 1098 604 481 349 258 219 568 153 638 1247 771 492 1223 889 697 730 1128 756 522 525 557 532 1034 812 671 337 1261 639 334 461 982 631 488 579 634 526 903 512 1229 524 1318 1148 476 773 1213 641 519 466 785 645 332 1116 634 808 895 1004 634 806 187 1237 252 508 787 729 944 240 1046 389 473 942 641 507 526 905 1032 937 837 1035 125 988 684 984 511 264 619 971 528 1166 1356 1027 0
