0 1366 813 1514 522 41 174 1254 66 1324 398 964 995 1379 1006 1389
1366 0 672 993 958 1396 1287 120 1370 522 1734 2127 2120 394 379 468
813 672 0 1324 642 831 803 596 842 511 1125 1459 1449 884 463 576
1514 993 1324 0 1000 1556 1351 933 1474 1476 1903 2471 2494 602 881 1444
522 958 642 1000 0 563 378 837 494 1097 920 1470 1493 883 578 1133
41 1396 831 1556 563 0 215 1285 99 1341 359 922 954 1416 1039 1408
174 1287 803 1351 378 215 0 1170 123 1311 552 1136 1169 1257 914 1367
1254 120 596 933 837 1285 1170 0 1256 547 1627 2037 2033 355 259 510
66 1370 842 1474 494 99 123 1256 0 1353 429 1013 1048 1364 1004 1415
1324 522 511 1476 1097 1341 1311 547 1353 0 1618 1870 1847 900 647 92
398 1734 1125 1903 920 359 552 1627 429 1618 0 618 667 1774 1388 1694
964 2127 1459 2471 1470 922 1136 2037 1013 1870 618 0 75 2253 1833 1959
995 2120 1449 2494 1493 954 1169 2033 1048 1847 667 75 0 2258 1836 1936
1379 394 884 602 883 1416 1257 355 1364 900 1774 2253 2258 0 430 856
1006 379 463 881 578 1039 914 259 1004 647 1388 1833 1836 430 0 647
1389 468 576 1444 1133 1408 1367 510 1415 92 1694 1959 1936 856 647 0
