0 1042 789 1730 576 211 1336 604 1082 49 1548 1015 526 924 784 1713
1042 0 838 2772 1618 891 2112 743 1588 1081 2180 994 542 884 1571 1707
789 838 0 2315 1241 826 1331 1049 758 837 1353 1484 507 1364 853 2253
1730 2772 2315 0 1153 1892 1508 2190 1962 1691 1859 2406 2249 2383 1556 2751
576 1618 1241 1153 0 745 1137 1083 1187 537 1448 1394 1098 1338 747 1949
211 891 826 1892 745 0 1541 393 1245 225 1740 815 433 719 984 1537
1336 2112 1331 1508 1137 1541 0 1933 634 1341 360 2350 1608 2260 564 3017
604 743 1049 2190 1083 393 1933 0 1599 611 2120 449 547 338 1373 1209
1082 1588 758 1962 1187 1245 634 1599 0 1109 594 2046 1151 1937 450 2782
49 1081 837 1691 537 225 1341 611 1109 0 1563 1010 571 923 796 1695
1548 2180 1353 1859 1448 1740 360 2120 594 1563 0 2556 1722 2455 769 3258
1015 994 1484 2406 1394 815 2350 449 2046 1010 2556 0 976 121 1798 769
526 542 507 2249 1098 433 1608 547 1151 571 1722 976 0 856 1052 1746
924 884 1364 2383 1338 719 2260 338 1937 923 2455 121 856 0 1703 890
784 1571 853 1556 747 984 564 1373 450 796 769 1798 1052 1703 0 2490
1713 1707 2253 2751 1949 1537 3017 1209 2782 1695 3258 769 1746 890 2490 0
