0 438 884 1582 1200 1642 860 197 1380 1008 154 1483 1471 142 1062 1684
438 0 474 1315 845 1654 636 244 1655 1441 559 1740 1087 377 1450 1431
884 474 0 938 840 1983 460 706 2116 1844 1022 2195 970 782 1780 1512
1582 1315 938 0 1724 2919 722 1473 2946 2295 1737 3040 1761 1442 2072 2394
1200 845 840 1724 0 1360 1283 1019 1872 2180 1252 1907 293 1197 2261 674
1642 1654 1983 2919 1360 0 2288 1606 1018 2164 1550 961 1549 1753 2452 1016
860 636 460 722 1283 2288 0 759 2228 1646 1015 2325 1430 720 1494 1944
197 244 706 1473 1019 1606 759 0 1473 1205 317 1567 1283 185 1244 1540
1380 1655 2116 2946 1872 1018 2228 1473 0 1385 1230 124 2145 1523 1752 1854
1008 1441 1844 2295 2180 2164 1646 1205 1385 0 929 1509 2463 1072 395 2559
154 559 1022 1737 1252 1550 1015 317 1230 929 0 1335 1533 295 1039 1683
1483 1740 2195 3040 1907 961 2325 1567 124 1509 1335 0 2174 1626 1876 1845
1471 1087 970 1761 293 1549 1430 1283 2145 2463 1533 2174 0 1454 2527 684
142 377 782 1442 1197 1753 720 185 1523 1072 295 1626 1454 0 1074 1725
1062 1450 1780 2072 2261 2452 1494 1244 1752 395 1039 1876 2527 1074 0 2722
1684 1431 1512 2394 674 1016 1944 1540 1854 2559 1683 1845 684 1725 2722 0
