0 818 32 1077 1077 291 529 1508 1573 737 1255 305 490 784 210 1713
818 0 806 1867 1397 877 879 2321 2271 1553 452 1123 327 1283 919 1094
32 806 0 1099 1048 261 556 1525 1563 746 1239 320 479 759 243 1718
1077 1867 1099 0 1724 1201 1128 504 1367 532 2317 789 1549 1374 947 2532
1077 1397 1048 1724 0 786 1603 1920 1162 1192 1612 1119 1209 355 1270 2491
291 877 261 1201 786 0 817 1568 1402 753 1263 428 576 507 491 1886
529 879 556 1128 1603 817 0 1628 2008 1032 1319 646 649 1312 374 1409
1508 2321 1525 504 1920 1568 1628 0 1224 817 2763 1204 1996 1599 1412 3035
1573 2271 1563 1367 1162 1402 2008 1224 0 1025 2613 1362 1978 1035 1643 3279
737 1553 746 532 1192 753 1032 817 1025 0 1980 439 1226 843 708 2403
1255 452 1239 2317 1612 1263 1319 2763 2613 1980 0 1560 768 1587 1370 1052
305 1123 320 789 1119 428 646 1204 1362 439 1560 0 796 776 284 1972
490 327 479 1549 1209 576 649 1996 1978 1226 768 796 0 1032 605 1320
784 1283 759 1374 355 507 1312 1599 1035 843 1587 776 1032 0 957 2351
210 919 243 947 1270 491 374 1412 1643 708 1370 284 605 957 0 1695
1713 1094 1718 2532 2491 1886 1409 3035 3279 2403 1052 1972 1320 2351 1695 0
