0 1514 866 1359 143 1581 276 1133 147 1526 1502 133 771 603 1378 1073 786
1514 0 737 506 1595 162 1458 1079 1548 1019 2761 1506 868 2116 453 2320 2273
866 737 0 847 913 855 745 543 946 785 2295 823 591 1445 832 1848 1571
1359 506 847 0 1474 418 1398 1347 1345 1417 2389 1396 593 1947 53 1966 2145
143 1595 913 1474 0 1673 211 1109 270 1515 1547 90 894 531 1490 1133 681
1581 162 855 418 1673 0 1550 1233 1602 1181 2760 1586 884 2184 364 2326 2354
276 1458 745 1398 211 1550 0 898 422 1306 1755 147 851 717 1408 1336 825
1133 1079 543 1347 1109 1233 898 0 1258 417 2635 1033 1124 1594 1321 2201 1639
147 1548 946 1345 270 1602 422 1258 0 1641 1379 280 752 603 1370 943 819
1526 1019 785 1417 1515 1181 1306 417 1641 0 3021 1435 1365 2009 1379 2580 2056
1502 2761 2295 2389 1547 2760 1755 2635 1379 3021 0 1611 1893 1221 2434 448 1385
133 1506 823 1396 90 1586 147 1033 280 1435 1611 0 823 621 1411 1189 767
771 868 591 593 894 884 851 1124 752 1365 1893 823 0 1354 619 1452 1556
603 2116 1445 1947 531 2184 717 1594 603 2009 1221 621 1354 0 1970 903 253
1378 453 832 53 1490 364 1408 1321 1370 1379 2434 1411 619 1970 0 2009 2165
1073 2320 1848 1966 1133 2326 1336 2201 943 2580 448 1189 1452 903 2009 0 1116
786 2273 1571 2145 681 2354 825 1639 819 2056 1385 767 1556 253 2165 1116 0
