0 558 230 698 522 108 810 122 563 134 48 585 407 458 545 643 364 622 689 772 856 489 435 380 426 322 284 537 722 160 181 514 382 376 739 536 200 379 336 515 715 308 757 357 569 396 104 214 424 265 592 261 283 509 792 30 344 301 330 233 624 306 106 226 302 413 697 118 541 409 560 652 161 72 838 672 629 61 8 339 99 704 346 347 361 260 400 53 566 289 242 819 15 429 310 627 159 798 424 475 527 371 507 211 756 729 308 191 100 822 550 611 558 781 597 694
558 0 698 481 595 612 1362 437 1114 464 599 1042 961 690 146 1195 659 911 146 1306 719 1002 149 300 881 718 326 858 1207 656 678 902 909 861 1024 665 377 399 882 212 157 735 1178 901 724 705 523 385 511 493 1150 336 710 508 1021 536 832 847 289 784 824 862 664 508 860 159 139 669 454 637 427 406 655 618 419 232 1186 591 549 873 656 169 236 283 572 399 787 559 814 302 574 529 562 903 837 843 714 1356 937 89 686 237 1034 665 1162 600 828 491 637 1364 225 221 1064 1326 992 1248
230 698 0 920 752 121 686 321 546 359 190 364 315 296 725 523 578 813 842 611 1085 558 607 590 200 511 375 321 796 339 350 285 450 164 520 403 325 604 226 710 849 485 878 396 416 212 334 313 359 495 526 466 63 738 585 224 134 195 418 289 836 314 199 204 285 540 834 247 767 631 784 654 69 249 1036 746 581 168 236 197 223 815 530 430 588 483 177 186 373 396 465 807 215 211 397 835 240 719 503 630 750 470 339 33 887 666 407 422 141 674 616 801 627 639 748 581
698 481 920 0 302 800 1449 600 1114 563 745 1282 1065 1046 335 1292 513 640 444 1445 238 939 410 337 1121 622 653 1184 1068 684 696 1190 887 1074 1377 1063 638 319 1014 284 529 658 968 914 1117 1024 603 666 901 455 1195 459 961 234 1401 697 1042 984 647 841 509 919 780 801 936 544 511 754 168 449 138 882 854 716 265 709 1206 758 690 1028 759 606 431 653 427 438 1070 735 1174 624 529 1010 711 1127 832 535 799 1388 887 447 405 617 1194 894 938 1068 814 517 798 1483 697 264 977 1438 793 1332
522 595 752 302 0 631 1185 468 834 405 562 1094 823 951 464 1037 229 349 630 1200 354 647 462 311 943 341 606 1056 766 449 454 1037 609 885 1257 1000 553 217 789 392 705 381 669 646 1046 906 417 585 851 258 925 375 806 92 1301 534 854 763 622 598 235 668 575 695 692 574 684 536 167 159 209 935 682 512 556 820 928 584 517 812 550 758 418 635 169 309 922 571 1072 582 294 1090 537 940 564 257 574 1109 602 521 107 616 970 733 641 1091 545 332 614 1230 760 446 680 1184 491 1070
108 612 121 800 631 0 751 205 549 238 73 482 354 368 622 584 465 713 751 696 963 516 506 475 320 410 304 431 755 237 253 405 406 274 633 459 235 483 271 600 767 389 814 364 485 298 213 233 371 374 556 351 175 616 690 103 243 235 350 240 725 294 112 176 277 458 751 157 646 515 664 636 54 140 926 693 602 47 114 261 129 744 423 365 468 362 292 65 468 318 348 799 93 327 341 726 171 759 454 537 633 399 425 102 818 684 345 300 44 752 564 694 587 713 667 639
810 1362 686 1449 1185 751 0 933 373 929 765 497 402 888 1355 167 956 1022 1498 154 1536 576 1246 1176 573 844 1052 766 654 768 754 660 579 549 840 1003 986 1143 479 1320 1518 804 836 539 983 807 874 983 1024 998 263 1066 703 1221 945 828 568 515 1097 612 1128 532 705 890 519 1209 1501 714 1281 1026 1313 1331 713 762 1634 1432 279 771 819 493 719 1494 1156 1110 1027 1044 699 803 871 1068 920 1472 803 535 621 1111 667 163 599 1283 1123 1148 355 719 871 1301 640 947 724 96 1302 1416 585 78 852 118
122 437 321 600 468 205 933 0 678 71 168 685 530 483 423 766 362 638 566 892 778 585 312 270 521 358 197 595 808 236 259 591 484 479 794 538 113 290 458 397 594 358 821 468 580 440 109 140 399 215 713 146 361 435 834 107 448 423 237 348 613 425 228 227 423 298 576 232 453 388 466 576 258 181 722 566 748 168 114 457 219 587 224 254 327 168 472 140 604 191 236 744 130 531 411 620 277 919 519 353 497 268 624 293 815 681 405 149 215 944 451 491 652 903 648 817
563 1114 546 1114 834 549 373 678 0 651 529 587 250 828 1075 272 605 649 1235 446 1178 203 979 879 553 494 843 776 330 464 445 681 227 492 924 942 762 827 330 1028 1271 456 491 213 944 739 592 771 903 681 121 787 594 881 1020 589 489 354 889 330 756 258 460 722 272 975 1252 446 947 674 984 1185 536 496 1323 1233 96 548 571 372 463 1266 886 905 687 747 653 578 866 850 595 1345 562 517 288 739 403 275 233 1027 761 933 374 570 522 1212 303 645 509 443 1108 1122 218 398 480 273
134 464 359 563 405 238 929 71 651 0 182 719 528 548 428 764 291 567 583 900 727 541 327 249 559 292 262 651 757 192 214 639 445 510 852 607 182 245 464 390 621 296 759 438 649 500 59 211 470 148 698 138 407 380 896 135 478 431 299 326 542 406 227 294 411 340 601 215 407 318 426 640 292 167 708 615 728 194 127 471 210 623 234 316 258 125 522 173 667 252 165 808 147 564 373 549 263 903 475 376 428 324 639 336 751 751 364 78 235 948 506 486 605 905 583 812
48 599 190 745 562 73 765 168 529 182 0 539 363 439 592 598 392 641 732 725 899 471 480 429 382 338 313 504 707 167 184 475 362 329 705 525 232 426 289 563 756 319 754 330 553 371 147 241 424 307 552 309 247 552 763 63 298 254 359 203 652 271 69 225 263 451 738 98 587 442 607 670 120 69 886 703 592 30 56 291 73 741 392 376 398 308 364 50 541 321 276 835 38 384 292 653 129 758 407 518 561 403 459 174 756 734 294 235 53 776 579 658 541 734 602 650
585 1042 364 1282 1094 482 497 685 587 719 539 0 362 428 1084 388 895 1084 1188 362 1438 710 965 955 164 805 716 277 911 650 652 176 632 210 352 533 681 965 336 1072 1184 770 1048 566 502 364 686 664 597 845 495 830 335 1092 456 585 241 348 753 529 1139 493 519 534 456 884 1171 558 1126 957 1146 900 428 582 1398 1046 560 525 592 297 544 1137 892 761 925 844 262 547 382 742 800 1020 571 155 617 1132 527 607 683 982 1075 806 213 393 1070 833 635 774 486 438 919 1163 764 423 970 442
407 961 315 1065 823 354 402 530 250 528 363 362 0 581 953 236 601 743 1096 380 1177 348 843 777 303 495 658 525 556 381 372 433 277 241 681 697 587 751 89 919 1118 456 686 212 696 492 475 588 674 609 211 665 353 845 774 426 239 122 704 226 817 157 303 510 130 810 1100 315 898 670 927 969 324 361 1236 1046 267 370 416 124 318 1098 754 719 656 646 403 402 615 672 539 1123 401 269 278 807 268 406 324 881 779 753 165 344 708 976 298 552 324 420 916 1015 403 377 614 287
458 690 296 1046 951 368 888 483 828 548 439 428 581 0 772 743 821 1079 833 775 1248 854 659 711 315 777 396 176 1092 606 622 254 747 351 337 116 411 762 498 785 810 757 1172 692 119 89 552 381 186 696 787 597 238 913 355 435 344 475 414 584 1081 609 477 255 578 544 802 524 920 861 924 474 340 508 1092 641 848 409 459 457 497 749 615 415 805 646 189 405 128 426 696 593 444 354 692 1084 528 959 800 654 975 460 537 285 1180 413 701 625 408 849 522 860 924 825 1034 803
545 146 725 335 464 622 1355 423 1075 428 592 1084 953 772 0 1189 563 796 174 1316 573 942 118 204 919 638 380 930 1130 610 630 960 859 889 1110 766 402 290 881 72 242 662 1082 861 823 771 486 420 606 413 1126 290 749 374 1117 530 858 846 357 754 698 835 649 557 839 232 221 643 313 529 283 547 671 594 320 378 1155 591 537 880 636 295 199 358 470 330 840 560 900 351 500 675 553 936 789 719 691 1331 879 122 562 314 1046 693 1062 736 777 431 638 1368 363 88 998 1326 895 1238
643 1195 523 1292 1037 584 167 766 272 764 598 388 236 743 1189 0 809 904 1331 176 1390 462 1079 1012 429 698 886 638 594 609 596 533 441 395 741 859 819 982 312 1154 1351 658 763 392 844 658 710 817 868 838 151 901 544 1067 845 661 410 348 931 451 999 373 539 726 357 1042 1334 550 1124 879 1155 1173 547 597 1471 1268 202 604 652 327 554 1327 990 945 875 881 553 636 741 902 763 1318 636 390 473 984 502 221 471 1116 981 981 206 555 794 1154 493 784 557 192 1137 1250 489 146 745 60
364 659 578 513 229 465 956 362 605 291 392 895 601 821 563 809 0 277 738 974 580 425 510 362 754 112 547 896 575 245 243 861 380 690 1097 892 472 273 575 498 799 151 520 418 929 760 270 502 761 173 695 345 638 278 1155 385 661 553 578 379 260 444 384 576 471 581 778 339 350 70 390 918 511 328 743 856 699 419 362 603 358 829 432 595 95 270 755 417 931 532 127 1084 379 745 336 263 368 881 375 572 180 592 753 566 502 1041 316 215 437 1002 766 579 466 956 333 841
622 911 813 640 349 713 1022 638 649 567 641 1084 743 1079 796 904 277 0 968 1080 598 446 765 611 964 303 825 1134 468 475 463 1083 470 895 1331 1158 749 512 748 725 1038 327 333 532 1192 1011 540 778 1034 447 763 618 876 439 1398 647 870 737 856 557 138 594 614 844 629 851 1017 565 516 276 558 1194 751 572 902 1121 743 670 622 786 590 1080 697 872 344 542 989 675 1181 810 402 1359 636 947 468 113 578 908 433 828 242 867 909 808 300 1318 449 493 677 1089 1038 790 444 1043 185 918
689 146 842 444 630 751 1498 566 1235 583 732 1188 1096 833 174 1331 738 968 0 1447 678 1111 256 378 1026 811 471 1003 1303 772 793 1048 1023 1005 1166 803 518 465 1019 243 84 833 1257 1022 861 850 643 528 652 585 1279 448 855 538 1158 669 976 984 435 909 865 988 795 654 990 304 68 795 470 703 434 505 796 745 307 294 1311 727 680 1013 784 168 349 429 645 498 933 695 956 447 671 598 695 1048 953 887 842 1485 1047 214 731 383 1175 808 1237 705 942 598 774 1503 341 189 1169 1464 1070 1383
772 1306 611 1445 1200 696 154 892 446 900 725 362 380 775 1316 176 974 1080 1447 0 1554 639 1202 1150 465 865 986 638 760 761 752 534 615 457 694 886 929 1130 436 1288 1459 825 934 562 860 699 850 922 926 989 325 1033 615 1225 799 785 482 470 1030 605 1172 532 673 813 510 1149 1443 692 1278 1044 1307 1234 651 735 1609 1354 367 724 781 435 691 1427 1116 1041 1035 1022 590 755 743 1006 919 1366 763 431 641 1158 646 308 646 1233 1149 1082 272 645 966 1187 661 930 677 76 1223 1383 664 76 922 179
856 719 1085 238 354 963 1536 778 1178 727 899 1438 1177 1248 573 1390 580 598 678 1554 0 984 640 540 1282 692 865 1373 1063 801 807 1366 957 1228 1571 1276 836 488 1141 518 762 732 929 998 1328 1216 752 867 1117 592 1274 651 1134 347 1604 862 1196 1115 866 952 460 1022 920 995 1046 773 746 885 328 510 327 1119 1017 856 442 947 1273 917 849 1162 896 842 645 874 521 609 1248 900 1374 837 644 1248 870 1282 916 484 925 1452 944 681 416 841 1322 1063 893 1302 897 664 952 1583 934 503 1006 1537 777 1421
489 1002 558 939 647 516 576 585 203 541 471 710 348 854 942 462 425 446 1111 639 984 0 859 739 633 319 772 844 239 350 327 764 110 564 1017 960 686 672 392 887 1157 286 339 163 974 769 483 703 888 532 318 666 617 704 1104 519 550 399 817 276 554 247 407 691 281 880 1136 373 775 491 814 1140 523 417 1163 1152 298 497 495 438 398 1164 767 834 514 613 705 521 920 773 444 1307 494 604 179 536 345 470 66 913 567 853 508 572 359 1200 181 513 472 643 1035 978 70 598 283 473
435 149 607 410 462 506 1246 312 979 327 480 965 843 659 118 1079 510 765 256 1202 640 859 0 155 801 569 264 814 1059 516 538 841 768 771 996 660 283 255 769 129 298 587 1029 765 716 654 386 301 499 344 1023 192 630 380 1008 418 740 734 245 653 684 732 540 438 734 133 277 539 339 490 321 486 554 489 438 359 1055 477 426 766 529 319 92 248 424 250 722 446 787 234 426 632 442 817 697 702 586 1229 794 62 547 208 931 575 1012 662 687 346 524 1255 304 202 919 1215 842 1130
380 300 590 337 311 475 1176 270 879 249 429 955 777 711 204 1012 362 611 378 1150 540 739 155 0 791 433 325 847 925 416 434 855 659 749 1040 736 301 99 713 148 436 457 882 666 788 687 301 330 577 208 937 124 628 236 1067 373 718 680 329 567 529 647 476 464 656 263 415 462 215 336 213 625 528 415 459 514 962 435 372 719 459 470 111 339 272 132 734 409 838 297 295 778 392 801 591 546 509 1141 677 217 392 312 887 562 864 787 578 234 480 1197 449 243 794 1154 695 1058
426 881 200 1121 943 320 573 521 553 559 382 164 303 315 919 429 754 964 1026 465 1282 633 801 791 0 672 555 222 855 508 513 131 539 70 384 431 517 804 241 908 1025 640 971 475 415 234 529 501 460 690 490 666 171 935 472 424 93 237 593 408 1005 392 371 372 356 722 1012 414 967 812 984 768 266 431 1233 898 554 365 433 195 396 982 728 602 775 683 126 386 318 579 651 902 412 39 508 1001 389 648 593 819 931 646 223 229 987 728 524 617 329 537 769 998 695 510 869 489
322 718 511 622 341 410 844 358 494 292 338 805 495 777 638 698 112 303 811 865 692 319 569 433 672 0 555 833 492 172 161 787 268 606 1031 859 472 357 477 578 866 39 468 306 890 708 251 498 742 226 583 386 574 387 1096 349 579 458 592 279 333 337 312 547 367 619 845 264 456 182 495 933 448 269 844 897 587 368 323 509 288 886 483 609 195 319 689 373 878 545 143 1101 335 659 224 328 282 769 265 628 284 615 652 505 459 1037 204 234 374 891 795 665 366 845 290 729
284 326 375 653 606 304 1052 197 843 262 313 716 658 396 380 886 547 825 471 986 865 772 264 325 555 555 0 550 1001 428 452 582 666 536 733 410 86 395 574 388 473 555 1018 641 464 391 306 71 251 382 859 231 384 549 749 255 508 538 46 516 785 584 382 182 574 167 459 403 540 561 538 378 339 356 700 391 903 295 277 559 382 441 221 62 495 300 464 264 525 29 425 547 282 577 594 795 441 1063 706 268 658 95 714 341 1012 495 591 332 338 1047 266 466 841 1010 844 942
537 858 321 1184 1056 431 766 595 776 651 504 277 525 176 930 638 896 1134 1003 638 1373 844 814 847 222 833 550 0 1072 661 671 106 744 284 201 262 547 884 456 936 984 806 1177 682 225 160 640 520 362 797 711 726 259 1030 265 522 294 445 575 596 1156 597 520 383 562 707 974 569 1046 946 1056 646 386 568 1251 817 776 478 541 410 544 924 760 578 898 764 145 486 105 579 779 752 522 260 702 1156 558 859 798 816 1064 624 435 330 1191 559 715 723 460 714 697 1016 909 696 1061 697
722 1207 796 1068 766 755 654 808 330 757 707 911 556 1092 1130 594 575 468 1303 760 1063 239 1059 925 855 492 1001 1072 0 572 549 986 349 788 1236 1199 915 845 615 1068 1357 471 186 399 1211 1005 702 934 1127 718 444 871 854 840 1327 752 777 628 1044 515 604 483 645 930 514 1096 1336 609 917 627 959 1374 762 649 1314 1372 393 734 727 661 634 1373 970 1062 670 809 937 757 1152 999 633 1541 728 823 415 580 583 506 300 1117 667 1077 699 811 225 1439 413 716 710 741 1260 1153 168 701 285 581
160 656 339 684 449 237 768 236 464 192 167 650 381 606 610 609 245 475 772 761 801 350 516 416 508 172 428 661 572 0 23 618 252 445 859 692 342 374 340 564 812 151 597 251 721 536 133 363 584 229 522 324 402 464 923 190 416 314 471 157 498 236 141 386 252 530 792 94 516 306 546 804 275 97 868 802 546 197 163 363 116 815 424 489 280 283 517 208 705 426 158 972 171 500 181 496 124 725 283 568 424 505 521 333 596 889 171 181 201 799 688 659 415 754 437 650
181 678 350 696 454 253 754 259 445 214 184 652 372 622 630 596 243 463 793 752 807 327 538 434 513 161 452 671 549 23 0 626 230 448 869 709 365 389 335 583 834 136 575 231 738 550 156 386 605 243 506 345 413 473 935 211 420 311 495 146 492 223 151 406 241 553 814 102 528 307 559 827 288 115 884 826 527 215 185 361 127 838 445 512 285 302 527 227 718 449 167 995 191 503 159 488 125 707 260 590 423 528 515 345 575 910 149 200 215 787 711 677 392 742 417 636
514 902 285 1190 1037 405 660 591 681 639 475 176 433 254 960 533 861 1083 1048 534 1366 764 841 855 131 787 582 106 986 618 626 0 669 200 254 357 563 881 372 958 1037 757 1101 605 326 201 619 541 430 779 611 731 232 1020 341 505 218 367 614 532 1117 522 477 403 486 746 1026 524 1044 916 1058 728 354 533 1279 885 676 452 519 326 502 983 778 619 873 759 120 467 210 610 750 845 499 164 635 1114 505 754 723 851 1034 665 331 304 1117 657 650 706 425 609 760 1043 827 591 996 591
382 909 450 887 609 406 579 484 227 445 362 632 277 747 859 441 380 470 1023 615 957 110 768 659 539 268 666 744 349 252 230 669 0 469 923 851 581 602 302 808 1065 229 433 66 866 662 386 597 777 456 316 576 511 654 1007 412 452 302 712 166 557 147 297 581 183 781 1045 265 720 450 756 1032 413 310 1097 1050 319 387 389 346 288 1068 676 729 459 528 603 412 816 668 370 1198 386 513 72 543 235 501 54 821 544 750 442 463 448 1090 81 427 361 632 931 901 181 586 338 466
376 861 164 1074 885 274 549 479 492 510 329 210 241 351 889 395 690 895 1005 457 1228 564 771 749 70 606 536 284 788 445 448 200 469 0 454 468 489 756 172 872 1010 573 901 405 460 264 476 476 475 635 438 625 158 881 540 377 31 167 577 339 939 322 310 358 286 702 995 351 917 751 937 782 221 373 1198 896 500 316 383 126 335 972 693 588 716 636 164 340 374 558 591 923 362 55 438 935 324 608 523 794 869 630 194 196 917 759 454 564 276 524 765 964 627 493 799 456
739 1024 520 1377 1257 633 840 794 924 852 705 352 681 337 1110 741 1097 1331 1166 694 1571 1017 996 1040 384 1031 733 201 1236 859 869 254 923 454 0 371 739 1082 625 1122 1137 1003 1355 859 314 354 842 711 514 998 842 921 459 1230 105 724 471 621 752 784 1357 776 719 577 740 881 1130 767 1244 1148 1251 753 586 769 1429 950 908 679 742 579 743 1069 949 752 1099 963 342 687 210 762 981 825 723 414 888 1356 753 959 977 991 1266 797 557 530 1371 619 903 925 660 769 841 1197 1079 763 1249 794
536 665 403 1063 1000 459 1003 538 942 607 525 533 697 116 766 859 892 1158 803 886 1276 960 660 736 431 859 410 262 1199 692 709 357 851 468 371 0 448 799 613 789 769 843 1271 799 58 205 621 416 161 753 903 632 349 953 355 510 460 588 416 686 1149 717 571 315 688 534 763 616 950 925 949 389 439 594 1080 579 964 494 536 572 589 698 632 411 865 691 306 485 173 439 765 489 523 469 793 1154 626 1076 903 644 1035 452 653 388 1277 300 800 686 502 961 472 855 1030 938 1126 920
200 377 325 638 553 235 986 113 762 182 232 681 587 411 402 819 472 749 518 929 836 686 283 301 517 472 86 547 915 342 365 563 581 489 739 448 0 353 506 395 532 470 933 558 496 387 221 32 298 313 783 186 346 506 767 172 458 470 130 433 716 504 301 163 496 222 515 319 508 492 513 463 277 271 718 471 825 218 193 496 299 510 215 147 427 243 442 186 538 88 347 632 200 534 509 725 359 988 620 305 594 171 656 292 928 569 505 256 263 986 349 482 755 948 761 873
379 399 604 319 217 483 1143 290 827 245 426 965 751 762 290 982 273 512 465 1130 488 672 255 99 804 357 395 884 845 374 389 881 602 756 1082 799 353 0 697 224 529 386 792 618 848 728 283 384 645 146 895 167 649 154 1117 380 724 666 408 531 429 611 461 508 625 358 508 437 163 240 181 719 538 397 496 614 914 440 372 709 441 567 201 420 179 122 762 418 887 370 231 875 393 809 539 447 483 1095 613 317 292 399 876 580 772 874 523 200 479 1171 545 308 723 1127 604 1025
336 882 226 1014 789 271 479 458 330 464 289 336 89 498 881 312 575 748 1019 436 1141 392 769 713 241 477 574 456 615 340 335 372 302 172 625 613 506 697 0 851 1038 440 730 236 614 408 415 505 585 560 300 597 266 802 713 351 162 35 620 198 808 157 237 421 121 729 1021 260 849 641 876 880 237 300 1173 959 356 292 345 46 256 1015 682 634 620 586 325 324 540 589 497 1033 327 212 281 800 217 495 354 805 756 669 181 255 748 888 299 497 245 486 829 947 454 445 637 367
515 212 710 284 392 600 1320 397 1028 390 563 1072 919 785 72 1154 498 725 243 1288 518 887 129 148 908 578 388 936 1068 564 583 958 808 872 1122 789 395 224 851 0 314 604 1015 815 845 776 445 417 628 355 1084 254 739 302 1136 504 841 817 374 713 626 793 616 556 801 261 292 605 243 461 215 600 651 557 326 444 1110 565 507 854 600 366 180 378 404 280 837 537 913 359 443 736 525 921 740 647 653 1288 825 163 490 338 1021 679 995 784 727 382 611 1337 416 96 941 1295 828 1202
715 157 849 529 705 767 1518 594 1271 621 756 1184 1118 810 242 1351 799 1038 84 1459 762 1157 298 436 1025 866 473 984 1357 812 834 1037 1065 1010 1137 769 532 529 1038 314 0 885 1319 1059 827 836 680 537 625 639 1307 490 856 614 1122 693 981 1002 432 942 940 1019 821 653 1018 310 21 827 549 769 514 445 808 776 381 225 1343 747 707 1028 813 90 389 423 708 548 925 715 929 453 723 523 719 1049 993 961 872 1514 1092 244 805 379 1186 815 1301 644 984 644 794 1518 298 271 1217 1480 1132 1405
308 735 485 658 381 389 804 358 456 296 319 770 456 757 662 658 151 327 833 825 732 286 587 457 640 39 555 806 471 151 136 757 229 573 1003 843 470 386 440 604 885 0 463 266 872 686 249 495 731 249 544 400 549 424 1071 336 547 423 594 242 368 298 286 534 328 630 864 238 492 221 529 934 424 249 876 908 549 349 310 473 263 902 499 612 231 337 662 358 855 547 162 1102 320 626 185 362 251 731 230 645 324 620 614 482 457 1031 165 245 351 851 802 693 337 805 291 689
757 1178 878 968 669 814 836 821 491 759 754 1048 686 1172 1082 763 520 333 1257 934 929 339 1029 882 971 468 1018 1177 186 597 575 1101 433 901 1355 1271 933 792 730 1015 1319 463 0 496 1292 1090 712 957 1179 685 611 853 940 753 1440 787 885 735 1058 589 472 580 701 979 616 1087 1298 657 832 555 875 1397 833 688 1226 1366 567 784 761 776 685 1348 947 1075 612 782 1036 801 1248 1011 610 1565 766 942 480 446 645 691 379 1090 564 1083 842 886 41 1486 471 702 770 920 1264 1092 285 878 187 756
357 901 396 914 646 364 539 468 213 438 330 566 212 692 861 392 418 532 1022 562 998 163 765 666 475 306 641 682 399 251 231 605 66 405 859 799 558 618 236 815 1059 266 496 0 812 606 378 570 734 471 280 574 454 683 943 385 389 238 687 126 612 84 262 541 119 766 1039 238 746 488 780 998 365 288 1114 1029 296 352 365 280 259 1056 672 704 489 534 542 380 757 646 388 1162 359 448 82 600 200 477 118 814 588 728 378 411 512 1046 101 432 321 585 907 909 231 539 404 423
569 724 416 1117 1046 485 983 580 944 649 553 502 696 119 823 844 929 1192 861 860 1328 974 716 788 415 890 464 225 1211 721 738 326 866 460 314 58 496 848 614 845 827 872 1292 812 0 206 658 464 217 796 898 681 357 1002 296 545 456 592 471 704 1188 728 594 354 698 591 822 641 1001 965 1002 441 459 623 1138 636 960 523 569 572 614 756 685 467 907 737 295 517 126 493 803 531 556 454 811 1192 647 1063 919 702 1077 509 638 405 1299 333 820 727 526 936 530 912 1043 915 1152 904
396 705 212 1024 906 298 807 440 739 500 371 364 492 89 771 658 760 1011 850 699 1216 769 654 687 234 708 391 160 1005 536 550 201 662 264 354 205 387 728 408 776 836 686 1090 606 206 0 496 360 232 648 698 567 151 876 396 377 255 386 418 501 1021 522 401 223 491 551 825 449 889 805 897 537 263 439 1092 684 759 342 399 367 423 782 600 422 753 608 108 344 170 420 639 667 381 271 609 1023 449 872 715 658 921 468 453 206 1099 495 619 575 334 771 559 857 838 745 957 719
104 523 334 603 417 213 874 109 592 59 147 686 475 552 486 710 270 540 643 850 752 483 386 301 529 251 306 640 702 133 156 619 386 476 842 621 221 283 415 445 680 249 712 378 658 496 0 246 494 161 640 196 388 405 892 118 444 383 346 268 529 349 178 306 355 397 661 160 442 309 464 685 265 115 760 671 669 166 99 425 158 682 293 364 257 171 505 154 665 300 144 853 119 530 313 533 207 845 417 436 425 375 592 315 706 785 305 88 200 895 558 541 548 852 540 757
214 385 313 666 585 233 983 140 771 211 241 664 588 381 420 817 502 778 528 922 867 703 301 330 501 498 71 520 934 363 386 541 597 476 711 416 32 384 505 417 537 495 957 570 464 360 246 0 266 345 787 217 329 538 737 184 447 469 118 444 748 512 310 138 502 227 521 332 539 523 543 441 271 286 738 462 831 223 207 491 311 510 239 134 459 275 420 192 508 84 376 609 211 520 525 756 370 992 637 318 626 165 649 280 952 540 522 286 266 981 337 502 772 943 786 872
424 511 359 901 851 371 1024 399 903 470 424 597 674 186 606 868 761 1034 652 926 1117 888 499 577 460 742 251 362 1127 584 605 430 777 475 514 161 298 645 585 628 625 731 1179 734 217 232 494 266 0 611 885 478 324 799 512 395 457 554 254 611 1012 658 482 199 635 374 617 522 792 787 790 307 370 490 921 455 940 395 421 552 495 562 472 250 724 541 338 378 304 280 634 450 413 495 712 1020 543 1073 826 484 893 291 669 333 1180 312 716 548 416 996 335 694 958 967 1021 928
265 493 495 455 258 374 998 215 681 148 307 845 609 696 413 838 173 447 585 989 592 532 344 208 690 226 382 797 718 229 243 779 456 635 998 753 313 146 560 355 639 249 685 471 796 648 161 345 611 0 749 172 548 246 1044 275 604 530 410 387 403 466 330 442 481 408 618 300 289 179 317 747 426 265 642 684 768 327 259 576 307 662 261 426 113 97 664 312 815 364 87 912 280 690 392 413 343 949 471 404 282 420 741 475 671 877 377 73 360 1028 592 446 586 984 500 880
592 1150 526 1195 925 556 263 713 121 698 552 495 211 787 1126 151 695 763 1279 325 1274 318 1023 937 490 583 859 711 444 522 506 611 316 438 842 903 783 895 300 1084 1307 544 611 280 898 698 640 787 885 749 0 836 563 964 942 615 442 332 905 371 865 291 486 719 289 1003 1289 483 1027 765 1061 1179 531 533 1391 1249 65 564 600 333 494 1294 931 921 770 804 602 596 808 870 667 1334 588 451 362 849 436 206 336 1066 860 952 285 555 642 1186 381 704 521 325 1120 1180 339 279 599 155
261 336 466 459 375 351 1066 146 787 138 309 830 665 597 290 901 345 618 448 1033 651 666 192 124 666 386 231 726 871 324 345 731 576 625 921 632 186 167 597 254 490 400 853 574 681 567 196 217 478 172 836 0 503 321 952 251 594 563 249 464 562 544 361 345 549 236 470 353 323 344 330 578 404 304 577 513 865 313 252 600 347 501 100 263 276 76 610 286 723 207 243 741 271 676 505 575 401 1041 601 246 431 251 768 437 840 719 494 155 358 1082 420 350 727 1040 669 949
283 710 63 961 806 175 703 361 594 407 247 335 353 238 749 544 638 876 855 615 1134 617 630 628 171 574 384 259 854 402 413 232 511 158 459 349 346 649 266 739 856 549 940 454 357 151 388 329 324 548 563 503 0 788 522 273 135 239 423 351 897 371 262 202 340 551 842 310 813 689 827 628 127 309 1064 738 621 222 288 229 286 816 559 433 644 527 117 235 310 408 523 775 268 193 459 897 304 749 564 648 808 476 349 72 950 623 470 474 201 682 607 828 686 650 811 604
509 508 738 234 92 616 1221 435 881 380 552 1092 845 913 374 1067 278 439 538 1225 347 704 380 236 935 387 549 1030 840 464 473 1020 654 881 1230 953 506 154 802 302 614 424 753 683 1002 876 405 538 799 246 964 321 788 0 1268 515 850 774 560 619 327 694 576 658 715 499 593 543 78 215 121 861 670 511 475 735 973 570 502 820 552 668 347 572 194 267 903 553 1037 523 306 1012 523 936 601 349 585 1155 653 438 197 548 983 716 727 1023 583 317 606 1259 682 354 742 1214 571 1104
792 1021 585 1401 1301 690 945 834 1020 896 763 456 774 355 1117 845 1155 1398 1158 799 1604 1104 1008 1067 472 1096 749 265 1327 923 935 341 1007 540 105 355 767 1117 713 1136 1122 1071 1440 943 296 396 892 737 512 1044 942 952 522 1268 0 774 554 705 762 861 1416 859 784 609 824 886 1117 832 1275 1201 1280 715 648 829 1433 923 1007 735 795 667 808 1049 969 760 1149 1000 410 739 230 778 1035 768 777 505 967 1416 823 1063 1061 996 1318 803 657 590 1454 561 981 972 722 874 824 1206 1167 868 1326 898
30 536 224 697 534 103 828 107 589 135 63 585 426 435 530 661 385 647 669 785 862 519 418 373 424 349 255 522 752 190 211 505 412 377 724 510 172 380 351 504 693 336 787 385 545 377 118 184 395 275 615 251 273 515 774 0 345 316 301 260 645 331 129 198 326 388 675 147 543 427 560 621 157 102 828 644 654 62 26 350 127 679 331 318 376 259 389 38 547 261 261 788 27 430 340 648 186 821 454 455 544 343 517 201 786 698 339 201 107 837 521 598 589 796 626 713
344 832 134 1042 854 243 568 448 489 478 298 241 239 344 858 410 661 870 976 482 1196 550 740 718 93 579 508 294 777 416 420 218 452 31 471 460 458 724 162 841 981 547 885 389 456 255 444 447 457 604 442 594 135 850 554 345 0 150 550 315 912 305 280 331 269 673 967 322 885 721 905 763 190 342 1167 872 504 284 351 117 305 945 662 561 686 604 163 308 377 529 561 907 330 86 417 907 296 619 506 764 839 602 214 167 900 747 432 532 244 547 741 933 614 515 778 471
301 847 195 984 763 235 515 423 354 431 254 348 122 475 846 348 553 737 984 470 1115 399 734 680 237 458 538 445 628 314 311 367 302 167 621 588 470 666 35 817 1002 423 735 238 592 386 383 469 554 530 332 563 239 774 705 316 150 0 584 181 791 155 204 388 119 693 985 230 820 618 845 847 202 268 1139 924 386 256 310 50 224 979 647 598 594 554 309 288 524 553 470 1002 292 213 273 784 189 529 356 769 734 634 210 223 750 860 290 466 209 521 794 913 464 480 633 403
330 289 418 647 622 350 1097 237 889 299 359 753 704 414 357 931 578 856 435 1030 866 817 245 329 593 592 46 575 1044 471 495 614 712 577 752 416 130 408 620 374 432 594 1058 687 471 418 346 118 254 410 905 249 423 560 762 301 550 584 0 562 809 631 428 220 621 132 419 449 544 588 539 341 384 401 677 344 949 342 323 604 428 397 220 17 521 322 498 311 542 47 459 509 328 617 639 821 488 1109 751 240 680 52 757 384 1051 470 636 365 384 1091 219 445 885 1055 882 987
233 784 289 841 598 240 612 348 330 326 203 529 226 584 754 451 379 557 909 605 952 276 653 567 408 279 516 596 515 157 146 532 166 339 784 686 433 531 198 713 942 242 589 126 704 501 268 444 611 387 371 464 351 619 861 260 315 181 562 0 611 80 135 417 95 645 923 115 674 446 704 872 247 166 1023 905 401 226 241 231 133 935 560 578 430 434 452 254 660 521 313 1037 233 390 108 603 74 576 217 699 559 604 374 299 598 924 119 335 196 642 782 809 347 597 465 493
624 824 836 509 235 725 1128 613 756 542 652 1139 817 1081 698 999 260 138 865 1172 460 554 684 529 1005 333 785 1156 604 498 492 1117 557 939 1357 1149 716 429 808 626 940 368 472 612 1188 1021 529 748 1012 403 865 562 897 327 1416 645 912 791 809 611 0 661 639 834 694 784 919 593 400 224 441 1140 770 587 774 1044 852 680 622 842 614 989 627 825 289 487 1014 677 1191 765 384 1300 639 993 539 25 615 1024 529 746 137 813 979 826 438 1279 519 464 696 1188 972 681 563 1142 319 1019
306 862 314 919 668 294 532 425 258 406 271 493 157 609 835 373 444 594 988 532 1022 247 732 647 392 337 584 597 483 236 223 522 147 322 776 717 504 611 157 793 1019 298 580 84 728 522 349 512 658 466 291 544 371 694 859 331 305 155 631 80 661 0 202 469 36 719 1001 193 751 513 782 931 288 243 1103 975 323 289 314 200 206 1010 640 647 503 515 457 320 672 592 389 1093 304 367 125 651 147 497 201 777 622 675 317 331 595 970 144 415 252 565 850 889 315 520 479 414
106 664 199 780 575 112 705 228 460 227 69 519 303 477 649 539 384 614 795 673 920 407 540 476 371 312 382 520 645 141 151 477 297 310 719 571 301 461 237 616 821 286 701 262 594 401 178 310 482 330 486 361 262 576 784 129 280 204 428 135 639 202 0 284 196 518 803 48 617 441 642 736 138 65 936 772 524 90 114 247 25 809 450 445 406 349 376 118 569 389 281 901 102 365 230 637 62 692 344 581 560 472 414 195 706 794 233 263 69 721 648 711 477 679 557 589
226 508 204 801 695 176 890 227 722 294 225 534 510 255 557 726 576 844 654 813 995 691 438 464 372 547 182 383 930 386 406 403 581 358 577 315 163 508 421 556 653 534 979 541 354 223 306 138 199 442 719 345 202 658 609 198 331 388 220 417 834 469 284 0 450 350 639 323 667 611 674 463 187 291 876 542 769 196 224 398 296 614 378 230 552 391 283 178 379 208 450 623 215 396 514 839 346 917 629 450 723 273 543 170 981 509 517 373 220 877 412 640 762 842 823 784
302 860 285 936 692 277 519 423 272 411 263 456 130 578 839 357 471 629 990 510 1046 281 734 656 356 367 574 562 514 252 241 486 183 286 740 688 496 625 121 801 1018 328 616 119 698 491 355 502 635 481 289 549 340 715 824 326 269 119 621 95 694 36 196 450 0 715 999 196 769 539 799 913 265 245 1114 965 328 278 311 163 205 1005 643 637 526 524 423 310 638 584 409 1074 299 330 160 684 148 495 237 777 650 666 285 305 631 946 179 427 238 547 839 897 348 502 516 401
413 159 540 544 574 458 1209 298 975 340 451 884 810 544 232 1042 581 851 304 1149 773 880 133 263 722 619 167 707 1096 530 553 746 781 702 881 534 222 358 729 261 310 630 1087 766 591 551 397 227 374 408 1003 236 551 499 886 388 673 693 132 645 784 719 518 350 715 0 294 529 467 575 452 361 498 478 548 278 1043 440 405 718 513 290 157 129 507 311 630 408 670 144 477 516 415 744 708 800 572 1209 814 110 649 83 877 506 1076 530 701 385 486 1208 188 320 945 1170 905 1096
697 139 834 511 684 751 1501 576 1252 601 738 1171 1100 802 221 1334 778 1017 68 1443 746 1136 277 415 1012 845 459 974 1336 792 814 1026 1045 995 1130 763 515 508 1021 292 21 864 1298 1039 822 825 661 521 617 618 1289 470 842 593 1117 675 967 985 419 923 919 1001 803 639 999 294 0 808 528 748 494 447 792 757 372 230 1325 730 688 1011 795 100 369 410 687 527 913 698 921 437 702 532 701 1036 974 939 853 1495 1072 225 783 366 1171 800 1279 647 964 623 776 1502 294 252 1196 1464 1111 1387
118 669 247 754 536 157 714 232 446 215 98 558 315 524 643 550 339 565 795 692 885 373 539 462 414 264 403 569 609 94 102 524 265 351 767 616 319 437 260 605 827 238 657 238 641 449 160 332 522 300 483 353 310 543 832 147 322 230 449 115 593 193 48 323 196 529 808 0 589 399 616 767 186 50 921 790 516 126 126 277 27 819 447 466 367 331 424 148 617 407 242 933 121 406 194 590 47 689 309 584 517 489 440 244 661 833 195 237 115 736 669 701 443 692 510 597
541 454 767 168 167 646 1281 453 947 407 587 1126 898 920 313 1124 350 516 470 1278 328 775 339 215 967 456 540 1046 917 516 528 1044 720 917 1244 950 508 163 849 243 549 492 832 746 1001 889 442 539 792 289 1027 323 813 78 1275 543 885 820 544 674 400 751 617 667 769 467 528 589 0 290 42 825 700 553 397 685 1039 602 534 865 595 609 325 554 261 285 925 581 1046 512 361 970 555 971 664 423 633 1221 722 392 273 525 1030 743 805 997 647 354 640 1316 643 283 816 1271 650 1163
409 637 631 449 159 515 1026 388 674 318 442 957 670 861 529 879 70 276 703 1044 510 491 490 336 812 182 561 946 627 306 307 916 450 751 1148 925 492 240 641 461 769 221 555 488 965 805 309 523 787 179 765 344 689 215 1201 427 721 618 588 446 224 513 441 611 539 575 748 399 290 0 331 923 563 383 686 844 769 468 406 668 416 806 420 604 68 268 807 462 975 543 167 1086 424 806 406 233 431 950 443 552 118 595 821 617 534 1057 386 239 490 1072 762 536 528 1026 369 911
560 427 784 138 209 664 1313 466 984 426 607 1146 927 924 283 1155 390 558 434 1307 327 814 321 213 984 495 538 1056 959 546 559 1058 756 937 1251 949 513 181 876 215 514 529 875 780 1002 897 464 543 790 317 1061 330 827 121 1280 560 905 845 539 704 441 782 642 674 799 452 494 616 42 331 0 807 718 577 355 659 1074 620 553 889 620 577 318 547 299 301 938 598 1051 510 393 949 574 990 699 464 660 1256 760 371 316 516 1055 759 848 983 682 379 660 1346 624 245 856 1301 692 1195
652 406 654 882 935 636 1331 576 1185 640 670 900 969 474 547 1173 918 1194 505 1234 1119 1140 486 625 768 933 378 646 1374 804 827 728 1032 782 753 389 463 719 880 600 445 934 1397 998 441 537 685 441 307 747 1179 578 628 861 715 621 763 847 341 872 1140 931 736 463 913 361 447 767 825 923 807 0 650 724 811 222 1232 645 646 851 743 358 517 324 855 654 645 619 563 388 800 168 646 802 961 1153 798 1373 1075 438 1006 327 976 625 1391 199 960 706 679 1304 184 627 1210 1275 1223 1232
161 655 69 854 682 54 713 258 536 292 120 428 324 340 671 547 511 751 796 651 1017 523 554 528 266 448 339 386 762 275 288 354 413 221 586 439 277 538 237 651 808 424 833 365 459 263 265 271 370 426 531 404 127 670 648 157 190 202 384 247 770 288 138 187 265 498 792 186 700 563 718 650 0 182 977 722 581 99 167 220 160 780 473 397 519 416 244 119 430 356 396 809 146 273 353 769 188 731 464 582 681 434 379 57 839 682 361 353 74 710 592 744 593 672 694 603
72 618 249 716 512 140 762 181 496 167 69 582 361 508 594 597 328 572 745 735 856 417 489 415 431 269 356 568 649 97 115 533 310 373 769 594 271 397 300 557 776 249 688 288 623 439 115 286 490 265 533 304 309 511 829 102 342 268 401 166 587 243 65 291 245 478 757 50 553 383 577 724 182 0 875 742 567 99 78 312 43 769 397 418 344 286 426 112 609 359 219 891 78 428 238 587 97 740 351 533 501 441 478 239 689 798 236 198 108 781 621 653 486 738 533 645
838 419 1036 265 556 926 1634 722 1323 708 886 1398 1236 1092 320 1471 743 902 307 1609 442 1163 438 459 1233 844 700 1251 1314 868 884 1279 1097 1198 1429 1080 718 496 1173 326 381 876 1226 1114 1138 1092 760 738 921 642 1391 577 1064 475 1433 828 1167 1139 677 1023 774 1103 936 876 1114 548 372 921 397 686 355 811 977 875 0 601 1410 890 830 1177 918 471 505 676 650 589 1159 862 1219 672 727 904 849 1247 1035 799 968 1592 1106 437 662 632 1345 1005 1198 1010 1019 687 936 1656 640 236 1208 1613 1046 1516
672 232 746 709 820 693 1432 566 1233 615 703 1046 1046 641 378 1268 856 1121 294 1354 947 1152 359 514 898 897 391 817 1372 802 826 885 1050 896 950 579 471 614 959 444 225 908 1366 1029 636 684 671 462 455 684 1249 513 738 735 923 644 872 924 344 905 1044 975 772 542 965 278 230 790 685 844 659 222 722 742 601 0 1294 686 664 940 771 136 424 328 777 586 784 655 748 383 755 305 671 927 977 1061 831 1452 1086 298 906 301 1085 713 1353 420 972 663 728 1419 130 444 1218 1385 1182 1325
629 1186 581 1206 928 602 279 748 96 728 592 560 267 848 1155 202 699 743 1311 367 1273 298 1055 962 554 587 903 776 393 546 527 676 319 500 908 964 825 914 356 1110 1343 549 567 296 960 759 669 831 940 768 65 865 621 973 1007 654 504 386 949 401 852 323 524 769 328 1043 1325 516 1039 769 1074 1232 581 567 1410 1294 0 607 638 392 530 1333 962 965 779 829 665 638 872 913 683 1388 627 515 375 835 471 182 329 1101 857 995 350 608 600 1244 392 728 565 355 1166 1205 306 312 572 189
61 591 168 758 584 47 771 168 548 194 30 525 370 409 591 604 419 670 727 724 917 497 477 435 365 368 295 478 734 197 215 452 387 316 679 494 218 440 292 565 747 349 784 352 523 342 166 223 395 327 564 313 222 570 735 62 284 256 342 226 680 289 90 196 278 440 730 126 602 468 620 645 99 99 890 686 607 0 68 289 100 729 391 358 421 319 340 32 512 305 301 810 47 369 319 681 152 770 434 512 586 388 456 150 786 706 321 253 46 777 560 660 568 737 632 657
8 549 236 690 517 114 819 114 571 127 56 592 416 459 537 652 362 622 680 781 849 495 426 372 433 323 277 541 727 163 185 519 389 383 742 536 193 372 345 507 707 310 761 365 569 399 99 207 421 259 600 252 288 502 795 26 351 310 323 241 622 314 114 224 311 405 688 126 534 406 553 646 167 78 830 664 638 68 0 347 108 695 337 340 357 253 405 55 569 281 239 813 20 437 317 625 167 807 430 466 523 363 515 216 760 725 315 186 108 831 543 602 564 789 600 703
339 873 197 1028 812 261 493 457 372 471 291 297 124 457 880 327 603 786 1013 435 1162 438 766 719 195 509 559 410 661 363 361 326 346 126 579 572 496 709 46 854 1028 473 776 280 572 367 425 491 552 576 333 600 229 820 667 350 117 50 604 231 842 200 247 398 163 718 1011 277 865 668 889 851 220 312 1177 940 392 289 347 0 269 1001 681 617 642 595 281 319 495 576 518 1002 328 167 321 835 238 522 399 798 784 655 168 228 793 852 339 510 242 490 809 949 500 452 680 385
99 656 223 759 550 129 719 219 463 210 73 544 318 497 636 554 358 590 784 691 896 398 529 459 396 288 382 544 634 116 127 502 288 335 743 589 299 441 256 600 813 263 685 259 614 423 158 311 495 307 494 347 286 552 808 127 305 224 428 133 614 206 25 296 205 513 795 27 595 416 620 743 160 43 918 771 530 100 108 269 0 803 438 445 381 330 400 123 591 388 256 909 100 390 219 612 59 700 334 572 535 470 435 218 688 806 221 241 88 737 648 696 468 694 537 602
704 169 815 606 758 744 1494 587 1266 623 741 1137 1098 749 295 1327 829 1080 168 1427 842 1164 319 470 982 886 441 924 1373 815 838 983 1068 972 1069 698 510 567 1015 366 90 902 1348 1056 756 782 682 510 562 662 1294 501 816 668 1049 679 945 979 397 935 989 1010 809 614 1005 290 100 819 609 806 577 358 780 769 471 136 1333 729 695 1001 803 0 403 385 742 567 876 697 863 425 742 432 706 1009 995 1009 863 1499 1098 258 852 346 1155 781 1332 557 987 657 774 1488 227 342 1227 1452 1161 1383
346 236 530 431 418 423 1156 224 886 234 392 892 754 615 199 990 432 697 349 1116 645 767 92 111 728 483 221 760 970 424 445 778 676 693 949 632 215 201 682 180 389 499 947 672 685 600 293 239 472 261 931 100 559 347 969 331 662 647 220 560 627 640 450 378 643 157 369 447 325 420 318 517 473 397 505 424 962 391 337 681 438 403 0 229 352 164 657 361 744 192 339 674 354 742 605 642 494 1137 702 146 491 201 847 499 932 676 594 255 438 1168 345 271 828 1127 761 1040
347 283 430 653 635 365 1110 254 905 316 376 761 719 415 358 945 595 872 429 1041 874 834 248 339 602 609 62 578 1062 489 512 619 729 588 752 411 147 420 634 378 423 612 1075 704 467 422 364 134 250 426 921 263 433 572 760 318 561 598 17 578 825 647 445 230 637 129 410 466 554 604 547 324 397 418 676 328 965 358 340 617 445 385 229 0 536 337 504 327 542 64 476 491 345 626 656 836 504 1124 768 239 694 45 769 396 1068 456 653 382 400 1103 203 446 902 1067 899 1001
361 572 588 427 169 468 1027 327 687 258 398 925 656 805 470 875 95 344 645 1035 521 514 424 272 775 195 495 898 670 280 285 873 459 716 1099 865 427 179 620 404 708 231 612 489 907 753 257 459 724 113 770 276 644 194 1149 376 686 594 521 430 289 503 406 552 526 507 687 367 261 68 299 855 519 344 650 777 779 421 357 642 381 742 352 536 0 200 761 411 921 476 125 1018 376 771 407 300 404 961 460 486 170 527 801 571 592 990 388 179 448 1067 694 484 558 1022 424 910
260 399 483 438 309 362 1044 168 747 125 308 844 646 646 330 881 270 542 498 1022 609 613 250 132 683 319 300 764 809 283 302 759 528 636 963 691 243 122 586 280 548 337 782 534 737 608 171 275 541 97 804 76 527 267 1000 259 604 554 322 434 487 515 349 391 524 311 527 331 285 268 301 654 416 286 589 586 829 319 253 595 330 567 164 337 200 0 640 297 770 279 175 818 273 689 460 499 378 1008 549 309 358 327 763 458 768 793 447 102 361 1067 496 375 670 1024 597 926
400 787 177 1070 922 292 699 472 653 522 364 262 403 189 840 553 755 989 933 590 1248 705 722 734 126 689 464 145 937 517 527 120 603 164 342 306 442 762 325 837 925 662 1036 542 295 108 505 420 338 664 602 610 117 903 410 389 163 309 498 452 1014 457 376 283 423 630 913 424 925 807 938 645 244 426 1159 784 665 340 405 281 400 876 657 504 761 640 0 351 215 491 640 776 385 164 559 1013 413 770 657 733 925 550 347 190 1048 602 571 590 318 663 657 923 772 637 916 613
53 559 186 735 571 65 803 140 578 173 50 547 402 405 560 636 417 675 695 755 900 521 446 409 386 373 264 486 757 208 227 467 412 340 687 485 186 418 324 537 715 358 801 380 517 344 154 192 378 312 596 286 235 553 739 38 308 288 311 254 677 320 118 178 310 408 698 148 581 462 598 619 119 112 862 655 638 32 55 319 123 697 361 327 411 297 351 0 513 274 295 785 38 392 342 680 179 802 457 480 578 356 485 163 802 686 343 239 78 809 530 631 592 769 645 689
566 814 373 1174 1072 468 871 604 866 667 541 382 615 128 900 741 931 1181 956 743 1374 920 787 838 318 878 525 105 1152 705 718 210 816 374 210 173 538 887 540 913 929 855 1248 757 126 170 665 508 304 815 808 723 310 1037 230 547 377 524 542 660 1191 672 569 379 638 670 921 617 1046 975 1051 563 430 609 1219 748 872 512 569 495 591 863 744 542 921 770 215 513 0 554 808 658 552 357 768 1193 614 962 870 781 1090 587 536 373 1259 459 780 743 503 819 635 988 987 801 1121 800
289 302 396 624 582 318 1068 191 850 252 321 742 672 426 351 902 532 810 447 1006 837 773 234 297 579 545 29 579 999 426 449 610 668 558 762 439 88 370 589 359 453 547 1011 646 493 420 300 84 280 364 870 207 408 523 778 261 529 553 47 521 765 592 389 208 584 144 437 407 512 543 510 388 356 359 672 383 913 305 281 576 388 425 192 64 476 279 491 274 554 0 412 556 288 600 596 776 447 1075 707 241 637 82 733 362 1004 514 592 318 349 1066 262 437 840 1028 835 957
242 574 465 529 294 348 920 236 595 165 276 800 539 696 500 763 127 402 671 919 644 444 426 295 651 143 425 779 633 158 167 750 370 591 981 765 347 231 497 443 723 162 610 388 803 639 144 376 634 87 667 243 523 306 1035 261 561 470 459 313 384 389 281 450 409 477 702 242 361 167 393 800 396 219 727 755 683 301 239 518 256 742 339 476 125 175 640 295 808 412 0 967 257 646 307 389 281 865 383 485 285 477 679 450 599 917 291 94 325 955 656 534 498 909 428 802
819 529 807 1010 1090 799 1472 744 1345 808 835 1020 1123 593 675 1318 1084 1359 598 1366 1248 1307 632 778 902 1101 547 752 1541 972 995 845 1198 923 825 489 632 875 1033 736 523 1102 1565 1162 531 667 853 609 450 912 1334 741 775 1012 768 788 907 1002 509 1037 1300 1093 901 623 1074 516 532 933 970 1086 949 168 809 891 904 305 1388 810 813 1002 909 432 674 491 1018 818 776 785 658 556 967 0 813 938 1128 1315 963 1524 1242 578 1165 491 1117 779 1559 206 1127 873 842 1439 329 747 1377 1412 1391 1378
15 562 215 711 537 93 803 130 562 147 38 571 401 444 553 636 379 636 695 763 870 494 442 392 412 335 282 522 728 171 191 499 386 362 723 523 200 393 327 525 719 320 766 359 556 381 119 211 413 280 588 271 268 523 777 27 330 292 328 233 639 304 102 215 299 415 701 121 555 424 574 646 146 78 849 671 627 47 20 328 100 706 354 345 376 273 385 38 552 288 257 813 0 416 315 641 159 794 429 481 542 371 496 195 766 719 314 206 88 814 548 620 563 773 608 688
429 903 211 1127 940 327 535 531 517 564 384 155 269 354 936 390 745 947 1048 431 1282 604 817 801 39 659 577 260 823 500 503 164 513 55 414 469 534 809 212 921 1049 626 942 448 454 271 530 520 495 690 451 676 193 936 505 430 86 213 617 390 993 367 365 396 330 744 1036 406 971 806 990 802 273 428 1247 927 515 369 437 167 390 1009 742 626 771 689 164 392 357 600 646 938 416 0 486 988 378 608 566 839 924 669 183 243 960 766 503 619 330 501 798 1013 665 474 846 450
310 837 397 832 564 341 621 411 288 373 292 617 278 692 789 473 336 468 953 641 916 179 697 591 508 224 594 702 415 181 159 635 72 438 888 793 509 539 281 740 993 185 480 82 811 609 313 525 712 392 362 505 459 601 967 340 417 273 639 108 539 125 230 514 160 708 974 194 664 406 699 961 353 238 1035 977 375 319 317 321 219 995 605 656 407 460 559 342 768 596 307 1128 315 486 0 528 169 557 114 749 508 677 441 406 490 1024 20 358 296 666 858 834 249 620 361 505
627 843 835 535 257 726 1111 620 739 549 653 1132 807 1084 719 984 263 113 887 1158 484 536 702 546 1001 328 795 1156 580 496 488 1114 543 935 1356 1154 725 447 800 647 961 362 446 600 1192 1023 533 756 1020 413 849 575 897 349 1416 648 907 784 821 603 25 651 637 839 684 800 939 590 423 233 464 1153 769 587 799 1061 835 681 625 835 612 1009 642 836 300 499 1013 680 1193 776 389 1315 641 988 528 0 611 1005 514 764 156 826 969 826 412 1290 508 471 695 1172 988 704 543 1126 295 1003
159 714 240 799 574 171 667 277 403 263 129 527 268 528 691 502 368 578 842 646 925 345 586 509 389 282 441 558 583 124 125 505 235 324 753 626 359 483 217 653 872 251 645 200 647 449 207 370 543 343 436 401 304 585 823 186 296 189 488 74 615 147 62 346 148 572 853 47 633 431 660 798 188 97 968 831 471 152 167 238 59 863 494 504 404 378 413 179 614 447 281 963 159 378 169 611 0 643 283 630 548 530 398 243 651 855 174 283 127 689 707 749 416 645 507 549
798 1356 719 1388 1109 759 163 919 275 903 758 607 406 959 1331 221 881 908 1485 308 1452 470 1229 1141 648 769 1063 859 506 725 707 754 501 608 959 1076 988 1095 495 1288 1514 731 691 477 1063 872 845 992 1073 949 206 1041 749 1155 1063 821 619 529 1109 576 1024 497 692 917 495 1209 1495 689 1221 950 1256 1373 731 740 1592 1452 182 770 807 522 700 1499 1137 1124 961 1008 770 802 962 1075 865 1524 794 608 557 1005 643 0 508 1272 1036 1157 425 749 729 1367 574 907 725 260 1323 1384 464 233 729 165
424 937 503 887 602 454 599 519 233 475 407 683 324 800 879 471 375 433 1047 646 944 66 794 677 593 265 706 798 300 283 260 723 54 523 977 903 620 613 354 825 1092 230 379 118 919 715 417 637 826 471 336 601 564 653 1061 454 506 356 751 217 529 201 344 629 237 814 1072 309 722 443 760 1075 464 351 1106 1086 329 434 430 399 334 1098 702 768 460 549 657 457 870 707 383 1242 429 566 114 514 283 508 0 848 528 787 488 515 394 1138 115 449 410 658 969 917 134 612 290 489
475 89 630 447 521 537 1283 353 1027 376 518 982 881 654 122 1116 572 828 214 1233 681 913 62 217 819 628 268 816 1117 568 590 851 821 794 991 644 305 317 805 163 244 645 1090 814 702 658 436 318 484 404 1066 246 648 438 996 455 764 769 240 699 746 777 581 450 777 110 225 584 392 552 371 438 582 533 437 298 1101 512 466 798 572 258 146 239 486 309 733 480 781 241 485 578 481 839 749 764 630 1272 848 0 608 194 961 597 1074 621 739 402 559 1289 253 211 974 1249 904 1168
527 686 750 405 107 633 1123 497 761 428 561 1075 779 975 562 981 180 242 731 1149 416 567 547 392 931 284 658 1064 667 424 423 1034 544 869 1266 1035 594 292 756 490 805 324 564 588 1077 921 425 626 893 282 860 431 808 197 1318 544 839 734 680 559 137 622 560 723 650 649 783 517 273 118 316 1006 681 501 662 906 857 586 523 784 535 852 491 694 170 358 925 578 1090 637 285 1165 542 924 508 156 548 1036 528 608 0 681 933 735 535 1151 488 349 609 1173 837 550 593 1127 388 1009
371 237 470 617 616 399 1148 268 933 324 403 806 753 460 314 981 592 867 383 1082 841 853 208 312 646 615 95 624 1077 505 528 665 750 630 797 452 171 399 669 338 379 620 1083 728 509 468 375 165 291 420 952 251 476 548 803 343 602 634 52 604 813 675 472 273 666 83 366 489 525 595 516 327 434 441 632 301 995 388 363 655 470 346 201 45 527 327 550 356 587 82 477 491 371 669 677 826 530 1157 787 194 681 0 809 436 1074 475 672 383 431 1143 183 403 920 1106 904 1037
507 1034 339 1194 970 425 355 624 374 639 459 213 165 537 1046 206 753 909 1175 272 1322 508 931 887 223 652 714 435 699 521 515 331 442 194 557 653 656 876 181 1021 1186 614 842 378 638 453 592 649 669 741 285 768 349 983 657 517 214 210 757 374 979 317 414 543 285 877 1171 440 1030 821 1055 976 379 478 1345 1085 350 456 515 168 435 1155 847 769 801 763 347 485 536 733 679 1117 496 183 441 969 398 425 488 961 933 809 0 373 866 949 461 676 409 334 954 1116 557 300 779 266
211 665 33 894 733 102 719 293 570 336 174 393 344 285 693 555 566 808 808 645 1063 572 575 562 229 505 341 330 811 333 345 304 463 196 530 388 292 580 255 679 815 482 886 411 405 206 315 280 333 475 555 437 72 716 590 201 167 223 384 299 826 331 195 170 305 506 800 244 743 617 759 625 57 239 1005 713 608 150 216 228 218 781 499 396 571 458 190 163 373 362 450 779 195 243 406 826 243 749 515 597 735 436 373 0 894 642 415 402 131 707 582 770 642 672 751 613
756 1162 887 938 641 818 871 815 522 751 756 1070 708 1180 1062 794 502 300 1237 966 893 359 1012 864 987 459 1012 1191 225 596 575 1117 448 917 1371 1277 928 772 748 995 1301 457 41 512 1299 1099 706 952 1180 671 642 840 950 727 1454 786 900 750 1051 598 438 595 706 981 631 1076 1279 661 805 534 848 1391 839 689 1198 1353 600 786 760 793 688 1332 932 1068 592 768 1048 802 1259 1004 599 1559 766 960 490 412 651 729 394 1074 535 1074 866 894 0 1485 480 692 775 954 1254 1069 310 912 170 789
729 600 666 1068 1091 684 1301 681 1212 751 734 833 976 413 736 1154 1041 1318 705 1187 1302 1200 662 787 728 1037 495 559 1439 889 910 657 1090 759 619 300 569 874 888 784 644 1031 1486 1046 333 495 785 540 312 877 1186 719 623 1023 561 698 747 860 470 924 1279 970 794 509 946 530 647 833 997 1057 983 199 682 798 1010 420 1244 706 725 852 806 557 676 456 990 793 602 686 459 514 917 206 719 766 1024 1290 855 1367 1138 621 1151 475 949 642 1485 0 1027 825 728 1261 375 819 1271 1238 1323 1214
308 828 407 814 545 345 640 405 303 364 294 635 298 701 777 493 316 449 942 661 897 181 687 578 524 204 591 715 413 171 149 650 81 454 903 800 505 523 299 727 984 165 471 101 820 619 305 522 716 377 381 494 470 583 981 339 432 290 636 119 519 144 233 517 179 701 964 195 647 386 682 960 361 236 1019 972 392 321 315 339 221 987 594 653 388 447 571 343 780 592 291 1127 314 503 20 508 174 574 115 739 488 672 461 415 480 1027 0 345 301 686 854 820 249 640 346 524
191 491 422 517 332 300 947 149 645 78 235 774 552 625 431 784 215 493 598 930 664 513 346 234 617 234 332 723 716 181 200 706 427 564 925 686 256 200 497 382 644 245 702 432 727 575 88 286 548 73 704 155 474 317 972 201 532 466 365 335 464 415 263 373 427 385 623 237 354 239 379 706 353 198 687 663 728 253 186 510 241 657 255 382 179 102 590 239 743 318 94 873 206 619 358 471 283 907 449 402 349 383 676 402 692 825 345 0 288 972 562 477 573 928 521 828
100 637 141 798 614 44 724 215 509 235 53 486 324 408 638 557 437 677 774 677 952 472 524 480 329 374 338 460 710 201 215 425 361 276 660 502 263 479 245 611 794 351 770 321 526 334 200 266 416 360 521 358 201 606 722 107 244 209 384 196 696 252 69 220 238 486 776 115 640 490 660 679 74 108 936 728 565 46 108 242 88 774 438 400 448 361 318 78 503 349 325 842 88 330 296 695 127 725 410 559 609 431 409 131 775 728 301 288 0 731 601 706 542 690 626 610
822 1364 674 1483 1230 752 96 944 443 948 776 438 420 849 1368 192 1002 1089 1503 76 1583 643 1255 1197 537 891 1047 714 741 799 787 609 632 524 769 961 986 1171 486 1337 1518 851 920 585 936 771 895 981 996 1028 325 1082 682 1259 874 837 547 521 1091 642 1188 565 721 877 547 1208 1502 736 1316 1072 1346 1304 710 781 1656 1419 355 777 831 490 737 1488 1168 1103 1067 1067 663 809 819 1066 955 1439 814 501 666 1172 689 260 658 1289 1173 1143 334 707 954 1261 686 972 731 0 1288 1433 660 46 923 170
550 225 616 697 760 564 1302 451 1108 506 579 919 916 522 363 1137 766 1038 341 1223 934 1035 304 449 769 795 266 697 1260 688 711 760 931 765 841 472 349 545 829 416 298 802 1264 907 530 559 558 337 335 592 1120 420 607 682 824 521 741 794 219 782 972 850 648 412 839 188 294 669 643 762 624 184 592 621 640 130 1166 560 543 809 648 227 345 203 694 496 657 530 635 262 656 329 548 798 858 988 707 1323 969 253 837 183 954 582 1254 375 854 562 601 1288 0 444 1103 1254 1084 1195
611 221 801 264 446 694 1416 491 1122 486 658 1163 1015 860 88 1250 579 790 189 1383 503 978 202 243 998 665 466 1016 1153 659 677 1043 901 964 1197 855 482 308 947 96 271 693 1092 909 912 857 541 502 694 446 1180 350 828 354 1206 598 933 913 445 809 681 889 711 640 897 320 252 701 283 536 245 627 744 653 236 444 1205 660 602 949 696 342 271 446 484 375 923 631 988 437 534 747 620 1013 834 704 749 1384 917 211 550 403 1116 770 1069 819 820 477 706 1433 444 0 1030 1391 905 1298
558 1064 627 977 680 587 585 652 218 605 541 764 403 924 998 489 466 444 1169 664 1006 70 919 794 695 366 841 909 168 415 392 827 181 627 1079 1030 755 723 454 941 1217 337 285 231 1043 838 548 772 958 586 339 727 686 742 1167 589 614 464 885 347 563 315 477 762 348 945 1196 443 816 528 856 1210 593 486 1208 1218 306 568 564 500 468 1227 828 902 558 670 772 592 987 840 498 1377 563 665 249 543 416 464 134 974 593 920 557 642 310 1271 249 573 542 660 1103 1030 0 616 266 491
781 1326 639 1438 1184 713 78 903 398 905 734 423 377 825 1326 146 956 1043 1464 76 1537 598 1215 1154 510 845 1010 696 701 754 742 591 586 493 763 938 948 1127 445 1295 1480 805 878 539 915 745 852 943 967 984 279 1040 650 1214 868 796 515 480 1055 597 1142 520 679 842 502 1170 1464 692 1271 1026 1301 1275 672 738 1613 1385 312 737 789 452 694 1452 1127 1067 1022 1024 637 769 801 1028 909 1412 773 474 620 1126 645 233 612 1249 1127 1106 300 672 912 1238 640 928 690 46 1254 1391 616 0 879 125
597 992 748 793 491 667 852 648 480 583 602 970 614 1034 895 745 333 185 1070 922 777 283 842 695 869 290 844 1061 285 437 417 996 338 799 1249 1126 761 604 637 828 1132 291 187 404 1152 957 540 786 1021 500 599 669 811 571 1326 626 778 633 882 465 319 479 557 823 516 905 1111 510 650 369 692 1223 694 533 1046 1182 572 632 600 680 537 1161 761 899 424 597 916 645 1121 835 428 1391 608 846 361 295 507 729 290 904 388 904 779 751 170 1323 346 521 626 923 1084 905 266 879 0 753
694 1248 581 1332 1070 639 118 817 273 812 650 442 287 803 1238 60 841 918 1383 179 1421 473 1130 1058 489 729 942 697 581 650 636 591 466 456 794 920 873 1025 367 1202 1405 689 756 423 904 719 757 872 928 880 155 949 604 1104 898 713 471 403 987 493 1019 414 589 784 401 1096 1387 597 1163 911 1195 1232 603 645 1516 1325 189 657 703 385 602 1383 1040 1001 910 926 613 689 800 957 802 1378 688 450 505 1003 549 165 489 1168 1009 1037 266 613 789 1214 524 828 610 170 1195 1298 491 125 753 0
