0 1477 1481 970 1721 1481 46 153 1280 1537 1128 503 1572 1401 396 390
1477 0 2861 853 3013 724 1489 1581 2445 2365 2461 1770 2902 2816 1840 1841
1481 2861 0 2110 1817 2962 1493 1460 1865 1211 409 1091 1647 1296 1300 1093
970 853 2110 0 2687 1330 1004 1118 2210 1512 1700 1051 2541 2364 1364 1227
1721 3013 1817 2687 0 2664 1684 1570 603 2764 1850 1885 178 523 1337 1581
1481 724 2962 1330 2664 0 1470 1520 2063 2754 2599 1920 2587 2588 1740 1870
46 1489 1493 1004 1684 1470 0 114 1237 1578 1148 538 1536 1373 367 400
153 1581 1460 1118 1570 1520 114 0 1127 1633 1134 578 1423 1265 262 376
1280 2445 1865 2210 603 2063 1237 1127 0 2576 1763 1575 560 733 952 1264
1537 2365 1211 1512 2764 2754 1578 1633 2576 0 950 1058 2586 2263 1672 1340
1128 2461 409 1700 1850 2599 1148 1134 1763 950 0 695 1672 1335 1026 758
503 1770 1091 1051 1885 1920 538 578 1575 1058 695 0 1714 1455 631 312
1572 2902 1647 2541 178 2587 1536 1423 560 2586 1672 1714 0 351 1183 1413
1401 2816 1296 2364 523 2588 1373 1265 733 2263 1335 1455 351 0 1006 1174
396 1840 1300 1364 1337 1740 367 262 952 1672 1026 631 1183 1006 0 332
390 1841 1093 1227 1581 1870 400 376 1264 1340 758 312 1413 1174 332 0
