0 1241 729 1458 1355 128 1048 1569 1181 973 900 333 1601 744 1204 1495
1241 0 1773 1533 2377 1112 324 2795 805 2097 1258 1574 2413 1670 1579 2360
729 1773 0 1233 1660 811 1671 1133 1361 336 1613 619 2049 1286 1884 1919
1458 1533 1233 0 2766 1416 1671 2308 732 1504 2215 1629 3058 2203 2568 2947
1355 2377 1660 2766 0 1446 2080 1465 2529 1605 1234 1137 497 706 1130 364
128 1112 811 1416 1446 0 924 1695 1083 1077 865 462 1662 802 1190 1562
1048 324 1671 1671 2080 924 0 2618 982 1975 935 1370 2094 1377 1255 2046
1569 2795 1133 2308 1465 1695 2618 0 2490 812 2186 1252 1963 1615 2303 1828
1181 805 1361 732 2529 1083 982 2490 0 1695 1699 1467 2714 1867 2057 2626
973 2097 336 1504 1605 1077 1975 812 1695 0 1802 759 2045 1377 2031 1908
900 1258 1613 2215 1234 865 935 2186 1699 1802 0 1043 1166 609 359 1131
333 1574 619 1629 1137 462 1370 1252 1467 759 1043 0 1465 668 1280 1343
1601 2413 2049 3058 497 1662 2094 1963 2714 2045 1166 1465 0 859 927 138
744 1670 1286 2203 706 802 1377 1615 1867 1377 609 668 859 0 691 761
1204 1579 1884 2568 1130 1190 1255 2303 2057 2031 359 1280 927 691 0 930
1495 2360 1919 2947 364 1562 2046 1828 2626 1908 1131 1343 138 761 930 0
