0 740 594 175 1077 1366 449 1445 306 604 982 1310 1520 360 159 208
740 0 1195 746 1631 1455 1183 1411 437 183 1684 2050 1060 999 735 850
594 1195 0 478 482 1911 389 1202 836 1018 1029 1085 1606 777 738 392
175 746 478 0 952 1538 461 1274 358 582 1078 1342 1403 518 333 104
1077 1631 482 952 0 2371 795 1196 1307 1448 1290 1125 1819 1228 1219 873
1366 1455 1911 1538 2371 0 1582 2740 1319 1514 1451 1998 2515 1142 1206 1567
449 1183 389 461 795 1582 0 1554 755 1033 674 880 1833 443 526 363
1445 1411 1202 1274 1196 2740 1554 0 1420 1276 2223 2252 841 1790 1591 1300
306 437 836 358 1307 1319 755 1420 0 325 1254 1613 1328 578 307 452
604 183 1018 582 1448 1514 1033 1276 325 0 1575 1909 1034 903 632 687
982 1684 1029 1078 1290 1451 674 2223 1254 1575 0 547 2481 689 949 1000
1310 2050 1085 1342 1125 1998 880 2252 1613 1909 547 0 2680 1120 1336 1242
1520 1060 1606 1403 1819 2515 1833 841 1328 1034 2481 2680 0 1873 1610 1482
360 999 777 518 1228 1142 443 1790 578 903 689 1120 1873 0 271 493
159 735 738 333 1219 1206 526 1591 307 632 949 1336 1610 271 0 364
208 850 392 104 873 1567 363 1300 452 687 1000 1242 1482 493 364 0
