0 676 413 991 1430 1605 1438 1465 1392 510 794 633 1461 1610 629 592
676 0 818 554 2055 2135 965 1416 1626 622 1429 1259 1973 1663 1156 1265
413 818 0 1282 1266 1904 1278 1092 979 904 678 902 1157 2023 343 647
991 554 1282 0 2418 2057 1398 1968 2167 598 1783 1390 2428 1236 1590 1550
1430 2055 1266 2418 0 1799 2460 1872 1313 1873 636 1227 549 2690 926 891
1605 2135 1904 2057 1799 0 3032 2986 2695 1537 1561 1001 2250 1409 1831 1339
1438 965 1278 1398 2460 3032 0 933 1471 1579 1943 2071 2159 2608 1567 1916
1465 1416 1092 1968 1872 2986 933 0 626 1856 1548 1989 1435 3002 1188 1670
1392 1626 979 2167 1313 2695 1471 626 0 1878 1147 1750 827 3002 880 1360
510 622 904 598 1873 1537 1579 1856 1878 0 1248 791 1963 1148 1138 985
794 1429 678 1783 636 1561 1943 1548 1147 1248 0 714 782 2160 383 303
633 1259 902 1390 1227 1001 2071 1989 1750 791 714 0 1495 1467 870 417
1461 1973 1157 2428 549 2250 2159 1435 827 1963 782 1495 0 2940 839 1085
1610 1663 2023 1236 2690 1409 2608 3002 3002 1148 2160 1467 2940 0 2189 1856
629 1156 343 1590 926 1831 1567 1188 880 1138 383 870 839 2189 0 493
592 1265 647 1550 891 1339 1916 1670 1360 985 303 417 1085 1856 493 0
