0 193 446 548 349 59 79 635 220 701 788 743 33 860 505 374 155 80 112 332 477 23 78 268 774 232 538 482 276 310 548 248 202 813 374 72 863 122 360 184 452 297 582 39 283 234 613 646 508 444 253 536 604 93 489 843 564 617 175 64 31 848 213 612 105 440 825 86 327 785 484 792 644 864 681 255 420 776
193 0 256 372 262 249 238 449 410 893 748 937 226 805 689 298 141 255 110 463 590 180 270 460 822 358 518 618 411 466 415 305 236 827 395 121 1057 109 477 357 268 200 427 227 421 68 593 815 441 483 81 376 688 210 453 664 744 632 203 138 224 926 395 609 254 517 915 250 468 870 645 602 831 677 822 435 406 911
446 256 0 263 283 498 475 273 653 1148 831 1185 478 864 921 420 377 512 364 706 819 429 521 714 888 604 650 859 609 717 406 528 404 966 493 375 1306 337 713 614 173 342 239 482 621 249 600 1068 531 580 196 189 807 437 466 416 1000 784 435 385 478 1021 632 747 510 729 1119 506 714 978 896 394 1087 478 997 691 561 1146
548 372 263 0 527 607 607 113 768 1212 613 1276 581 630 1053 306 414 584 437 693 766 541 624 789 1137 610 489 828 783 730 174 502 595 785 724 478 1392 481 683 664 109 292 486 573 793 315 859 1067 352 814 368 442 1035 582 722 555 1025 630 446 505 575 1261 760 582 564 654 1004 572 711 1213 895 271 1126 327 1192 741 441 1088
349 262 283 527 0 373 327 556 488 996 1004 1004 367 1056 711 555 391 430 342 679 819 326 398 587 610 575 780 831 378 660 631 552 188 1089 212 309 1126 234 702 532 420 457 268 387 390 319 343 989 694 297 196 238 524 283 201 556 898 893 451 290 376 738 453 871 451 763 1159 434 675 694 832 673 965 758 730 596 668 1125
59 249 498 607 373 0 52 694 161 651 830 688 27 905 445 427 211 83 172 330 478 69 25 221 744 239 579 472 230 295 606 280 204 841 363 130 808 164 363 164 512 354 618 49 236 293 606 616 558 424 302 575 566 91 491 887 527 648 222 113 39 810 153 647 121 456 829 97 319 745 461 850 601 923 627 223 462 761
79 238 475 607 327 52 0 688 178 682 867 710 65 940 451 452 232 133 183 382 530 72 74 260 698 291 617 524 197 347 621 323 152 887 311 131 831 138 415 216 507 372 579 93 205 292 554 662 588 374 279 538 524 44 439 853 570 693 255 102 79 769 157 689 169 506 882 145 372 706 510 840 640 916 605 271 499 813
635 449 273 113 556 694 688 0 856 1314 702 1373 669 709 1138 420 512 679 528 804 879 626 713 887 1162 717 598 941 852 837 273 612 654 886 764 563 1490 554 795 765 182 401 457 664 863 401 869 1178 460 851 426 421 1077 658 739 469 1133 738 550 586 664 1294 844 689 662 768 1116 669 820 1251 1005 161 1232 228 1254 843 554 1202
220 410 653 768 488 161 178 856 0 508 932 531 187 1013 286 566 363 197 330 347 487 230 143 124 714 297 682 453 188 285 757 383 301 908 408 292 653 316 390 186 673 505 750 196 185 454 647 530 686 439 457 711 515 219 557 1028 425 726 358 272 193 749 43 735 232 505 832 213 326 679 404 1012 479 1084 509 183 573 717
701 893 1148 1212 996 651 682 1314 508 0 1149 138 670 1240 358 943 802 640 793 553 581 718 627 433 1049 609 943 494 645 495 1149 725 808 1021 884 772 201 815 584 548 1134 921 1259 665 636 921 1097 299 1014 884 953 1219 846 725 1037 1535 233 907 766 763 669 1007 542 945 652 685 771 648 528 940 384 1475 132 1539 658 470 875 538
788 748 831 613 1004 830 867 702 932 1149 0 1265 806 90 1179 449 651 753 708 630 568 801 827 866 1554 638 251 655 1060 702 439 553 960 229 1134 762 1351 823 588 749 662 548 1071 780 1066 685 1342 887 309 1216 808 1020 1392 876 1201 1167 916 242 613 798 792 1637 954 207 713 471 564 737 658 1573 765 803 1024 801 1442 787 368 764
743 937 1185 1276 1004 688 710 1373 531 138 1265 0 710 1355 310 1024 862 693 845 651 699 757 666 486 976 691 1048 614 634 586 1230 807 818 1148 866 816 122 848 686 614 1190 991 1271 711 623 973 1061 435 1108 853 989 1236 781 750 1018 1555 359 1023 834 801 712 917 557 1058 712 795 907 704 624 853 503 1532 267 1600 563 540 971 676
33 226 478 581 367 27 65 669 187 670 806 710 0 880 472 400 183 69 144 323 469 48 44 237 763 227 555 469 255 294 579 259 208 822 374 106 830 148 354 165 486 326 607 27 261 267 616 623 531 439 283 562 588 94 496 871 538 628 196 93 13 832 181 625 104 441 820 80 314 768 464 825 616 897 655 230 438 761
860 805 864 630 1056 905 940 709 1013 1240 90 1355 880 0 1265 507 718 830 774 718 659 872 903 952 1620 722 331 746 1135 790 461 631 1025 297 1197 830 1442 887 677 832 692 605 1103 855 1141 740 1397 977 364 1281 860 1054 1463 946 1256 1178 1007 333 685 866 867 1707 1034 297 791 561 642 814 746 1645 856 794 1115 782 1522 872 443 850
505 689 921 1053 711 445 451 1138 286 358 1179 310 472 1265 0 847 649 481 617 553 661 513 429 313 692 545 936 595 333 480 1042 649 530 1117 559 575 427 588 597 439 956 790 979 483 322 738 751 541 959 543 727 948 488 484 709 1267 426 953 640 551 479 662 294 974 512 719 962 496 526 593 501 1292 409 1367 331 392 835 780
374 298 420 306 555 427 452 420 566 943 449 1024 400 507 847 0 220 369 274 400 460 380 433 548 1114 333 233 525 649 448 206 217 519 549 689 330 1133 380 384 416 283 98 653 380 657 236 892 770 143 774 359 600 964 449 751 815 739 364 208 366 388 1207 574 329 335 348 711 353 421 1147 600 575 845 621 1055 484 144 781
155 141 377 414 391 211 232 512 363 802 651 862 183 718 649 220 0 170 57 329 450 160 222 375 903 226 407 483 429 341 395 164 309 704 485 112 978 175 339 253 332 143 567 167 437 129 706 692 359 566 222 515 746 229 570 793 631 507 62 148 173 990 363 491 150 377 775 158 336 929 519 673 725 738 836 331 289 773
80 255 512 584 430 83 133 679 197 640 753 693 69 830 481 369 170 0 152 254 400 104 74 208 827 158 502 402 309 229 560 201 277 758 443 138 811 201 284 105 497 309 660 44 313 281 685 568 492 507 324 613 647 164 565 915 490 566 160 142 57 891 207 566 39 373 750 16 247 825 404 839 575 907 694 180 387 695
112 110 364 437 342 172 183 528 330 793 708 845 144 774 617 274 57 152 0 354 484 111 187 361 846 249 464 509 378 355 438 209 252 759 428 56 963 118 370 250 345 189 535 135 387 128 650 705 414 508 188 485 690 175 516 775 636 562 109 92 137 934 325 547 146 421 818 145 358 873 535 687 725 757 788 328 346 803
332 463 706 693 679 330 382 804 347 553 630 651 323 718 553 400 329 254 354 0 148 356 311 249 1054 105 399 155 522 73 605 191 531 568 693 371 751 444 44 173 637 403 889 298 522 457 937 374 460 750 543 839 860 417 819 1122 339 399 271 388 311 1096 383 422 228 165 500 246 28 1027 201 964 446 1017 843 170 321 449
477 590 819 766 819 478 530 879 487 581 568 699 469 659 661 460 450 400 484 148 0 500 459 378 1199 244 376 87 667 202 648 290 678 460 841 509 783 584 116 320 726 491 1017 444 667 572 1084 334 476 898 671 965 1002 564 966 1235 348 325 387 529 457 1236 525 364 371 119 352 391 163 1166 197 1035 456 1079 968 304 342 328
23 180 429 541 326 69 72 626 230 718 801 757 48 872 513 380 160 104 111 356 500 0 91 286 757 255 553 506 269 334 549 266 180 831 354 63 877 100 383 207 443 300 560 61 276 226 591 669 517 426 235 514 590 75 466 823 586 635 188 44 52 835 218 628 128 462 848 109 350 773 507 781 664 854 677 277 434 799
78 270 521 624 398 25 74 713 143 627 827 666 44 903 429 433 222 74 187 311 459 91 0 196 756 224 576 450 234 273 617 275 227 832 382 150 786 188 346 142 530 365 644 54 239 311 626 591 561 440 326 600 573 115 513 912 502 640 226 136 49 817 142 641 114 442 811 90 299 751 436 870 576 942 623 198 460 739
268 460 714 789 587 221 260 887 124 433 866 486 237 952 313 548 375 208 361 249 378 286 196 0 834 232 623 334 312 179 751 340 405 817 528 339 603 385 294 132 705 506 839 232 309 489 769 410 651 563 521 797 632 305 675 1108 311 645 349 331 236 860 167 663 225 414 715 218 224 790 280 1047 380 1114 593 80 524 593
774 822 888 1137 610 744 698 1162 714 1049 1554 976 763 1620 692 1114 903 827 846 1054 1199 757 756 834 0 979 1309 1167 531 998 1229 1021 595 1585 426 791 1073 733 1093 881 1030 1018 764 790 531 890 312 1205 1257 339 785 773 208 682 424 1011 1089 1391 944 756 777 160 674 1385 866 1197 1547 842 1035 167 1110 1263 1096 1349 431 897 1190 1421
232 358 604 610 575 239 291 717 297 609 638 691 227 722 545 333 226 158 249 105 244 255 224 232 979 0 392 260 451 119 540 116 434 614 601 266 799 340 127 111 545 317 784 201 454 355 843 467 421 664 438 734 792 322 722 1019 415 429 172 285 215 1034 324 439 127 218 593 147 110 966 293 879 516 937 806 157 291 554
538 518 650 489 780 579 617 598 682 943 251 1048 555 331 936 233 407 502 464 399 376 553 576 623 1309 392 0 461 809 468 328 301 717 316 893 518 1143 582 361 501 499 326 886 529 814 462 1110 710 137 973 587 833 1142 628 971 1031 716 140 365 553 541 1387 703 97 462 260 522 486 426 1323 563 735 825 760 1191 545 118 650
482 618 859 828 831 472 524 941 453 494 655 614 469 746 595 525 483 402 509 155 87 506 450 334 1167 260 461 0 639 177 721 335 676 538 830 525 696 597 147 307 780 545 1044 446 637 610 1075 251 555 880 698 994 966 562 963 1276 261 412 423 540 458 1194 494 451 380 201 381 396 155 1124 111 1099 369 1147 911 271 418 294
276 411 609 783 378 230 197 852 188 645 1060 634 255 1135 333 649 429 309 378 522 667 269 234 312 531 451 809 639 0 467 814 510 205 1064 238 324 755 302 562 350 677 567 646 280 11 474 465 713 785 254 425 616 341 205 392 935 604 874 451 289 268 583 146 875 348 669 1016 324 503 516 593 996 643 1076 412 368 692 906
310 466 717 730 660 295 347 837 285 495 702 586 294 790 480 448 341 229 355 73 202 334 273 179 998 119 468 177 467 0 654 231 500 639 653 361 689 429 116 130 664 437 885 272 466 470 897 350 521 704 542 836 800 386 786 1130 295 473 290 371 284 1034 324 495 214 238 549 226 45 964 179 999 398 1056 773 102 384 466
548 415 406 174 631 606 621 273 757 1149 439 1230 579 461 1042 206 395 560 438 605 648 549 617 751 1229 540 328 721 814 654 0 424 651 612 805 490 1340 519 585 619 233 252 643 563 823 347 973 970 191 894 444 594 1103 608 832 729 944 467 403 524 569 1339 759 416 531 531 850 546 627 1285 802 406 1050 436 1225 689 307 958
248 305 528 502 552 280 323 612 383 725 553 807 259 631 649 217 164 201 209 191 290 266 275 340 1021 116 301 335 510 231 424 0 444 565 619 249 915 323 187 209 446 212 729 232 514 281 852 565 310 692 386 677 847 341 721 945 525 369 101 279 245 1091 402 366 161 213 610 185 208 1026 392 773 629 827 890 270 189 618
202 236 404 595 188 204 152 654 301 808 960 818 208 1025 530 519 309 277 252 531 678 180 227 405 595 434 717 676 205 500 651 444 0 1007 176 199 939 138 561 369 486 425 453 233 217 305 410 812 662 256 228 419 451 114 288 738 717 810 355 166 220 690 265 798 308 643 1027 286 523 634 663 794 779 875 599 424 599 966
813 827 966 785 1089 841 887 886 908 1021 229 1148 822 297 1117 549 704 758 759 568 460 831 832 817 1585 614 316 538 1064 639 612 565 1007 0 1183 808 1220 878 523 722 810 641 1202 794 1067 775 1410 736 438 1257 899 1149 1405 906 1274 1337 789 197 652 840 808 1647 938 220 719 404 348 744 594 1580 648 1004 890 1012 1411 738 421 572
374 395 493 724 212 363 311 764 408 884 1134 866 374 1197 559 689 485 443 428 693 841 354 382 528 426 601 893 830 238 653 805 619 176 1183 0 376 985 311 727 523 614 592 452 401 247 464 244 938 832 89 362 436 313 281 153 740 833 986 531 342 387 537 365 974 477 814 1193 454 681 488 803 885 879 970 523 566 774 1113
72 121 375 478 309 130 131 563 292 772 762 816 106 830 575 330 112 138 56 371 509 63 150 339 791 266 518 525 324 361 490 249 199 808 376 0 936 75 393 243 381 243 523 107 332 163 603 706 470 455 185 476 634 119 472 777 629 611 156 36 103 878 281 598 147 457 850 136 371 817 539 719 712 792 735 319 399 820
863 1057 1306 1392 1126 808 831 1490 653 201 1351 122 830 1442 427 1133 978 811 963 751 783 877 786 603 1073 799 1143 696 755 689 1340 915 939 1220 985 936 0 969 783 728 1308 1105 1393 830 744 1091 1174 488 1211 969 1110 1358 884 872 1137 1677 434 1108 948 921 832 1002 679 1146 828 886 955 821 724 941 586 1650 329 1717 650 652 1072 712
122 109 337 481 234 164 138 554 316 815 823 848 148 887 588 380 175 201 118 444 584 100 188 385 733 340 582 597 302 429 519 323 138 878 311 75 969 0 467 306 376 286 459 161 312 173 531 768 523 394 141 414 587 104 398 723 686 681 227 58 152 828 296 666 217 532 926 203 442 770 605 705 764 781 712 377 464 892
360 477 713 683 702 363 415 795 390 584 588 686 354 677 597 384 339 284 370 44 116 383 346 294 1093 127 361 147 562 116 585 187 561 523 727 393 783 467 0 212 633 398 904 328 563 464 969 385 432 786 558 853 901 448 849 1130 363 356 278 413 341 1138 425 380 254 121 466 275 71 1069 217 955 472 1005 887 214 292 434
184 357 614 664 532 164 216 765 186 548 749 614 165 832 439 416 253 105 250 173 320 207 142 132 881 111 501 307 350 130 619 209 369 722 523 243 728 306 212 0 585 377 765 145 351 375 768 462 520 577 429 719 690 256 656 1020 386 539 220 248 156 929 216 550 104 321 672 107 158 860 300 926 474 990 695 78 396 597
452 268 173 109 420 512 507 182 673 1134 662 1190 486 692 956 283 332 497 345 637 726 443 530 705 1030 545 499 780 677 664 233 446 486 810 614 381 1308 376 633 585 0 235 410 481 688 218 756 1010 371 704 258 361 925 479 617 533 959 638 374 405 481 1152 662 596 481 623 995 487 651 1103 836 342 1056 411 1084 663 427 1054
297 200 342 292 457 354 372 401 505 921 548 991 326 605 790 98 143 309 189 403 491 300 365 506 1018 317 326 545 567 437 252 212 425 641 592 243 1105 286 398 377 235 0 568 310 576 137 793 778 240 678 261 515 873 363 653 751 733 451 157 279 317 1115 507 421 282 392 776 295 419 1056 604 562 833 619 977 452 223 819
582 427 239 486 268 618 579 457 750 1259 1071 1271 607 1103 979 653 567 660 535 889 1017 560 644 839 764 784 886 1044 646 885 643 729 453 1202 452 523 1393 459 904 765 410 568 0 621 657 451 453 1228 770 518 346 53 738 535 353 290 1145 1017 629 517 612 914 718 983 670 940 1335 660 892 885 1063 516 1220 601 974 837 791 1338
39 227 482 573 387 49 93 664 196 665 780 711 27 855 483 380 167 44 135 298 444 61 54 232 790 201 529 446 280 272 563 232 233 794 401 107 830 161 328 145 481 310 621 0 285 262 642 607 509 466 291 575 614 120 521 881 525 601 173 103 14 859 196 598 76 414 794 53 291 794 445 822 606 892 676 216 412 738
283 421 621 793 390 236 205 863 185 636 1066 623 261 1141 322 657 437 313 387 522 667 276 239 309 531 454 814 637 11 466 823 514 217 1067 247 332 744 312 563 351 688 576 657 285 0 483 472 707 792 260 437 628 338 215 401 947 597 878 457 298 274 580 143 880 353 671 1015 329 503 513 589 1007 635 1087 402 366 698 902
234 68 249 315 319 293 292 401 454 921 685 973 267 740 738 236 129 281 128 457 572 226 311 489 890 355 462 610 474 470 347 281 305 775 464 163 1091 173 464 375 218 137 451 262 483 0 657 821 376 552 124 398 756 269 516 665 758 582 186 189 262 994 444 555 270 489 884 272 465 939 648 559 850 630 885 454 354 898
613 593 600 859 343 606 554 869 647 1097 1342 1061 616 1397 751 892 706 685 650 937 1084 591 626 769 312 843 1110 1075 465 897 973 852 410 1410 244 603 1174 531 969 768 756 793 453 642 472 657 0 1177 1033 213 537 465 340 521 141 701 1069 1213 759 573 628 467 603 1196 718 1053 1436 696 925 448 1046 959 1106 1045 612 810 994 1357
646 815 1068 1067 989 616 662 1178 530 299 887 435 623 977 541 770 692 568 705 374 334 669 591 410 1205 467 710 251 713 350 970 565 812 736 938 706 488 768 385 462 1010 778 1228 607 707 821 1177 0 806 967 890 1181 997 706 1085 1480 116 646 639 710 617 1198 573 691 561 452 472 569 359 1127 173 1339 168 1390 872 392 669 247
508 441 531 352 694 558 588 460 686 1014 309 1108 531 364 959 143 359 492 414 460 476 517 561 651 1257 421 137 555 785 521 191 310 662 438 832 470 1211 523 432 520 371 240 770 509 792 376 1033 806 0 917 498 718 1105 588 892 899 796 277 335 506 519 1348 699 229 455 356 658 476 486 1288 647 598 905 626 1185 578 139 773
444 483 580 814 297 424 374 851 439 884 1216 853 439 1281 543 774 566 507 508 750 898 426 440 563 339 664 973 880 254 704 894 692 256 1257 89 455 969 394 786 577 704 678 518 466 260 552 213 967 917 0 452 508 228 351 180 801 858 1061 609 420 452 447 396 1052 543 880 1250 520 735 399 843 970 893 1055 458 610 854 1155
253 81 196 368 196 302 279 426 457 953 808 989 283 860 727 359 222 324 188 543 671 235 326 521 785 438 587 698 425 542 444 386 228 899 362 185 1110 141 558 429 258 261 346 291 437 124 537 890 498 452 0 296 668 242 396 591 815 705 285 190 285 899 436 680 329 598 996 321 546 848 721 570 898 650 827 504 478 991
536 376 189 442 238 575 538 421 711 1219 1020 1236 562 1054 948 600 515 613 485 839 965 514 600 797 773 734 833 994 616 836 594 677 419 1149 436 476 1358 414 853 719 361 515 53 575 628 398 465 1181 718 508 296 0 732 494 353 319 1100 964 577 471 567 919 680 930 622 887 1283 612 842 886 1015 494 1177 580 959 791 738 1287
604 688 807 1035 524 566 524 1077 515 846 1392 781 588 1463 488 964 746 647 690 860 1002 590 573 632 208 792 1142 966 341 800 1103 847 451 1405 313 634 884 587 901 690 925 873 738 614 338 756 340 997 1105 228 668 732 0 517 386 1014 881 1214 778 598 602 244 477 1213 687 1010 1347 662 840 183 905 1198 889 1283 273 698 1024 1214
93 210 437 582 283 91 44 658 219 725 876 750 94 946 484 449 229 164 175 417 564 75 115 305 682 322 628 562 205 386 608 341 114 906 281 119 872 104 448 256 479 363 535 120 215 269 521 706 588 351 242 494 517 0 402 810 615 710 262 84 106 761 194 703 196 533 914 174 409 700 552 809 684 885 617 314 509 853
489 453 466 722 201 491 439 739 557 1037 1201 1018 496 1256 709 751 570 565 516 819 966 466 513 675 424 722 971 963 392 786 832 721 288 1274 153 472 1137 398 849 656 617 653 353 521 401 516 141 1085 892 180 396 353 386 402 0 627 983 1077 625 443 508 566 515 1059 595 927 1315 574 811 533 945 839 1032 925 636 705 856 1251
843 664 416 555 556 887 853 469 1028 1535 1167 1555 871 1178 1267 815 793 915 775 1122 1235 823 912 1108 1011 1019 1031 1276 935 1130 729 945 738 1337 740 777 1677 723 1130 1020 533 751 290 881 947 665 701 1480 899 801 591 319 1014 810 627 0 1406 1171 852 778 874 1168 999 1127 919 1142 1525 913 1130 1148 1310 429 1487 492 1259 1096 959 1563
564 744 1000 1025 898 527 570 1133 425 233 916 359 538 1007 426 739 631 490 636 339 348 586 502 311 1089 415 716 261 604 295 944 525 717 789 833 629 434 686 363 386 959 733 1145 525 597 758 1069 116 796 858 815 1100 881 615 983 1406 0 673 584 629 533 1081 468 712 490 456 561 494 318 1011 152 1295 109 1352 757 310 656 356
617 632 784 630 893 648 693 738 726 907 242 1023 628 333 953 364 507 566 562 399 325 635 640 645 1391 429 140 412 874 473 467 369 810 197 986 611 1108 681 356 539 638 451 1017 601 878 582 1213 646 277 1061 705 964 1214 710 1077 1171 673 0 455 643 614 1457 753 55 527 235 388 551 427 1391 522 873 781 894 1234 565 228 545
175 203 435 446 451 222 255 550 358 766 613 834 196 685 640 208 62 160 109 271 387 188 226 349 944 172 365 423 451 290 403 101 355 652 531 156 948 227 278 220 374 157 629 173 457 186 759 639 335 609 285 577 778 262 625 852 584 455 0 189 183 1023 366 443 128 314 712 145 281 960 466 712 682 773 849 295 246 712
64 138 385 505 290 113 102 586 272 763 798 801 93 866 551 366 148 142 92 388 529 44 136 331 756 285 553 540 289 371 524 279 166 840 342 36 921 58 413 248 405 279 517 103 298 189 573 710 506 420 190 471 598 84 443 778 629 643 189 0 95 842 257 632 160 483 874 145 385 781 547 740 709 815 701 319 434 835
31 224 478 575 376 39 79 664 193 669 792 712 13 867 479 388 173 57 137 311 457 52 49 236 777 215 541 458 268 284 569 245 220 808 387 103 832 152 341 156 481 317 612 14 274 262 628 617 519 452 285 567 602 106 508 874 533 614 183 95 0 846 190 611 90 428 808 67 304 782 456 822 613 893 666 224 424 751
848 926 1021 1261 738 810 769 1294 749 1007 1637 917 832 1707 662 1207 990 891 934 1096 1236 835 817 860 160 1034 1387 1194 583 1034 1339 1091 690 1647 537 878 1002 828 1138 929 1152 1115 914 859 580 994 467 1198 1348 447 899 919 244 761 566 1168 1081 1457 1023 842 846 0 713 1457 931 1250 1576 906 1075 70 1124 1403 1072 1490 353 931 1269 1427
213 395 632 760 453 153 157 844 43 542 954 557 181 1034 294 574 363 207 325 383 525 218 142 167 674 324 703 494 146 324 759 402 265 938 365 281 679 296 425 216 662 507 718 196 143 444 603 573 699 396 436 680 477 194 515 999 468 753 366 257 190 713 0 760 244 537 872 223 363 644 447 998 519 1072 488 223 591 760
612 609 747 582 871 647 689 689 735 945 207 1058 625 297 974 329 491 566 547 422 364 628 641 663 1385 439 97 451 875 495 416 366 798 220 974 598 1146 666 380 550 596 421 983 598 880 555 1196 691 229 1052 680 930 1213 703 1059 1127 712 55 443 632 611 1457 760 0 526 263 443 551 450 1392 560 820 821 840 1245 582 203 598
105 254 510 564 451 121 169 662 232 652 713 712 104 791 512 335 150 39 146 228 371 128 114 225 866 127 462 380 348 214 531 161 308 719 477 147 828 217 254 104 481 282 670 76 353 270 718 561 455 543 329 622 687 196 595 919 490 527 128 160 90 931 244 526 0 337 719 24 225 865 393 823 579 889 732 183 347 674
440 517 729 654 763 456 506 768 505 685 471 795 441 561 719 348 377 373 421 165 119 462 442 414 1197 218 260 201 669 238 531 213 643 404 814 457 886 532 121 321 623 392 940 414 671 489 1053 452 356 880 598 887 1010 533 927 1142 456 235 314 483 428 1250 537 263 337 0 397 360 192 1181 303 923 565 964 1007 334 223 433
825 915 1119 1004 1159 829 882 1116 832 771 564 907 820 642 962 711 775 750 818 500 352 848 811 715 1547 593 522 381 1016 549 850 610 1027 348 1193 850 955 926 466 672 995 776 1335 794 1015 884 1436 472 658 1250 996 1283 1347 914 1315 1525 561 388 712 874 808 1576 872 443 719 397 0 741 514 1505 460 1257 640 1282 1286 649 568 250
86 250 506 572 434 97 145 669 213 648 737 704 80 814 496 353 158 16 145 246 391 109 90 218 842 147 486 396 324 226 546 185 286 744 454 136 821 203 275 107 487 295 660 53 329 272 696 569 476 520 321 612 662 174 574 913 494 551 145 145 67 906 223 551 24 360 741 0 241 841 403 829 580 896 710 184 371 690
327 468 714 711 675 319 372 820 326 528 658 624 314 746 526 421 336 247 358 28 163 350 299 224 1035 110 426 155 503 45 627 208 523 594 681 371 724 442 71 158 651 419 892 291 503 465 925 359 486 735 546 842 840 409 811 1130 318 427 281 385 304 1075 363 450 225 192 514 241 0 1005 185 981 423 1036 818 145 347 449
785 870 978 1213 694 745 706 1251 679 940 1573 853 768 1645 593 1147 929 825 873 1027 1166 773 751 790 167 966 1323 1124 516 964 1285 1026 634 1580 488 817 941 770 1069 860 1103 1056 885 794 513 939 448 1127 1288 399 848 886 183 700 533 1148 1011 1391 960 781 782 70 644 1392 865 1181 1505 841 1005 0 1054 1365 1002 1451 290 861 1205 1356
484 645 896 895 832 461 510 1005 404 384 765 503 464 856 501 600 519 404 535 201 197 507 436 280 1110 293 563 111 593 179 802 392 663 648 803 539 586 605 217 300 836 604 1063 445 589 648 1046 173 647 843 721 1015 905 552 945 1310 152 522 466 547 456 1124 447 560 393 303 460 403 185 1054 0 1166 262 1219 825 239 508 313
792 602 394 271 673 850 840 161 1012 1475 803 1532 825 794 1292 575 673 839 687 964 1035 781 870 1047 1263 879 735 1099 996 999 406 773 794 1004 885 719 1650 705 955 926 342 562 516 822 1007 559 959 1339 598 970 570 494 1198 809 839 429 1295 873 712 740 822 1403 998 820 823 923 1257 829 981 1365 1166 0 1394 86 1390 1004 704 1355
644 831 1087 1126 965 601 640 1232 479 132 1024 267 616 1115 409 845 725 575 725 446 456 664 576 380 1096 516 825 369 643 398 1050 629 779 890 879 712 329 764 472 474 1056 833 1220 606 635 850 1106 168 905 893 898 1177 889 684 1032 1487 109 781 682 709 613 1072 519 821 579 565 640 580 423 1002 262 1394 0 1453 733 396 765 413
864 677 478 327 758 923 916 228 1084 1539 801 1600 897 782 1367 621 738 907 757 1017 1079 854 942 1114 1349 937 760 1147 1076 1056 436 827 875 1012 970 792 1717 781 1005 990 411 619 601 892 1087 630 1045 1390 626 1055 650 580 1283 885 925 492 1352 894 773 815 893 1490 1072 840 889 964 1282 896 1036 1451 1219 86 1453 0 1473 1068 742 1394
681 822 997 1192 730 627 605 1254 509 658 1442 563 655 1522 331 1055 836 694 788 843 968 677 623 593 431 806 1191 911 412 773 1225 890 599 1411 523 735 650 712 887 695 1084 977 974 676 402 885 612 872 1185 458 827 959 273 617 636 1259 757 1234 849 701 666 353 488 1245 732 1007 1286 710 818 290 825 1390 733 1473 0 673 1080 1111
255 435 691 741 596 223 271 843 183 470 787 540 230 872 392 484 331 180 328 170 304 277 198 80 897 157 545 271 368 102 689 270 424 738 566 319 652 377 214 78 663 452 837 216 366 454 810 392 578 610 504 791 698 314 705 1096 310 565 295 319 224 931 223 582 183 334 649 184 145 861 239 1004 396 1068 673 0 448 547
420 406 561 441 668 462 499 554 573 875 368 971 438 443 835 144 289 387 346 321 342 434 460 524 1190 291 118 418 692 384 307 189 599 421 774 399 1072 464 292 396 427 223 791 412 698 354 994 669 139 854 478 738 1024 509 856 959 656 228 246 434 424 1269 591 203 347 223 568 371 347 1205 508 704 765 742 1080 448 0 651
776 911 1146 1088 1125 761 813 1202 717 538 764 676 761 850 780 781 773 695 803 449 328 799 739 593 1421 554 650 294 906 466 958 618 966 572 1113 820 712 892 434 597 1054 819 1338 738 902 898 1357 247 773 1155 991 1287 1214 853 1251 1563 356 545 712 835 751 1427 760 598 674 433 250 690 449 1356 313 1355 413 1394 1111 547 651 0
