0 966 768 53 246 148 659 1025 15 770 1256 100 510 553 82 36 491
966 0 1478 996 720 965 528 1586 956 1735 299 928 502 1480 927 984 1391
768 1478 0 714 900 907 1371 308 762 861 1773 710 987 952 726 732 396
53 996 714 0 277 197 707 974 51 747 1288 84 526 551 74 17 441
246 720 900 277 0 280 471 1111 236 1016 1011 220 281 783 214 265 701
148 965 907 197 280 0 584 1171 159 785 1242 240 561 516 220 181 600
659 528 1371 707 471 584 0 1572 657 1361 735 677 499 1060 666 691 1149
1025 1586 308 974 1111 1171 1572 0 1017 1160 1867 952 1131 1260 969 990 704
15 956 762 51 236 159 657 1017 0 781 1247 85 497 567 67 34 492
770 1735 861 747 1016 785 1361 1160 781 0 2021 824 1273 335 820 755 516
1256 299 1773 1288 1011 1242 735 1867 1247 2021 0 1223 802 1754 1222 1276 1690
100 928 710 84 220 240 677 952 85 824 1223 0 449 635 19 84 481
510 502 987 526 281 561 499 1131 497 1273 802 449 0 1060 453 519 892
553 1480 952 551 783 516 1060 1260 567 335 1754 635 1060 0 624 553 556
82 927 726 74 214 220 666 969 67 820 1222 19 453 624 0 71 488
36 984 732 17 265 181 691 990 34 755 1276 84 519 553 71 0 458
491 1391 396 441 701 600 1149 704 492 516 1690 481 892 556 488 458 0
