0 692 302 593 749 645 703 260 646 738 294 816 625 627 725 386 38 577 799 817 495 113 64 225 332 613 862 217 56 805 628 18 251 184 17 829 203 321 864 319 22 770 497 465 639 534 253 271 561 761 556 473 518 665 795 701 368 720 741 367 743 826 592 101 411 584 668 152 516 638 639 419 349 437 786 732 42 300
692 0 815 528 892 1337 690 612 203 1427 683 1065 67 1311 751 1072 684 822 1456 1508 934 684 630 852 623 1187 663 707 637 1289 306 696 942 866 680 1292 893 381 957 559 691 1458 990 352 124 1205 787 702 1253 1351 265 500 1197 1355 962 1287 329 1249 539 1004 1135 1370 1160 793 1070 717 674 634 926 359 591 849 695 311 1479 1351 702 992
302 815 0 489 498 658 528 558 839 695 140 1113 751 693 526 373 268 320 911 776 779 201 306 141 213 829 727 117 328 520 852 283 318 249 292 1081 355 449 1166 608 280 812 203 700 722 652 49 114 584 536 768 749 620 704 1097 472 502 952 640 568 1021 1041 346 288 573 379 495 213 804 616 504 124 651 650 779 898 341 362
593 528 489 0 364 1141 170 722 665 1184 361 1314 488 1163 227 853 560 327 1365 1265 1052 503 540 602 289 1207 269 440 565 828 735 582 765 681 575 1409 764 387 1286 722 575 1291 583 653 404 1099 493 394 1063 956 651 785 1073 1183 1252 896 400 1311 153 958 1298 1419 772 659 991 205 148 446 1063 184 69 446 839 580 1267 1319 630 817
749 892 498 364 0 1113 220 959 1018 1111 455 1554 850 1170 161 849 711 178 1396 1184 1245 636 720 639 430 1326 396 535 748 562 1078 733 816 747 734 1570 852 682 1564 982 727 1271 448 972 769 1145 535 479 1050 758 991 1081 1110 1169 1513 711 713 1447 415 1065 1493 1539 611 772 1072 192 223 603 1265 545 306 383 1071 901 1212 1395 792 857
645 1337 658 1141 1113 0 1184 796 1274 141 780 1028 1271 118 1176 288 656 949 325 196 709 675 708 539 853 506 1385 706 700 775 1235 643 399 482 658 777 445 964 1190 871 648 158 668 1075 1281 229 648 747 84 553 1178 1023 201 67 1090 539 1013 621 1294 416 835 637 553 545 335 1032 1152 734 745 1243 1162 742 796 1066 142 421 636 347
703 690 528 170 220 1184 0 866 835 1207 429 1463 654 1222 62 901 667 263 1436 1286 1184 600 658 661 373 1312 211 516 685 751 906 690 835 755 686 1532 850 546 1446 874 683 1339 562 821 566 1173 548 461 1112 916 821 947 1143 1232 1407 862 564 1423 195 1056 1432 1527 746 753 1078 153 35 551 1198 333 101 447 982 747 1299 1408 744 884
260 612 558 722 959 796 866 0 495 914 517 598 553 742 902 591 290 798 855 987 343 357 254 483 528 575 985 458 229 1066 442 278 455 418 266 710 378 347 613 74 280 889 756 288 607 622 509 503 716 1012 395 232 623 796 555 954 362 644 849 409 580 763 849 327 485 776 832 367 348 700 783 668 116 303 937 740 230 490
646 203 839 665 1018 1274 835 495 0 1378 723 874 196 1231 893 1031 649 919 1350 1456 781 672 592 842 679 1054 842 723 590 1345 103 655 894 830 638 1127 832 392 755 428 651 1378 1032 206 297 1114 802 734 1190 1371 99 328 1112 1281 766 1307 341 1101 709 903 962 1221 1184 745 977 831 813 633 768 523 733 900 553 209 1416 1229 644 940
738 1427 695 1184 1111 141 1207 914 1378 0 828 1169 1360 255 1192 355 743 959 427 82 849 749 798 596 902 647 1414 762 794 709 1347 732 486 561 748 914 546 1048 1330 988 737 222 662 1185 1362 371 694 796 203 469 1285 1144 342 192 1231 470 1099 758 1334 550 977 767 516 637 471 1054 1177 806 885 1302 1197 759 923 1169 111 548 735 438
294 683 140 361 455 780 429 517 723 828 0 1103 620 803 441 491 256 284 1011 909 790 182 268 241 74 887 614 86 296 621 748 278 408 327 279 1119 420 331 1130 553 272 930 310 605 585 746 133 33 702 668 661 678 718 821 1071 605 382 1002 514 628 1038 1101 477 326 649 295 394 151 810 477 387 177 624 547 907 978 337 459
816 1065 1113 1314 1554 1028 1463 598 874 1169 1103 0 1028 920 1500 979 853 1387 874 1215 350 928 834 1001 1123 537 1569 1032 807 1573 773 834 886 901 829 377 808 929 216 592 838 1028 1292 725 1113 798 1064 1084 979 1452 799 570 829 987 130 1405 928 469 1430 653 215 550 1331 831 718 1373 1430 952 318 1265 1377 1234 483 787 1133 703 774 887
625 67 751 488 850 1271 654 553 196 1360 620 1028 0 1246 714 1005 617 770 1392 1441 881 617 563 786 562 1129 647 641 570 1229 291 629 874 799 613 1242 826 314 932 503 624 1391 928 306 100 1141 722 638 1186 1287 233 459 1131 1288 931 1223 261 1194 516 941 1088 1314 1096 726 1006 670 636 567 875 331 553 787 641 257 1412 1290 636 925
627 1311 693 1163 1170 118 1222 742 1231 255 803 920 1246 0 1219 322 644 1001 230 294 614 676 691 563 874 391 1416 723 679 874 1184 628 400 485 642 659 424 948 1089 815 634 147 735 1028 1265 130 675 770 127 662 1133 961 119 67 989 643 994 503 1317 340 723 519 642 531 260 1073 1188 736 649 1249 1190 791 726 1026 216 304 610 347
725 751 526 227 161 1176 62 902 893 1192 441 1500 714 1219 0 897 688 235 1437 1269 1213 618 684 663 393 1328 246 528 712 705 961 711 840 763 708 1555 861 591 1490 914 704 1333 537 871 627 1177 551 472 1106 881 876 994 1146 1227 1448 828 613 1443 254 1070 1461 1543 717 768 1088 148 79 573 1229 396 161 434 1018 799 1287 1417 767 887
386 1072 373 853 849 288 901 591 1031 355 491 979 1005 322 897 0 388 678 546 437 629 394 444 251 564 550 1099 417 442 623 1007 379 137 205 395 830 213 692 1098 663 383 439 423 844 1006 306 359 458 211 473 940 822 267 331 1007 429 743 680 1006 328 826 743 375 286 284 751 868 452 663 955 875 468 626 822 420 563 388 102
38 684 268 560 711 656 667 290 649 743 256 853 617 644 688 388 0 539 823 823 534 75 57 204 295 648 829 179 66 777 638 22 257 182 24 867 221 307 898 345 16 786 466 475 625 557 219 233 572 743 563 495 539 680 831 682 357 756 709 398 781 861 569 113 437 546 631 116 554 612 605 384 383 443 796 761 80 309
577 822 320 327 178 949 263 798 919 959 284 1387 770 1001 235 678 539 0 1224 1035 1072 463 552 462 273 1148 474 360 580 502 966 560 639 569 562 1393 673 552 1409 828 554 1107 301 844 704 970 356 305 883 653 877 939 936 1003 1353 598 592 1269 437 887 1319 1361 483 594 894 125 241 435 1093 509 297 210 907 777 1056 1218 619 681
799 1456 911 1365 1396 325 1436 855 1350 427 1011 874 1392 230 1437 546 823 1224 0 426 634 867 862 775 1078 348 1625 927 845 1099 1289 803 602 685 815 545 604 1113 1070 922 810 209 965 1143 1425 267 888 978 358 878 1250 1050 292 257 967 865 1153 409 1519 451 660 372 871 713 389 1290 1402 926 665 1435 1398 1014 809 1155 336 171 774 552
817 1508 776 1265 1184 196 1286 987 1456 82 909 1215 1441 294 1269 437 823 1035 426 0 904 831 878 678 984 683 1493 844 873 761 1423 812 566 642 828 940 624 1129 1383 1061 817 217 737 1261 1444 420 776 878 271 515 1362 1216 396 227 1282 525 1180 788 1415 613 1016 784 582 716 532 1132 1256 888 940 1384 1277 838 991 1247 90 566 813 517
495 934 779 1052 1245 709 1184 343 781 849 790 350 881 614 1213 629 534 1072 634 904 0 609 529 659 823 294 1319 712 501 1224 701 512 536 555 511 366 458 689 481 378 518 742 949 585 944 484 733 767 650 1102 686 455 508 680 384 1055 706 319 1186 309 248 439 981 492 381 1076 1149 644 35 1043 1109 903 240 623 830 481 453 536
113 684 201 503 636 675 600 357 672 749 182 928 617 676 618 394 75 463 867 831 609 0 105 171 226 712 769 104 128 718 671 96 277 193 99 938 262 303 969 406 90 813 403 513 613 600 153 158 592 702 592 550 577 705 904 640 356 824 654 457 856 926 522 156 488 474 564 60 629 572 543 311 456 471 812 816 155 331
64 630 306 540 720 708 658 254 592 798 268 834 563 691 684 444 57 552 862 878 529 105 0 258 294 668 809 204 27 822 581 65 311 238 50 873 267 257 867 301 60 835 508 420 574 599 258 251 624 796 506 446 583 729 804 735 304 771 685 427 777 879 620 163 474 547 623 117 546 576 589 414 356 386 849 792 92 362
225 852 141 602 639 539 661 483 842 596 241 1001 786 563 663 251 204 462 775 678 659 171 258 0 313 690 853 167 270 585 838 209 177 111 223 946 217 472 1073 544 209 688 290 677 775 513 112 208 461 538 760 698 482 580 998 477 525 813 756 430 895 901 366 171 432 515 627 219 687 706 627 260 561 640 669 757 253 223
332 623 213 289 430 853 373 528 679 902 74 1123 562 874 393 564 295 273 1078 984 823 226 294 313 0 939 548 150 322 669 712 318 476 393 315 1162 481 293 1136 555 311 1002 367 579 521 812 208 106 774 733 624 666 785 893 1083 670 339 1051 443 683 1071 1153 542 381 709 253 337 180 840 402 320 225 640 515 981 1039 374 527
613 1187 829 1207 1326 506 1312 575 1054 647 887 537 1129 391 1328 550 648 1148 348 683 294 712 668 690 939 0 1476 800 644 1173 982 625 520 579 631 283 474 888 725 631 632 490 952 850 1178 285 791 857 474 1000 956 737 323 458 622 966 918 130 1353 260 333 214 925 560 269 1182 1277 763 322 1236 1253 950 501 876 599 187 576 492
862 663 727 269 396 1385 211 985 842 1414 614 1569 647 1416 246 1099 829 474 1625 1493 1319 769 809 853 548 1476 0 698 835 951 929 851 1023 940 844 1677 1028 641 1525 978 844 1539 773 879 548 1360 741 647 1310 1125 854 1022 1332 1431 1499 1072 642 1580 140 1226 1563 1689 957 925 1256 362 238 714 1329 323 227 655 1100 806 1504 1585 900 1073
217 707 117 440 535 706 516 458 723 762 86 1032 641 723 528 417 179 360 927 844 712 104 204 167 150 800 698 0 229 635 735 199 325 242 203 1036 334 335 1071 502 194 853 318 583 620 661 80 56 626 649 651 638 634 744 1007 585 388 916 594 541 958 1015 461 240 562 381 481 98 733 539 470 211 559 533 836 892 259 376
56 637 328 565 748 700 685 229 590 794 296 807 570 679 712 442 66 580 845 873 501 128 27 270 322 644 835 229 0 842 574 65 307 239 48 846 256 269 842 280 62 823 528 411 586 583 279 278 616 809 501 429 568 719 778 748 314 745 709 406 749 855 635 157 456 575 650 145 518 597 616 439 330 382 842 771 71 356
805 1289 520 828 562 775 751 1066 1345 709 621 1573 1229 874 705 623 777 502 1099 761 1224 718 822 585 669 1173 951 635 842 0 1368 788 689 675 800 1454 765 953 1658 1122 786 919 317 1219 1179 912 566 613 747 249 1282 1268 870 842 1580 238 1004 1303 937 944 1441 1360 248 755 907 627 736 733 1255 1006 799 445 1147 1165 820 1164 838 696
628 306 852 735 1078 1235 906 442 103 1347 748 773 291 1184 961 1007 638 966 1289 1423 701 671 581 838 712 982 929 735 574 1368 0 639 869 812 623 1038 801 419 652 370 637 1331 1051 163 390 1063 811 754 1154 1374 88 245 1065 1238 663 1312 375 1020 793 850 869 1140 1192 723 926 887 882 641 685 606 804 925 482 202 1377 1160 619 912
18 696 283 582 733 643 690 278 655 732 278 834 629 628 711 379 22 560 803 812 512 96 65 209 318 625 851 199 65 788 639 0 245 175 16 844 203 322 882 336 6 770 478 476 639 538 234 254 558 746 566 489 520 665 814 686 370 733 731 376 760 838 575 97 417 568 654 138 533 632 627 401 367 447 783 740 59 296
251 942 318 765 816 399 835 455 894 486 408 886 874 400 840 137 257 639 602 566 536 277 311 177 476 520 1023 325 307 689 869 245 0 84 261 786 83 565 987 527 250 536 434 706 882 338 288 375 316 577 802 687 309 428 902 525 614 647 918 266 755 729 445 150 256 692 801 337 567 849 796 434 499 685 539 579 251 53
184 866 249 681 747 482 755 418 830 561 327 901 799 485 763 205 182 569 685 642 555 193 238 111 393 579 940 242 239 675 812 175 84 0 191 835 106 487 984 486 178 620 394 648 802 419 213 294 398 594 740 645 392 512 904 538 538 702 834 319 787 792 441 91 326 615 721 253 584 765 713 371 480 621 619 654 195 138
17 680 292 575 734 658 686 266 638 748 279 829 613 642 708 395 24 562 815 828 511 99 50 223 315 631 844 203 48 800 623 16 261 191 0 846 218 307 873 323 14 785 489 460 624 551 243 257 573 761 550 474 534 679 806 701 354 738 723 384 759 844 589 112 428 567 650 135 531 621 622 408 359 430 799 749 58 312
829 1292 1081 1409 1570 777 1532 710 1127 914 1119 377 1242 659 1555 830 867 1393 545 940 366 938 873 946 1162 283 1677 1036 846 1454 1038 844 786 835 846 0 729 1054 593 743 850 731 1221 940 1309 565 1039 1092 753 1283 1036 799 604 722 498 1250 1072 157 1546 520 179 182 1206 798 547 1413 1496 982 367 1408 1462 1205 605 984 852 379 788 765
203 893 355 764 852 445 850 378 832 546 420 808 826 424 861 213 221 673 604 624 458 262 267 217 481 474 1028 334 256 765 801 203 83 106 218 729 0 524 905 451 210 567 497 638 842 338 317 389 360 660 738 610 317 462 820 608 571 596 916 213 684 687 524 108 228 713 815 321 489 831 801 477 416 623 586 558 191 112
321 381 449 387 682 964 546 347 392 1048 331 929 314 948 591 692 307 552 1113 1129 689 303 257 472 293 888 641 335 269 953 419 322 565 487 307 1054 524 0 900 336 316 1092 640 291 317 852 415 342 880 984 331 403 838 986 864 921 53 975 503 668 927 1091 795 419 723 489 515 253 695 354 453 508 461 224 1104 1030 340 617
864 957 1166 1286 1564 1190 1446 613 755 1330 1130 216 932 1089 1490 1098 898 1409 1070 1383 481 969 867 1073 1136 725 1525 1071 842 1658 652 882 987 984 873 593 905 900 0 581 885 1209 1359 648 1025 962 1117 1117 1132 1564 698 503 988 1157 102 1513 887 674 1384 789 425 762 1425 903 863 1375 1414 980 445 1207 1352 1281 515 719 1306 901 826 999
319 559 608 722 982 871 874 74 428 988 553 592 503 815 914 663 345 828 922 1061 378 406 301 544 555 631 978 502 280 1122 370 336 527 486 323 743 451 336 581 0 337 961 809 221 565 693 559 543 790 1078 328 159 695 870 533 1019 340 691 840 480 601 811 911 394 556 795 841 406 376 681 786 713 138 247 1011 801 294 563
22 691 280 575 727 648 683 280 651 737 272 838 624 634 704 383 16 554 810 817 518 90 60 209 311 632 844 194 62 786 637 6 250 178 14 850 210 316 885 337 0 776 476 474 634 545 231 249 563 747 563 489 527 670 817 686 364 740 724 383 765 845 575 103 424 562 648 132 539 625 621 397 371 444 788 747 64 301
770 1458 812 1291 1271 158 1339 889 1378 222 930 1028 1391 147 1333 439 786 1107 209 217 742 813 835 688 1002 490 1539 853 823 919 1331 770 536 620 785 731 567 1092 1209 961 776 0 826 1175 1409 270 799 897 228 686 1280 1106 266 108 1107 681 1138 583 1445 484 822 569 706 673 405 1188 1307 873 776 1385 1314 899 869 1173 127 353 755 482
497 990 203 583 448 668 562 756 1032 662 310 1292 928 735 537 423 466 301 965 737 949 403 508 290 367 952 773 318 528 317 1051 478 434 394 489 1221 497 640 1359 809 476 826 0 901 887 729 250 298 611 374 966 952 691 727 1286 313 692 1080 718 700 1181 1156 188 460 683 412 536 416 977 743 575 143 844 849 763 986 532 460
465 352 700 653 972 1075 821 288 206 1185 605 725 306 1028 871 844 475 844 1143 1261 585 513 420 677 579 850 879 583 411 1219 163 476 706 648 460 940 638 291 648 221 474 1175 901 0 388 910 657 607 993 1215 107 154 909 1080 634 1153 259 903 739 698 782 1023 1035 559 772 779 793 487 575 559 722 781 350 73 1217 1023 455 749
639 124 722 404 769 1281 566 607 297 1362 585 1113 100 1265 627 1006 625 704 1425 1444 944 613 574 775 521 1178 548 620 586 1179 390 639 882 802 624 1309 842 317 1025 565 634 1409 887 388 0 1167 699 608 1197 1254 327 542 1154 1304 1020 1191 272 1252 419 975 1161 1371 1062 737 1036 596 550 557 941 236 467 744 704 328 1421 1333 656 934
534 1205 652 1099 1145 229 1173 622 1114 371 746 798 1141 130 1177 306 557 970 267 420 484 600 599 513 812 285 1360 661 583 912 1063 538 338 419 551 565 338 852 962 693 545 270 729 910 1167 0 626 713 189 722 1016 836 41 195 862 693 895 408 1252 214 608 449 668 446 137 1029 1139 659 520 1169 1132 761 599 913 346 257 512 290
253 787 49 493 535 648 548 509 802 694 133 1064 722 675 551 359 219 356 888 776 733 153 258 112 208 791 741 80 279 566 811 234 288 213 243 1039 317 415 1117 559 231 799 250 657 699 626 0 101 570 569 728 702 595 690 1048 505 469 912 646 530 975 1004 381 242 539 403 514 170 757 608 516 170 602 609 773 867 292 335
271 702 114 394 479 747 461 503 734 796 33 1084 638 770 472 458 233 305 978 878 767 158 251 208 106 857 647 56 278 613 754 254 375 294 257 1092 389 342 1117 543 249 897 298 607 608 713 101 0 669 648 668 673 685 788 1056 585 394 973 548 598 1014 1072 458 297 617 325 426 137 788 507 420 174 608 552 874 946 314 426
561 1253 584 1063 1050 84 1112 716 1190 203 702 979 1186 127 1106 211 572 883 358 271 650 592 624 461 774 474 1310 626 616 747 1154 558 316 398 573 753 360 880 1132 790 563 228 611 993 1197 189 570 669 0 542 1095 944 152 120 1034 519 928 596 1217 347 795 629 514 461 269 961 1079 651 686 1161 1086 674 720 982 226 420 552 263
761 1351 536 956 758 553 916 1012 1371 469 668 1452 1287 662 881 473 743 653 878 515 1102 702 796 538 733 1000 1125 649 809 249 1374 746 577 594 761 1283 660 984 1564 1078 747 686 374 1215 1254 722 569 648 542 0 1294 1234 681 620 1477 63 1038 1128 1086 800 1296 1170 191 685 748 773 894 737 1136 1117 942 517 1072 1173 579 963 784 566
556 265 768 651 991 1178 821 395 99 1285 661 799 233 1133 876 940 563 877 1250 1362 686 592 506 760 624 956 854 651 501 1282 88 566 802 740 550 1036 738 331 698 328 563 1280 966 107 327 1016 728 668 1095 1294 0 238 1014 1184 698 1231 286 1005 716 804 874 1126 1110 654 878 800 797 558 675 530 720 838 455 120 1320 1130 551 847
473 500 749 785 1081 1023 947 232 328 1144 678 570 459 961 994 822 495 939 1050 1216 455 550 446 698 666 737 1022 638 429 1268 245 489 687 645 474 799 610 403 503 159 489 1106 952 154 542 836 702 673 944 1234 238 0 842 1019 481 1174 385 775 882 622 636 895 1064 553 701 889 917 540 441 706 852 846 241 219 1162 917 451 722
518 1197 620 1073 1110 201 1143 623 1112 342 718 829 1131 119 1146 267 539 936 292 396 508 577 583 482 785 323 1332 634 568 870 1065 520 309 392 534 604 317 838 988 695 527 266 691 909 1154 41 595 685 152 681 1014 842 0 178 889 652 882 448 1227 222 643 491 627 426 141 998 1109 637 544 1149 1105 727 607 909 327 297 498 259
665 1355 704 1183 1169 67 1232 796 1281 192 821 987 1288 67 1227 331 680 1003 257 227 680 705 729 580 893 458 1431 744 719 842 1238 665 428 512 679 722 462 986 1157 870 670 108 727 1080 1304 195 690 788 120 620 1184 1019 178 0 1056 607 1033 567 1336 401 790 576 618 567 320 1082 1199 765 716 1277 1206 794 786 1075 150 358 652 374
795 962 1097 1252 1513 1090 1407 555 766 1231 1071 130 931 989 1448 1007 831 1353 967 1282 384 904 804 998 1083 622 1499 1007 778 1580 663 814 902 904 806 498 820 864 102 533 817 1107 1286 634 1020 862 1048 1056 1034 1477 698 481 889 1056 0 1427 856 572 1359 694 326 664 1343 826 766 1328 1375 920 348 1187 1316 1215 448 701 1205 798 756 910
701 1287 472 896 711 539 862 954 1307 470 605 1405 1223 643 828 429 682 598 865 525 1055 640 735 477 670 966 1072 585 748 238 1312 686 525 538 701 1250 608 921 1513 1019 686 681 313 1153 1191 693 505 585 519 63 1231 1174 652 607 1427 0 974 1095 1028 757 1255 1143 128 627 708 717 839 674 1088 1056 885 455 1017 1111 581 940 725 518
368 329 502 400 713 1013 564 362 341 1099 382 928 261 994 613 743 357 592 1153 1180 706 356 304 525 339 918 642 388 314 1004 375 370 614 538 354 1072 571 53 887 340 364 1138 692 259 272 895 469 394 928 1038 286 385 882 1033 856 974 0 1000 502 705 939 1117 849 467 764 520 535 307 709 340 467 558 472 188 1153 1065 383 666
720 1249 952 1311 1447 621 1423 644 1101 758 1002 469 1194 503 1443 680 756 1269 409 788 319 824 771 813 1051 130 1580 916 745 1303 1020 733 647 702 738 157 596 975 674 691 740 583 1080 903 1252 408 912 973 596 1128 1005 775 448 567 572 1095 1000 0 1454 383 253 120 1055 676 399 1297 1388 872 336 1327 1360 1074 554 937 700 238 681 620
741 539 640 153 415 1294 195 849 709 1334 514 1430 516 1317 254 1006 709 437 1519 1415 1186 654 685 756 443 1353 140 594 709 937 793 731 918 834 723 1546 916 503 1384 840 724 1445 718 739 419 1252 646 548 1217 1086 716 882 1227 1336 1359 1028 502 1454 0 1107 1428 1564 907 811 1143 313 201 597 1194 186 143 587 964 666 1419 1470 776 970
367 1004 568 958 1065 416 1056 409 903 550 628 653 941 340 1070 328 398 887 451 613 309 457 427 430 683 260 1226 541 406 944 850 376 266 319 384 520 213 668 789 480 383 484 700 698 975 214 530 598 347 800 804 622 222 401 694 757 705 383 1107 0 498 474 696 302 81 923 1020 511 345 1003 1000 691 385 705 549 365 335 248
743 1135 1021 1298 1493 835 1432 580 962 977 1038 215 1088 723 1461 826 781 1319 660 1016 248 856 777 895 1071 333 1563 958 749 1441 869 760 755 787 759 179 684 927 425 601 765 822 1181 782 1161 608 975 1014 795 1296 874 636 643 790 326 1255 939 253 1428 498 0 338 1194 733 549 1324 1397 892 234 1279 1355 1145 467 833 932 489 701 745
826 1370 1041 1419 1539 637 1527 763 1221 767 1101 550 1314 519 1543 743 861 1361 372 784 439 926 879 901 1153 214 1689 1015 855 1360 1140 838 729 792 844 182 687 1091 762 811 845 569 1156 1023 1371 449 1004 1072 629 1170 1126 895 491 576 664 1143 1117 120 1564 474 338 0 1115 775 473 1397 1491 977 455 1442 1466 1162 674 1058 694 219 789 696
592 1160 346 772 611 553 746 849 1184 516 477 1331 1096 642 717 375 569 483 871 582 981 522 620 366 542 925 957 461 635 248 1192 575 445 441 589 1206 524 795 1425 911 575 706 188 1035 1062 668 381 458 514 191 1110 1064 627 618 1343 128 849 1055 907 696 1194 1115 0 527 659 598 721 551 1012 929 763 328 920 990 624 924 619 449
101 793 288 659 772 545 753 327 745 637 326 831 726 531 768 286 113 594 713 716 492 156 163 171 381 560 925 240 157 755 723 97 150 91 112 798 108 419 903 394 103 673 460 559 737 446 242 297 461 685 654 553 426 567 826 627 467 676 811 302 733 775 527 0 332 621 718 214 518 722 699 412 393 536 686 660 104 199
411 1070 573 991 1072 335 1078 485 977 471 649 718 1006 260 1088 284 437 894 389 532 381 488 474 432 709 269 1256 562 456 907 926 417 256 326 428 547 228 723 863 556 424 405 683 772 1036 137 539 617 269 748 878 701 141 320 766 708 764 399 1143 81 549 473 659 332 0 940 1043 546 417 1049 1030 691 466 776 468 329 384 223
584 717 379 205 192 1032 153 776 831 1054 295 1373 670 1073 148 751 546 125 1290 1132 1076 474 547 515 253 1182 362 381 575 627 887 568 692 615 567 1413 713 489 1375 795 562 1188 412 779 596 1029 403 325 961 773 800 889 998 1082 1328 717 520 1297 313 923 1324 1397 598 621 940 0 124 432 1093 389 172 294 890 709 1146 1269 625 739
668 674 495 148 223 1152 35 832 813 1177 394 1430 636 1188 79 868 631 241 1402 1256 1149 564 623 627 337 1277 238 481 650 736 882 654 801 721 650 1496 815 515 1414 841 648 1307 536 793 550 1139 514 426 1079 894 797 917 1109 1199 1375 839 535 1388 201 1020 1397 1491 721 718 1043 124 0 515 1164 322 83 417 949 720 1268 1373 708 849
152 634 213 446 603 734 551 367 633 806 151 952 567 736 573 452 116 435 926 888 644 60 117 219 180 763 714 98 145 733 641 138 337 253 135 982 321 253 980 406 132 873 416 487 557 659 170 137 651 737 558 540 637 765 920 674 307 872 597 511 892 977 551 214 546 432 515 0 662 512 489 307 473 438 871 873 193 391
516 926 804 1063 1265 745 1198 348 768 885 810 318 875 649 1229 663 554 1093 665 940 35 629 546 687 840 322 1329 733 518 1255 685 533 567 584 531 367 489 695 445 376 539 776 977 575 941 520 757 788 686 1136 675 441 544 716 348 1088 709 336 1194 345 234 455 1012 518 417 1093 1164 662 0 1048 1121 927 238 617 866 509 474 569
638 359 616 184 545 1243 333 700 523 1302 477 1265 331 1249 396 955 612 509 1435 1384 1043 572 576 706 402 1236 323 539 597 1006 606 632 849 765 621 1408 831 354 1207 681 625 1385 743 559 236 1169 608 507 1161 1117 530 706 1149 1277 1187 1056 340 1327 186 1003 1279 1442 929 722 1049 389 322 512 1048 0 238 600 812 488 1375 1368 668 903
639 591 504 69 306 1162 101 783 733 1197 387 1377 553 1190 161 875 605 297 1398 1277 1109 543 589 627 320 1253 227 470 616 799 804 627 796 713 622 1462 801 453 1352 786 621 1314 575 722 467 1132 516 420 1086 942 720 852 1105 1206 1316 885 467 1360 143 1000 1355 1466 763 699 1030 172 83 489 1121 238 0 445 899 649 1283 1359 678 846
419 849 124 446 383 742 447 668 900 759 177 1234 787 791 434 468 384 210 1014 838 903 311 414 260 225 950 655 211 439 445 925 401 434 371 408 1205 477 508 1281 713 397 899 143 781 744 761 170 174 674 517 838 846 727 794 1215 455 558 1074 587 691 1145 1162 328 412 691 294 417 307 927 600 445 0 767 724 852 1011 460 474
349 695 651 839 1071 796 982 116 553 923 624 483 641 726 1018 626 383 907 809 991 240 456 356 561 640 501 1100 559 330 1147 482 367 499 480 359 605 416 461 515 138 371 869 844 350 704 599 602 608 720 1072 455 241 607 786 448 1017 472 554 964 385 467 674 920 393 466 890 949 473 238 812 899 767 0 384 932 678 311 523
437 311 650 580 901 1066 747 303 209 1169 547 787 257 1026 799 822 443 777 1155 1247 623 471 386 640 515 876 806 533 382 1165 202 447 685 621 430 984 623 224 719 247 444 1173 849 73 328 913 609 552 982 1173 120 219 909 1075 701 1111 188 937 666 705 833 1058 990 536 776 709 720 438 617 488 649 724 384 0 1208 1043 434 731
786 1479 779 1267 1212 142 1299 937 1416 111 907 1133 1412 216 1287 420 796 1056 336 90 830 812 849 669 981 599 1504 836 842 820 1377 783 539 619 799 852 586 1104 1306 1011 788 127 763 1217 1421 346 773 874 226 579 1320 1162 327 150 1205 581 1153 700 1419 549 932 694 624 686 468 1146 1268 871 866 1375 1283 852 932 1208 0 476 778 487
732 1351 898 1319 1395 421 1408 740 1229 548 978 703 1290 304 1417 563 761 1218 171 566 481 816 792 757 1039 187 1585 892 771 1164 1160 740 579 654 749 379 558 1030 901 801 747 353 986 1023 1333 257 867 946 420 963 1130 917 297 358 798 940 1065 238 1470 365 489 219 924 660 329 1269 1373 873 509 1368 1359 1011 678 1043 476 0 700 537
42 702 341 630 792 636 744 230 644 735 337 774 636 610 767 388 80 619 774 813 453 155 92 253 374 576 900 259 71 838 619 59 251 195 58 788 191 340 826 294 64 755 532 455 656 512 292 314 552 784 551 451 498 652 756 725 383 681 776 335 701 789 619 104 384 625 708 193 474 668 678 460 311 434 778 700 0 296
300 992 362 817 857 347 884 490 940 438 459 887 925 347 887 102 309 681 552 517 536 331 362 223 527 492 1073 376 356 696 912 296 53 138 312 765 112 617 999 563 301 482 460 749 934 290 335 426 263 566 847 722 259 374 910 518 666 620 970 248 745 696 449 199 223 739 849 391 569 903 846 474 523 731 487 537 296 0
