0 358 389 336 69 1490 957 460 1589 487 587 479 796 1144 762 829
358 0 353 631 331 1322 1073 691 1915 201 939 288 514 981 409 886
389 353 0 724 426 1675 721 419 1678 278 914 633 858 754 682 1165
336 631 724 0 318 1441 1203 674 1546 800 368 603 923 1479 989 630
69 331 426 318 0 1422 1023 529 1647 483 608 417 738 1176 724 767
1490 1322 1675 1441 1422 0 2391 1946 2987 1460 1782 1048 853 2171 1141 894
957 1073 721 1203 1023 2391 0 529 1282 976 1167 1343 1579 809 1378 1784
460 691 419 674 529 1946 529 0 1259 689 676 911 1199 996 1077 1269
1589 1915 1678 1546 1647 2987 1282 1259 0 1946 1212 2064 2385 2083 2320 2131
487 201 278 800 483 1460 976 689 1946 0 1072 470 616 783 406 1087
587 939 914 368 608 1782 1167 676 1212 1072 0 964 1288 1635 1328 919
479 288 633 603 417 1048 1343 911 2064 470 964 0 326 1252 421 639
796 514 858 923 738 853 1579 1199 2385 616 1288 326 0 1323 303 785
1144 981 754 1479 1176 2171 809 996 2083 783 1635 1252 1323 0 1030 1867
762 409 682 989 724 1141 1378 1077 2320 406 1328 421 303 1030 0 1025
829 886 1165 630 767 894 1784 1269 2131 1087 919 639 785 1867 1025 0
