0 1015 465 572 1252 1256 145 219 1526 1464 1556 1113 342 1172 688 1076
1015 0 954 629 2267 1563 905 1220 2253 2253 2491 1025 1172 2187 1702 770
465 954 0 816 1473 1690 349 636 1982 1910 1936 665 807 1390 986 689
572 629 816 0 1761 1012 545 716 1625 1624 1882 1265 585 1688 1188 1101
1252 2267 1473 1761 0 1851 1367 1056 1364 1198 801 2062 1194 82 574 2156
1256 1563 1690 1012 1851 0 1342 1202 926 1026 1518 2252 949 1810 1415 2110
145 905 349 545 1367 1342 0 361 1664 1606 1699 978 470 1287 814 932
219 1220 636 716 1056 1202 361 0 1349 1273 1338 1300 255 979 483 1284
1526 2253 1982 1625 1364 926 1664 1349 0 172 720 2639 1197 1363 1217 2585
1464 2253 1910 1624 1198 1026 1606 1273 172 0 552 2573 1150 1201 1090 2536
1556 2491 1936 1882 801 1518 1699 1338 720 552 0 2592 1319 837 968 2614
1113 1025 665 1265 2062 2252 978 1300 2639 2573 2592 0 1448 1981 1630 274
342 1172 807 585 1194 949 470 255 1197 1150 1319 1448 0 1125 630 1388
1172 2187 1390 1688 82 1810 1287 979 1363 1201 837 1981 1125 0 500 2073
688 1702 986 1188 574 1415 814 483 1217 1090 968 1630 630 500 0 1674
1076 770 689 1101 2156 2110 932 1284 2585 2536 2614 274 1388 2073 1674 0
