0 726 1279 151 713 1731 1382 1313 1485 814 818 703 399 704 929 785 1318
726 0 881 577 1357 1496 861 645 781 1520 1239 1409 929 1394 1632 1408 1143
1279 881 0 1188 1561 2340 1605 1247 1224 2053 1188 1947 1173 1678 2168 1563 2014
151 577 1188 0 848 1638 1244 1162 1333 951 894 840 487 850 1065 915 1228
713 1357 1561 848 0 2414 2092 1988 2138 743 464 690 438 161 825 86 2001
1731 1496 2340 1638 2414 0 799 1192 1353 2061 2533 1994 2122 2352 2119 2495 413
1382 861 1605 1244 2092 799 0 394 560 1996 2069 1900 1707 2083 2088 2159 647
1313 645 1247 1162 1988 1192 394 0 219 2037 1882 1931 1569 2010 2140 2044 989
1485 781 1224 1333 2138 1353 560 219 0 2233 1992 2126 1709 2172 2338 2188 1189
814 1520 2053 951 743 2061 1996 2037 2233 0 1177 111 913 586 116 818 1679
818 1239 1188 894 464 2533 2069 1882 1992 1177 0 1104 419 622 1271 426 2122
703 1409 1947 840 690 1994 1900 1931 2126 111 1104 0 818 541 226 770 1606
399 929 1173 487 438 2122 1707 1569 1709 913 419 818 0 517 1024 480 1710
704 1394 1678 850 161 2352 2083 2010 2172 586 622 541 517 0 665 231 1942
929 1632 2168 1065 825 2119 2088 2140 2338 116 1271 226 1024 665 0 895 1746
785 1408 1563 915 86 2495 2159 2044 2188 818 426 770 480 231 895 0 2081
1318 1143 2014 1228 2001 413 647 989 1189 1679 2122 1606 1710 1942 1746 2081 0
