0 1214 802 633 418 168 1402 1072 153 21 1657 436 283 932 170 1226
1214 0 450 1799 982 1378 2345 1597 1092 1234 2108 844 951 412 1217 2234
802 450 0 1357 532 971 1902 1195 703 821 2006 399 524 423 780 1929
633 1799 1357 0 842 519 872 977 785 611 2004 958 851 1558 583 1226
418 982 532 842 0 566 1388 802 427 426 2000 161 215 838 306 1645
168 1378 971 519 566 0 1345 1130 293 151 1615 602 452 1081 272 1089
1402 2345 1902 872 1388 1345 0 879 1549 1384 2874 1547 1513 2222 1277 2021
1072 1597 1195 977 802 1130 879 0 1163 1065 2730 951 1005 1589 902 2154
153 1092 703 785 427 293 1549 1163 0 174 1582 386 231 788 283 1256
21 1234 821 611 426 151 1384 1065 174 0 1664 451 300 954 164 1218
1657 2108 2006 2004 2000 1615 2874 2730 1582 1664 0 1909 1786 1707 1828 1053
436 844 399 958 161 602 1547 951 386 451 1909 0 158 677 383 1640
283 951 524 851 215 452 1513 1005 231 300 1786 158 0 721 269 1482
932 412 423 1558 838 1081 2222 1589 788 954 1707 677 721 0 985 1840
170 1217 780 583 306 272 1277 902 283 164 1828 383 269 985 0 1362
1226 2234 1929 1226 1645 1089 2021 2154 1256 1218 1053 1640 1482 1840 1362 0
