0 680 949 1094 102 65 1250 611 1447 335 1290 1683 1101 1010 669 855
680 0 1448 436 609 672 1477 484 1885 351 627 1840 1341 1479 871 1433
949 1448 0 1728 939 1009 630 1046 505 1202 2063 2507 1931 88 1581 1360
1094 436 1728 0 1010 1095 1601 682 2105 780 425 2184 1730 1741 1280 1870
102 609 939 1010 0 149 1190 508 1427 283 1230 1758 1179 993 732 958
65 672 1009 1095 149 0 1316 650 1509 321 1271 1618 1037 1072 603 821
1250 1477 630 1601 1190 1316 0 994 619 1367 2005 2928 2343 554 1919 1894
611 484 1046 682 508 650 994 0 1437 481 1039 2164 1610 1059 1132 1466
1447 1885 505 2105 1427 1509 619 1437 0 1676 2476 3004 2432 436 2086 1827
335 351 1202 780 283 321 1367 481 1676 0 955 1683 1132 1249 652 1100
1290 627 2063 425 1230 1271 2005 1039 2476 955 0 1998 1633 2087 1251 1943
1683 1840 2507 2184 1758 1618 2928 2164 3004 1683 1998 0 584 2588 1036 1241
1101 1341 1931 1730 1179 1037 2343 1610 2432 1132 1633 584 0 2011 481 752
1010 1479 88 1741 993 1072 554 1059 436 1249 2087 2588 2011 0 1652 1447
669 871 1581 1280 732 603 1919 1132 2086 652 1251 1036 481 1652 0 748
855 1433 1360 1870 958 821 1894 1466 1827 1100 1943 1241 752 1447 748 0
