0 521 748 111 780 541 836 579 685 783 151 763 238 503 801 397 854 843 318 519 357 487 84 664 166 805 297 133 421 746 336 753 172 9 514 421 752 106 758 440 354 371 616 115 708 498 700 398 801 212 100 359 846 525 216 187 681 192 747 577 760 405 661 688 44 146 512 850 365 410 415 359 309 86 264 142 675 725
521 0 914 629 499 30 1354 1047 169 1223 537 357 306 387 326 805 1299 1307 825 550 684 78 589 1009 413 578 626 473 608 1266 597 1274 629 512 748 126 1143 417 902 753 848 560 1008 556 1143 503 1093 259 1321 325 594 346 461 834 606 708 271 344 882 513 439 233 961 468 485 380 789 790 831 273 275 187 697 589 633 486 1145 1247
748 914 0 786 1382 944 1207 620 1052 625 597 1270 707 1158 1231 458 684 745 694 365 1101 950 804 327 648 1440 453 869 343 1018 1084 1033 606 752 235 917 1423 775 37 1182 969 399 1302 861 570 1204 1376 1005 1153 714 678 1023 1374 278 960 787 812 712 1494 1267 1333 682 1391 1318 724 797 1256 1562 1026 1025 639 898 1041 807 1008 882 666 1013
111 629 786 0 848 648 726 518 790 730 214 850 349 565 898 384 798 778 241 600 322 590 46 654 271 862 336 190 482 642 331 649 180 118 551 523 666 211 802 398 246 439 534 115 660 537 615 483 692 324 111 429 928 539 188 80 792 303 730 620 835 515 604 751 154 249 474 872 268 492 524 459 256 48 232 188 611 621
780 499 1382 848 0 473 1475 1359 450 1563 880 202 686 283 332 1163 1635 1622 1088 1030 685 441 802 1411 773 94 1012 659 1050 1454 599 1457 945 771 1186 464 1060 688 1375 705 969 995 956 734 1487 355 1022 393 1458 687 879 421 163 1247 710 923 739 696 610 278 71 709 823 102 768 650 689 376 914 377 754 487 747 799 702 659 1455 1431
541 30 944 648 473 0 1371 1074 144 1251 563 327 332 376 296 833 1326 1334 849 580 690 74 607 1039 439 554 654 488 638 1287 601 1295 654 533 779 133 1148 436 932 757 863 590 1015 572 1171 495 1098 257 1339 350 617 346 432 864 617 727 285 368 873 500 412 264 962 446 506 399 790 773 844 270 305 198 706 607 643 500 1171 1267
836 1354 1207 726 1475 1371 0 592 1512 697 879 1532 1072 1204 1601 777 702 624 587 1213 790 1310 764 904 981 1456 904 888 1056 202 876 186 788 844 1031 1243 600 937 1239 786 517 1042 603 802 699 1120 595 1175 54 1047 785 1100 1592 937 782 650 1510 1027 1067 1202 1485 1231 791 1372 877 973 829 1341 562 1178 1231 1178 728 764 778 879 579 199
579 1047 620 518 1359 1074 592 0 1217 214 511 1335 742 1079 1358 260 279 264 281 709 800 1035 563 311 635 1379 441 701 551 398 837 413 425 588 479 974 942 677 654 854 535 562 854 634 156 1055 905 976 539 726 481 937 1423 368 693 455 1109 708 1202 1139 1339 851 1001 1265 596 717 928 1383 612 989 832 920 721 565 726 703 98 395
685 169 1052 790 450 144 1512 1217 0 1391 707 262 475 444 181 973 1467 1476 993 687 808 202 749 1170 583 541 792 624 763 1431 716 1438 798 676 903 268 1261 579 1037 868 1000 719 1131 710 1311 571 1213 365 1480 494 762 455 361 995 748 870 298 513 941 555 380 388 1062 455 651 541 893 795 976 371 424 333 832 749 770 635 1314 1411
783 1223 625 730 1563 1251 697 214 1391 0 696 1528 923 1285 1541 418 76 119 495 816 1014 1219 773 302 817 1587 599 909 670 495 1052 510 619 792 562 1161 1131 876 663 1068 744 696 1053 846 79 1267 1098 1175 644 910 683 1142 1619 444 907 669 1251 894 1415 1350 1540 1012 1208 1471 795 915 1141 1598 822 1189 986 1110 935 776 940 912 142 502
151 537 597 214 880 563 879 511 707 696 0 831 231 615 847 284 771 773 303 385 507 525 216 535 124 916 148 275 272 756 487 766 95 155 363 465 881 197 607 590 451 226 748 265 618 631 830 486 837 215 107 470 924 384 366 255 637 198 897 704 850 361 807 795 130 231 663 987 482 502 354 414 454 219 414 287 609 739
763 357 1270 850 202 327 1532 1335 262 1528 831 0 611 339 131 1114 1602 1600 1081 907 763 323 804 1342 712 297 947 662 954 1485 669 1490 910 753 1095 371 1182 659 1259 802 1015 903 1065 747 1449 455 1139 367 1509 620 856 433 104 1171 750 930 561 635 778 403 131 588 957 246 740 619 804 574 972 359 631 417 810 803 755 667 1433 1463
238 306 707 349 686 332 1072 742 475 923 231 611 0 451 618 506 998 1003 522 387 519 296 319 732 107 736 335 255 367 970 458 978 322 231 501 240 959 155 706 601 590 311 821 313 843 507 907 299 1035 26 293 319 708 563 397 422 443 46 842 562 646 170 827 614 195 141 661 861 592 317 190 200 498 320 439 271 840 951
503 387 1158 565 283 376 1204 1079 444 1285 615 339 451 0 440 894 1356 1341 806 828 424 309 519 1150 521 302 756 377 817 1174 332 1177 671 493 946 289 846 418 1157 462 692 760 726 451 1211 128 802 158 1185 445 603 145 387 994 429 640 659 449 500 126 281 527 629 186 496 383 468 420 642 138 570 275 476 517 426 376 1174 1151
801 326 1231 898 332 296 1601 1358 181 1541 847 131 618 440 0 1124 1617 1621 1118 865 852 322 853 1335 724 427 948 717 933 1540 758 1546 933 791 1074 384 1286 695 1216 899 1084 886 1164 803 1462 564 1241 426 1575 632 887 505 201 1160 821 979 472 649 903 521 262 558 1068 375 772 654 909 705 1048 424 597 442 891 852 833 724 1456 1518
397 805 458 384 1163 833 777 260 973 418 284 1114 506 894 1124 0 493 506 237 455 705 802 417 270 402 1196 183 531 295 608 714 621 225 406 254 745 972 476 484 776 520 301 857 487 338 896 927 771 727 494 300 749 1208 180 573 356 849 479 1114 974 1135 597 966 1077 398 513 853 1246 583 786 575 697 633 420 616 538 352 598
854 1299 684 798 1635 1326 702 279 1467 76 771 1602 998 1356 1617 493 0 81 560 889 1075 1294 842 367 893 1657 675 979 745 504 1116 518 693 863 634 1236 1168 949 721 1125 797 771 1097 914 156 1335 1137 1248 651 985 755 1214 1693 516 972 734 1327 969 1472 1418 1613 1088 1257 1543 868 989 1198 1662 876 1262 1062 1185 995 845 1004 982 193 514
843 1307 745 778 1622 1334 624 264 1476 119 773 1600 1003 1341 1621 506 81 0 537 925 1040 1298 823 421 897 1640 690 964 775 428 1087 442 689 853 674 1238 1107 942 782 1086 754 797 1041 894 185 1313 1078 1241 574 988 746 1201 1688 555 945 709 1352 972 1431 1397 1604 1104 1207 1528 860 982 1157 1632 832 1253 1081 1184 960 825 973 965 167 439
318 825 694 241 1088 849 587 281 993 495 303 1081 522 806 1118 237 560 537 0 629 522 800 286 477 419 1103 319 429 475 453 556 463 207 328 480 735 737 423 719 582 290 457 627 356 430 776 693 715 542 501 231 668 1163 417 412 174 940 481 930 860 1073 664 751 992 345 464 658 1102 360 726 657 675 444 289 445 429 371 436
519 550 365 600 1030 580 1213 709 687 816 385 907 387 828 865 455 889 925 629 0 869 592 597 537 369 1095 309 607 160 1058 826 1071 450 519 256 566 1266 501 351 953 834 173 1132 631 740 894 1215 671 1166 402 492 705 1012 372 731 637 462 408 1225 946 978 322 1177 974 481 509 1021 1245 868 690 277 557 828 600 779 623 792 1045
357 684 1101 322 685 690 790 800 808 1014 507 763 519 424 852 705 1075 1040 522 869 0 616 298 974 501 666 648 266 779 788 94 788 499 355 866 558 458 373 1114 84 303 729 324 242 952 330 408 443 776 495 424 354 810 861 141 355 921 481 410 412 700 680 310 583 390 378 155 594 235 438 707 498 79 294 93 249 882 765
487 78 950 590 441 74 1310 1035 202 1219 525 323 296 309 322 802 1294 1298 800 592 616 0 548 1021 402 514 629 422 631 1232 527 1239 611 478 771 66 1074 380 941 683 798 579 941 507 1140 425 1025 183 1279 309 568 272 425 848 548 670 349 326 803 435 386 269 887 399 455 341 715 716 775 196 314 131 634 547 572 433 1133 1212
84 589 804 46 802 607 764 563 749 773 216 804 319 519 853 417 842 823 286 597 298 548 0 687 251 817 350 143 488 686 296 692 202 89 568 481 670 173 817 378 271 442 535 72 702 493 619 437 732 292 126 382 882 564 158 126 762 272 701 576 789 487 591 705 128 208 453 833 280 445 499 417 239 3 205 142 656 665
664 1009 327 654 1411 1039 904 311 1170 302 535 1342 732 1150 1335 270 367 421 477 537 974 1021 687 0 638 1451 398 797 411 708 984 723 492 671 281 971 1209 732 364 1044 767 451 1104 758 242 1161 1167 1017 850 726 568 1006 1441 175 843 622 992 715 1384 1237 1377 782 1226 1330 659 767 1121 1514 837 1034 749 931 901 691 886 806 342 706
166 413 648 271 773 439 981 635 583 817 124 712 107 521 724 402 893 897 419 369 501 402 251 638 0 816 239 238 305 870 458 879 216 163 427 343 916 133 652 585 518 249 780 268 738 556 865 380 942 92 195 379 807 475 365 335 529 78 861 622 739 250 810 694 123 149 652 915 532 397 253 296 465 253 412 254 732 851
805 578 1440 862 94 554 1456 1379 541 1587 916 297 736 302 427 1196 1657 1640 1103 1095 666 514 817 1451 816 0 1054 677 1103 1448 586 1450 974 796 1237 529 1011 720 1436 675 960 1048 915 747 1513 340 976 438 1443 735 905 447 249 1291 710 934 826 742 538 255 166 776 770 122 798 684 649 285 900 420 821 542 734 814 696 675 1473 1425
297 626 453 336 1012 654 904 441 792 599 148 947 335 756 948 183 675 690 319 309 648 629 350 398 239 1054 0 424 159 755 633 767 159 302 217 575 992 343 466 728 544 138 864 408 519 778 942 619 858 328 226 612 1044 238 507 350 667 316 1044 849 978 414 940 933 279 373 803 1135 590 636 391 533 589 354 555 435 535 741
133 473 869 190 659 488 888 701 624 909 275 662 255 377 717 531 979 964 429 607 266 422 143 797 238 677 424 0 533 824 219 829 306 126 637 356 705 107 877 350 376 479 567 86 836 365 653 295 859 230 232 239 738 657 143 268 679 215 627 444 645 421 576 564 145 114 414 716 358 303 445 291 244 142 184 16 796 802
421 608 343 482 1050 638 1056 551 763 670 272 954 367 817 933 295 745 775 475 160 779 631 488 411 305 1103 159 533 0 898 751 911 314 424 140 590 1145 435 346 862 702 56 1015 536 592 861 1095 666 1008 372 370 680 1056 236 637 505 584 369 1160 924 1006 375 1080 981 391 455 934 1219 743 685 339 563 727 492 686 546 636 886
746 1266 1018 642 1454 1287 202 398 1431 495 756 1485 970 1174 1540 608 504 428 453 1058 788 1232 686 708 870 1448 755 824 898 0 862 15 661 755 856 1166 717 852 1051 805 488 892 681 739 497 1108 698 1119 149 947 676 1054 1555 756 744 562 1393 926 1124 1193 1454 1117 865 1353 781 890 863 1372 553 1126 1111 1102 715 687 753 818 378 23
336 597 1084 331 599 601 876 837 716 1052 487 669 458 332 758 714 1116 1087 556 826 94 527 296 984 458 586 633 219 751 862 0 864 497 331 850 471 546 325 1093 156 374 698 415 228 985 246 497 350 859 436 419 261 719 858 144 383 841 425 410 331 609 612 374 496 360 320 203 546 315 345 642 414 148 293 114 205 924 839
753 1274 1033 649 1457 1295 186 413 1438 510 766 1490 978 1177 1546 621 518 442 463 1071 788 1239 692 723 879 1450 767 829 911 15 864 0 671 762 870 1172 708 859 1066 804 489 904 675 744 513 1110 690 1124 133 955 684 1058 1559 770 747 568 1403 935 1120 1195 1458 1126 859 1355 789 897 861 1371 553 1130 1121 1109 716 693 755 823 393 27
172 629 606 180 945 654 788 425 798 619 95 910 322 671 933 225 693 689 207 450 499 611 202 492 216 974 159 306 314 661 497 671 0 180 371 549 832 256 622 577 387 279 704 268 543 671 783 555 745 304 77 527 1000 362 361 191 732 285 904 749 920 456 784 856 176 296 653 1022 430 569 449 494 436 205 407 314 523 644
9 512 752 118 771 533 844 588 676 792 155 753 231 493 791 406 863 853 328 519 355 478 89 671 163 796 302 126 424 755 331 762 180 0 518 411 754 97 762 438 359 373 618 113 717 490 702 389 809 205 109 350 837 532 214 195 674 185 742 568 751 399 659 679 40 137 510 842 369 400 410 349 308 90 263 135 685 734
514 748 235 551 1186 779 1031 479 903 562 363 1095 501 946 1074 254 634 674 480 256 866 771 568 281 427 1237 217 637 140 856 850 870 371 518 0 729 1195 548 251 946 742 192 1071 626 488 982 1147 799 980 502 442 806 1196 118 724 555 711 497 1261 1049 1144 516 1155 1115 492 573 1021 1340 795 817 479 699 806 571 772 650 551 848
421 126 917 523 464 133 1243 974 268 1161 465 371 240 289 384 745 1236 1238 735 566 558 66 481 971 343 529 575 356 590 1166 471 1172 549 411 729 0 1017 314 910 627 732 537 883 441 1082 393 967 142 1212 251 504 223 470 800 484 604 383 266 769 416 416 248 836 409 390 275 664 707 710 159 293 65 572 481 509 367 1072 1145
752 1143 1423 666 1060 1148 600 942 1261 1131 881 1182 959 846 1286 972 1168 1107 737 1266 458 1074 670 1209 916 1011 992 705 1145 717 546 708 832 754 1195 1017 0 805 1444 392 453 1105 137 649 1095 726 51 896 620 933 776 806 1209 1151 562 642 1377 916 518 787 1094 1127 243 964 794 819 378 820 402 889 1149 957 460 668 522 689 989 697
106 417 775 211 688 436 937 677 579 876 197 659 155 418 695 476 949 942 423 501 373 380 173 732 133 720 343 107 435 852 325 859 256 97 548 314 805 0 781 457 441 379 667 158 799 435 753 299 904 128 196 273 745 581 244 291 593 111 728 507 664 325 683 601 81 40 521 793 438 313 344 252 345 174 288 123 774 831
758 902 37 802 1375 932 1239 654 1037 663 607 1259 706 1157 1216 484 721 782 719 351 1114 941 817 364 652 1436 466 877 346 1051 1093 1066 622 762 251 910 1444 781 0 1195 991 402 1322 872 606 1207 1396 1003 1186 714 692 1024 1363 306 972 806 791 713 1503 1268 1326 671 1406 1314 733 801 1269 1564 1045 1022 628 893 1056 820 1020 890 702 1046
440 753 1182 398 705 757 786 854 868 1068 590 802 601 462 899 776 1125 1086 582 953 84 683 378 1044 585 675 728 350 862 805 156 804 577 438 946 627 392 457 1195 0 334 812 265 325 1009 352 344 504 777 578 503 413 840 937 224 422 997 564 348 426 727 761 226 603 474 461 77 566 258 496 789 570 143 374 175 333 932 782
354 848 969 246 969 863 517 535 1000 744 451 1015 590 692 1084 520 797 754 290 834 303 798 271 767 518 960 544 376 702 488 374 489 387 359 742 732 453 441 991 334 0 666 337 292 691 620 407 658 493 564 343 582 1078 698 265 197 1033 544 677 705 973 759 467 867 398 471 403 895 78 661 769 667 228 269 266 365 605 464
371 560 399 439 995 590 1042 562 719 696 226 903 311 760 886 301 771 797 457 173 729 579 442 451 249 1048 138 479 56 892 698 904 279 373 192 537 1105 379 402 812 666 0 973 486 617 805 1054 610 995 315 328 624 1005 275 587 469 555 312 1106 867 952 330 1032 925 339 399 883 1163 704 629 297 508 679 445 636 493 651 878
616 1008 1302 534 956 1015 603 854 1131 1053 748 1065 821 726 1164 857 1097 1041 627 1132 324 941 535 1104 780 915 864 567 1015 681 415 675 704 618 1071 883 137 667 1322 265 337 973 0 512 1009 611 86 766 610 795 645 676 1098 1034 424 516 1241 778 466 679 984 989 188 857 658 681 266 753 276 760 1011 822 323 533 384 551 910 659
115 556 861 115 734 572 802 634 710 846 265 747 313 451 803 487 914 894 356 631 242 507 72 758 268 747 408 86 536 739 228 744 268 113 626 441 649 158 872 325 292 486 512 0 775 421 598 380 773 287 191 318 820 630 101 188 750 269 637 504 725 483 546 637 150 182 397 760 281 387 501 376 196 69 149 79 727 717
708 1143 570 660 1487 1171 699 156 1311 79 618 1449 843 1211 1462 338 156 185 430 740 952 1140 702 242 738 1513 519 836 592 497 985 513 543 717 488 1082 1095 799 606 1009 691 617 1009 775 0 1196 1059 1098 645 831 608 1067 1541 370 841 602 1172 815 1357 1278 1463 932 1158 1397 719 839 1083 1531 769 1112 907 1032 873 705 875 840 119 501
498 503 1204 537 355 495 1120 1055 571 1267 631 455 507 128 564 896 1335 1313 776 894 330 425 493 1161 556 340 778 365 861 1108 246 1110 671 490 982 393 726 435 1207 352 620 805 611 421 1196 0 684 251 1105 495 597 190 488 1015 372 603 773 494 378 85 374 612 503 253 503 408 348 358 561 234 653 363 394 490 355 358 1147 1085
700 1093 1376 615 1022 1098 595 905 1213 1098 830 1139 907 802 1241 927 1137 1078 693 1215 408 1025 619 1167 865 976 942 653 1095 698 497 690 783 702 1147 967 51 753 1396 344 407 1054 86 598 1059 684 0 848 610 881 726 758 1168 1105 510 593 1326 864 498 747 1054 1075 216 925 742 768 335 796 352 841 1097 907 409 616 470 637 955 677
398 259 1005 483 393 257 1175 976 365 1175 486 367 299 158 426 771 1248 1241 715 671 443 183 437 1017 380 438 619 295 666 1119 350 1124 555 389 799 142 896 299 1003 504 658 610 766 380 1098 251 848 0 1149 296 495 90 447 855 395 563 525 304 627 281 364 369 704 315 380 259 533 579 624 19 412 116 471 435 410 301 1073 1097
801 1321 1153 692 1458 1339 54 539 1480 644 837 1509 1035 1185 1575 727 651 574 542 1166 776 1279 732 850 942 1443 858 859 1008 149 859 133 745 809 980 1212 620 904 1186 777 493 995 610 773 645 1105 610 1149 0 1011 746 1076 1572 885 759 614 1471 990 1070 1188 1466 1192 798 1356 841 940 825 1338 544 1153 1190 1147 711 732 758 850 526 145
212 325 714 324 687 350 1047 726 494 910 215 620 26 445 632 494 985 988 501 402 495 309 292 726 92 735 328 230 372 947 436 955 304 205 502 251 933 128 714 578 564 315 795 287 831 495 881 296 1011 0 271 309 716 560 371 397 469 20 824 554 650 196 804 612 170 117 638 851 566 315 215 205 473 294 414 246 824 927
100 594 678 111 879 617 785 481 762 683 107 856 293 603 887 300 755 746 231 492 424 568 126 568 195 905 226 232 370 676 419 684 77 109 442 504 776 196 692 503 343 328 645 191 608 597 726 495 746 271 0 459 942 439 285 148 725 251 827 676 858 446 714 788 115 237 579 945 375 507 446 445 363 129 332 238 578 657
359 346 1023 429 421 346 1100 937 455 1142 470 433 319 145 505 749 1214 1201 668 705 354 272 382 1006 379 447 612 239 680 1054 261 1058 527 350 806 223 806 273 1024 413 582 624 676 318 1067 190 758 90 1076 309 459 0 502 850 317 506 606 311 553 244 406 423 615 329 351 238 443 541 543 84 463 180 386 380 327 240 1033 1031
846 461 1374 928 163 432 1592 1423 361 1619 924 104 708 387 201 1208 1693 1688 1163 1012 810 425 882 1441 807 249 1044 738 1056 1555 719 1559 1000 837 1196 470 1209 745 1363 840 1078 1005 1098 820 1541 488 1168 447 1572 716 942 502 0 1270 813 1007 660 729 772 421 114 691 975 245 827 705 833 535 1030 437 735 511 864 880 813 742 1520 1533
525 834 278 539 1247 864 937 368 995 444 384 1171 563 994 1160 180 516 555 417 372 861 848 564 175 475 1291 238 657 236 756 858 770 362 532 118 800 1151 581 306 937 698 275 1034 630 370 1015 1105 855 885 560 439 850 1270 0 723 525 819 551 1266 1088 1210 606 1136 1169 513 612 1014 1372 759 872 573 763 794 568 769 667 436 748
216 606 960 188 710 617 782 693 748 907 366 750 397 429 821 573 972 945 412 731 141 548 158 843 365 710 507 143 637 744 144 747 361 214 724 484 562 244 972 224 265 587 424 101 841 372 510 395 759 371 285 317 813 723 0 238 821 355 543 458 710 565 446 609 250 257 297 690 228 397 587 419 101 155 48 127 781 721
187 708 787 80 923 727 650 455 870 669 255 930 422 640 979 356 734 709 174 637 355 670 126 622 335 934 350 268 505 562 383 568 191 195 555 604 642 291 806 422 197 469 516 188 602 603 593 563 614 397 148 506 1007 525 238 0 863 376 765 688 913 584 610 825 227 329 499 928 240 571 589 540 280 127 273 265 544 541
681 271 812 792 739 285 1510 1109 298 1251 637 561 443 659 472 849 1327 1352 940 462 921 349 762 992 529 826 667 679 584 1393 841 1403 732 674 711 383 1377 593 791 997 1033 555 1241 750 1172 773 1326 525 1471 469 725 606 660 819 821 863 0 489 1151 784 671 279 1213 725 638 568 1040 1057 1031 541 283 430 919 763 857 694 1202 1376
192 344 712 303 696 368 1027 708 513 894 198 635 46 449 649 479 969 972 481 408 481 326 272 715 78 742 316 215 369 926 425 935 285 185 497 266 916 111 713 564 544 312 778 269 815 494 864 304 990 20 251 311 729 551 355 376 489 0 817 555 661 216 791 619 149 104 626 851 547 322 232 217 457 274 399 232 806 907
747 882 1494 730 610 873 1067 1202 941 1415 897 778 842 500 903 1114 1472 1431 930 1225 410 803 701 1384 861 538 1044 627 1160 1124 410 1120 904 742 1261 769 518 728 1503 348 677 1106 466 637 1357 378 498 627 1070 824 827 553 772 1266 543 765 1151 817 0 387 663 973 282 533 770 715 274 305 598 610 1010 733 485 698 498 613 1279 1100
577 513 1267 620 278 500 1202 1139 555 1350 704 403 562 126 521 974 1418 1397 860 946 412 435 576 1237 622 255 849 444 924 1193 331 1195 749 568 1049 416 787 507 1268 426 705 867 679 504 1278 85 747 281 1188 554 676 244 421 1088 458 688 784 555 387 0 307 651 555 178 578 476 412 299 645 262 693 398 478 573 441 439 1231 1170
760 439 1333 835 71 412 1485 1339 380 1540 850 131 646 281 262 1135 1613 1604 1073 978 700 386 789 1377 739 166 978 645 1006 1454 609 1458 920 751 1144 416 1094 664 1326 727 973 952 984 725 1463 374 1054 364 1466 650 858 406 114 1210 710 913 671 661 663 307 0 655 861 132 745 624 719 444 922 351 700 446 756 787 707 647 1436 1432
405 233 682 515 709 264 1231 851 388 1012 361 588 170 527 558 597 1088 1104 664 322 680 269 487 782 250 776 414 421 375 1117 612 1126 456 399 516 248 1127 325 671 761 759 330 989 483 932 612 1075 369 1192 196 446 423 691 606 565 584 279 216 973 651 655 0 985 657 361 307 815 947 763 388 45 252 666 489 605 437 947 1099
661 961 1391 604 823 962 791 1001 1062 1208 807 957 827 629 1068 966 1257 1207 751 1177 310 887 591 1226 810 770 940 576 1080 865 374 859 784 659 1155 836 243 683 1406 226 467 1032 188 546 1158 503 216 704 798 804 714 615 975 1136 446 610 1213 791 282 555 861 985 0 730 696 687 173 579 392 694 1014 783 352 588 398 559 1067 842
688 468 1318 751 102 446 1372 1265 455 1471 795 246 614 186 375 1077 1543 1528 992 974 583 399 705 1330 694 122 933 564 981 1353 496 1355 856 679 1115 409 964 601 1314 603 867 925 857 637 1397 253 925 315 1356 612 788 329 245 1169 609 825 725 619 533 178 132 657 730 0 680 564 590 340 811 297 702 420 644 703 600 563 1360 1330
44 485 724 154 768 506 877 596 651 795 130 740 195 496 772 398 868 860 345 481 390 455 128 659 123 798 279 145 391 781 360 789 176 40 492 390 794 81 733 474 398 339 658 150 719 503 742 380 841 170 115 351 827 513 250 227 638 149 770 578 745 361 696 680 0 121 544 858 409 394 371 330 346 130 298 157 693 761
146 380 797 249 650 399 973 717 541 915 231 619 141 383 654 513 989 982 464 509 378 341 208 767 149 684 373 114 455 890 320 897 296 137 573 275 819 40 801 461 471 399 681 182 839 408 768 259 940 117 237 238 705 612 257 329 568 104 715 476 624 307 687 564 121 0 521 766 464 273 330 212 358 208 299 130 815 870
512 789 1256 474 689 790 829 928 893 1141 663 804 661 468 909 853 1198 1157 658 1021 155 715 453 1121 652 649 803 414 934 863 203 861 653 510 1021 664 378 521 1269 77 403 883 266 397 1083 348 335 533 825 638 579 443 833 1014 297 499 1040 626 274 412 719 815 173 590 544 521 0 512 325 523 846 610 220 449 248 398 1005 839
850 790 1562 872 376 773 1341 1383 795 1598 987 574 861 420 705 1246 1662 1632 1102 1245 594 716 833 1514 915 285 1135 716 1219 1372 546 1371 1022 842 1340 707 820 793 1564 566 895 1163 753 760 1531 358 796 579 1338 851 945 541 535 1372 690 928 1057 851 305 299 444 947 579 340 858 766 512 0 822 559 991 695 673 830 658 708 1470 1349
365 831 1026 268 914 844 562 612 976 822 482 972 592 642 1048 583 876 832 360 868 235 775 280 837 532 900 590 358 743 553 315 553 430 369 795 710 402 438 1045 258 78 704 276 281 769 561 352 624 544 566 375 543 1030 759 228 240 1031 547 598 645 922 763 392 811 409 464 325 822 0 624 778 646 167 278 217 344 683 530
410 273 1025 492 377 270 1178 989 371 1189 502 359 317 138 424 786 1262 1253 726 690 438 196 445 1034 397 420 636 303 685 1126 345 1130 569 400 817 159 889 313 1022 496 661 629 760 387 1112 234 841 19 1153 315 507 84 437 872 397 571 541 322 610 262 351 388 694 297 394 273 523 559 624 0 432 136 469 444 410 308 1085 1104
415 275 639 524 754 305 1231 832 424 986 354 631 190 570 597 575 1062 1081 657 277 707 314 499 749 253 821 391 445 339 1111 642 1121 449 410 479 293 1149 344 628 789 769 297 1011 501 907 653 1097 412 1190 215 446 463 735 573 587 589 283 232 1010 693 700 45 1014 702 371 330 846 991 778 432 0 295 688 501 629 461 927 1093
359 187 898 459 487 198 1178 920 333 1110 414 417 200 275 442 697 1185 1184 675 557 498 131 417 931 296 542 533 291 563 1102 414 1109 494 349 699 65 957 252 893 570 667 508 822 376 1032 363 907 116 1147 205 445 180 511 763 419 540 430 217 733 398 446 252 783 420 330 212 610 695 646 136 295 0 509 416 446 302 1018 1081
309 697 1041 256 747 706 728 721 832 935 454 810 498 476 891 633 995 960 444 828 79 634 239 901 465 734 589 244 727 715 148 716 436 308 806 572 460 345 1056 143 228 679 323 196 873 394 409 471 711 473 363 386 864 794 101 280 919 457 485 478 756 666 352 644 346 358 220 673 167 469 688 509 0 235 63 228 802 692
86 589 807 48 799 607 764 565 749 776 219 803 320 517 852 420 845 825 289 600 294 547 3 691 253 814 354 142 492 687 293 693 205 90 571 481 668 174 820 374 269 445 533 69 705 490 616 435 732 294 129 380 880 568 155 127 763 274 698 573 787 489 588 703 130 208 449 830 278 444 501 416 235 0 202 140 659 666
264 633 1008 232 702 643 778 726 770 940 414 755 439 426 833 616 1004 973 445 779 93 572 205 886 412 696 555 184 686 753 114 755 407 263 772 509 522 288 1020 175 266 636 384 149 875 355 470 410 758 414 332 327 813 769 48 273 857 399 498 441 707 605 398 600 298 299 248 658 217 410 629 446 63 202 0 168 812 730
142 486 882 188 659 500 879 703 635 912 287 667 271 376 724 538 982 965 429 623 249 433 142 806 254 675 435 16 546 818 205 823 314 135 650 367 689 123 890 333 365 493 551 79 840 358 637 301 850 246 238 240 742 667 127 265 694 232 613 439 647 437 559 563 157 130 398 708 344 308 461 302 228 140 168 0 797 796
675 1145 666 611 1455 1171 579 98 1314 142 609 1433 840 1174 1456 352 193 167 371 792 882 1133 656 342 732 1473 535 796 636 378 924 393 523 685 551 1072 989 774 702 932 605 651 910 727 119 1147 955 1073 526 824 578 1033 1520 436 781 544 1202 806 1279 1231 1436 947 1067 1360 693 815 1005 1470 683 1085 927 1018 802 659 812 797 0 381
725 1247 1013 621 1431 1267 199 395 1411 502 739 1463 951 1151 1518 598 514 439 436 1045 765 1212 665 706 851 1425 741 802 886 23 839 27 644 734 848 1145 697 831 1046 782 464 878 659 717 501 1085 677 1097 145 927 657 1031 1533 748 721 541 1376 907 1100 1170 1432 1099 842 1330 761 870 839 1349 530 1104 1093 1081 692 666 730 796 381 0
