0 1255 1230 231 1467 245 906 1722 1494 243 1281 1596 122 1164 333 1683 1077
1255 0 1984 1486 871 1325 353 1766 2372 1489 2529 482 1132 932 1404 1490 1317
1230 1984 0 1193 1552 1453 1684 2952 405 1117 1365 2051 1270 2319 898 2888 2304
231 1486 1193 0 1662 298 1137 1807 1402 76 1053 1823 354 1334 339 1809 1177
1467 871 1552 1662 0 1657 867 2570 1956 1624 2544 609 1370 1731 1410 2329 2027
245 1325 1453 298 1657 0 995 1515 1689 362 1291 1715 295 1047 558 1510 880
906 353 1684 1137 867 995 0 1706 2060 1138 2177 727 783 875 1053 1486 1163
1722 1766 2952 1807 2570 1515 1706 0 3205 1876 2577 2236 1685 840 2056 356 648
1494 2372 405 1402 1956 1689 2060 3205 0 1330 1248 2455 1558 2633 1166 3177 2566
243 1489 1117 76 1624 362 1138 1876 1330 0 1041 1809 362 1383 269 1871 1243
1281 2529 1365 1053 2544 1291 2177 2577 1248 1041 0 2825 1402 2320 1161 2685 2044
1596 482 2051 1823 609 1715 727 2236 2455 1809 2825 0 1477 1410 1665 1944 1799
122 1132 1270 354 1370 295 783 1685 1558 362 1402 1477 0 1080 393 1622 1037
1164 932 2319 1334 1731 1047 875 840 2633 1383 2320 1410 1080 0 1473 617 458
333 1404 898 339 1410 558 1053 2056 1166 269 1161 1665 393 1473 0 2011 1410
1683 1490 2888 1809 2329 1510 1486 356 3177 1871 2685 1944 1622 617 2011 0 645
1077 1317 2304 1177 2027 880 1163 648 2566 1243 2044 1799 1037 458 1410 645 0
