0 208 283 302 226 864 1458 1542 1587 793 1370 379 277 1302 605 592
208 0 201 502 105 657 1665 1698 1648 594 1402 325 468 1119 457 622
283 201 0 574 306 721 1697 1826 1835 701 1598 527 556 1037 327 814
302 502 574 0 481 1140 1165 1267 1435 1049 1263 520 52 1603 900 565
226 105 306 481 0 659 1645 1627 1547 573 1299 220 439 1183 549 520
864 657 721 1140 659 0 2303 2200 1902 159 1605 706 1098 736 592 980
1458 1665 1697 1165 1645 2303 0 897 1691 2202 1738 1635 1205 2730 2014 1499
1542 1698 1826 1267 1627 2200 897 0 880 2058 1035 1501 1274 2811 2145 1224
1587 1648 1835 1435 1547 1902 1691 880 0 1743 307 1341 1408 2619 2091 1026
793 594 701 1049 573 159 2202 2058 1743 0 1446 579 1003 892 647 835
1370 1402 1598 1263 1299 1605 1738 1035 307 1446 0 1084 1228 2329 1832 784
379 325 527 520 220 706 1635 1501 1341 579 1084 0 468 1328 749 319
277 468 556 52 439 1098 1205 1274 1408 1003 1228 468 0 1578 881 517
1302 1119 1037 1603 1183 736 2730 2811 2619 892 2329 1328 1578 0 715 1641
605 457 327 900 549 592 2014 2145 2091 647 1832 749 881 715 0 1065
592 622 814 565 520 980 1499 1224 1026 835 784 319 517 1641 1065 0
