0 999 1152 633 1439 1480 1618 1565 272 95 1627 27 813 1476 909 1052
999 0 1639 368 2289 2334 2472 572 822 903 2150 1004 381 1051 1019 1863
1152 1639 0 1428 926 967 2415 2139 1023 1173 516 1178 1262 1220 2041 605
633 368 1428 0 1979 2022 2126 932 488 537 1944 636 354 1160 818 1559
1439 2289 926 1979 0 45 1978 2847 1491 1514 853 1454 1955 2126 2303 428
1480 2334 967 2022 45 0 1986 2892 1534 1555 878 1494 2000 2169 2340 473
1618 2472 2415 2126 1978 1986 0 2960 1889 1691 2690 1597 2404 3090 1656 1913
1565 572 2139 932 2847 2892 2960 0 1394 1470 2634 1568 896 1266 1371 2420
272 822 1023 488 1491 1534 1889 1394 0 215 1528 294 570 1204 1026 1073
95 903 1173 537 1514 1555 1691 1470 215 0 1661 102 726 1413 870 1118
1627 2150 516 1944 853 878 2690 2634 1528 1661 0 1652 1770 1605 2531 777
27 1004 1178 636 1454 1494 1597 1568 294 102 1652 0 827 1499 887 1070
813 381 1262 354 1955 2000 2404 896 570 726 1770 827 0 806 1172 1527
1476 1051 1220 1160 2126 2169 3090 1266 1204 1413 1605 1499 806 0 1978 1738
909 1019 2041 818 2303 2340 1656 1371 1026 870 2531 887 1172 1978 0 1946
1052 1863 605 1559 428 473 1913 2420 1073 1118 777 1070 1527 1738 1946 0
