0 63 1208 256 257 466 950 795 1545 1596 265 297 214 1649 1161 1196
63 0 1270 239 307 408 973 853 1575 1653 324 318 162 1586 1123 1225
1208 1270 0 1382 1088 1602 1472 760 1164 1078 1012 1254 1369 2848 1975 1008
256 239 1382 0 300 530 782 836 1802 1597 370 176 352 1544 1305 1453
257 307 1088 300 0 714 734 557 1629 1348 85 173 469 1836 1415 1291
466 408 1602 530 714 0 1311 1261 1645 2061 731 684 254 1257 788 1303
950 973 1472 782 734 1311 0 711 2302 1104 794 655 1122 2102 2085 1983
795 853 760 836 557 1261 711 0 1689 806 529 665 1008 2380 1896 1408
1545 1575 1164 1802 1629 1645 2302 1689 0 2233 1549 1784 1550 2796 1485 350
1596 1653 1078 1597 1348 2061 1104 806 2233 0 1332 1421 1810 3115 2696 2029
265 324 1012 370 85 731 794 529 1549 1332 0 258 479 1888 1399 1213
297 318 1254 176 173 684 655 665 1784 1421 258 0 470 1716 1437 1441
214 162 1369 352 469 254 1122 1008 1550 1810 479 470 0 1478 966 1199
1649 1586 2848 1544 1836 1257 2102 2380 2796 3115 1888 1716 1478 0 1414 2482
1161 1123 1975 1305 1415 788 2085 1896 1485 2696 1399 1437 966 1414 0 1237
1196 1225 1008 1453 1291 1303 1983 1408 350 2029 1213 1441 1199 2482 1237 0
