0 752 1676 1547 1085 807 1708 836 276 1272 1301 325 161 102 1465 562 932
752 0 2098 1530 1729 1543 1038 299 901 1995 1961 658 657 656 2070 1032 764
1676 2098 0 1093 844 1767 3122 2342 1871 1210 858 1503 1614 1687 620 1130 1476
1547 1530 1093 0 1471 2093 2406 1827 1820 1922 1640 1233 1403 1491 1528 1083 766
1085 1729 844 1471 0 935 2755 1895 1190 451 234 1071 1099 1140 392 722 1395
807 1543 1767 2093 935 0 2401 1556 659 791 1032 1066 948 909 1290 1017 1655
1708 1038 3122 2406 2755 2401 0 872 1748 2980 2984 1690 1659 1631 3105 2070 1693
836 299 2342 1827 1895 1556 872 0 896 2108 2120 852 795 761 2256 1238 1061
276 901 1871 1820 1190 659 1748 896 0 1281 1382 601 433 354 1582 800 1202
1272 1995 1210 1922 451 791 2980 2108 1281 0 351 1362 1338 1352 610 1078 1786
1301 1961 858 1640 234 1032 2984 2120 1382 351 0 1304 1325 1362 268 957 1622
325 658 1503 1233 1071 1066 1690 852 601 1362 1304 0 171 257 1414 386 611
161 657 1614 1403 1099 948 1659 795 433 1338 1325 171 0 88 1464 484 771
102 656 1687 1491 1140 909 1631 761 354 1352 1362 257 88 0 1513 559 848
1465 2070 620 1528 392 1290 3105 2256 1582 610 268 1414 1464 1513 0 1039 1635
562 1032 1130 1083 722 1017 2070 1238 800 1078 957 386 484 559 1039 0 714
932 764 1476 766 1395 1655 1693 1061 1202 1786 1622 611 771 848 1635 714 0
