0 1299 56 568 945 869 387 1069 739 660 692 1532 1639 608 867 1618
1299 0 1287 1811 376 2167 980 2186 1694 1055 1517 924 2531 777 564 1342
56 1287 0 554 940 887 407 1118 795 698 748 1489 1693 620 876 1566
568 1811 554 0 1483 506 955 1081 1016 1202 1072 1827 1753 1174 1430 1770
945 376 940 1483 0 1808 607 1810 1321 694 1147 1071 2174 400 219 1410
869 2167 887 506 1808 0 1213 722 900 1347 1038 2306 1394 1440 1702 2274
387 980 407 955 607 1213 0 1228 771 346 632 1423 1677 227 490 1617
1069 2186 1118 1081 1810 722 1228 0 510 1161 702 2595 679 1411 1636 2681
739 1694 795 1016 1321 900 771 510 0 653 193 2186 916 926 1136 2334
660 1055 698 1202 694 1347 346 1161 653 0 467 1678 1480 341 491 1921
692 1517 748 1072 1147 1038 632 702 193 467 0 2056 1046 760 955 2234
1532 924 1489 1827 1071 2306 1423 2595 2186 1678 2056 0 3099 1337 1281 459
1639 2531 1693 1753 2174 1394 1677 679 916 1480 1046 3099 0 1801 1968 3249
608 777 620 1174 400 1440 227 1411 926 341 760 1337 1801 0 263 1590
867 564 876 1430 219 1702 490 1636 1136 491 955 1281 1968 263 0 1599
1618 1342 1566 1770 1410 2274 1617 2681 2334 1921 2234 459 3249 1590 1599 0
