0 55 1450 821 1220 671 870 534 1225 763 1382 346 1611 335 1038 1610
55 0 1496 863 1275 672 857 508 1170 727 1437 326 1562 368 1079 1561
1450 1496 0 645 638 1921 1437 1946 2536 2201 1052 1758 3054 1150 1592 2616
821 863 645 0 704 1373 895 1340 1896 1583 1079 1149 2413 506 1272 2038
1220 1275 638 704 0 1490 1589 1609 2434 1876 429 1441 2797 1033 999 2689
671 672 1921 1373 1490 0 1525 329 1414 511 1452 381 1427 975 772 2005
870 857 1437 895 1589 1525 0 1298 1251 1427 1921 1154 1966 693 1841 1181
534 508 1946 1340 1609 329 1298 0 1089 266 1651 191 1200 869 1055 1678
1225 1170 2536 1896 2434 1414 1251 1089 0 946 2604 1140 813 1420 2126 724
763 727 2201 1583 1876 511 1427 266 946 0 1911 444 939 1095 1280 1603
1382 1437 1052 1079 429 1452 1921 1651 2604 1911 0 1514 2850 1288 782 2951
346 326 1758 1149 1441 381 1154 191 1140 444 1514 0 1356 681 987 1665
1611 1562 3054 2413 2797 1427 1966 1200 813 939 2850 1356 0 1906 2198 1481
335 368 1150 506 1033 975 693 869 1420 1095 1288 681 1906 0 1151 1667
1038 1079 1592 1272 999 772 1841 1055 2126 1280 782 987 2198 1151 0 2627
1610 1561 2616 2038 2689 2005 1181 1678 724 1603 2951 1665 1481 1667 2627 0
