0 301 340 331 751 1091 1364 393 1505 1523 1730 559 673 1007 1660 630
301 0 465 558 1053 1115 1618 241 1219 1612 1822 259 372 741 1364 510
340 465 0 180 820 753 1577 666 1462 1854 2060 649 759 940 1769 931
331 558 180 0 641 851 1416 715 1635 1770 1972 780 894 1114 1907 961
751 1053 820 641 0 1381 852 1083 2241 1529 1700 1310 1424 1727 2399 1226
1091 1115 753 851 1381 0 2222 1354 1531 2607 2812 1162 1229 1097 2098 1625
1364 1618 1577 1416 852 2222 0 1521 2829 1049 1139 1862 1959 2359 2781 1511
393 241 666 715 1083 1354 1521 0 1315 1396 1604 373 448 891 1323 271
1505 1219 1462 1635 2241 1531 2829 1315 0 2600 2796 967 870 522 754 1415
1523 1612 1854 1770 1529 2607 1049 1396 2600 0 209 1759 1805 2264 2279 1204
1730 1822 2060 1972 1700 2812 1139 1604 2796 209 0 1966 2011 2469 2448 1408
559 259 649 780 1310 1162 1862 373 967 1759 1966 0 116 518 1127 571
673 372 759 894 1424 1229 1959 448 870 1805 2011 116 0 458 1012 603
1007 741 940 1114 1727 1097 2359 891 522 2264 2469 518 458 0 1004 1061
1660 1364 1769 1907 2399 2098 2781 1323 754 2279 2448 1127 1012 1004 0 1270
630 510 931 961 1226 1625 1511 271 1415 1204 1408 571 603 1061 1270 0
