0 805 1145 186 139 477 1172 164 694 243 1564 482 461 161 41 1264
805 0 1949 926 942 913 1927 809 1479 1030 2309 1283 1222 894 792 2008
1145 1949 0 1034 1013 1227 436 1183 586 943 670 691 822 1089 1156 508
186 926 1034 0 188 351 1012 338 667 279 1401 437 486 294 166 1099
139 942 1013 188 0 536 1070 197 555 109 1462 342 330 121 166 1165
477 913 1227 351 536 0 1076 641 982 630 1435 754 832 626 438 1143
1172 1927 436 1012 1070 1076 0 1265 852 1040 392 839 1009 1177 1169 100
164 809 1183 338 197 641 1265 0 671 240 1657 493 412 93 203 1361
694 1479 586 667 555 982 852 671 0 453 1201 230 263 584 721 951
243 1030 943 279 109 630 1040 240 453 0 1430 254 221 146 274 1138
1564 2309 670 1401 1462 1435 392 1657 1201 1430 0 1220 1385 1568 1559 301
482 1283 691 437 342 754 839 493 230 254 1220 0 175 400 504 940
461 1222 822 486 330 832 1009 412 263 221 1385 175 0 330 494 1110
161 894 1089 294 121 626 1177 93 584 146 1568 400 330 0 202 1273
41 792 1156 166 166 438 1169 203 721 274 1559 504 494 202 0 1258
1264 2008 508 1099 1165 1143 100 1361 951 1138 301 940 1110 1273 1258 0
