0 202 94 302 642 146 656 708 495 660 218 608 838 506 202 445 420 627 100 330 189 124 63 175 710 47 765 125 73 283 425 209 659 629 658 492 69 592 677 861 231 822 267 268 676 0 409 21 750 677 645 116 169 416 327 839 844 344 761 11 56 277 54 665 645 622 823 415 364 169 135 491 545 566 806 133 849 327
202 0 268 471 763 319 788 506 500 844 416 405 859 332 199 540 451 775 286 133 139 97 245 71 912 155 869 297 249 227 249 410 862 476 670 673 270 719 772 862 429 969 322 87 535 202 394 220 918 844 668 312 75 590 494 762 808 526 813 212 258 478 252 780 787 587 622 380 164 85 337 692 344 710 878 191 855 227
94 268 0 211 548 192 561 763 434 577 210 667 763 531 296 509 504 533 25 382 281 173 31 219 667 128 672 31 21 377 507 189 608 636 742 407 96 636 586 945 223 728 203 315 676 94 500 74 660 689 727 60 213 327 353 803 934 259 678 95 65 254 52 713 551 713 870 508 432 208 100 432 597 600 718 117 932 327
302 471 211 0 363 340 367 945 418 375 271 856 673 681 500 639 676 327 202 570 492 373 241 413 552 340 497 179 232 584 716 242 477 753 907 204 272 717 428 1108 278 521 250 502 777 302 691 281 449 701 887 196 406 119 431 821 1117 71 559 300 255 266 250 800 349 901 1040 704 632 399 208 301 779 664 575 288 1094 460
642 763 548 363 0 703 50 1153 413 362 631 1084 434 853 844 1001 1038 125 549 821 823 671 579 693 724 668 137 518 568 923 1011 603 638 858 1271 314 627 1062 111 1472 636 237 447 760 853 642 1046 622 282 1003 1251 553 688 307 785 748 1477 371 291 643 605 613 597 1146 94 1258 1218 1056 904 678 571 520 997 1003 255 573 1458 649
146 319 192 340 703 0 707 817 625 641 120 712 954 642 210 317 336 662 175 452 239 263 171 312 613 180 834 209 181 292 494 132 577 772 568 490 96 448 757 770 129 851 394 398 821 146 359 145 757 533 549 156 307 430 181 983 778 353 863 134 129 184 143 523 687 564 938 379 465 309 132 427 660 420 897 276 756 473
656 788 561 367 50 707 0 1191 459 318 628 1120 481 892 858 998 1043 83 560 852 840 694 593 719 688 685 158 531 582 939 1037 601 601 903 1274 288 636 1050 158 1474 632 194 477 789 899 656 1056 636 232 980 1253 561 714 295 778 798 1484 365 337 656 616 605 609 1133 47 1267 1258 1067 932 704 576 493 1033 989 292 596 1458 685
708 506 763 945 1153 817 1191 0 769 1320 922 106 1064 305 638 954 810 1204 784 381 587 592 745 543 1418 661 1223 789 747 595 366 917 1367 379 942 1149 776 1150 1122 1078 934 1385 725 448 436 708 713 725 1366 1317 958 814 550 1063 980 763 955 1010 1087 718 763 984 756 1191 1205 797 134 676 351 555 842 1195 166 1160 1175 660 1081 507
495 500 434 418 413 625 459 769 0 694 627 716 358 464 661 939 908 500 453 499 615 442 454 434 963 491 458 423 444 718 715 600 883 447 1143 556 528 1069 358 1343 639 650 231 455 439 495 876 486 675 1100 1134 482 432 483 783 403 1304 483 328 504 496 651 482 1147 487 1081 817 870 591 422 520 714 627 1030 410 367 1333 303
660 844 577 375 362 641 318 1320 694 0 528 1232 796 1048 839 863 954 236 562 946 845 747 603 788 384 702 466 546 597 924 1084 510 301 1101 1160 171 610 858 474 1348 525 303 606 878 1113 660 997 638 158 735 1133 544 782 257 635 1078 1391 317 653 654 605 478 605 938 270 1193 1412 1020 1007 774 535 262 1154 789 610 664 1330 825
218 416 210 271 631 120 628 922 627 528 0 819 929 723 331 369 429 574 185 547 356 343 206 394 499 264 767 208 212 412 611 29 458 840 650 386 149 451 699 847 13 757 403 487 883 218 469 206 653 480 627 151 388 338 162 1009 871 264 825 207 172 64 184 533 603 666 1039 492 572 387 110 306 761 405 846 322 831 532
608 405 667 856 1084 712 1120 106 716 1232 819 0 1033 262 531 848 706 1127 687 286 481 494 648 448 1317 560 1163 694 650 488 261 815 1268 376 847 1060 675 1044 1061 992 830 1312 646 354 442 608 610 625 1285 1210 862 716 454 974 873 766 877 918 1041 617 663 881 656 1086 1130 707 239 574 246 460 742 1097 89 1054 1126 568 993 435
838 859 763 673 434 954 481 1064 358 796 929 1033 0 771 1015 1271 1257 560 778 849 971 799 788 792 1147 840 362 745 777 1075 1067 900 1060 695 1494 721 859 1381 323 1696 939 607 571 811 655 838 1231 825 705 1372 1483 800 790 681 1091 408 1661 718 143 845 828 936 815 1462 527 1438 1081 1226 941 780 834 920 945 1333 217 717 1685 653
506 332 531 681 853 642 892 305 464 1048 723 262 771 0 523 867 760 911 556 209 462 381 523 331 1198 464 919 550 521 523 374 711 1136 158 952 880 574 1051 817 1127 737 1087 442 246 226 506 682 517 1079 1174 958 590 336 793 822 526 1038 750 783 517 552 779 541 1109 909 837 367 656 264 336 625 958 175 1042 871 416 1123 222
202 199 296 500 844 210 858 638 661 839 331 531 1015 523 0 343 255 827 298 315 61 219 265 241 820 180 966 327 275 85 291 339 787 673 483 678 231 530 877 682 339 1021 447 285 733 202 215 222 942 679 477 304 240 608 345 957 649 533 950 201 244 394 250 585 846 426 767 215 293 249 304 636 495 529 1001 299 673 420
445 540 509 639 1001 317 998 954 939 863 369 848 1271 867 343 0 163 942 493 658 405 531 485 568 687 459 1136 526 496 361 588 397 691 1016 299 744 412 196 1066 485 365 1119 708 627 1075 445 263 452 1004 398 270 473 565 706 229 1278 536 633 1180 435 444 398 458 242 971 370 1087 303 628 572 442 607 826 221 1209 577 467 747
420 451 504 676 1038 336 1043 810 908 954 429 706 1257 760 255 163 0 997 496 552 313 472 475 497 827 417 1169 529 487 237 444 452 820 915 237 816 414 354 1088 440 430 1184 686 535 978 420 101 435 1083 562 225 486 496 763 335 1212 442 687 1181 414 440 476 452 383 1023 239 945 141 505 504 467 711 695 385 1223 541 428 675
627 775 533 327 125 662 83 1204 500 236 574 1127 560 911 827 942 997 0 528 851 815 679 564 709 604 660 239 501 554 910 1025 548 518 935 1224 213 599 983 237 1422 577 195 480 786 937 627 1017 606 175 904 1202 524 703 236 718 860 1440 311 416 626 582 545 577 1066 37 1226 1279 1031 927 694 533 414 1042 920 376 583 1406 696
100 286 25 202 549 175 560 784 453 562 185 687 778 556 298 493 496 528 0 403 289 193 41 241 643 140 675 33 37 381 521 164 585 661 733 394 83 615 592 936 198 723 224 336 701 100 497 78 650 665 717 35 234 316 331 825 930 246 689 97 56 229 48 693 547 710 892 507 450 230 75 410 619 579 726 142 923 352
330 133 382 570 821 452 852 381 499 946 547 286 849 209 315 658 552 851 403 0 253 210 364 162 1040 283 914 408 366 315 218 540 987 363 752 774 399 843 813 934 560 1042 374 68 427 330 478 346 1005 976 755 433 168 689 627 689 859 632 826 341 383 607 375 900 858 648 492 455 92 173 462 813 216 838 900 282 929 196
189 139 281 492 823 239 840 587 615 845 356 481 971 462 61 405 313 815 289 253 0 172 251 186 853 155 941 313 260 104 255 359 814 612 536 679 234 590 849 732 366 1010 409 224 672 189 262 210 939 733 532 302 186 604 392 899 690 532 912 192 240 420 242 646 832 466 714 255 238 196 310 656 439 587 968 261 723 362
124 97 173 373 671 263 694 592 442 747 343 494 799 381 219 531 472 679 193 210 172 0 153 51 830 83 782 201 156 276 346 332 776 508 703 575 193 696 687 901 356 874 240 145 559 124 433 137 820 796 696 222 45 492 445 747 862 429 741 136 174 400 165 763 691 639 702 427 260 45 251 603 427 677 799 97 892 216
63 245 31 241 579 171 593 745 454 603 206 648 788 523 265 485 475 564 41 364 251 153 0 202 678 99 703 62 11 346 480 189 623 634 713 434 74 618 617 916 220 759 223 298 676 63 469 43 689 682 699 69 196 355 340 815 904 286 706 64 42 257 27 694 582 682 855 477 410 192 102 449 580 586 748 115 904 326
175 71 219 413 693 312 719 543 434 788 394 448 792 331 241 568 497 709 241 162 186 51 202 0 880 132 798 246 204 286 317 383 825 461 723 616 244 738 701 918 407 902 251 95 514 175 449 188 855 845 718 271 6 532 493 716 871 472 744 186 225 452 215 803 719 649 652 439 220 14 302 651 378 721 807 126 910 179
710 912 667 552 724 613 688 1418 963 384 499 1317 1147 1198 820 687 827 604 643 1040 853 830 678 880 0 757 843 648 679 896 1108 501 86 1292 977 426 642 601 833 1135 488 683 797 976 1323 710 903 693 535 411 944 610 874 483 499 1366 1217 482 1009 700 656 435 664 666 641 1057 1532 936 1071 871 578 251 1256 530 979 782 1114 986
47 155 128 340 668 180 685 661 491 702 264 560 840 464 180 459 417 660 140 283 155 83 99 132 757 0 787 160 107 256 381 256 707 591 654 534 115 617 697 855 276 856 269 223 641 47 395 66 789 713 643 161 127 455 362 819 830 386 770 57 103 324 99 686 677 606 776 396 317 129 182 538 498 595 820 123 844 295
765 869 672 497 137 834 158 1223 458 466 767 1163 362 919 966 1136 1169 239 675 914 941 782 703 798 843 787 0 643 692 1043 1113 739 757 902 1403 445 756 1199 101 1605 772 245 547 856 885 765 1172 746 350 1137 1384 682 794 444 922 729 1605 508 224 767 731 750 722 1283 202 1385 1275 1180 1000 783 702 651 1074 1140 150 684 1590 730
125 297 31 179 518 209 531 789 423 546 208 694 745 550 327 526 529 501 33 408 313 201 62 246 648 160 643 0 53 409 539 185 586 649 767 376 116 646 559 970 221 696 195 340 686 125 529 105 628 689 751 58 239 295 360 800 962 229 656 125 89 246 79 724 519 742 893 538 461 234 98 409 623 607 693 134 957 341
73 249 21 232 568 181 582 747 444 597 212 650 777 521 275 496 487 554 37 366 260 156 11 204 679 107 692 53 0 356 487 194 622 630 725 427 84 628 605 928 225 750 213 299 671 73 481 54 681 689 710 69 197 348 349 806 915 280 694 75 52 260 38 704 572 694 855 488 414 193 105 447 582 595 736 110 915 321
283 227 377 584 923 292 939 595 718 924 412 488 1075 523 85 361 237 910 381 315 104 276 346 286 896 256 1043 409 356 0 233 422 865 679 443 763 316 556 952 634 420 1104 514 304 742 283 166 304 1027 726 442 389 287 692 409 988 586 618 1017 283 328 475 333 602 928 363 727 153 269 296 390 719 465 565 1072 366 627 455
425 249 507 716 1011 494 1037 366 715 1084 611 261 1067 374 291 588 444 1025 521 218 255 346 480 317 1108 381 1113 539 487 233 0 614 1069 532 597 915 483 785 1015 758 621 1219 566 261 600 425 349 447 1165 960 608 542 323 834 636 893 664 767 1040 432 481 675 480 825 1036 469 500 314 127 332 557 910 260 798 1111 441 757 414
209 410 189 242 603 132 601 917 600 510 29 815 900 711 339 397 452 548 164 540 359 332 189 383 501 256 739 185 194 422 614 0 456 823 675 363 140 480 670 874 38 732 378 477 865 209 487 195 631 503 653 129 377 312 191 985 895 237 796 199 158 68 169 562 576 688 1032 509 569 376 89 297 755 434 817 304 858 515
659 862 608 477 638 577 601 1367 883 301 458 1268 1060 1136 787 691 820 518 585 987 814 776 623 825 86 707 757 586 622 865 1069 456 0 1224 987 341 593 629 747 1154 448 603 725 921 1253 660 888 642 455 460 955 553 819 401 486 1285 1226 406 922 650 604 394 611 700 555 1054 1478 919 1024 815 525 179 1203 556 893 721 1134 921
629 476 636 753 858 772 903 379 447 1101 840 376 695 158 673 1016 915 935 661 363 612 508 634 461 1292 591 902 649 630 679 532 823 1224 0 1111 940 694 1195 803 1286 853 1096 503 389 69 629 840 636 1109 1305 1116 697 465 855 954 390 1196 824 735 640 668 890 656 1257 927 996 386 815 423 463 735 1045 305 1182 829 520 1282 309
658 670 742 907 1271 568 1274 942 1143 1160 650 847 1494 952 483 299 237 1224 733 752 536 703 713 723 977 654 1403 767 725 443 597 675 987 1111 0 1034 650 401 1324 203 648 1407 923 747 1177 658 276 673 1297 634 35 722 723 988 525 1431 239 913 1419 652 678 688 689 378 1251 157 1075 296 688 732 700 906 857 463 1460 777 190 897
492 673 407 204 314 490 288 1149 556 171 386 1060 721 880 678 744 816 213 394 774 679 575 434 616 426 534 445 376 427 763 915 363 341 940 1034 0 447 772 415 1228 386 375 440 706 957 492 849 471 267 692 1009 377 610 86 516 953 1258 147 585 488 439 346 438 855 248 1051 1242 868 835 603 373 206 983 708 566 492 1211 658
69 270 96 272 627 96 636 776 528 610 149 675 859 574 231 412 414 599 83 399 234 193 74 244 642 115 756 116 84 316 483 140 593 694 650 447 0 544 674 853 162 793 297 337 740 69 419 58 711 614 634 75 238 377 268 889 849 302 772 58 32 208 46 620 621 631 891 432 430 238 75 427 614 512 809 184 840 389
592 719 636 717 1062 448 1050 1150 1069 858 451 1044 1381 1051 530 196 354 983 615 843 590 696 618 738 601 617 1199 646 628 556 785 480 629 1195 401 772 544 0 1141 535 442 1141 839 806 1251 592 456 594 1011 232 366 588 734 755 289 1432 634 692 1275 581 576 452 591 83 1016 520 1283 496 820 739 550 596 1020 72 1291 724 515 912
677 772 586 428 111 757 158 1122 358 474 699 1061 323 817 877 1066 1088 237 592 813 849 687 617 701 833 697 101 559 605 952 1015 670 747 803 1324 415 674 1141 0 1527 706 313 450 756 790 677 1086 659 386 1097 1307 602 697 395 858 654 1521 450 179 680 648 689 638 1225 204 1299 1175 1092 900 686 626 621 972 1085 152 590 1513 628
861 862 945 1108 1472 770 1474 1078 1343 1348 847 992 1696 1127 682 485 440 1422 936 934 732 901 916 918 1135 855 1605 970 928 634 758 874 1154 1286 203 1228 853 535 1527 0 845 1602 1125 936 1353 861 469 876 1489 757 220 925 919 1186 714 1620 161 1111 1622 855 881 881 892 484 1450 289 1207 483 862 928 902 1089 1015 606 1663 978 21 1089
231 429 223 278 636 129 632 934 639 525 13 830 939 737 339 365 430 577 198 560 366 356 220 407 488 276 772 221 225 420 621 38 448 853 648 386 162 442 706 845 0 758 415 500 896 231 472 219 652 467 625 164 401 341 153 1021 872 267 833 220 185 54 197 524 606 668 1051 496 584 400 123 299 773 395 853 335 829 546
822 969 728 521 237 851 194 1385 650 303 757 1312 607 1087 1021 1119 1184 195 723 1042 1010 874 759 902 683 856 245 696 750 1104 1219 732 603 1096 1407 375 793 1141 313 1602 758 0 667 977 1090 822 1209 801 147 1035 1383 717 897 421 891 966 1627 497 469 821 776 721 771 1223 183 1416 1453 1224 1119 888 725 549 1226 1074 392 777 1586 878
267 322 203 250 447 394 477 725 231 606 403 646 571 442 447 708 686 480 224 374 409 240 223 251 797 269 547 195 213 514 566 378 725 503 923 440 297 839 450 1125 415 667 0 312 527 267 663 256 641 882 911 254 246 354 555 606 1097 321 503 275 265 435 251 917 484 873 808 662 456 236 294 547 562 803 559 148 1113 220
268 87 315 502 760 398 789 448 455 878 487 354 811 246 285 627 535 786 336 68 224 145 298 95 976 223 856 340 299 304 261 477 921 389 747 706 337 806 756 936 500 977 312 0 448 268 471 283 938 927 747 367 102 621 576 684 872 563 779 279 320 546 311 867 793 655 556 453 144 106 397 747 282 796 850 213 929 160
676 535 676 777 853 821 899 436 439 1113 883 442 655 226 733 1075 978 937 701 427 672 559 676 514 1323 641 885 686 671 742 600 865 1253 69 1177 957 740 1251 790 1353 896 1090 527 448 0 676 905 682 1112 1353 1181 737 517 874 1003 327 1264 849 708 688 713 931 699 1314 926 1064 428 880 490 514 776 1074 373 1235 803 561 1350 350
0 202 94 302 642 146 656 708 495 660 218 608 838 506 202 445 420 627 100 330 189 124 63 175 710 47 765 125 73 283 425 209 660 629 658 492 69 592 677 861 231 822 267 268 676 0 409 21 750 677 645 116 169 416 327 839 844 344 761 11 56 277 54 665 645 622 823 415 364 169 135 491 545 566 806 132 849 327
409 394 500 691 1046 359 1056 713 876 997 469 610 1231 682 215 263 101 1017 497 478 262 433 469 449 903 395 1172 529 481 166 349 487 888 840 276 849 419 456 1086 469 472 1209 663 471 905 409 0 427 1117 659 277 495 449 788 403 1155 435 712 1165 406 441 523 450 484 1040 212 847 40 421 459 484 766 604 484 1214 515 461 621
21 220 74 281 622 145 636 725 486 638 206 625 825 517 222 452 435 606 78 346 210 137 43 188 693 66 746 105 54 304 447 195 642 636 673 471 58 594 659 876 219 801 256 283 682 21 427 0 729 671 659 95 182 394 323 837 861 323 746 21 37 263 33 668 624 640 838 434 383 181 116 472 562 566 789 130 863 332
750 918 660 449 282 757 232 1366 675 158 653 1285 705 1079 942 1004 1083 175 650 1005 939 820 689 855 535 789 350 628 681 1027 1165 631 455 1109 1297 267 711 1011 386 1489 652 147 641 938 1112 750 1117 729 0 893 1272 638 849 335 775 1030 1524 409 561 747 700 609 697 1092 192 1319 1446 1136 1075 841 639 415 1203 943 500 728 1471 860
677 844 689 701 1003 533 980 1317 1100 735 480 1210 1372 1174 679 398 562 904 665 976 733 796 682 845 411 713 1137 689 689 726 960 503 460 1305 634 692 614 232 1097 757 467 1035 882 927 1353 677 659 671 893 0 599 631 840 702 351 1488 865 655 1251 665 643 449 657 273 940 750 1446 699 971 842 590 490 1173 178 1250 797 736 1003
645 668 727 887 1251 549 1253 958 1134 1133 627 862 1483 958 477 270 225 1202 717 755 532 696 699 718 944 643 1384 751 710 442 608 653 955 1116 35 1009 634 366 1307 220 625 1383 911 747 1181 645 277 659 1272 599 0 705 718 965 498 1430 272 891 1405 639 662 663 674 343 1229 184 1092 301 694 726 681 877 868 428 1444 767 206 894
116 312 60 196 553 156 561 814 482 544 151 716 800 590 304 473 486 524 35 433 302 222 69 271 610 161 682 58 69 389 542 129 553 697 722 377 75 588 602 925 164 717 254 367 737 116 495 95 638 631 705 0 265 304 301 858 924 230 707 110 61 194 62 666 545 706 924 507 476 261 40 380 649 549 740 177 911 388
169 75 213 406 688 307 714 550 432 782 388 454 790 336 240 565 496 703 234 168 186 45 196 6 874 127 794 239 197 287 323 377 819 465 723 610 238 734 697 919 401 897 246 102 517 169 449 182 849 840 718 265 0 526 488 717 872 465 740 181 219 446 209 800 714 650 658 440 226 10 296 645 384 717 803 120 910 181
416 590 327 119 307 430 295 1063 483 257 338 974 681 793 608 706 763 236 316 689 604 492 355 532 483 455 444 295 348 692 834 312 401 855 988 86 377 755 395 1186 341 421 354 621 874 416 788 394 335 702 965 304 526 0 484 884 1206 76 552 412 365 310 362 839 265 995 1155 805 752 518 306 241 896 695 548 407 1170 571
327 494 353 431 785 181 778 980 783 635 162 873 1091 822 345 229 335 718 331 627 392 445 340 493 499 362 922 360 349 409 636 191 486 954 525 516 268 289 858 714 153 891 555 576 1003 327 403 323 775 351 498 301 488 484 0 1155 759 414 987 315 299 173 313 371 749 572 1106 436 630 491 262 381 829 247 1006 452 696 654
839 762 803 821 748 983 798 763 403 1078 1009 766 408 526 957 1278 1212 860 825 689 899 747 815 716 1366 819 729 800 806 988 893 985 1285 390 1431 953 889 1432 654 1620 1021 966 606 684 327 839 1155 837 1030 1488 1430 858 717 884 1155 0 1549 887 512 850 857 1041 842 1504 838 1337 742 1137 771 710 899 1117 692 1402 607 707 1614 537
844 808 934 1117 1477 778 1484 955 1304 1391 871 877 1661 1038 649 536 442 1440 930 859 690 862 904 871 1217 830 1605 962 915 586 664 895 1226 1196 239 1258 849 634 1521 161 872 1627 1097 872 1264 844 435 861 1524 865 272 924 872 1206 759 1549 0 1130 1600 840 873 915 883 599 1465 223 1080 435 779 882 908 1140 910 699 1649 948 176 1031
344 526 259 71 371 353 365 1010 483 317 264 918 718 750 533 633 687 311 246 632 532 429 286 472 482 386 508 229 280 618 767 237 406 824 913 147 302 692 450 1111 267 497 321 563 849 344 712 323 409 655 891 230 465 76 414 887 1130 0 596 340 292 241 290 775 338 918 1107 729 690 459 230 231 843 634 602 350 1095 529
761 813 678 559 291 863 337 1087 328 653 825 1041 143 783 950 1180 1181 416 689 826 912 741 706 744 1009 770 224 656 694 1017 1040 796 922 735 1419 585 772 1275 179 1622 833 469 503 779 708 761 1165 746 561 1251 1405 707 740 552 987 512 1600 596 0 766 743 825 730 1358 384 1376 1120 1165 917 730 737 788 952 1224 97 651 1610 630
11 212 95 300 643 134 656 718 504 654 207 617 845 517 201 435 414 626 97 341 192 136 64 186 700 57 767 125 75 283 432 199 650 640 652 488 58 581 680 855 220 821 275 279 688 11 406 21 747 665 639 110 181 412 315 850 840 340 766 0 49 266 50 654 645 618 833 413 373 181 127 482 556 555 810 143 843 339
56 258 65 255 605 129 616 763 496 605 172 663 828 552 244 444 440 582 56 383 240 174 42 225 656 103 731 89 52 328 481 158 604 668 678 439 32 576 648 881 185 776 265 320 713 56 441 37 700 643 662 61 219 365 299 857 873 292 743 49 0 227 14 652 602 653 876 451 421 217 79 434 599 544 782 154 868 362
277 478 254 266 613 184 605 984 651 478 64 881 936 779 394 398 476 545 229 607 420 400 257 452 435 324 750 246 260 475 675 68 394 890 688 346 208 452 689 881 54 721 435 546 931 277 523 263 609 449 663 194 446 310 173 1041 915 241 825 266 227 0 237 535 576 715 1100 548 635 444 155 245 822 398 839 370 865 581
54 252 52 250 597 143 609 756 482 605 184 656 815 541 250 458 452 577 48 375 242 165 27 215 664 99 722 79 38 333 480 169 611 656 689 438 46 591 638 892 197 771 251 311 699 54 450 33 697 657 674 62 209 362 313 842 883 290 730 50 14 237 0 667 596 662 867 459 415 207 86 440 592 559 771 140 880 349
665 780 713 800 1146 523 1133 1191 1147 938 533 1086 1462 1109 585 242 383 1066 693 900 646 763 694 803 666 686 1283 724 704 602 825 562 700 1257 378 855 620 83 1225 484 524 1223 917 867 1314 665 484 668 1092 273 343 666 800 839 371 1504 599 775 1358 654 652 535 667 0 1099 513 1325 523 870 806 630 677 1068 149 1374 797 463 980
645 787 551 349 94 687 47 1205 487 270 603 1130 527 909 846 971 1023 37 547 858 832 691 582 719 641 677 202 519 572 928 1036 576 555 927 1251 248 621 1016 204 1450 606 183 484 793 926 645 1040 624 192 940 1229 545 714 265 749 838 1465 338 384 645 602 576 596 1099 0 1250 1276 1053 936 704 557 451 1045 954 340 595 1434 697
622 587 713 901 1258 564 1267 797 1081 1193 666 707 1438 837 426 370 239 1226 710 648 466 639 682 649 1057 606 1385 742 694 363 469 688 1054 996 157 1051 631 520 1299 289 668 1416 873 655 1064 622 212 640 1319 750 184 706 650 995 572 1337 223 918 1376 618 653 715 662 513 1250 0 929 211 573 660 692 950 726 572 1426 724 288 812
823 622 870 1040 1218 938 1258 134 817 1412 1039 239 1081 367 767 1087 945 1279 892 492 714 702 855 652 1532 776 1275 893 855 727 500 1032 1478 386 1075 1242 891 1283 1175 1207 1051 1453 808 556 428 823 847 838 1446 1446 1092 924 658 1155 1106 742 1080 1107 1120 833 876 1100 867 1325 1276 929 0 811 476 662 954 1303 278 1292 1213 761 1210 587
415 380 508 704 1056 379 1067 676 870 1020 492 574 1226 656 215 303 141 1031 507 455 255 427 477 439 936 396 1180 538 488 153 314 509 919 815 296 868 432 496 1092 483 496 1224 662 453 880 415 40 434 1136 699 301 507 440 805 436 1137 435 729 1165 413 451 548 459 523 1053 211 811 0 393 449 499 792 572 524 1217 513 476 607
364 164 432 632 904 465 932 351 591 1007 572 246 941 264 293 628 505 927 450 92 238 260 410 220 1071 317 1000 461 414 269 127 569 1024 423 688 835 430 820 900 862 584 1119 456 144 490 364 421 383 1075 971 694 476 226 752 630 771 779 690 917 373 421 635 415 870 936 573 476 393 0 234 500 855 201 822 991 346 859 288
169 85 208 399 678 309 704 555 422 774 387 460 780 336 249 572 504 694 230 173 196 45 192 14 871 129 783 234 193 296 332 376 815 463 732 603 238 739 686 928 400 888 236 106 514 169 459 181 841 842 726 261 10 518 491 710 882 459 730 181 217 444 207 806 704 660 662 449 234 0 293 641 389 721 793 112 920 175
135 337 100 208 571 132 576 842 520 535 110 742 834 625 304 442 467 533 75 462 310 251 102 302 578 182 702 98 105 390 557 89 525 735 700 373 75 550 626 902 123 725 294 397 776 135 484 116 639 590 681 40 296 306 262 899 908 230 737 127 79 155 86 630 557 692 954 499 500 293 0 355 678 510 767 215 888 426
491 692 432 301 520 427 493 1195 714 262 306 1097 920 958 636 607 711 414 410 813 656 603 449 651 251 538 651 409 447 719 910 297 179 1045 906 206 427 596 621 1089 299 549 547 747 1074 491 766 472 415 490 877 380 645 241 381 1117 1140 231 788 482 434 245 440 677 451 950 1303 792 855 641 355 0 1030 527 773 543 1070 742
545 344 597 779 997 660 1033 166 627 1154 761 89 945 175 495 826 695 1042 619 216 439 427 580 378 1256 498 1074 623 582 465 260 755 1203 305 857 983 614 1020 972 1015 773 1226 562 282 373 545 604 562 1203 1173 868 649 384 896 829 692 910 843 952 556 599 822 592 1068 1045 726 278 572 201 389 678 1030 0 1024 1037 493 1014 348
566 710 600 664 1003 420 989 1160 1030 789 405 1054 1333 1042 529 221 385 920 579 838 587 677 586 721 530 595 1140 607 595 565 798 434 556 1182 463 708 512 72 1085 606 395 1074 803 796 1235 566 484 566 943 178 428 549 717 695 247 1402 699 634 1224 555 544 398 559 149 954 572 1292 524 822 721 510 527 1024 0 1236 696 585 891
806 878 718 575 255 897 292 1175 410 610 846 1126 217 871 1001 1209 1223 376 726 900 968 799 748 807 979 820 150 693 736 1072 1111 817 893 829 1460 566 809 1291 152 1663 853 392 559 850 803 806 1214 789 500 1250 1444 740 803 548 1006 607 1649 602 97 810 782 839 771 1374 340 1426 1213 1217 991 793 767 773 1037 1236 0 706 1650 707
133 191 117 288 573 276 596 660 367 664 322 568 717 416 299 577 541 583 142 282 261 97 115 126 782 123 684 134 110 366 441 304 721 520 777 492 184 724 590 978 335 777 148 213 561 132 515 130 728 797 767 177 120 407 452 707 948 350 651 143 154 370 140 797 595 724 761 513 346 112 215 543 493 696 706 0 967 211
849 855 932 1094 1458 756 1458 1081 1333 1330 831 993 1685 1123 673 467 428 1406 923 929 723 892 904 910 1114 844 1590 957 915 627 757 858 1134 1282 190 1211 840 515 1513 21 829 1586 1113 929 1350 849 461 863 1471 736 206 911 910 1170 696 1614 176 1095 1610 843 868 865 880 463 1434 288 1210 476 859 920 888 1070 1014 585 1650 967 0 1082
327 227 327 460 649 473 685 507 303 825 532 435 653 222 420 747 675 696 352 196 362 216 326 179 986 295 730 341 321 455 414 515 921 309 897 658 389 912 628 1089 546 878 220 160 350 327 621 332 860 1003 894 388 181 571 654 537 1031 529 630 339 362 581 349 980 697 812 587 607 288 175 426 742 348 891 707 211 1082 0
