0 1015 1331 819 1045 1086 235 422 144 971 1604 537 1608 290 1432 1461
1015 0 1668 983 1593 2101 1062 1202 1070 1195 690 744 1749 1305 913 446
1331 1668 0 691 372 1778 1565 933 1196 2279 2346 1753 2928 1340 1175 1948
819 983 691 0 636 1656 1042 581 725 1671 1670 1118 2322 964 765 1305
1045 1593 372 636 0 1406 1273 625 903 2015 2284 1524 2654 1005 1316 1940
1086 2101 1778 1656 1406 0 1076 1078 1058 1605 2651 1495 2035 800 2400 2547
235 1062 1565 1042 1273 1076 0 647 371 757 1575 425 1382 372 1606 1505
422 1202 933 581 625 1078 647 0 278 1394 1864 931 2029 419 1323 1622
144 1070 1196 725 903 1058 371 278 0 1115 1691 670 1751 267 1388 1511
971 1195 2279 1671 2015 1605 757 1394 1115 0 1361 561 651 1108 2024 1533
1604 690 2346 1670 2284 2651 1575 1864 1691 1361 0 1164 1701 1890 1424 484
537 744 1753 1118 1524 1495 425 931 670 561 1164 0 1206 781 1484 1159
1608 1749 2928 2322 2654 2035 1382 2029 1751 651 1701 1206 0 1705 2629 2003
290 1305 1340 964 1005 800 372 419 267 1108 1890 781 1705 0 1653 1750
1432 913 1175 765 1316 2400 1606 1323 1388 2024 1424 1484 2629 1653 0 947
1461 446 1948 1305 1940 2547 1505 1622 1511 1533 484 1159 2003 1750 947 0
