0 1296 85 1452 555 379 820 17 1699 333 110 537 1608 1419 249 846
1296 0 1381 404 1823 1673 2090 1279 2930 1596 1332 1791 1910 1419 1178 2140
85 1381 0 1537 472 298 737 103 1628 255 106 472 1610 1471 313 763
1452 404 1537 0 2005 1807 2273 1435 2964 1778 1514 1881 2297 1150 1275 2261
555 1823 472 2005 0 294 268 573 1376 228 494 459 1572 1876 774 441
379 1673 298 1807 294 0 510 396 1339 230 378 222 1752 1587 537 466
820 2090 737 2273 268 510 0 838 1234 496 762 594 1669 2089 1029 357
17 1279 103 1435 573 396 838 0 1713 350 119 552 1609 1408 237 863
1699 2930 1628 2964 1376 1339 1234 1713 0 1524 1717 1162 2903 2269 1755 935
333 1596 255 1778 228 230 496 350 1524 0 266 452 1522 1708 567 604
110 1332 106 1514 494 378 762 119 1717 266 0 569 1508 1528 356 833
537 1791 472 1881 459 222 594 552 1162 452 569 0 1973 1515 615 399
1608 1910 1610 2297 1572 1752 1669 1609 2903 1522 1508 1973 0 2883 1802 1994
1419 1419 1471 1150 1876 1587 2089 1408 2269 1708 1528 1515 2883 0 1171 1898
249 1178 313 1275 774 537 1029 237 1755 567 356 615 1802 1171 0 986
846 2140 763 2261 441 466 357 863 935 604 833 399 1994 1898 986 0
