0 865 1169 905 1068 359 778 839 1327 49 879 1166 583 625 20 1681
865 0 2031 1176 1928 505 1628 1692 1240 893 327 444 831 287 872 1643
1169 2031 0 1481 106 1529 421 478 2180 1148 2032 2279 1544 1773 1160 2407
905 1176 1481 0 1381 949 1096 1432 2150 949 1414 1126 1440 915 887 2533
1068 1928 106 1381 0 1427 314 425 2112 1048 1935 2172 1460 1668 1058 2351
359 505 1529 949 1427 0 1132 1188 1203 387 551 841 535 293 368 1593
778 1628 421 1096 314 1132 0 415 1929 765 1656 1860 1233 1362 766 2207
839 1692 478 1432 425 1188 415 0 1705 803 1638 2003 1099 1465 836 1929
1327 1240 2180 2150 2112 1203 1929 1705 0 1302 915 1668 744 1338 1348 404
49 893 1148 949 1048 387 765 803 1302 0 891 1205 557 662 63 1650
879 327 2032 1414 1935 551 1656 1638 915 891 0 755 624 503 893 1316
1166 444 2279 1126 2172 841 1860 2003 1668 1205 755 0 1262 548 1167 2067
583 831 1544 1440 1460 535 1233 1099 744 557 624 1262 0 771 604 1102
625 287 1773 915 1668 293 1362 1465 1338 662 503 548 771 0 629 1741
20 872 1160 887 1058 368 766 836 1348 63 893 1167 604 629 0 1701
1681 1643 2407 2533 2351 1593 2207 1929 404 1650 1316 2067 1102 1741 1701 0
