0 1408 1602 1087 1227 579 1627 595 918 1725 220 293 1720 1640 1543 1642 333
1408 0 3006 2468 2620 1373 2220 1246 2193 589 1625 1409 928 1670 2026 237 1612
1602 3006 0 739 589 1893 2334 1904 980 3310 1392 1626 3236 2813 2404 3242 1418
1087 2468 739 0 167 1217 1606 1564 966 2687 869 1230 2562 2077 1666 2695 1048
1227 2620 589 167 0 1383 1745 1675 985 2850 1007 1347 2729 2238 1815 2849 1156
579 1373 1893 1217 1383 0 1096 1092 1432 1485 640 860 1347 1071 983 1576 903
1627 2220 2334 1606 1745 1096 0 2184 2293 2052 1592 1921 1703 785 214 2357 1907
595 1246 1904 1564 1675 1092 2184 0 984 1730 749 342 1867 2062 2075 1477 518
918 2193 980 966 985 1432 2293 984 0 2601 792 791 2634 2498 2273 2429 608
1725 589 3310 2687 2850 1485 2052 1730 2601 0 1923 1812 429 1360 1840 501 1995
220 1625 1392 869 1007 640 1592 749 792 1923 0 410 1890 1709 1536 1859 319
293 1409 1626 1230 1347 860 1921 342 791 1812 410 0 1872 1901 1834 1646 208
1720 928 3236 2562 2729 1347 1703 1867 2634 429 1890 1872 0 966 1489 907 2028
1640 1670 2813 2077 2238 1071 785 2062 2498 1360 1709 1901 966 0 579 1751 1971
1543 2026 2404 1666 1815 983 214 2075 2273 1840 1536 1834 1489 579 0 2156 1842
1642 237 3242 2695 2849 1576 2357 1477 2429 501 1859 1646 907 1751 2156 0 1849
333 1612 1418 1048 1156 903 1907 518 608 1995 319 208 2028 1971 1842 1849 0
