0 535 817 224 1680 644 949 574 1047 1667 958 502 1642 32 629 503
535 0 962 701 1198 1000 521 117 523 1986 425 32 2014 553 99 794
817 962 0 667 2099 1431 1481 883 1209 1058 1275 948 2356 790 1042 1317
224 701 667 0 1881 764 1158 710 1181 1447 1125 670 1705 192 800 670
1680 1198 2099 1881 0 1843 737 1238 928 3154 824 1224 2656 1707 1100 1653
644 1000 1431 764 1843 0 1147 1091 1505 2103 1342 971 1021 662 1058 211
949 521 1481 1158 737 1147 0 601 590 2505 369 539 2059 977 439 944
574 117 883 710 1238 1091 601 0 475 1924 429 132 2110 586 162 889
1047 523 1209 1181 928 1505 590 475 0 2267 221 555 2502 1061 448 1294
1667 1986 1058 1447 3154 2103 2505 1924 2267 0 2330 1966 2761 1635 2075 2082
958 425 1275 1125 824 1342 369 429 221 2330 0 457 2321 978 329 1130
502 32 948 670 1224 971 539 132 555 1966 457 0 1987 521 129 766
1642 2014 2356 1705 2656 1021 2059 2110 2502 2761 2321 1987 0 1654 2064 1220
32 553 790 192 1707 662 977 586 1061 1635 978 521 1654 0 648 527
629 99 1042 800 1100 1058 439 162 448 2075 329 129 2064 648 0 849
503 794 1317 670 1653 211 944 889 1294 2082 1130 766 1220 527 849 0
