0 925 1681 549 1172 756 664 851 895 1009 930 1032 121 1507 222 622
925 0 775 1465 1963 728 1348 1336 1820 1794 1754 1951 1037 2019 706 1400
1681 775 0 2229 2600 1433 2118 1879 2566 2438 2422 2684 1785 2732 1469 2069
549 1465 2229 0 970 1114 536 1060 401 850 730 568 458 1289 760 632
1172 1963 2600 970 0 1923 1504 767 730 168 251 626 1058 2227 1363 569
756 728 1433 1114 1923 0 766 1543 1515 1762 1677 1679 866 1302 609 1378
664 1348 2118 536 1504 766 0 1455 894 1375 1259 1066 672 848 759 1094
851 1336 1879 1060 767 1543 1455 0 1115 632 676 1130 795 2297 935 451
895 1820 2566 401 730 1515 894 1115 0 671 549 173 783 1515 1117 669
1009 1794 2438 850 168 1762 1375 632 671 0 125 604 896 2128 1196 400
930 1754 2422 730 251 1677 1259 676 549 125 0 495 813 2003 1128 355
1032 1951 2684 568 626 1679 1066 1130 173 604 495 0 915 1666 1254 705
121 1037 1785 458 1058 866 672 795 783 896 813 915 0 1520 340 518
1507 2019 2732 1289 2227 1302 848 2297 1515 2128 2003 1666 1520 0 1568 1909
222 706 1469 760 1363 609 759 935 1117 1196 1128 1254 340 1568 0 799
622 1400 2069 632 569 1378 1094 451 669 400 355 705 518 1909 799 0
