0 623 971 680 112 290 670 437 1054 1008 644 1185 970 842 202 985
623 0 368 576 671 415 816 550 845 1173 1262 1583 1540 916 812 1221
971 368 0 877 1031 783 1152 770 1050 1269 1592 1939 1907 1003 1167 1553
680 576 877 0 628 414 303 935 374 1595 1241 1108 1253 1371 753 684
112 671 1031 628 0 285 577 548 997 1115 636 1073 886 955 146 876
290 415 783 414 285 0 504 538 786 1190 919 1195 1126 979 432 888
670 816 1152 303 577 504 0 1036 527 1668 1096 806 986 1474 656 404
437 550 770 935 548 538 1036 0 1288 662 891 1622 1370 440 614 1395
1054 845 1050 374 997 786 527 1288 0 1950 1592 1217 1506 1715 1114 747
1008 1173 1269 1595 1115 1190 1668 662 1950 0 1099 2130 1730 266 1111 1991
644 1262 1592 1241 636 919 1096 891 1592 1099 0 1164 651 1088 494 1223
1185 1583 1939 1108 1073 1195 806 1622 1217 2130 1164 0 603 2012 1029 470
970 1540 1907 1253 886 1126 986 1370 1506 1730 651 603 0 1675 769 876
842 916 1003 1371 955 979 1474 440 1715 266 1088 2012 1675 0 982 1823
202 812 1167 753 146 432 656 614 1114 1111 494 1029 769 982 0 898
985 1221 1553 684 876 888 404 1395 747 1991 1223 470 876 1823 898 0
