0 517 811 688 1031 675 1132 1475 959 1209 1291 407 156 282 1208 315
517 0 1325 1184 622 1169 647 1497 1158 885 1615 590 572 551 1298 655
811 1325 0 415 1750 225 1903 1875 1256 1947 1000 925 767 858 1577 859
688 1184 415 0 1717 518 1818 1466 847 1643 1370 974 729 866 1169 580
1031 622 1750 1717 0 1549 260 2071 1779 1272 1687 834 1002 892 1900 1253
675 1169 225 518 1549 0 1716 1908 1299 1863 853 717 597 664 1612 800
1132 647 1903 1818 260 1716 0 1973 1756 1099 1928 1017 1137 1051 1834 1303
1475 1497 1875 1466 2071 1908 1973 0 618 985 2712 1864 1631 1748 297 1181
959 1158 1256 847 1779 1299 1756 618 0 1075 2122 1366 1105 1242 321 644
1209 885 1947 1643 1272 1863 1099 985 1075 0 2467 1452 1339 1381 969 1089
1291 1615 1000 1370 1687 853 1928 2712 2122 2467 0 1025 1143 1085 2423 1541
407 590 925 974 834 717 1017 1864 1366 1452 1025 0 272 125 1607 722
156 572 767 729 1002 597 1137 1631 1105 1339 1143 272 0 148 1362 462
282 551 858 866 892 664 1051 1748 1242 1381 1085 125 148 0 1487 597
1208 1298 1577 1169 1900 1612 1834 297 321 969 2423 1607 1362 1487 0 904
315 655 859 580 1253 800 1303 1181 644 1089 1541 722 462 597 904 0
