0 77 1134 558 1541 1167 1555 322 616 136 416 1360 170 1630 722 691
77 0 1199 636 1479 1101 1489 393 614 210 431 1432 198 1621 781 615
1134 1199 0 706 2214 1950 2290 1012 1595 1060 931 347 1026 1521 433 1791
558 636 706 0 2005 1658 2041 323 895 438 642 844 546 1756 448 1247
1541 1479 2214 2005 0 392 138 1861 1928 1674 1379 2551 1473 1266 1836 1174
1167 1101 1950 1658 392 0 388 1489 1535 1302 1058 2273 1116 1294 1545 790
1555 1489 2290 2041 138 388 0 1877 1902 1690 1428 2622 1501 1398 1900 1129
322 393 1012 323 1861 1489 1877 0 584 187 612 1168 407 1829 674 968
616 614 1595 895 1928 1535 1902 584 0 595 1033 1727 787 2235 1248 790
136 210 1060 438 1674 1302 1690 187 595 0 472 1262 239 1699 671 811
416 431 931 642 1379 1058 1428 612 1033 472 0 1230 246 1226 502 899
1360 1432 347 844 2551 2273 2622 1168 1727 1262 1230 0 1282 1854 730 2043
170 198 1026 546 1473 1116 1501 407 787 239 246 1282 0 1467 599 765
1630 1621 1521 1756 1266 1294 1398 1829 2235 1699 1226 1854 1467 0 1356 1804
722 781 433 448 1836 1545 1900 674 1248 671 502 730 599 1356 0 1360
691 615 1791 1247 1174 790 1129 968 790 811 899 2043 765 1804 1360 0
