0 508 1655 312 851 1289 456 1067 287 1606 667 212 372 581 1642 1063
508 0 1716 229 1125 1663 418 622 771 1366 553 378 579 310 1270 906
1655 1716 0 1581 2480 2783 1320 1580 1541 973 2221 1801 1287 1414 1438 2609
312 229 1581 0 1066 1561 262 756 550 1367 640 274 364 291 1351 1030
851 1125 2480 1066 0 580 1290 1744 947 2432 720 792 1219 1355 2394 844
1289 1663 2783 1561 580 0 1745 2284 1269 2894 1300 1298 1620 1852 2912 1391
456 418 1320 262 1290 1745 0 709 576 1150 902 514 227 210 1206 1288
1067 622 1580 756 1744 2284 709 0 1268 905 1107 991 935 509 673 1363
287 771 1541 550 947 1269 576 1268 0 1664 937 497 382 760 1777 1322
1606 1366 973 1367 2432 2894 1150 905 1664 0 1917 1641 1286 1085 482 2232
667 553 2221 640 720 1300 902 1107 937 1917 0 461 967 857 1780 400
212 378 1801 274 792 1298 514 991 497 1641 461 0 520 563 1614 860
372 579 1287 364 1219 1620 227 935 382 1286 967 520 0 436 1400 1366
581 310 1414 291 1355 1852 210 509 760 1085 857 563 436 0 1063 1217
1642 1270 1438 1351 2394 2912 1206 673 1777 482 1780 1614 1400 1063 0 2030
1063 906 2609 1030 844 1391 1288 1363 1322 2232 400 860 1366 1217 2030 0
