0 738 1359 1015 437 197 2 913 726 871 192 277 1148 1453 417 334
738 0 714 298 1164 544 736 326 663 793 576 470 636 1097 937 1039
1359 714 0 436 1729 1166 1357 445 852 860 1168 1085 306 1569 1636 1688
1015 298 436 0 1427 818 1013 226 738 824 838 739 457 1198 1235 1328
437 1164 1729 1427 0 621 439 1294 967 1074 589 694 1482 1841 610 322
197 544 1166 818 621 0 195 720 603 758 65 81 968 1354 528 522
2 736 1357 1013 439 195 0 912 726 871 191 276 1147 1451 416 335
913 326 445 226 1294 720 912 0 519 598 724 639 310 1376 1199 1242
726 663 852 738 967 603 726 519 0 157 559 552 559 1747 1126 1042
871 793 860 824 1074 758 871 598 157 0 711 708 554 1886 1276 1178
192 576 1168 838 589 65 191 724 559 711 0 107 956 1418 566 526
277 470 1085 739 694 81 276 639 552 708 107 0 890 1333 596 603
1148 636 306 457 1482 968 1147 310 559 554 956 890 0 1655 1476 1483
1453 1097 1569 1198 1841 1354 1451 1376 1747 1886 1418 1333 1655 0 1279 1556
417 937 1636 1235 610 528 416 1199 1126 1276 566 596 1476 1279 0 292
334 1039 1688 1328 322 522 335 1242 1042 1178 526 603 1483 1556 292 0
