0 714 1120 1012 1259 6 785 1522 637 92 971 662 1634 1358 749 1707
714 0 513 1708 1849 710 1499 2205 207 651 1659 982 1449 643 471 2121
1120 513 0 2018 2030 1117 1886 2479 486 1083 2091 1493 1861 503 960 2634
1012 1708 2018 0 551 1018 399 514 1582 1096 650 1358 2456 2346 1735 1848
1259 1849 2030 551 0 1265 916 588 1678 1351 1197 1770 2850 2442 2006 2392
6 710 1117 1018 1265 0 788 1527 634 86 973 658 1628 1354 743 1704
785 1499 1886 399 916 788 0 871 1414 849 317 984 2078 2142 1435 1480
1522 2205 2479 514 588 1527 871 0 2066 1607 1022 1854 2949 2836 2250 2178
637 207 486 1582 1678 634 1414 2066 0 597 1607 1047 1635 770 636 2188
92 651 1083 1096 1351 86 849 1607 597 0 1014 602 1546 1293 657 1680
971 1659 2091 650 1197 973 317 1022 1607 1014 0 952 1997 2292 1507 1199
662 982 1493 1358 1770 658 984 1854 1047 602 952 0 1097 1517 639 1142
1634 1449 1861 2456 2850 1628 2078 2949 1635 1546 1997 1097 0 1562 1006 1508
1358 643 503 2346 2442 1354 2142 2836 770 1293 2292 1517 1562 0 885 2603
749 471 960 1735 2006 743 1435 2250 636 657 1507 639 1006 885 0 1723
1707 2121 2634 1848 2392 1704 1480 2178 2188 1680 1199 1142 1508 2603 1723 0
