0 26 1018 1470 523 1519 1107 38 844 837 1136 921 90 565 438 543
26 0 1015 1447 510 1494 1083 54 831 856 1154 902 65 561 423 540
1018 1015 0 2090 1471 2056 1696 1055 1752 882 875 649 979 454 1367 1549
1470 1447 2090 0 1052 173 396 1465 815 2297 2570 1508 1415 1747 1080 1211
523 510 1471 1052 0 1143 761 500 323 1342 1653 1168 517 1024 104 199
1519 1494 2056 173 1143 0 411 1518 938 2330 2589 1449 1456 1741 1156 1315
1107 1083 1696 396 761 411 0 1107 627 1920 2184 1132 1044 1351 760 948
38 54 1055 1465 500 1518 1107 0 823 850 1155 956 120 603 420 510
844 831 1752 815 323 938 627 823 0 1665 1977 1367 831 1317 408 417
837 856 882 2297 1342 2330 1920 850 1665 0 330 1292 882 727 1269 1299
1136 1154 875 2570 1653 2589 2184 1155 1977 330 0 1416 1170 891 1574 1622
921 902 649 1508 1168 1449 1132 956 1367 1292 1416 0 839 568 1068 1316
90 65 979 1415 517 1456 1044 120 831 882 1170 839 0 524 422 570
565 561 454 1747 1024 1741 1351 603 1317 727 891 568 524 0 922 1095
438 423 1367 1080 104 1156 760 420 408 1269 1574 1068 422 922 0 264
543 540 1549 1211 199 1315 948 510 417 1299 1622 1316 570 1095 264 0
