0 128 300 996 1420 1446 1074 1031 1439 1680 1005 830 772 138 695 329 304
128 0 413 1050 1541 1533 1030 1123 1325 1637 960 834 778 153 716 428 176
300 413 0 1102 1129 1445 1057 1028 1737 1936 1270 1038 982 421 561 72 585
996 1050 1102 0 1732 597 2069 384 1677 1169 774 413 424 897 1651 1173 1119
1420 1541 1129 1732 0 1664 1806 1409 2857 2843 2249 1913 1869 1516 1286 1130 1715
1446 1533 1445 597 1664 0 2492 419 2271 1619 1358 1010 1021 1383 2003 1517 1639
1074 1030 1057 2069 1806 2492 0 2072 1847 2558 1906 1857 1803 1179 554 990 1023
1031 1123 1028 384 1409 419 2072 0 1998 1553 1129 747 738 977 1587 1099 1241
1439 1325 1737 1677 2857 2271 1847 1998 0 1139 920 1265 1264 1341 1890 1752 1160
1680 1637 1936 1169 2843 1619 2558 1553 1139 0 677 935 984 1541 2353 1989 1565
1005 960 1270 774 2249 1358 1906 1129 920 677 0 383 405 866 1676 1320 895
830 834 1038 413 1913 1010 1857 747 1265 935 383 0 57 699 1525 1099 843
772 778 982 424 1869 1021 1803 738 1264 984 405 57 0 642 1468 1043 791
138 153 421 897 1516 1383 1179 977 1341 1541 866 699 642 0 830 460 274
695 716 561 1651 1286 2003 554 1587 1890 2353 1676 1525 1468 830 0 489 804
329 428 72 1173 1130 1517 990 1099 1752 1989 1320 1099 1043 460 489 0 593
304 176 585 1119 1715 1639 1023 1241 1160 1565 895 843 791 274 804 593 0
