0 1394 214 820 802 1725 699 496 1348 611 227 1627 1054 1174 485 1531
1394 0 1584 592 2072 1349 2047 1760 2665 1786 1550 2316 1571 349 927 1482
214 1584 0 1023 592 1776 604 301 1245 645 79 1714 1007 1380 659 1719
820 592 1023 0 1558 1464 1455 1238 2073 1198 1000 1846 1294 360 404 1223
802 2072 592 1558 0 1898 823 320 1281 1088 579 2151 968 1919 1161 2301
1725 1349 1776 1464 1898 0 2380 1720 3015 2331 1700 3236 945 1567 1371 2679
699 2047 604 1455 823 2380 0 742 650 387 680 1348 1578 1779 1177 1723
496 1760 301 1238 320 1720 742 0 1321 899 268 1979 850 1599 843 2019
1348 2665 1245 2073 1281 3015 650 1321 0 890 1318 1349 2171 2375 1822 2076
611 1786 645 1198 1088 2331 387 899 890 0 720 1079 1644 1487 1008 1335
227 1550 79 1000 579 1700 680 268 1318 720 0 1784 929 1360 622 1755
1627 2316 1714 1846 2151 3236 1348 1979 1349 1079 1784 0 2682 1967 1867 1061
1054 1571 1007 1294 968 945 1578 850 2171 1644 929 2682 0 1586 963 2428
1174 349 1380 360 1919 1567 1779 1599 2375 1487 1360 1967 1586 0 761 1158
485 927 659 404 1161 1371 1177 843 1822 1008 622 1867 963 761 0 1467
1531 1482 1719 1223 2301 2679 1723 2019 2076 1335 1755 1061 2428 1158 1467 0
