0 1632 1560 1682 621 1716 1483 354 1303 235 1626 1362 424 1496 334 1581
1632 0 2464 3306 2069 1829 537 1342 2199 1410 2654 2890 1216 1834 1936 2674
1560 2464 0 2239 2028 3256 1995 1475 2831 1550 3078 1216 1759 776 1684 3007
1682 3306 2239 0 1312 2706 3151 2013 1849 1915 1721 1051 2089 2706 1370 1612
621 2069 2028 1312 0 1517 2030 960 833 825 1054 1427 898 2094 351 992
1716 1829 3256 2706 1517 0 2174 1797 881 1707 1225 2931 1520 2998 1729 1306
1483 537 1995 3151 2030 2174 0 1139 2358 1247 2798 2584 1131 1319 1815 2797
354 1342 1475 2013 960 1797 1139 0 1545 137 1913 1561 283 1247 688 1879
1303 2199 2831 1849 833 881 2358 1545 0 1416 456 2235 1344 2784 1153 491
235 1410 1550 1915 825 1707 1247 137 1416 0 1778 1529 243 1370 568 1743
1626 2654 3078 1721 1054 1225 2798 1913 456 1778 0 2317 1743 3123 1404 109
1362 2890 1216 1051 1427 2931 2584 1561 2235 1529 2317 0 1766 1800 1215 2222
424 1216 1759 2089 898 1520 1131 283 1344 243 1743 1766 0 1496 720 1723
1496 1834 776 2706 2094 2998 1319 1247 2784 1370 3123 1800 1496 0 1750 3075
334 1936 1684 1370 351 1729 1815 688 1153 568 1404 1215 720 1750 0 1343
1581 2674 3007 1612 992 1306 2797 1879 491 1743 109 2222 1723 3075 1343 0
