0 903 1460 793 1333 729 792 1392 495 932 577 781 528 552 1185 489
903 0 2356 739 1981 1032 1352 2296 1118 812 329 487 1148 624 1715 1352
1460 2356 0 2117 1125 1856 1337 240 1517 2233 2027 2107 1515 1944 1704 1013
793 739 2117 0 2124 354 1553 1987 616 141 658 1051 629 259 1025 1260
1333 1981 1125 2124 0 2030 629 1291 1716 2265 1697 1556 1737 1874 2252 926
729 1032 1856 354 2030 0 1521 1704 346 413 858 1239 343 418 686 1115
792 1352 1337 1553 629 1521 0 1406 1253 1694 1073 935 1280 1296 1888 567
1392 2296 240 1987 1291 1704 1406 0 1375 2095 1969 2093 1368 1835 1492 994
495 1118 1517 616 1716 346 1253 1375 0 719 857 1184 34 520 696 791
932 812 2233 141 2265 413 1694 2095 719 0 775 1164 728 399 1038 1395
577 329 2027 658 1697 858 1073 1969 857 775 0 393 889 446 1509 1024
781 487 2107 1051 1556 1239 935 2093 1184 1164 393 0 1218 836 1865 1100
528 1148 1515 629 1737 343 1280 1368 34 728 889 1218 0 545 662 811
552 624 1944 259 1874 418 1296 1835 520 399 446 836 545 0 1092 1034
1185 1715 1704 1025 2252 686 1888 1492 696 1038 1509 1865 662 1092 0 1354
489 1352 1013 1260 926 1115 567 994 791 1395 1024 1100 811 1034 1354 0
