0 483 56 754 261 1462 1006 1276 323 1276 567 1297 1138 843 707 1179
483 0 539 768 564 1917 635 1733 162 826 1003 1615 1074 1248 1190 982
56 539 0 783 252 1407 1048 1221 378 1332 516 1256 1147 810 653 1202
754 768 783 0 1010 2031 1387 1850 748 1060 1250 2031 1799 870 1136 1746
261 564 252 1010 0 1365 920 1184 416 1390 454 1078 904 1024 760 989
1462 1917 1407 2031 1365 0 2218 186 1757 2735 913 805 1802 1334 901 2064
1006 635 1048 1387 920 2218 0 2049 731 943 1349 1690 745 1840 1674 495
1276 1733 1221 1850 1184 186 2049 0 1573 2550 731 747 1669 1179 727 1919
323 162 378 748 416 1757 731 1573 0 980 845 1485 1052 1116 1030 1008
1276 826 1332 1060 1390 2735 943 2550 980 0 1825 2422 1666 1864 1951 1439
567 1003 516 1250 454 913 1349 731 845 1825 0 796 1133 895 452 1314
1297 1615 1256 2031 1078 805 1690 747 1485 2422 796 0 1105 1637 1140 1405
1138 1074 1147 1799 904 1802 745 1669 1052 1666 1133 1105 0 1920 1572 314
843 1248 810 870 1024 1334 1840 1179 1116 1864 895 1637 1920 0 499 2009
707 1190 653 1136 760 901 1674 727 1030 1951 452 1140 1572 499 0 1723
1179 982 1202 1746 989 2064 495 1919 1008 1439 1314 1405 314 2009 1723 0
