0 529 1469 1730 507 459 786 718 246 888 793 1596 880 453 312 1129
529 0 1833 2100 978 915 278 241 412 950 1271 2050 397 949 253 1656
1469 1833 0 2544 1571 1017 1954 1864 1434 1073 781 2154 2230 1070 1734 1331
1730 2100 2544 0 1240 1836 2373 2341 1976 2547 1828 479 2226 1719 1859 1229
507 978 1571 1240 0 642 1254 1198 751 1312 792 1090 1248 540 726 749
459 915 1017 1836 642 0 1119 1035 507 734 356 1584 1302 118 753 911
786 278 1954 2373 1254 1119 0 90 617 967 1473 2329 374 1172 531 1914
718 241 1864 2341 1198 1035 90 0 535 883 1388 2280 438 1091 485 1843
246 412 1434 1976 751 507 617 535 0 687 863 1837 807 555 317 1320
888 950 1073 2547 1312 734 967 883 687 0 937 2317 1308 851 984 1622
793 1271 781 1828 792 356 1473 1388 863 937 0 1496 1655 342 1099 715
1596 2050 2154 479 1090 1584 2329 2280 1837 2317 1496 0 2256 1466 1797 823
880 397 2230 2226 1248 1302 374 438 807 1308 1655 2256 0 1324 568 1973
453 949 1070 1719 540 118 1172 1091 555 851 342 1466 1324 0 762 807
312 253 1734 1859 726 753 531 485 317 984 1099 1797 568 762 0 1418
1129 1656 1331 1229 749 911 1914 1843 1320 1622 715 823 1973 807 1418 0
