0 67 1033 1679 657 1113 1449 714 1301 1125 1512 898 1324 700 1404 332 1480
67 0 973 1644 595 1046 1450 773 1353 1165 1465 923 1263 644 1381 272 1457
1033 973 0 974 774 431 1365 1747 2313 2091 1512 1312 290 884 961 701 1011
1679 1644 974 0 1700 1383 890 2329 2950 2802 2485 1347 918 1816 403 1416 358
657 595 774 1700 0 593 1807 1234 1694 1423 932 1433 1006 116 1567 490 1635
1113 1046 431 1383 593 0 1780 1783 2280 2016 1112 1633 508 670 1393 811 1443
1449 1450 1365 890 1807 1780 0 1900 2509 2453 2728 692 1494 1913 521 1350 538
714 773 1747 2329 1234 1783 1900 0 624 571 1850 1221 2037 1220 2004 1045 2079
1301 1353 2313 2950 1694 2280 2509 624 0 325 2067 1821 2598 1646 2628 1621 2704
1125 1165 2091 2802 1423 2016 2453 571 325 0 1743 1784 2369 1363 2509 1420 2585
1512 1465 1512 2485 932 1112 2728 1850 2067 1743 0 2358 1617 841 2435 1421 2496
898 923 1312 1347 1433 1633 692 1221 1821 1784 2358 0 1549 1516 952 943 1015
1324 1263 290 918 1006 508 1494 2037 2598 2369 1617 1549 0 1107 1025 991 1057
700 644 884 1816 116 670 1913 1220 1646 1363 841 1516 1107 0 1682 580 1750
1404 1381 961 403 1567 1393 521 2004 2628 2509 2435 952 1025 1682 0 1194 76
332 272 701 1416 490 811 1350 1045 1621 1420 1421 943 991 580 1194 0 1268
1480 1457 1011 358 1635 1443 538 2079 2704 2585 2496 1015 1057 1750 76 1268 0
