0 711 814 490 479 429 358 95 637 99 190 69 577 674 131 382 571 764 859 722 559 671 42 307 508 766 433 300 565 440 6 39 568 160 391 575 549 263 89 567 548 750 319 132 12 89 719 849 106 294 781 2 131 482 342 667 73 787 755 406 526 578 68 766 81 109 197 751 22 403 628 612 837 839 727 409 96 670
711 0 781 1183 1083 566 858 635 919 693 704 725 181 1275 717 979 874 1028 219 308 607 149 754 671 241 1414 333 918 1129 1152 716 705 723 800 844 250 548 535 690 951 1224 1421 898 808 705 788 622 223 631 418 1071 712 581 709 972 1373 762 1476 1380 477 743 477 699 855 784 737 542 567 729 1100 1084 146 834 228 1241 1120 803 1176
814 781 0 1007 1289 395 589 829 354 719 637 880 628 890 929 726 375 1523 697 1049 1177 632 837 1042 830 1536 571 1114 1379 1094 812 845 259 740 1184 547 1131 577 727 472 1308 1497 681 943 801 811 1277 1003 718 705 1551 817 750 1188 1151 1204 792 1217 1542 460 1235 329 866 139 884 731 660 220 835 1147 597 649 1470 1009 753 1101 834 1485
490 1183 1007 0 564 737 424 583 684 489 491 510 1027 310 556 281 640 1056 1298 1212 1002 1115 452 730 996 627 868 509 661 172 484 512 758 383 705 1002 1007 661 493 560 431 559 338 456 492 403 1168 1337 553 768 1051 491 611 885 490 204 426 296 668 774 917 913 532 898 441 446 640 1048 479 318 499 1065 1240 1328 470 223 393 791
479 1083 1289 564 0 908 757 497 1065 570 652 421 995 869 392 691 1002 515 1271 964 630 1089 452 420 844 334 880 181 101 395 480 455 1035 559 271 1016 665 740 563 967 211 361 678 348 492 479 778 1148 584 712 501 477 579 479 137 603 496 770 297 882 487 1055 442 1227 404 558 665 1230 457 246 974 1024 771 1133 1004 341 457 231
429 566 395 737 908 0 331 435 363 339 273 491 384 741 536 475 311 1130 603 756 804 445 457 648 509 1180 249 729 994 777 428 456 190 391 789 323 764 182 346 385 954 1152 402 560 416 443 923 778 327 328 1157 431 355 799 770 941 420 1002 1177 95 847 176 475 381 504 362 265 329 450 797 520 420 1102 777 681 770 466 1095
358 858 589 424 757 331 0 432 309 272 193 424 682 418 488 147 248 1119 928 978 900 758 353 664 731 960 525 605 856 506 352 397 335 210 741 637 879 330 283 214 734 915 92 447 348 300 1051 1050 324 496 1133 360 396 837 627 627 296 672 976 393 883 503 426 494 390 248 360 625 368 574 275 721 1188 1045 401 517 317 977
95 635 829 583 497 435 432 0 691 159 246 90 515 768 105 472 624 712 796 628 471 609 131 236 421 806 385 316 572 521 102 72 596 249 354 524 457 254 148 633 598 799 405 174 97 185 628 761 119 226 733 94 83 407 365 755 168 879 786 391 454 564 63 796 151 188 173 741 104 465 706 547 756 751 814 486 190 663
637 919 354 684 1065 363 309 691 0 540 448 707 739 536 768 413 66 1400 915 1118 1130 786 644 927 870 1264 612 909 1164 798 633 676 199 510 1029 669 1097 493 551 124 1039 1213 395 745 626 598 1264 1136 571 668 1419 640 631 1095 934 871 588 868 1282 458 1142 457 703 224 685 531 561 488 653 880 243 773 1427 1137 403 817 617 1284
99 693 719 489 570 339 272 159 540 0 92 168 542 628 228 325 473 860 819 746 629 633 118 393 514 842 387 395 660 474 95 135 470 110 489 527 611 192 11 475 619 819 252 224 86 109 782 852 66 280 878 101 136 566 432 681 83 783 837 330 612 499 162 667 166 43 151 667 117 465 547 579 916 844 659 454 131 767
190 704 637 491 652 273 193 246 448 92 0 260 539 582 320 279 381 952 807 792 708 625 204 482 551 908 379 480 744 507 186 228 383 119 582 511 686 171 103 386 682 879 199 309 178 174 857 880 132 313 971 193 202 654 514 692 155 776 908 287 700 444 255 579 250 94 174 603 207 523 468 578 999 874 592 497 197 855
69 725 880 510 421 491 424 90 707 168 260 0 604 718 64 436 640 696 886 705 510 699 74 248 508 720 470 240 503 435 74 35 636 219 322 610 506 319 158 635 510 711 379 84 81 135 673 846 164 315 712 67 162 422 286 673 130 803 704 460 464 634 26 835 68 177 244 808 55 375 692 637 781 836 784 398 130 604
577 181 628 1027 995 384 682 515 739 542 539 604 0 1100 610 808 694 1028 282 421 623 94 619 609 230 1317 160 820 1055 1012 581 578 545 644 783 81 566 368 540 770 1113 1314 728 688 568 644 682 397 485 288 1067 578 447 690 873 1223 618 1316 1291 297 731 308 578 688 655 584 391 429 597 977 903 38 890 398 1061 986 662 1119
674 1275 890 310 869 741 418 768 536 628 582 718 1100 0 778 304 521 1343 1343 1372 1229 1176 647 964 1133 928 942 789 968 483 667 707 683 521 976 1054 1222 742 636 420 742 854 383 693 670 586 1392 1461 693 895 1343 675 764 1132 781 409 600 348 974 810 1170 903 734 759 657 587 756 994 672 625 297 1139 1492 1455 186 532 588 1099
131 717 929 556 392 536 488 105 768 228 320 64 610 778 0 499 702 632 890 671 452 704 138 186 490 707 487 212 466 466 137 92 689 284 261 625 452 358 217 698 506 706 444 103 142 198 617 823 211 322 650 129 189 358 264 709 195 846 684 497 400 669 65 889 121 241 278 846 120 386 756 641 718 811 847 423 191 559
382 979 726 281 691 475 147 472 413 325 279 436 808 304 499 0 363 1107 1064 1068 942 889 362 685 829 854 648 564 793 385 375 419 477 223 728 770 930 443 334 295 633 800 80 430 377 301 1101 1159 390 591 1115 384 461 858 573 481 309 526 878 529 900 649 447 620 383 287 452 772 384 479 282 847 1217 1153 347 407 308 920
571 874 375 640 1002 311 248 624 66 473 381 640 694 521 702 363 0 1333 884 1063 1065 746 578 860 814 1208 560 844 1100 746 566 609 172 446 962 627 1033 430 484 101 981 1159 337 679 559 533 1201 1089 504 606 1352 573 564 1028 870 832 522 842 1224 405 1076 424 636 258 619 465 496 479 586 822 241 728 1362 1089 408 762 552 1219
764 1028 1523 1056 515 1130 1119 712 1400 860 952 696 1028 1343 632 1107 1333 0 1247 781 420 1102 765 482 807 742 984 553 449 897 769 725 1304 910 379 1084 480 949 849 1331 719 808 1065 678 775 820 468 986 832 824 48 762 782 342 565 1118 823 1285 669 1064 297 1220 697 1504 731 873 867 1394 751 749 1380 1040 335 969 1449 841 806 363
859 219 697 1298 1271 603 928 796 915 819 807 886 282 1343 890 1064 884 1247 0 516 827 187 900 870 448 1596 432 1098 1325 1292 862 861 715 917 1045 296 767 637 818 974 1395 1595 985 970 850 924 839 370 765 570 1290 860 729 924 1152 1497 897 1582 1568 535 959 459 860 799 938 860 670 476 879 1260 1115 249 1051 382 1280 1267 942 1380
722 308 1049 1212 964 756 978 628 1118 746 792 705 421 1372 671 1068 1063 781 516 0 373 442 759 549 249 1297 508 829 984 1137 728 699 939 855 697 502 319 652 738 1121 1141 1323 990 774 720 810 333 205 680 481 828 721 611 512 882 1379 790 1507 1250 660 530 725 681 1101 773 788 619 849 732 1049 1237 405 540 188 1379 1094 818 999
559 607 1177 1002 630 804 900 471 1130 629 708 510 623 1229 452 942 1065 420 827 373 0 690 583 272 394 953 610 534 631 888 566 523 992 719 360 687 59 639 618 1091 827 990 877 547 565 643 165 578 576 476 465 557 507 151 580 1134 632 1284 899 722 159 855 496 1185 573 660 568 1019 558 770 1175 630 298 561 1285 836 641 631
671 149 632 1115 1089 445 758 609 786 633 625 699 94 1176 704 889 746 1102 187 442 690 0 713 697 296 1411 247 914 1147 1105 675 673 587 733 872 122 632 454 632 829 1208 1409 809 783 662 736 732 371 577 383 1143 672 541 769 967 1313 710 1402 1385 366 808 335 673 709 750 674 483 418 691 1072 965 65 943 377 1127 1080 755 1208
42 754 837 452 452 457 353 131 644 118 204 74 619 647 138 362 578 765 900 759 583 713 0 323 549 730 474 277 541 398 38 61 587 146 388 616 575 298 111 566 510 712 305 105 50 61 744 890 142 336 779 41 173 496 314 626 57 748 722 440 539 612 87 783 47 112 236 782 27 362 618 654 855 880 709 367 60 651
307 671 1042 730 420 648 664 236 927 393 482 248 609 964 186 685 860 482 870 549 272 697 323 0 429 755 527 281 458 619 314 268 822 466 174 646 281 467 382 868 592 774 626 275 316 384 437 728 355 357 508 305 300 174 333 866 377 1013 714 586 218 749 239 1022 306 415 384 926 301 510 936 631 532 713 1032 569 378 511
508 241 830 996 844 509 731 421 870 514 551 508 230 1133 490 829 814 807 448 249 394 296 549 429 0 1176 266 683 888 943 514 494 695 625 602 300 337 404 508 871 992 1187 750 587 504 593 455 340 448 238 847 508 385 476 737 1176 570 1293 1141 414 514 500 482 867 572 558 377 647 523 877 988 235 660 331 1131 907 604 934
766 1414 1536 627 334 1180 960 806 1264 842 908 720 1317 928 707 854 1208 742 1596 1297 953 1411 730 755 1176 0 1191 497 324 473 765 751 1277 797 600 1330 993 1028 837 1149 228 87 870 638 777 736 1092 1482 872 1029 710 764 883 802 444 550 760 703 76 1170 802 1341 745 1454 684 818 962 1509 743 389 1117 1347 1049 1468 1098 447 714 379
433 333 571 868 880 249 525 385 612 387 379 470 160 942 487 648 560 984 432 508 610 247 474 527 266 1191 0 700 948 861 436 441 430 486 694 141 561 208 387 627 979 1181 568 554 424 493 706 534 335 172 1019 435 308 643 750 1066 466 1156 1171 154 688 245 445 601 514 428 239 411 455 836 755 198 900 532 910 838 512 1026
300 918 1114 509 181 729 605 316 909 395 480 240 820 789 212 564 844 553 1098 829 534 914 277 281 683 497 700 0 265 366 302 274 864 398 197 837 556 559 387 819 312 504 535 171 313 312 696 1001 403 534 555 298 397 395 54 608 326 766 472 701 420 874 260 1059 230 387 484 1049 279 236 845 850 737 988 900 311 292 375
565 1129 1379 661 101 994 856 572 1164 660 744 503 1055 968 466 793 1100 449 1325 984 631 1147 541 458 888 324 948 265 0 490 567 538 1128 655 289 1081 673 821 652 1066 273 373 778 436 578 573 768 1176 667 778 428 563 655 480 230 684 589 852 267 962 478 1135 521 1322 494 650 744 1311 544 342 1075 1081 733 1160 1105 437 551 131
440 1152 1094 172 395 777 506 521 798 474 507 435 1012 483 466 385 746 897 1292 1137 888 1105 398 619 943 473 861 366 490 0 435 449 837 388 563 1001 901 664 474 680 263 415 414 363 446 368 1053 1282 527 734 890 439 571 758 337 246 394 400 505 794 785 951 461 999 370 435 622 1103 422 150 644 1048 1104 1272 636 56 350 620
6 716 812 484 480 428 352 102 633 95 186 74 581 667 137 375 566 769 862 728 566 675 38 314 514 765 436 302 567 435 0 45 565 153 396 578 555 264 86 561 546 748 313 132 12 83 726 855 107 298 786 8 135 488 342 662 67 780 754 406 532 579 74 763 80 104 199 751 22 400 622 616 844 845 721 405 90 673
39 705 845 512 455 456 397 72 676 135 228 35 578 707 92 419 609 725 861 699 523 673 61 268 494 751 441 274 538 449 45 0 601 198 353 582 515 284 125 606 538 740 358 113 49 120 684 834 129 291 743 37 133 442 319 682 109 808 737 426 487 600 29 800 79 149 212 774 35 399 668 612 799 824 765 415 122 639
568 723 259 758 1035 190 335 596 199 470 383 636 545 683 689 477 172 1304 715 939 992 587 587 822 695 1277 430 864 1128 837 565 601 0 482 949 472 953 358 479 271 1049 1238 426 693 555 556 1113 943 478 517 1328 570 522 979 898 959 539 988 1284 282 1027 257 625 200 633 477 438 311 587 888 413 577 1290 944 580 843 579 1238
160 800 740 383 559 391 210 249 510 110 119 219 644 521 284 223 446 910 917 855 719 733 146 466 625 797 486 398 655 388 153 198 482 0 532 622 706 281 117 424 569 764 160 237 153 90 877 963 176 391 923 161 244 640 424 579 89 675 801 405 684 563 227 669 179 67 257 720 165 409 472 681 997 955 567 378 107 773
391 844 1184 705 271 789 741 354 1029 489 582 322 783 976 261 728 962 379 1045 697 360 872 388 174 602 600 694 197 289 563 396 353 949 532 0 818 394 607 479 954 468 632 685 298 403 441 513 886 471 522 391 389 434 211 231 804 445 963 553 738 227 906 327 1150 352 498 524 1083 376 428 1000 806 540 871 1073 508 427 336
575 250 547 1002 1016 323 637 524 669 527 511 610 81 1054 625 770 627 1084 296 502 687 122 616 646 300 1330 141 837 1081 1001 578 582 472 622 818 0 632 341 527 707 1120 1322 690 695 565 633 756 472 476 303 1121 576 449 743 889 1202 607 1286 1309 244 786 229 586 609 656 566 380 350 596 978 843 106 961 474 1005 979 653 1153
549 548 1131 1007 665 764 879 457 1097 611 686 506 566 1222 452 930 1033 480 767 319 59 632 575 281 337 993 561 556 673 901 555 515 953 706 394 632 0 604 600 1064 857 1026 862 550 553 635 171 522 554 436 524 547 483 194 604 1147 622 1293 941 679 211 807 488 1144 571 645 537 968 550 789 1154 572 339 505 1270 851 635 681
263 535 577 661 740 182 330 254 493 192 171 319 368 742 358 443 430 949 637 652 639 454 298 467 404 1028 208 559 821 664 264 284 358 281 607 341 604 0 194 473 808 1009 363 395 251 301 770 720 157 177 975 265 173 621 604 860 275 948 1018 142 669 315 300 557 344 228 82 489 286 656 585 406 937 715 728 646 323 917
89 690 727 493 563 346 283 148 551 11 103 158 540 636 217 334 484 849 818 738 618 632 111 382 508 837 387 387 652 474 86 125 479 117 479 527 600 194 0 486 615 816 262 216 76 107 772 847 60 275 867 91 127 555 425 684 81 788 831 334 601 504 152 677 158 49 149 672 108 462 558 577 905 839 669 453 128 759
567 951 472 560 967 385 214 633 124 475 386 635 770 420 698 295 101 1331 974 1121 1091 829 566 868 871 1149 627 819 1066 680 561 606 271 424 954 707 1064 473 486 0 926 1096 289 661 556 514 1234 1161 517 650 1346 569 584 1040 839 746 509 746 1171 475 1087 517 635 347 604 457 528 580 579 770 142 806 1384 1160 309 702 531 1190
548 1224 1308 431 211 954 734 598 1039 619 682 510 1113 742 506 633 981 719 1395 1141 827 1208 510 592 992 228 979 312 273 263 546 538 1049 569 468 1120 857 808 615 926 0 202 644 425 559 512 981 1314 653 824 701 547 671 679 258 415 536 583 245 949 692 1118 535 1226 466 592 746 1284 526 160 903 1145 982 1301 900 226 489 391
750 1421 1497 559 361 1152 915 799 1213 819 879 711 1314 854 706 800 1159 808 1595 1323 990 1409 712 774 1187 87 1181 504 373 415 748 740 1238 764 632 1322 1026 1009 816 1096 202 0 823 627 761 711 1135 1502 855 1025 780 749 873 839 449 467 736 617 160 1150 844 1318 737 1410 668 791 948 1482 728 355 1055 1346 1106 1488 1027 397 689 447
319 898 681 338 678 402 92 405 395 252 199 379 728 383 444 80 337 1065 985 990 877 809 305 626 750 870 568 535 778 414 313 358 426 160 685 690 862 363 262 289 644 823 0 387 312 246 1033 1079 314 511 1076 321 387 800 551 542 249 600 887 451 844 578 387 586 334 217 372 709 325 485 315 766 1157 1073 408 425 258 902
132 808 943 456 348 560 447 174 745 224 309 84 688 693 103 430 679 678 970 774 547 783 105 275 587 638 554 171 436 363 132 113 693 237 298 695 550 395 216 661 425 627 387 0 144 147 712 923 237 400 688 130 245 439 210 606 157 744 624 537 477 710 110 888 59 217 325 883 110 291 702 722 799 911 777 321 130 545
12 705 801 492 492 416 348 97 626 86 178 81 568 670 142 377 559 775 850 720 565 662 50 316 504 777 424 313 578 446 12 49 555 153 403 565 553 251 76 556 559 761 312 144 0 89 723 845 94 287 793 15 124 490 354 672 70 789 767 393 534 566 78 753 93 100 186 738 34 413 620 604 845 836 721 417 99 683
89 788 811 403 479 443 300 185 598 109 174 135 644 586 198 301 533 820 924 810 643 736 61 384 593 736 493 312 573 368 83 120 556 90 441 633 635 301 107 514 512 711 246 147 89 0 805 933 159 370 833 90 209 557 342 586 26 700 734 439 599 607 147 749 89 81 253 772 85 356 561 680 916 924 648 345 22 688
719 622 1277 1168 778 923 1051 628 1264 782 857 673 682 1392 617 1101 1201 468 839 333 165 732 744 437 455 1092 706 696 768 1053 726 684 1113 877 513 756 171 770 772 1234 981 1135 1033 712 723 805 0 532 726 598 516 717 655 302 739 1299 793 1449 1032 835 291 949 657 1300 737 816 706 1102 720 932 1326 681 211 514 1442 1001 803 747
849 223 1003 1337 1148 778 1050 761 1136 852 880 846 397 1461 823 1159 1089 986 370 205 578 371 890 728 340 1482 534 1001 1176 1282 855 834 943 963 886 472 522 720 847 1161 1314 1502 1079 923 845 933 532 0 787 572 1033 849 725 712 1055 1516 910 1633 1439 686 733 700 821 1078 912 896 709 787 863 1209 1290 366 733 17 1443 1244 945 1199
106 631 718 553 584 327 324 119 571 66 132 164 485 693 211 390 504 832 765 680 576 577 142 355 448 872 335 403 667 527 107 129 478 176 471 476 554 157 60 517 653 855 314 237 94 159 726 787 0 216 853 108 72 524 447 742 132 848 861 299 571 472 148 679 187 109 95 645 128 504 600 521 867 778 719 503 177 768
294 418 705 768 712 328 496 226 668 280 313 315 288 895 322 591 606 824 570 481 476 383 336 357 238 1029 172 534 778 734 298 291 517 391 522 303 436 177 275 650 824 1025 511 400 287 370 598 572 216 0 856 294 162 484 586 956 344 1064 1006 246 531 396 289 709 369 324 139 570 312 690 759 321 774 564 897 703 385 854
781 1071 1551 1051 501 1157 1133 733 1419 878 971 712 1067 1343 650 1115 1352 48 1290 828 465 1143 779 508 847 710 1019 555 428 890 786 743 1328 923 391 1121 524 975 867 1346 701 780 1076 688 793 833 516 1033 853 856 0 779 806 378 563 1105 837 1272 636 1094 335 1252 715 1529 744 889 892 1426 767 740 1390 1080 382 1016 1455 834 818 332
2 712 817 491 477 431 360 94 640 101 193 67 578 675 129 384 573 762 860 721 557 672 41 305 508 764 435 298 563 439 8 37 570 161 389 576 547 265 91 569 547 749 321 130 15 90 717 849 108 294 779 0 131 479 340 667 75 787 753 407 524 580 66 768 80 111 199 753 20 401 630 613 836 839 729 409 97 668
131 581 750 611 579 355 396 83 631 136 202 162 447 764 189 461 564 782 729 611 507 541 173 300 385 883 308 397 655 571 135 133 522 244 434 449 483 173 127 584 671 873 387 245 124 209 655 725 72 162 806 131 0 464 446 795 185 908 866 308 512 480 138 722 208 177 90 657 150 531 671 481 800 716 791 541 222 747
482 709 1188 885 479 799 837 407 1095 566 654 422 690 1132 358 858 1028 342 924 512 151 769 496 174 476 802 643 395 480 758 488 442 979 640 211 743 194 621 555 1040 679 839 800 439 490 557 302 712 524 484 378 479 464 0 437 1003 551 1157 748 728 48 880 413 1178 476 589 542 1052 475 632 1110 705 360 695 1205 704 549 487
342 972 1151 490 137 770 627 365 934 432 514 286 873 781 264 573 870 565 1152 882 580 967 314 333 737 444 750 54 230 337 342 319 898 424 231 889 604 604 425 839 258 449 551 210 354 342 739 1055 447 586 563 340 446 437 0 573 359 735 420 746 458 919 307 1091 266 420 530 1093 320 197 856 903 770 1042 901 280 320 351
667 1373 1204 204 603 941 627 755 871 681 692 673 1223 409 709 481 832 1118 1497 1379 1134 1313 626 866 1176 550 1066 608 684 246 662 682 959 579 804 1202 1147 860 684 746 415 467 542 606 672 586 1299 1516 742 956 1105 667 795 1003 573 0 611 168 608 977 1029 1118 698 1090 606 639 833 1252 652 376 664 1260 1344 1506 593 298 572 806
73 762 792 426 496 420 296 168 588 83 155 130 618 600 195 309 522 823 897 790 632 710 57 377 570 760 466 326 589 394 67 109 539 89 445 607 622 275 81 509 536 736 249 157 70 26 793 910 132 344 837 75 185 551 359 611 0 723 756 414 594 582 138 733 97 61 227 749 75 381 561 654 909 901 655 372 47 701
787 1476 1217 296 770 1002 672 879 868 783 776 803 1316 348 846 526 842 1285 1582 1507 1284 1402 748 1013 1293 703 1156 766 852 400 780 808 988 675 963 1286 1293 948 788 746 583 617 600 744 789 700 1449 1633 848 1064 1272 787 908 1157 735 168 723 0 766 1050 1185 1176 826 1092 735 740 933 1293 775 539 638 1354 1503 1624 530 455 690 974
755 1380 1542 668 297 1177 976 786 1282 837 908 704 1291 974 684 878 1224 669 1568 1250 899 1385 722 714 1141 76 1171 472 267 505 754 737 1284 801 553 1309 941 1018 831 1171 245 160 887 624 767 734 1032 1439 861 1006 636 753 866 748 420 608 756 766 0 1161 744 1333 727 1466 675 816 949 1504 732 401 1147 1321 981 1424 1138 472 711 306
406 477 460 774 882 95 393 391 458 330 287 460 297 810 497 529 405 1064 535 660 722 366 440 586 414 1170 154 701 962 794 406 426 282 405 738 244 679 142 334 475 949 1150 451 537 393 439 835 686 299 246 1094 407 308 728 746 977 414 1050 1161 0 775 173 441 465 486 362 218 349 428 796 606 334 1018 684 764 780 461 1055
526 743 1235 917 487 847 883 454 1142 612 700 464 731 1170 400 900 1076 297 959 530 159 808 539 218 514 802 688 420 478 785 532 487 1027 684 227 786 211 669 601 1087 692 844 844 477 534 599 291 733 571 531 335 524 512 48 458 1029 594 1185 744 775 0 926 457 1226 517 634 590 1098 519 655 1155 745 323 716 1248 731 591 472
578 477 329 913 1055 176 503 564 457 499 444 634 308 903 669 649 424 1220 459 725 855 335 612 749 500 1341 245 874 1135 951 579 600 257 563 906 229 807 315 504 517 1118 1318 578 710 566 607 949 700 472 396 1252 580 480 880 919 1118 582 1176 1333 173 926 0 614 379 658 527 391 177 601 963 658 335 1145 703 824 942 629 1227
68 699 866 532 442 475 426 63 703 162 255 26 578 734 65 447 636 697 860 681 496 673 87 239 482 745 445 260 521 461 74 29 625 227 327 586 488 300 152 635 535 737 387 110 78 147 657 821 148 289 715 66 138 413 307 698 138 826 727 441 457 614 0 824 91 178 223 789 62 401 697 611 771 810 793 424 146 619
766 855 139 898 1227 381 494 796 224 667 579 835 688 759 889 620 258 1504 799 1101 1185 709 783 1022 867 1454 601 1059 1322 999 763 800 200 669 1150 609 1144 557 677 347 1226 1410 586 888 753 749 1300 1078 679 709 1529 768 722 1178 1091 1090 733 1092 1466 465 1226 379 824 0 829 672 638 328 785 1066 464 714 1483 1082 616 1012 770 1434
81 784 884 441 404 504 390 151 685 166 250 68 655 657 121 383 619 731 938 773 573 750 47 306 572 684 514 230 494 370 80 79 633 179 352 656 571 344 158 604 466 668 334 59 93 89 737 912 187 369 744 80 208 476 266 606 97 735 675 486 517 658 91 829 0 157 279 829 59 322 649 690 837 901 731 335 75 605
109 737 731 446 558 362 248 188 531 43 94 177 584 587 241 287 465 873 860 788 660 674 112 415 558 818 428 387 650 435 104 149 477 67 498 566 645 228 49 457 592 791 217 217 100 81 816 896 109 324 889 111 177 589 420 639 61 740 816 362 634 527 178 672 157 0 194 691 121 436 520 621 943 888 625 418 104 762
197 542 660 640 665 265 360 173 561 151 174 244 391 756 278 452 496 867 670 619 568 483 236 384 377 962 239 484 744 622 199 212 438 257 524 380 537 82 149 528 746 948 372 325 186 253 706 709 95 139 892 199 90 542 530 833 227 933 949 218 590 391 223 638 279 194 0 567 219 599 628 428 865 702 761 598 272 837
751 567 220 1048 1230 329 625 741 488 667 603 808 429 994 846 772 479 1394 476 849 1019 418 782 926 647 1509 411 1049 1311 1103 751 774 311 720 1083 350 968 489 672 580 1284 1482 709 883 738 772 1102 787 645 570 1426 753 657 1052 1093 1252 749 1293 1504 349 1098 177 789 328 829 691 567 0 773 1126 720 444 1303 794 886 1098 795 1404
22 729 835 479 457 450 368 104 653 117 207 55 597 672 120 384 586 751 879 732 558 691 27 301 523 743 455 279 544 422 22 35 587 165 376 596 550 286 108 579 526 728 325 110 34 85 720 863 128 312 767 20 150 475 320 652 75 775 732 428 519 601 62 785 59 121 219 773 0 381 636 632 833 854 731 390 87 650
403 1100 1147 318 246 797 574 465 880 465 523 375 977 625 386 479 822 749 1260 1049 770 1072 362 510 877 389 836 236 342 150 400 399 888 409 428 978 789 656 462 770 160 355 485 291 413 356 932 1209 504 690 740 401 531 632 197 376 381 539 401 796 655 963 401 1066 322 436 599 1126 381 0 756 1011 967 1197 769 95 334 473
628 1084 597 499 974 520 275 706 243 547 468 692 903 297 756 282 241 1380 1115 1237 1175 965 618 936 988 1117 755 845 1075 644 622 668 413 472 1000 843 1154 585 558 142 903 1055 315 702 620 561 1326 1290 600 759 1390 630 671 1110 856 664 561 638 1147 606 1155 658 697 464 649 520 628 720 636 756 0 940 1463 1287 167 676 573 1203
612 146 649 1065 1024 420 721 547 773 579 578 637 38 1139 641 847 728 1040 249 405 630 65 654 631 235 1347 198 850 1081 1048 616 612 577 681 806 106 572 406 577 806 1145 1346 766 722 604 680 681 366 521 321 1080 613 481 705 903 1260 654 1354 1321 334 745 335 611 714 690 621 428 444 632 1011 940 0 890 368 1099 1021 698 1142
837 834 1470 1240 771 1102 1188 756 1427 916 999 781 890 1492 718 1217 1362 335 1051 540 298 943 855 532 660 1049 900 737 733 1104 844 799 1290 997 540 961 339 937 905 1384 982 1106 1157 799 845 916 211 733 867 774 382 836 800 360 770 1344 909 1503 981 1018 323 1145 771 1483 837 943 865 1303 833 967 1463 890 0 715 1564 1048 910 677
839 228 1009 1328 1133 777 1045 751 1137 844 874 836 398 1455 811 1153 1089 969 382 188 561 377 880 713 331 1468 532 988 1160 1272 845 824 944 955 871 474 505 715 839 1160 1301 1488 1073 911 836 924 514 17 778 564 1016 839 716 695 1042 1506 901 1624 1424 684 716 703 810 1082 901 888 702 794 854 1197 1287 368 715 0 1439 1233 936 1182
727 1241 753 470 1004 681 401 814 403 659 592 784 1061 186 847 347 408 1449 1280 1379 1285 1127 709 1032 1131 1098 910 900 1105 636 721 765 580 567 1073 1005 1270 728 669 309 900 1027 408 777 721 648 1442 1443 719 897 1455 729 791 1205 901 593 655 530 1138 764 1248 824 793 616 731 625 761 886 731 769 167 1099 1564 1439 0 679 656 1236
409 1120 1101 223 341 770 517 486 817 454 497 398 986 532 423 407 762 841 1267 1094 836 1080 367 569 907 447 838 311 437 56 405 415 843 378 508 979 851 646 453 702 226 397 425 321 417 345 1001 1244 503 703 834 409 541 704 280 298 372 455 472 780 731 942 424 1012 335 418 598 1098 390 95 676 1021 1048 1233 679 0 326 568
96 803 834 393 457 466 317 190 617 131 197 130 662 588 191 308 552 806 942 818 641 755 60 378 604 714 512 292 551 350 90 122 579 107 427 653 635 323 128 531 489 689 258 130 99 22 803 945 177 385 818 97 222 549 320 572 47 690 711 461 591 629 146 770 75 104 272 795 87 334 573 698 910 936 656 326 0 667
670 1176 1485 791 231 1095 977 663 1284 767 855 604 1119 1099 559 920 1219 363 1380 999 631 1208 651 511 934 379 1026 375 131 620 673 639 1238 773 336 1153 681 917 759 1190 391 447 902 545 683 688 747 1199 768 854 332 668 747 487 351 806 701 974 306 1055 472 1227 619 1434 605 762 837 1404 650 473 1203 1142 677 1182 1236 568 667 0
