0 601 760 194 579 525 626 1073 983 1498 1208 254 534 680 1482 332
601 0 704 792 1161 1114 604 709 1425 1221 1738 851 981 140 1236 375
760 704 0 832 1018 1009 136 1413 1741 1925 1919 951 1295 843 730 488
194 792 832 0 386 331 708 1253 927 1656 1088 120 517 874 1563 484
579 1161 1018 386 0 64 923 1635 1001 2018 1000 396 728 1254 1719 816
525 1114 1009 331 64 0 908 1574 951 1954 973 332 665 1203 1719 777
626 604 136 708 923 908 0 1310 1608 1817 1796 824 1160 745 859 353
1073 709 1413 1253 1635 1574 1310 0 1427 517 1836 1246 1121 570 1877 1023
983 1425 1741 927 1001 951 1608 1427 0 1557 428 807 457 1418 2466 1301
1498 1221 1925 1656 2018 1954 1817 517 1557 0 1985 1621 1386 1085 2388 1511
1208 1738 1919 1088 1000 973 1796 1836 428 1985 0 975 765 1757 2648 1540
254 851 951 120 396 332 824 1246 807 1621 975 0 406 918 1681 577
534 981 1295 517 728 665 1160 1121 457 1386 765 406 0 992 2014 844
680 140 843 874 1254 1203 745 570 1418 1085 1757 918 992 0 1346 501
1482 1236 730 1563 1719 1719 859 1877 2466 2388 2648 1681 2014 1346 0 1177
332 375 488 484 816 777 353 1023 1301 1511 1540 577 844 501 1177 0
