0 105 487 87 104 680 90 265 238 573 310 233 322 94 801 623 122 171 407 146 725 679 547 864 423 42 808 409 481 537 326 369 281 864 292 375 111 802 339 685 378 816 140 55 30 517 10 173 518 629 284 39 826 617 15 312 551 165 561 206 22 702 444 574 14 709 108 314 853 196 21 440 778 411 1 709 621 104 400 748 480 800 758 710 157 258 180 80 592 443 823 120 399 821 308 821 569 92 858 858 762 142 389 360 362 282 525 394 125 410 465 264 653 793 578 421
105 0 585 41 117 599 189 316 343 651 357 185 426 192 771 578 108 181 306 235 811 576 475 941 478 108 778 386 471 481 380 413 374 969 188 480 81 713 414 597 296 866 78 72 113 424 99 241 463 724 354 144 788 721 93 409 651 270 461 107 96 802 463 518 101 748 174 216 755 252 125 504 699 326 106 814 719 37 505 658 472 895 851 814 131 314 196 58 612 432 927 224 464 809 365 833 636 27 961 928 674 195 407 256 335 387 630 397 100 512 534 358 549 871 664 316
487 585 0 574 495 1161 437 572 270 219 365 595 189 441 913 1054 522 603 892 445 651 1158 866 823 637 477 918 825 609 804 589 639 214 467 758 189 540 1160 512 1047 761 556 625 540 472 917 496 505 972 492 291 453 1235 180 494 374 68 332 1046 691 505 475 765 832 486 900 505 800 1340 379 466 606 1255 798 485 290 466 566 199 1234 855 314 277 394 539 555 601 567 552 831 384 369 578 853 330 744 292 562 386 866 1114 417 473 840 604 259 169 524 601 325 249 227 1101 758 163 885
87 41 574 0 136 596 160 274 322 654 373 224 407 161 810 556 136 141 321 200 772 594 517 900 436 106 816 356 505 522 338 371 367 944 219 458 111 752 373 637 338 882 56 37 105 463 78 200 445 689 360 123 764 703 81 374 639 250 475 121 70 769 424 559 89 707 135 228 766 263 108 463 695 367 88 793 684 72 482 662 438 887 844 786 164 272 155 17 638 399 907 207 423 844 377 862 645 57 945 886 715 206 433 276 371 363 609 428 63 480 541 351 579 831 663 344
104 117 495 136 0 714 183 369 286 540 239 137 358 189 697 693 28 264 408 243 817 666 455 961 528 64 703 492 378 437 430 473 280 910 263 420 46 723 440 606 298 748 191 132 79 447 110 277 579 710 241 128 901 646 91 396 563 217 561 218 120 774 544 474 90 813 212 323 856 137 107 543 814 334 104 746 700 83 449 768 571 798 751 768 60 362 276 144 502 532 856 170 502 719 248 728 520 89 878 958 681 82 297 351 257 336 564 295 198 484 419 268 610 889 558 389
680 599 1161 596 714 0 723 653 893 1250 950 707 980 720 1188 277 698 564 336 726 1121 310 790 1176 727 702 1194 407 985 864 683 662 961 1464 498 1015 671 818 775 756 658 1451 541 625 702 626 671 676 237 1116 953 710 397 1265 677 867 1221 828 248 496 660 1224 574 890 685 810 658 398 278 851 701 782 100 650 682 1339 1124 630 1031 116 464 1475 1436 1285 704 668 570 600 1165 449 1454 793 767 1278 962 1359 1235 626 1511 1119 811 795 972 400 841 921 1161 945 560 979 1133 944 494 1125 1259 443
90 189 437 160 183 723 0 207 171 555 339 319 257 7 871 631 206 169 476 61 636 752 635 777 355 120 878 406 543 620 261 309 251 785 377 301 200 892 257 776 468 827 199 122 105 608 92 110 539 538 291 55 826 550 105 221 498 105 629 279 93 613 404 657 101 646 72 383 916 227 77 364 818 502 89 636 531 194 324 801 460 752 714 626 241 196 170 146 633 428 751 81 322 881 327 864 565 181 794 775 852 188 437 435 436 206 452 451 167 322 461 232 738 706 549 504
265 316 572 274 369 653 207 0 311 731 546 491 382 199 1067 490 385 148 502 155 523 768 792 635 161 307 1073 264 745 794 63 103 430 811 467 394 368 1018 128 905 611 1024 267 251 293 728 259 97 431 475 492 250 663 634 278 220 619 280 633 350 250 576 202 831 279 443 157 420 890 435 265 191 735 640 265 695 479 342 401 751 282 874 846 631 420 16 132 257 840 260 808 280 154 1084 533 1072 754 325 876 615 982 393 643 485 627 313 526 655 226 327 653 412 807 567 711 576
238 343 270 322 286 893 171 311 0 420 307 416 86 173 892 784 314 332 643 174 575 917 728 736 410 243 898 555 558 692 341 394 130 628 529 137 322 1006 286 889 582 726 368 286 233 733 245 236 701 446 228 199 970 380 249 168 328 72 797 443 251 495 512 726 242 698 236 550 1086 234 217 396 987 619 236 471 431 335 164 972 592 583 548 482 343 295 330 312 594 566 584 120 358 874 280 821 450 326 624 752 963 235 428 598 490 52 286 461 338 213 354 115 888 664 399 658
573 651 219 654 540 1250 555 731 420 0 326 595 364 561 758 1186 560 724 947 584 871 1193 803 1043 824 548 763 962 500 723 761 814 305 629 793 391 585 1096 698 992 742 337 711 628 549 892 583 648 1089 712 298 550 1381 361 575 563 240 457 1098 757 595 690 932 744 567 1101 628 863 1393 403 554 801 1349 777 572 460 686 622 409 1308 1009 318 263 596 564 715 726 653 385 979 522 475 768 676 302 544 87 624 474 1085 1049 457 386 887 548 432 385 440 698 536 130 323 1100 978 74 909
310 357 365 373 239 950 339 546 307 326 0 269 327 347 588 929 252 481 632 392 881 869 502 1043 684 272 594 720 259 438 597 647 200 830 473 393 279 797 571 686 418 509 429 358 280 570 320 449 818 744 86 305 1135 543 305 473 431 285 779 455 333 773 743 467 299 978 401 554 1072 114 298 683 1051 453 309 653 725 322 425 997 789 623 571 727 247 534 489 377 296 753 750 268 642 566 35 527 289 329 742 1060 750 168 123 570 240 354 497 165 430 515 196 205 774 972 364 585
233 185 595 224 137 707 319 491 416 595 269 0 482 324 586 739 112 365 376 378 954 600 317 1096 652 198 593 565 296 304 554 592 385 1031 212 547 122 589 572 472 168 745 259 240 213 323 236 404 616 848 311 263 950 758 218 534 663 352 515 236 242 909 647 341 220 929 337 311 806 215 242 672 808 205 233 862 837 151 577 741 655 882 832 897 77 486 379 239 459 614 970 305 631 628 294 668 557 167 981 1091 546 185 265 312 153 469 685 239 285 620 466 377 510 1025 628 315
322 426 189 407 358 980 257 382 86 364 327 482 0 260 915 864 387 417 728 257 561 1002 785 728 460 323 921 635 586 741 403 455 126 551 610 67 398 1070 334 953 650 686 454 371 314 804 329 316 785 417 241 284 1045 295 332 199 243 157 882 528 337 447 578 774 324 737 321 636 1172 281 301 437 1073 687 320 389 398 415 99 1058 665 499 466 416 413 366 414 397 593 641 501 202 403 884 294 812 408 408 537 755 1025 297 450 682 537 70 206 490 425 196 322 122 966 659 332 739
94 192 441 161 189 720 7 199 173 561 347 324 260 0 878 625 212 164 476 54 631 752 641 771 347 126 885 400 551 626 254 302 256 785 379 303 205 897 251 780 473 834 198 123 111 612 95 102 534 534 298 61 819 552 110 218 501 109 628 280 95 610 396 663 106 639 66 383 914 235 82 357 814 506 93 637 528 198 324 798 453 755 718 624 247 188 164 147 640 421 752 87 315 888 335 872 572 184 796 768 857 195 444 436 443 207 453 459 166 319 468 238 740 700 554 506
801 771 913 810 697 1188 871 1067 892 758 588 586 915 878 0 1295 683 951 866 932 1467 955 400 1627 1224 760 6 1145 334 326 1127 1170 788 1375 729 980 702 547 1127 509 543 618 845 822 774 569 807 974 1168 1332 673 820 1503 1090 788 1051 966 856 946 806 817 1358 1234 298 787 1510 909 844 1169 663 802 1236 1280 542 801 1199 1314 737 1011 1176 1239 1067 1012 1301 649 1059 964 824 373 1198 1276 824 1194 142 620 325 672 753 1233 1637 512 686 465 809 440 941 1068 431 872 1103 667 794 769 1555 830 746
623 578 1054 556 693 277 631 490 784 1186 929 739 864 625 1295 0 687 462 444 610 885 557 919 920 511 657 1301 229 1035 972 497 461 882 1284 565 883 660 1019 592 936 753 1438 502 571 651 776 613 548 127 906 907 639 211 1124 626 710 1106 733 450 503 600 1020 347 1004 632 539 558 451 555 817 639 566 308 758 624 1182 919 616 891 393 229 1362 1331 1100 707 507 460 552 1189 235 1293 711 562 1360 931 1406 1191 605 1366 857 1003 761 985 491 890 797 1016 972 499 812 1086 864 709 874 1179 574
122 108 522 136 28 698 206 385 314 560 252 112 387 212 683 687 0 271 386 265 842 641 430 984 545 86 689 492 370 415 447 487 307 938 238 449 27 695 461 578 269 759 186 139 101 419 126 295 571 737 262 151 897 674 107 422 590 246 538 202 134 802 554 452 108 827 228 303 833 157 129 563 798 305 122 774 728 71 478 749 574 823 776 796 35 379 284 146 503 535 885 198 521 711 264 726 537 82 906 979 653 106 298 328 242 365 593 291 199 511 437 295 582 912 581 363
171 181 603 141 264 564 169 148 332 724 481 365 417 164 951 462 271 0 363 161 668 635 652 783 305 211 957 241 641 662 210 236 420 912 319 450 249 870 267 758 469 984 121 132 201 580 162 116 370 608 448 179 661 701 179 315 660 273 504 202 149 701 283 699 183 566 97 276 776 366 182 339 655 496 172 777 608 213 467 650 309 916 880 740 302 152 15 126 763 272 892 248 302 982 477 991 729 198 946 762 836 314 559 340 512 356 597 560 83 428 625 402 661 716 718 428
407 306 892 321 408 336 476 502 643 947 632 376 728 476 866 444 386 363 0 503 1024 276 478 1123 636 415 872 376 649 540 555 562 680 1260 163 778 362 589 628 497 326 1122 277 357 419 332 399 476 319 971 649 444 645 1024 398 672 957 571 154 200 391 1064 538 569 406 833 429 92 449 544 428 681 435 323 408 1113 971 328 800 366 476 1201 1157 1095 385 510 376 331 829 439 1227 527 651 947 648 1023 921 330 1265 1089 567 491 641 64 505 682 928 611 313 784 823 665 315 1059 966 129
146 235 445 200 243 726 61 155 174 584 392 378 257 54 932 610 265 161 503 0 579 779 693 718 295 180 938 382 603 680 204 254 279 758 419 289 258 946 196 830 523 869 227 164 165 659 145 64 527 489 336 115 798 539 161 174 500 127 651 313 142 569 357 717 158 588 73 411 932 283 136 303 817 556 145 618 483 246 306 810 425 757 723 592 301 142 157 184 687 395 733 125 261 940 377 919 601 232 785 714 906 247 494 468 498 194 436 510 189 282 499 261 778 647 570 543
725 811 651 772 817 1121 636 523 575 871 881 954 561 631 1467 885 842 668 1024 579 0 1284 1272 171 398 756 1473 716 1134 1251 468 469 685 517 983 504 836 1524 401 1408 1103 1208 781 739 741 1235 725 572 884 161 798 691 972 558 740 423 645 617 1149 868 722 233 547 1287 737 425 636 943 1384 807 713 346 1184 1135 724 527 188 825 477 1232 662 814 820 363 877 516 654 755 1154 672 592 657 373 1444 851 1371 939 810 704 224 1485 795 1003 1008 1056 526 490 1036 739 366 872 677 1329 110 811 1097
679 576 1158 594 666 310 752 768 917 1193 869 600 1002 752 955 557 641 635 276 779 1284 0 559 1371 889 682 960 592 822 648 817 816 945 1536 402 1052 620 519 895 475 484 1327 553 631 689 390 672 750 465 1241 900 717 707 1297 669 948 1225 845 135 473 665 1337 767 665 677 1045 706 368 218 796 700 938 370 460 681 1388 1243 592 1076 243 680 1464 1417 1371 631 777 647 606 1016 651 1502 800 911 1064 891 1177 1157 596 1537 1328 519 747 851 319 694 958 1203 811 590 1060 1065 931 199 1311 1220 284
547 475 866 517 455 790 635 792 728 803 502 317 785 641 400 919 430 652 478 693 1272 559 0 1411 954 515 405 801 320 97 856 888 674 1324 366 852 435 295 885 189 183 829 532 543 530 170 549 713 793 1165 575 580 1123 1041 532 852 933 667 547 468 554 1223 921 106 535 1216 645 474 775 505 558 980 881 165 548 1149 1154 452 884 776 901 1117 1062 1202 395 790 668 534 509 860 1250 622 939 505 536 630 738 468 1244 1402 248 492 416 428 262 781 981 363 569 936 676 670 383 1340 856 353
864 941 823 900 961 1176 777 635 736 1043 1043 1096 728 771 1627 920 984 783 1123 718 171 1371 1411 0 487 898 1633 784 1293 1398 574 561 851 647 1103 673 976 1652 527 1538 1237 1380 902 870 883 1361 862 700 941 331 961 833 969 724 879 576 815 772 1236 986 857 386 608 1434 876 399 767 1049 1448 963 854 445 1227 1268 863 684 358 960 647 1290 712 975 984 515 1019 632 768 883 1321 731 736 808 481 1609 1015 1540 1110 944 852 87 1615 947 1164 1116 1207 689 661 1195 860 532 1042 842 1436 71 982 1209
423 478 637 436 528 727 355 161 410 824 684 652 460 347 1224 511 545 305 636 295 398 889 954 487 0 464 1230 319 898 956 98 74 539 777 622 448 529 1175 126 1063 772 1137 426 413 449 885 418 250 491 394 621 403 643 655 437 263 671 402 754 505 410 508 165 993 438 293 316 563 986 579 421 55 796 800 423 692 407 504 443 835 282 915 895 592 580 166 289 419 980 282 798 417 60 1236 667 1212 860 487 883 458 1140 543 790 629 786 392 549 806 386 333 765 523 949 423 791 724
42 108 477 106 64 702 120 307 243 548 272 198 323 126 760 657 86 211 415 180 756 682 515 898 464 0 766 448 438 500 367 410 265 871 287 380 83 777 376 660 351 781 163 86 15 496 50 214 549 654 254 65 863 616 32 337 543 171 569 215 62 722 487 537 28 750 149 324 863 159 43 479 801 386 42 712 645 92 408 765 521 787 743 722 121 299 221 106 551 483 825 123 437 779 273 779 539 86 854 894 736 104 347 363 321 291 529 351 157 430 435 250 644 826 558 416
808 778 918 816 703 1194 878 1073 898 763 594 593 921 885 6 1301 689 957 872 938 1473 960 405 1633 1230 766 0 1152 340 332 1134 1176 794 1380 736 986 709 550 1134 513 549 620 851 828 781 574 813 980 1174 1338 679 827 1509 1095 794 1057 971 862 952 813 823 1364 1240 304 793 1516 916 850 1173 670 809 1242 1286 548 808 1204 1320 743 1017 1182 1245 1071 1016 1306 656 1066 971 830 377 1204 1281 830 1200 141 626 326 676 759 1237 1643 515 693 471 815 446 947 1073 437 878 1109 672 800 773 1561 834 752
409 386 825 356 492 407 406 264 555 962 720 565 635 400 1145 229 492 241 376 382 716 592 801 784 319 448 1152 0 857 834 280 255 656 1070 435 654 466 961 375 862 620 1225 308 362 439 686 400 319 173 709 689 420 420 898 415 485 877 506 459 340 387 819 176 870 421 459 334 335 668 606 423 374 480 636 411 959 718 424 664 516 101 1133 1102 888 518 280 236 348 995 63 1071 487 360 1193 718 1219 970 411 1140 737 935 552 789 395 718 568 790 784 294 590 866 638 689 727 952 493
481 471 609 505 378 985 543 745 558 500 259 296 586 551 334 1035 370 641 649 603 1134 822 320 1293 898 438 340 857 0 230 803 848 460 1076 489 652 393 603 797 507 339 514 549 509 452 452 488 649 912 1001 345 495 1246 789 469 717 669 522 768 532 498 1033 923 246 466 1188 588 598 1039 330 479 907 1084 361 480 899 983 434 684 1003 943 819 763 984 340 736 654 516 195 903 988 491 865 341 293 375 427 448 964 1303 556 356 138 585 145 608 752 97 568 770 383 463 677 1221 562 556
537 481 804 522 437 864 620 794 692 723 438 304 741 626 326 972 415 662 540 680 1251 648 97 1398 956 500 332 834 230 0 857 894 623 1267 407 808 427 374 876 278 219 733 547 542 515 258 540 709 844 1136 517 565 1179 982 522 828 868 637 625 495 547 1185 940 37 523 1229 641 521 866 460 544 977 957 216 537 1091 1122 452 840 858 931 1040 985 1155 379 790 677 538 414 890 1188 595 935 418 473 534 654 468 1175 1395 327 458 339 484 204 744 929 286 580 904 599 621 478 1326 780 421
326 380 589 338 430 683 261 63 341 761 597 554 403 254 1127 497 447 210 555 204 468 817 856 574 98 367 1134 280 803 857 0 52 466 790 529 404 431 1080 95 968 675 1064 330 314 353 790 321 153 452 434 538 308 654 633 340 220 631 321 681 412 312 541 175 894 340 385 218 477 929 488 325 129 759 703 326 685 441 405 406 785 275 882 858 607 482 68 194 321 892 261 795 329 95 1142 581 1124 790 389 871 552 1045 449 698 543 688 333 525 712 290 315 691 449 864 507 735 635
369 413 639 371 473 662 309 103 394 814 647 592 455 302 1170 461 487 236 562 254 469 816 888 561 74 410 1176 255 848 894 52 0 518 822 551 453 470 1103 135 993 705 1116 357 351 396 814 362 199 428 453 589 353 610 677 382 268 680 373 680 434 353 564 127 931 383 340 260 489 917 537 369 123 735 732 369 725 463 441 454 769 235 930 906 638 522 113 220 355 942 226 834 379 104 1188 632 1173 843 425 913 531 1070 496 746 555 730 384 569 758 318 357 744 501 875 497 787 650
281 374 214 367 280 961 251 430 130 305 200 385 126 256 788 882 307 420 680 279 685 945 674 851 539 265 794 656 460 623 466 518 0 650 544 192 325 964 416 849 553 598 421 336 262 709 290 344 788 544 115 252 1075 373 286 296 282 152 835 481 301 573 632 655 278 828 323 590 1129 171 260 526 1059 590 279 478 525 353 224 1029 704 521 477 532 326 414 421 362 471 674 584 172 488 759 168 695 324 350 598 873 918 204 323 627 419 164 307 364 402 319 225 18 888 780 299 670
864 969 467 944 910 1464 785 811 628 629 830 1031 551 785 1375 1284 938 912 1260 758 517 1536 1324 647 777 871 1380 1070 1076 1267 790 822 650 0 1156 490 949 1614 694 1499 1200 920 983 907 861 1354 870 795 1241 404 750 824 1418 287 876 598 409 700 1410 1065 875 292 941 1297 869 924 832 1168 1689 821 844 724 1546 1237 862 177 382 963 464 1558 1056 402 437 184 964 796 903 932 1007 1049 120 748 722 1303 794 1172 716 954 229 726 1569 846 941 1221 1065 582 345 991 947 486 707 656 1516 614 554 1285
292 188 758 219 263 498 377 467 529 793 473 212 610 379 729 565 238 319 163 419 983 402 366 1103 622 287 736 435 489 407 529 551 544 1156 0 666 218 552 581 442 189 958 201 256 296 263 287 412 438 907 498 332 774 903 280 593 825 456 305 117 284 988 564 441 287 863 351 114 599 393 312 658 598 201 294 999 902 195 692 529 535 1061 1014 1002 229 470 335 234 666 494 1112 409 621 799 492 864 763 202 1140 1081 519 344 477 99 344 574 815 448 244 699 667 530 361 1035 818 129
375 480 189 458 420 1015 301 394 137 391 393 547 67 303 980 883 449 450 778 289 504 1052 852 673 448 380 986 654 652 808 404 453 192 490 666 0 458 1135 324 1019 714 722 500 421 370 867 381 341 811 356 307 336 1056 250 386 186 227 209 930 579 387 381 580 841 379 712 359 685 1217 348 354 417 1106 751 373 335 335 472 32 1098 675 480 453 350 476 377 445 446 651 654 449 257 388 945 359 866 445 464 496 705 1091 362 515 734 604 95 150 556 468 146 369 189 1025 605 348 795
111 81 540 111 46 671 200 368 322 585 279 122 398 205 702 660 27 249 362 258 836 620 435 976 529 83 709 466 393 427 431 470 325 949 218 458 0 694 450 577 268 787 159 119 97 413 113 282 544 737 286 145 869 688 96 420 607 252 515 175 120 805 532 464 99 809 214 278 810 182 123 550 771 303 112 787 728 43 487 723 550 843 797 804 53 363 262 123 530 510 898 203 508 733 291 752 564 55 922 969 653 128 325 305 262 372 605 317 175 513 463 312 568 905 604 345
802 713 1160 752 723 818 892 1018 1006 1096 797 589 1070 897 547 1019 695 870 589 946 1524 519 295 1652 1175 777 550 961 603 374 1080 1103 964 1614 552 1135 694 0 1126 117 425 1092 750 784 791 290 801 953 901 1431 868 839 1200 1334 787 1114 1227 940 578 669 803 1497 1110 358 791 1409 887 629 699 792 816 1209 888 390 803 1441 1422 699 1166 762 1062 1411 1357 1486 663 1019 886 769 778 1024 1543 893 1171 685 831 849 1028 713 1539 1632 47 773 710 566 557 1058 1270 656 791 1207 970 958 323 1582 1150 468
339 414 512 373 440 775 257 128 286 698 571 572 334 251 1127 592 461 267 628 196 401 895 885 527 126 376 1134 375 797 876 95 135 416 694 581 324 450 1126 0 1011 710 1012 379 343 361 836 336 173 547 347 502 311 745 543 354 137 549 285 761 466 331 450 262 913 352 412 240 544 1017 470 332 112 854 741 338 591 351 432 321 876 368 797 775 512 496 118 253 356 866 356 701 307 72 1130 550 1096 735 417 778 518 1088 441 681 608 694 265 435 702 337 222 640 400 929 457 665 696
685 597 1047 637 606 756 776 905 889 992 686 472 953 780 509 936 578 758 497 830 1408 475 189 1538 1063 660 513 862 507 278 968 993 849 1499 442 1019 577 117 1011 0 308 1009 637 669 674 179 685 838 815 1314 755 722 1126 1220 670 997 1114 823 510 558 687 1380 1005 271 675 1304 772 527 676 677 700 1096 834 273 686 1327 1305 583 1050 715 963 1304 1250 1369 546 906 774 654 691 924 1430 776 1058 637 720 787 927 597 1428 1520 77 656 605 466 447 941 1154 552 678 1090 864 842 277 1468 1043 371
378 296 761 338 298 658 468 611 582 742 418 168 650 473 543 753 269 469 326 523 1103 484 183 1237 772 351 549 620 339 219 675 705 553 1200 189 714 268 425 710 308 0 844 349 366 365 156 378 537 625 1005 472 414 960 926 362 689 829 515 430 284 381 1072 737 252 367 1032 469 302 700 382 391 801 754 37 379 1031 996 277 745 666 719 1040 988 1064 239 610 485 355 532 678 1137 468 761 621 447 706 692 292 1146 1225 384 354 374 267 211 634 854 330 387 781 611 545 359 1167 782 218
816 866 556 882 748 1451 827 1024 726 337 509 745 686 834 618 1438 759 984 1122 869 1208 1327 829 1380 1137 781 620 1225 514 733 1064 1116 598 920 958 722 787 1092 1012 1009 844 0 938 867 787 966 826 933 1328 1048 537 805 1643 682 812 884 570 744 1258 960 839 1022 1227 739 806 1422 897 1052 1541 621 802 1120 1551 870 815 768 1022 830 743 1487 1288 535 489 920 747 1009 990 886 320 1254 802 747 1084 492 508 309 278 838 722 1422 1047 677 480 1058 633 749 721 516 938 869 372 615 1191 1315 399 1050
140 78 625 56 191 541 199 267 368 711 429 259 454 198 845 502 186 121 277 227 781 553 532 902 426 163 851 308 549 547 330 357 421 983 201 500 159 750 379 637 349 938 0 85 161 460 130 211 389 709 417 172 711 748 136 400 689 297 429 87 120 795 393 584 144 684 155 185 718 319 160 459 639 375 141 835 706 116 523 609 395 939 898 819 209 269 137 59 690 355 950 256 421 886 434 911 702 104 992 882 715 263 484 240 411 405 651 476 42 510 598 404 554 833 718 319
55 72 540 37 132 625 122 251 286 628 358 240 371 123 822 571 139 132 357 164 739 631 543 870 413 86 828 362 509 542 314 351 336 907 256 421 119 784 343 669 366 867 85 0 80 496 45 170 464 653 338 87 777 666 54 338 604 214 511 158 35 732 414 580 62 690 103 264 801 245 75 436 723 397 57 756 648 90 444 694 439 854 813 748 172 247 144 26 633 400 870 172 396 850 359 860 623 74 909 859 746 190 428 314 381 326 571 428 71 443 519 319 616 800 634 382
30 113 472 105 79 702 105 293 233 549 280 213 314 111 774 651 101 201 419 165 741 689 530 883 449 15 781 439 452 515 353 396 262 861 296 370 97 791 361 674 365 787 161 80 0 509 39 199 545 639 257 50 856 608 25 323 537 161 574 219 52 708 474 552 18 736 135 328 868 166 28 464 800 400 29 703 631 101 397 767 511 783 740 711 136 285 210 103 562 474 816 113 422 792 279 791 542 93 847 879 750 112 359 369 336 280 519 364 152 417 438 246 654 811 557 425
517 424 917 463 447 626 608 728 733 892 570 323 804 612 569 776 419 580 332 659 1235 390 170 1361 885 496 574 686 452 258 790 814 709 1354 263 867 413 290 836 179 156 966 460 496 509 0 516 664 652 1147 628 556 974 1082 503 830 985 665 380 380 517 1218 826 275 508 1125 598 351 607 538 533 919 714 118 519 1186 1139 414 897 607 788 1194 1141 1216 391 729 596 480 647 748 1293 617 881 674 601 791 838 427 1302 1342 255 508 514 293 347 784 1008 465 501 927 761 700 225 1292 935 203
10 99 496 78 110 671 92 259 245 583 320 236 329 95 807 613 126 162 399 145 725 672 549 862 418 50 813 400 488 540 321 362 290 870 287 381 113 801 336 685 378 826 130 45 39 516 0 169 508 630 295 45 816 625 19 314 560 172 553 198 12 705 436 577 21 703 102 306 845 206 30 437 768 411 11 716 623 102 406 739 471 809 767 714 161 253 171 71 601 434 830 128 395 828 318 830 579 89 866 855 761 152 398 353 367 288 532 402 115 414 475 274 648 791 588 416
173 241 505 200 277 676 110 97 236 648 449 404 316 102 974 548 295 116 476 64 572 750 713 700 250 214 980 319 649 709 153 199 344 795 412 341 282 953 173 838 537 933 211 170 199 664 169 0 470 498 398 154 734 590 188 198 559 192 619 299 161 588 295 746 187 538 68 386 893 338 171 268 765 568 173 663 496 260 355 764 360 815 783 623 331 86 107 183 743 331 778 186 226 988 437 975 666 245 835 688 915 297 547 448 535 250 485 559 169 311 563 325 765 630 634 530
518 463 972 445 579 237 539 431 701 1089 818 616 785 534 1168 127 571 370 319 527 884 465 793 941 491 549 1174 173 912 844 452 428 788 1241 438 811 544 901 547 815 625 1328 389 464 545 652 508 470 0 882 803 539 336 1059 519 650 1028 643 344 380 496 992 337 877 526 587 468 324 506 708 536 546 307 631 520 1125 891 500 823 349 229 1284 1250 1059 588 446 371 443 1070 212 1238 616 533 1235 822 1285 1088 490 1303 888 883 652 867 364 767 720 952 852 393 758 983 770 599 889 1088 449
629 724 492 689 710 1116 538 475 446 712 744 848 417 534 1332 906 737 608 971 489 161 1241 1165 331 394 654 1338 709 1001 1136 434 453 544 404 907 356 737 1431 347 1314 1005 1048 709 653 639 1147 630 498 882 0 658 591 1023 399 644 317 484 499 1108 796 630 116 559 1171 639 522 555 884 1364 680 614 339 1188 1040 628 378 28 733 326 1220 676 659 662 227 771 464 595 673 1007 677 457 543 349 1301 712 1220 781 719 564 383 1390 677 867 946 935 394 329 904 667 232 718 538 1263 270 650 1028
284 354 291 360 241 953 291 492 228 298 86 311 241 298 673 907 262 448 649 336 798 900 575 961 621 254 679 689 345 517 538 589 115 750 498 307 286 868 502 755 472 537 417 338 257 628 295 398 803 658 0 269 1109 466 283 396 359 218 800 459 307 687 693 547 276 914 359 564 1096 104 268 615 1053 509 283 574 640 324 339 1010 750 570 520 642 268 479 453 360 366 717 675 212 575 647 53 594 284 327 674 981 822 159 208 590 315 272 413 250 410 431 181 120 821 891 320 618
39 144 453 123 128 710 55 250 199 550 305 263 284 61 820 639 151 179 444 115 691 717 580 833 403 65 827 420 495 565 308 353 252 824 332 336 145 839 311 722 414 805 172 87 50 556 45 154 539 591 269 0 839 579 53 274 517 127 598 244 52 663 439 602 47 693 96 351 889 191 22 416 807 448 38 670 583 143 361 781 484 767 726 670 186 240 185 114 595 449 784 84 374 834 299 825 551 131 821 829 798 144 395 398 383 242 486 405 150 371 447 234 693 761 551 461
826 788 1235 764 901 397 826 663 970 1381 1135 950 1045 819 1503 211 897 661 645 798 972 707 1123 969 643 863 1509 420 1246 1179 654 610 1075 1418 774 1056 869 1200 745 1126 960 1643 711 777 856 974 816 734 336 1023 1109 839 0 1288 831 875 1282 924 622 714 804 1139 483 1210 837 570 754 660 644 1022 841 694 372 964 828 1334 1040 825 1060 494 380 1536 1509 1233 917 680 656 758 1400 404 1440 907 701 1571 1135 1618 1390 815 1523 894 1188 967 1195 696 1102 976 1179 1183 705 967 1286 1057 881 937 1368 773
617 721 180 703 646 1265 550 634 380 361 543 758 295 552 1090 1124 674 701 1024 539 558 1297 1041 724 655 616 1095 898 789 982 633 677 373 287 903 250 688 1334 543 1220 926 682 748 666 608 1082 625 590 1059 399 466 579 1288 0 627 414 125 452 1177 823 632 346 805 1011 619 880 609 931 1466 544 596 613 1355 964 615 110 371 708 235 1349 909 267 263 237 696 617 695 692 726 892 211 497 594 1025 508 905 446 702 245 781 1288 575 653 977 781 345 108 703 718 322 423 381 1256 668 289 1032
15 93 494 81 91 677 105 278 249 575 305 218 332 110 788 626 107 179 398 161 740 669 532 879 437 32 794 415 469 522 340 382 286 876 280 386 96 787 354 670 362 812 136 54 25 503 19 188 519 644 283 53 831 627 0 327 559 176 553 197 30 716 455 559 8 722 121 306 845 191 32 455 775 396 16 720 636 89 412 743 488 806 763 723 143 272 189 78 584 450 834 130 414 809 305 812 568 78 867 873 746 136 380 350 348 294 536 383 126 425 464 270 640 808 582 409
312 409 374 374 396 867 221 220 168 563 473 534 199 218 1051 710 422 315 672 174 423 948 852 576 263 337 1057 485 717 828 220 268 296 598 593 186 420 1114 137 997 689 884 400 338 323 830 314 198 650 317 396 274 875 414 327 0 412 195 818 487 313 394 395 864 322 538 245 582 1091 387 297 237 953 723 311 474 310 416 185 960 495 662 638 424 456 204 305 359 762 477 588 233 204 1039 447 989 605 402 655 587 1073 372 591 641 633 134 306 620 361 112 515 282 953 504 528 718
551 651 68 639 563 1221 498 619 328 240 431 663 243 501 966 1106 590 660 957 500 645 1225 933 815 671 543 971 877 669 868 631 680 282 409 825 227 607 1227 549 1114 829 570 689 604 537 985 560 559 1028 484 359 517 1282 125 559 412 0 393 1112 757 569 451 807 896 551 923 564 866 1405 448 530 637 1315 866 550 232 457 633 228 1297 902 256 226 356 607 602 657 631 600 880 319 432 611 899 396 781 322 629 317 864 1181 486 535 906 670 309 154 586 663 347 298 295 1169 754 171 952
165 270 332 250 217 828 105 280 72 457 285 352 157 109 856 733 246 273 571 127 617 845 667 772 402 171 862 506 522 637 321 373 152 700 456 209 252 940 285 823 515 744 297 214 161 665 172 192 643 499 218 127 924 452 176 195 393 0 725 371 179 557 483 672 169 696 175 478 1015 192 144 398 923 552 164 544 486 262 236 904 552 646 608 551 277 265 273 240 580 522 657 48 357 848 265 810 474 254 694 781 898 178 399 525 439 120 359 425 270 268 373 133 815 700 446 585
561 461 1046 475 561 248 629 633 797 1098 779 515 882 628 946 450 538 504 154 651 1149 135 547 1236 754 569 952 459 768 625 681 680 835 1410 305 930 515 578 761 510 430 1258 429 511 574 380 553 619 344 1108 800 598 622 1177 553 818 1112 725 0 355 545 1205 634 648 561 916 578 246 295 695 582 803 334 416 563 1265 1110 482 952 235 550 1356 1311 1242 534 643 515 484 956 519 1380 682 776 1042 797 1137 1068 484 1420 1194 568 643 777 210 630 835 1081 743 463 930 972 820 260 1175 1119 212
206 107 691 121 218 496 279 350 443 757 455 236 528 280 806 503 202 202 200 313 868 473 468 986 505 215 813 340 532 495 412 434 481 1065 117 579 175 669 466 558 284 960 87 158 219 380 198 299 380 796 459 244 714 823 197 487 757 371 355 0 191 882 453 531 206 750 242 108 648 355 227 541 596 305 208 914 794 135 603 551 436 1002 959 904 212 353 217 132 690 395 1028 327 504 861 466 904 739 133 1065 963 635 300 489 155 388 484 730 471 129 596 638 466 466 918 772 231
22 96 505 70 120 660 93 250 251 595 333 242 337 95 817 600 134 149 391 142 722 665 554 857 410 62 823 387 498 547 312 353 301 875 284 387 120 803 331 687 381 839 120 35 52 517 12 161 496 630 307 52 804 632 30 313 569 179 545 191 0 706 425 584 34 693 94 299 836 218 40 430 757 414 24 722 623 103 411 729 458 818 777 718 169 244 159 61 613 421 836 137 388 839 331 842 592 89 874 849 764 165 410 347 376 293 538 413 103 415 487 284 645 787 599 412
702 802 475 769 774 1224 613 576 495 690 773 909 447 610 1358 1020 802 701 1064 569 233 1337 1223 386 508 722 1364 819 1033 1185 541 564 573 292 988 381 805 1497 450 1380 1072 1022 795 732 708 1218 705 588 992 116 687 663 1139 346 716 394 451 557 1205 882 706 0 673 1219 710 632 639 975 1467 725 685 453 1299 1108 700 297 100 806 348 1326 790 588 599 129 834 564 689 754 1017 789 358 604 460 1315 739 1219 767 794 471 454 1455 730 896 1035 982 442 306 937 754 291 718 570 1348 339 623 1113
444 463 765 424 544 574 404 202 512 932 743 647 578 396 1234 347 554 283 538 357 547 767 921 608 165 487 1240 176 923 940 175 127 632 941 564 580 532 1110 262 1005 737 1227 393 414 474 826 436 295 337 559 693 439 483 805 455 395 807 483 634 453 425 673 0 977 458 299 342 481 842 629 450 219 637 759 445 850 572 496 581 686 117 1057 1033 756 585 218 270 410 1034 125 958 481 219 1264 732 1264 957 480 1039 561 1080 583 833 546 795 508 697 839 362 483 856 615 854 552 909 644
574 518 832 559 474 890 657 831 726 744 467 341 774 663 298 1004 452 699 569 717 1287 665 106 1434 993 537 304 870 246 37 894 931 655 1297 441 841 464 358 913 271 252 739 584 580 552 275 577 746 877 1171 547 602 1210 1011 559 864 896 672 648 531 584 1219 977 0 560 1266 678 554 882 494 581 1014 982 246 574 1120 1157 489 874 880 967 1062 1007 1188 416 827 714 575 421 926 1216 631 973 398 502 525 672 506 1200 1432 312 494 364 514 237 779 960 310 617 939 622 653 489 1363 803 448
14 101 486 89 90 685 101 279 242 567 299 220 324 106 787 632 108 183 406 158 737 677 535 876 438 28 793 421 466 523 340 383 278 869 287 379 99 791 352 675 367 806 144 62 18 508 21 187 526 639 276 47 837 619 8 322 551 169 561 206 34 710 458 560 0 723 122 314 854 185 25 454 783 401 14 713 631 95 405 751 493 798 755 716 144 272 193 85 579 455 826 122 412 807 298 808 561 85 859 871 751 131 376 358 348 287 528 380 133 419 457 261 647 805 574 416
709 748 900 707 813 810 646 443 698 1101 978 929 737 639 1510 539 827 566 833 588 425 1045 1216 399 293 750 1516 459 1188 1229 385 340 828 924 863 712 809 1409 412 1304 1032 1422 684 690 736 1125 703 538 587 522 914 693 570 880 722 538 923 696 916 750 693 632 299 1266 723 0 601 780 1088 872 709 302 848 1056 709 888 546 778 700 926 365 1147 1137 749 861 452 551 691 1274 397 977 710 339 1527 960 1505 1144 762 1079 325 1380 835 1083 845 1070 673 782 1097 649 576 1052 813 1148 371 1060 943
108 174 505 135 212 658 72 157 236 628 401 337 321 66 909 558 228 97 429 73 636 706 645 767 316 149 916 334 588 641 218 260 323 832 351 359 214 887 240 772 469 897 155 103 135 598 102 68 468 555 359 96 754 609 121 245 564 175 578 242 94 639 342 678 122 601 0 338 860 287 109 335 751 501 108 690 552 192 377 739 391 819 783 665 263 150 98 118 691 357 805 153 294 928 393 922 637 177 855 757 849 240 491 395 470 263 508 499 116 355 533 305 709 697 621 473
314 216 800 228 323 398 383 420 550 863 554 311 636 383 844 451 303 276 92 411 943 368 474 1049 563 324 850 335 598 521 477 489 590 1168 114 685 278 629 544 527 302 1052 185 264 328 351 306 386 324 884 564 351 660 931 306 582 866 478 246 108 299 975 481 554 314 780 338 0 539 460 336 605 499 310 316 1020 883 241 707 445 436 1111 1068 1003 307 427 290 238 770 397 1134 435 572 913 568 974 841 240 1173 1020 602 405 575 66 453 589 836 550 222 693 741 575 387 984 879 163
853 755 1340 766 856 278 916 890 1086 1393 1072 806 1172 914 1169 555 833 776 449 932 1384 218 775 1448 986 863 1173 668 1039 866 929 917 1129 1689 599 1217 810 699 1017 676 700 1541 718 801 868 607 845 893 506 1364 1096 889 644 1466 845 1091 1405 1015 295 648 836 1467 842 882 854 1088 860 539 0 991 874 1039 272 678 855 1550 1369 777 1237 162 736 1650 1606 1516 828 903 786 775 1232 717 1665 973 1019 1281 1092 1396 1361 779 1710 1394 709 939 1063 505 908 1121 1367 1025 748 1204 1266 1114 401 1394 1414 492
196 252 379 263 137 851 227 435 234 403 114 215 281 235 663 817 157 366 544 283 807 796 505 963 579 159 670 606 330 460 488 537 171 821 393 348 182 792 470 677 382 621 319 245 166 538 206 338 708 680 104 191 1022 544 191 387 448 192 695 355 218 725 629 494 185 872 287 460 991 0 183 582 951 419 195 650 665 220 380 905 674 671 622 697 165 424 374 265 405 638 755 163 540 659 114 636 384 224 765 973 747 56 211 485 256 286 477 233 317 448 282 165 723 892 424 515
21 125 466 108 107 701 77 265 217 554 298 242 301 82 802 639 129 182 428 136 713 700 558 854 421 43 809 423 479 544 325 369 260 844 312 354 123 816 332 700 391 802 160 75 28 533 30 171 536 614 268 22 841 596 32 297 530 144 582 227 40 685 450 581 25 709 109 336 874 183 0 436 798 426 19 689 606 121 380 769 491 779 737 691 165 257 190 101 584 454 802 99 394 819 294 814 552 110 837 850 776 133 382 381 364 262 504 390 143 393 448 244 673 783 558 441
440 504 606 463 543 782 364 191 396 801 683 672 437 357 1236 566 563 339 681 303 346 938 980 445 55 479 1242 374 907 977 129 123 526 724 658 417 550 1209 112 1096 801 1120 459 436 464 919 437 268 546 339 615 416 694 613 455 237 637 398 803 541 430 453 219 1014 454 302 335 605 1039 582 436 0 851 830 440 645 352 527 409 890 337 875 858 539 598 190 323 446 978 337 748 418 42 1241 663 1209 842 511 836 424 1174 550 793 671 800 371 508 813 417 292 750 511 992 379 764 764
778 699 1255 695 814 100 818 735 987 1349 1051 808 1073 814 1280 308 798 655 435 817 1184 370 881 1227 796 801 1286 480 1084 957 759 735 1059 1546 598 1106 771 888 854 834 754 1551 639 723 800 714 768 765 307 1188 1053 807 372 1355 775 953 1315 923 334 596 757 1299 637 982 783 848 751 499 272 951 798 851 0 745 780 1426 1198 730 1120 130 521 1570 1532 1366 805 750 660 697 1265 513 1540 889 839 1373 1062 1458 1335 726 1601 1165 885 895 1073 499 941 1012 1250 1046 656 1062 1233 1041 564 1179 1357 538
411 326 798 367 334 650 502 640 619 777 453 205 687 506 542 758 305 496 323 556 1135 460 165 1268 800 386 548 636 361 216 703 732 590 1237 201 751 303 390 741 273 37 870 375 397 400 118 411 568 631 1040 509 448 964 964 396 723 866 552 416 305 414 1108 759 246 401 1056 501 310 678 419 426 830 745 0 413 1068 1031 310 782 651 736 1076 1024 1101 275 639 512 385 555 695 1175 504 790 628 483 722 726 325 1183 1254 350 391 405 268 240 671 891 359 414 817 646 582 326 1198 818 207
1 106 485 88 104 682 89 265 236 572 309 233 320 93 801 624 122 172 408 145 724 681 548 863 423 42 808 411 480 537 326 369 279 862 294 373 112 803 338 686 379 815 141 57 29 519 11 173 520 628 283 38 828 615 16 311 550 164 563 208 24 700 445 574 14 709 108 316 855 195 19 440 780 413 0 708 620 105 398 750 481 798 756 708 158 258 181 82 591 444 821 118 398 821 307 820 568 93 857 857 763 142 388 361 362 280 523 393 127 409 463 263 655 792 577 423
709 814 290 793 746 1339 636 695 471 460 653 862 389 637 1199 1182 774 777 1113 618 527 1388 1149 684 692 712 1204 959 899 1091 685 725 478 177 999 335 787 1441 591 1327 1031 768 835 756 703 1186 716 663 1125 378 574 670 1334 110 720 474 232 544 1265 914 722 297 850 1120 713 888 690 1020 1550 650 689 645 1426 1068 708 0 350 804 313 1427 960 292 308 170 798 679 770 782 832 947 115 590 633 1130 617 1005 547 797 192 750 1395 678 763 1069 890 430 184 813 802 369 531 485 1355 635 386 1128
621 719 466 684 700 1124 531 479 431 686 725 837 398 528 1314 919 728 608 971 483 188 1243 1154 358 407 645 1320 718 983 1122 441 463 525 382 902 335 728 1422 351 1305 996 1022 706 648 631 1139 623 496 891 28 640 583 1040 371 636 310 457 486 1110 794 623 100 572 1157 631 546 552 883 1369 665 606 352 1198 1031 620 350 0 725 305 1227 689 631 634 203 761 467 595 668 986 688 431 531 359 1281 693 1197 756 712 537 411 1381 664 848 944 921 379 303 887 665 218 695 520 1260 298 624 1025
104 37 566 72 83 630 194 342 335 622 322 151 415 198 737 616 71 213 328 246 825 592 452 960 504 92 743 424 434 452 405 441 353 963 195 472 43 699 432 583 277 830 116 90 101 414 102 260 500 733 324 143 825 708 89 416 633 262 482 135 103 806 496 489 95 778 192 241 777 220 121 527 730 310 105 804 725 0 499 686 509 873 829 812 93 338 227 87 574 469 917 214 487 773 332 795 604 16 945 949 660 165 369 274 299 382 621 360 135 514 503 338 553 889 638 324
400 505 199 482 449 1031 324 401 164 409 425 577 99 324 1011 891 478 467 800 306 477 1076 884 647 443 408 1017 664 684 840 406 454 224 464 692 32 487 1166 321 1050 745 743 523 444 397 897 406 355 823 326 339 361 1060 235 412 185 228 236 952 603 411 348 581 874 405 700 377 707 1237 380 380 409 1120 782 398 313 305 499 0 1116 680 476 453 319 506 384 461 470 680 660 427 284 383 975 391 894 468 490 480 681 1122 393 547 758 636 118 130 588 489 126 395 221 1052 579 362 821
748 658 1234 662 768 116 801 751 972 1308 997 741 1058 798 1176 393 749 650 366 810 1232 243 776 1290 835 765 1182 516 1003 858 785 769 1029 1558 529 1098 723 762 876 715 666 1487 609 694 767 607 739 764 349 1220 1010 781 494 1349 743 960 1297 904 235 551 729 1326 686 880 751 926 739 445 162 905 769 890 130 651 750 1427 1227 686 1116 0 578 1548 1507 1382 750 765 657 668 1189 561 1542 865 872 1276 1013 1372 1286 684 1594 1235 762 851 1006 429 863 1003 1247 974 633 1072 1186 1013 441 1238 1323 447
480 472 855 438 571 464 460 282 592 1009 789 655 665 453 1239 229 574 309 476 425 662 680 901 712 282 521 1245 101 943 931 275 235 704 1056 535 675 550 1062 368 963 719 1288 395 439 511 788 471 360 229 676 750 484 380 909 488 495 902 552 550 436 458 790 117 967 493 365 391 436 736 674 491 337 521 736 481 960 689 509 680 578 0 1155 1128 872 602 299 300 428 1072 41 1069 541 334 1282 783 1299 1025 495 1146 658 1037 623 867 497 807 596 800 866 375 591 922 686 786 660 992 594
800 895 314 887 798 1475 752 874 583 318 623 882 499 755 1067 1362 823 916 1201 757 814 1464 1117 975 915 787 1071 1133 819 1040 882 930 521 402 1061 480 843 1411 797 1304 1040 535 939 854 783 1194 809 815 1284 659 570 767 1536 267 806 662 256 646 1356 1002 818 588 1057 1062 798 1147 819 1111 1650 671 779 875 1570 1076 798 292 631 873 476 1548 1155 0 55 463 835 857 913 880 695 1134 282 682 854 971 592 816 398 871 187 1038 1364 717 701 1147 857 565 367 754 916 582 440 536 1392 924 260 1185
758 851 277 844 751 1436 714 846 548 263 571 832 466 718 1012 1331 776 880 1157 723 820 1417 1062 984 895 743 1016 1102 763 985 858 906 477 437 1014 453 797 1357 775 1250 988 489 898 813 740 1141 767 783 1250 662 520 726 1509 263 763 638 226 608 1311 959 777 599 1033 1007 755 1137 783 1068 1606 622 737 858 1532 1024 756 308 634 829 453 1507 1128 55 0 477 787 829 878 839 640 1106 317 642 835 917 541 764 342 827 234 1044 1310 670 646 1102 804 534 354 700 876 566 386 493 1342 930 207 1137
710 814 394 786 768 1285 626 631 482 596 727 897 416 624 1301 1100 796 740 1095 592 363 1371 1202 515 592 722 1306 888 984 1155 607 638 532 184 1002 350 804 1486 512 1369 1064 920 819 748 711 1216 714 623 1059 227 642 670 1233 237 723 424 356 551 1242 904 718 129 756 1188 716 749 665 1003 1516 697 691 539 1366 1101 708 170 203 812 319 1382 872 463 477 0 825 617 730 772 946 865 231 600 538 1246 692 1136 678 802 341 584 1442 712 846 1059 951 431 232 892 781 312 642 534 1363 469 525 1130
157 131 539 164 60 704 241 420 343 564 247 77 413 247 649 707 35 302 385 301 877 631 395 1019 580 121 656 518 340 379 482 522 326 964 229 476 53 663 496 546 239 747 209 172 136 391 161 331 588 771 268 186 917 696 143 456 607 277 534 212 169 834 585 416 144 861 263 307 828 165 165 598 805 275 158 798 761 93 506 750 602 835 787 825 0 414 315 176 482 563 907 229 557 680 263 702 535 107 924 1015 621 121 278 324 209 395 618 266 227 544 438 315 562 948 589 349
258 314 555 272 362 668 196 16 295 715 534 486 366 188 1059 507 379 152 510 142 516 777 790 632 166 299 1066 280 736 790 68 113 414 796 470 377 363 1019 118 906 610 1009 269 247 285 729 253 86 446 464 479 240 680 617 272 204 602 265 643 353 244 564 218 827 272 452 150 427 903 424 257 190 750 639 258 679 467 338 384 765 299 857 829 617 414 0 137 255 829 277 792 267 151 1075 520 1060 739 322 860 614 983 383 633 491 620 296 509 645 227 312 638 396 812 564 694 581
180 196 601 155 276 570 170 132 330 726 489 379 414 164 964 460 284 15 376 157 654 647 668 768 289 221 971 236 654 677 194 220 421 903 335 445 262 886 253 774 485 990 137 144 210 596 171 107 371 595 453 185 656 695 189 305 657 273 515 217 159 689 270 714 193 551 98 290 786 374 190 323 660 512 181 770 595 227 461 657 300 913 878 730 315 137 0 140 772 264 885 250 287 994 484 1001 733 211 941 746 851 322 569 354 525 352 591 571 98 418 629 403 675 700 719 443
80 58 567 17 144 600 146 257 312 653 377 239 397 147 824 552 146 126 331 184 755 606 534 883 419 106 830 348 516 538 321 355 362 932 234 446 123 769 356 654 355 886 59 26 103 480 71 183 443 673 360 114 758 692 78 359 631 240 484 132 61 754 410 575 85 691 118 238 775 265 101 446 697 385 82 782 668 87 470 668 428 880 839 772 176 255 140 0 647 389 896 198 406 857 379 872 645 71 935 869 732 209 441 288 385 351 597 438 53 465 542 345 594 813 659 359
592 612 552 638 502 1165 633 840 594 385 296 459 593 640 373 1189 503 763 829 687 1154 1016 509 1321 980 551 377 995 195 414 892 942 471 1007 666 651 530 778 866 691 532 320 690 633 562 647 601 743 1070 1007 366 595 1400 726 584 762 600 580 956 690 613 1017 1034 421 579 1274 691 770 1232 405 584 978 1265 555 591 832 986 574 680 1189 1072 695 640 946 482 829 772 647 0 1034 905 564 938 300 315 231 299 585 860 1345 732 451 205 765 326 635 716 220 700 788 303 481 872 1251 457 745
443 432 831 399 532 449 428 260 566 979 753 614 641 421 1198 235 535 272 439 395 672 651 860 731 282 483 1204 63 903 890 261 226 674 1049 494 654 510 1024 356 924 678 1254 355 400 474 748 434 331 212 677 717 449 404 892 450 477 880 522 519 395 421 789 125 926 455 397 357 397 717 638 454 337 513 695 444 947 688 469 660 561 41 1134 1106 865 563 277 264 389 1034 0 1057 509 329 1242 748 1260 993 455 1132 681 998 586 829 458 767 572 783 827 335 577 890 656 751 676 965 555
823 927 384 907 856 1454 751 808 584 522 750 970 501 752 1276 1293 885 892 1227 733 592 1502 1250 736 798 825 1281 1071 988 1188 795 834 584 120 1112 449 898 1543 701 1430 1137 802 950 870 816 1293 830 778 1238 457 675 784 1440 211 834 588 319 657 1380 1028 836 358 958 1216 826 977 805 1134 1665 755 802 748 1540 1175 821 115 431 917 427 1542 1069 282 317 231 907 792 885 896 905 1057 0 703 739 1198 714 1061 610 910 117 810 1497 786 855 1183 989 544 298 906 917 480 610 593 1466 696 448 1241
120 224 369 207 170 793 81 280 120 475 268 305 202 87 824 711 198 248 527 125 657 800 622 808 417 123 830 487 491 595 329 379 172 748 409 257 203 893 307 776 468 747 256 172 113 617 128 186 616 543 212 84 907 497 130 233 432 48 682 327 137 604 481 631 122 710 153 435 973 163 99 418 889 504 118 590 531 214 284 865 541 682 642 600 229 267 250 198 564 509 703 0 377 823 252 795 484 206 738 813 851 139 374 480 400 168 406 395 233 314 380 154 767 736 471 538
399 464 578 423 502 767 322 154 358 768 642 631 403 315 1194 562 521 302 651 261 373 911 939 481 60 437 1200 360 865 935 95 104 488 722 621 388 508 1171 72 1058 761 1084 421 396 422 881 395 226 533 349 575 374 701 594 414 204 611 357 776 504 388 460 219 973 412 339 294 572 1019 540 394 42 839 790 398 633 359 487 383 872 334 854 835 538 557 151 287 406 938 329 739 377 0 1200 623 1168 807 471 823 463 1135 509 752 638 758 336 488 771 379 272 713 473 959 413 733 729
821 809 853 844 719 1278 881 1084 874 676 566 628 884 888 142 1360 711 982 947 940 1444 1064 505 1609 1236 779 141 1193 341 418 1142 1188 759 1303 799 945 733 685 1130 637 621 492 886 850 792 674 828 988 1235 1301 647 834 1571 1025 809 1039 899 848 1042 861 839 1315 1264 398 807 1527 928 913 1281 659 819 1241 1373 628 821 1130 1281 773 975 1276 1282 971 917 1246 680 1075 994 857 300 1242 1198 823 1200 0 594 188 588 787 1146 1627 647 692 449 887 475 919 1016 429 908 1078 603 767 885 1538 750 835
308 365 330 377 248 962 327 533 280 302 35 294 294 335 620 931 264 477 648 377 851 891 536 1015 667 273 626 718 293 473 581 632 168 794 492 359 291 831 550 720 447 508 434 359 279 601 318 437 822 712 53 299 1135 508 305 447 396 265 797 466 331 739 732 502 298 960 393 568 1092 114 294 663 1062 483 307 617 693 332 391 1013 783 592 541 692 263 520 484 379 315 748 714 252 623 594 0 545 273 337 708 1033 785 170 156 588 274 325 461 200 431 485 174 174 802 944 335 607
821 833 744 862 728 1359 864 1072 821 544 527 668 812 872 325 1406 726 991 1023 919 1371 1177 630 1540 1212 779 326 1219 375 534 1124 1173 695 1172 864 866 752 849 1096 787 706 309 911 860 791 791 830 975 1285 1220 594 825 1618 905 812 989 781 810 1137 904 842 1219 1264 525 808 1505 922 974 1396 636 814 1209 1458 722 820 1005 1197 795 894 1372 1299 816 764 1136 702 1060 1001 872 231 1260 1061 795 1168 188 545 0 459 808 997 1568 808 681 432 960 520 859 913 435 925 1008 502 707 1013 1471 619 924
569 636 292 645 520 1235 565 754 450 87 289 557 408 572 672 1191 537 729 921 601 939 1157 738 1110 860 539 676 970 427 654 790 843 324 716 763 445 564 1028 735 927 692 278 702 623 542 838 579 666 1088 781 284 551 1390 446 568 605 322 474 1068 739 592 767 957 672 561 1144 637 841 1361 384 552 842 1335 726 568 547 756 604 468 1286 1025 398 342 678 535 739 733 645 299 993 610 484 807 588 273 459 0 608 561 1148 981 440 324 859 490 471 461 376 694 592 104 342 1052 1044 162 872
92 27 562 57 89 626 181 325 326 624 329 167 408 184 753 605 82 198 330 232 810 596 468 944 487 86 759 411 448 468 389 425 350 954 202 464 55 713 417 597 292 838 104 74 93 427 89 245 490 719 327 131 815 702 78 402 629 254 484 133 89 794 480 506 85 762 177 240 779 224 110 511 726 325 93 797 712 16 490 684 495 871 827 802 107 322 211 71 585 455 910 206 471 787 337 808 608 0 940 934 674 168 380 277 314 372 613 372 120 502 506 335 562 874 639 331
858 961 386 945 878 1511 794 876 624 474 742 981 537 796 1233 1366 906 946 1265 785 704 1537 1244 852 883 854 1237 1140 964 1175 871 913 598 229 1140 496 922 1539 778 1428 1146 722 992 909 847 1302 866 835 1303 564 674 821 1523 245 867 655 317 694 1420 1065 874 471 1039 1200 859 1079 855 1173 1710 765 837 836 1601 1183 857 192 537 945 480 1594 1146 187 234 341 924 860 941 935 860 1132 117 738 823 1146 708 997 561 940 0 924 1492 802 836 1217 982 591 351 889 962 555 581 610 1486 810 405 1267
858 928 866 886 958 1119 775 615 752 1085 1060 1091 755 768 1637 857 979 762 1089 714 224 1328 1402 87 458 894 1643 737 1303 1395 552 531 873 726 1081 705 969 1632 518 1520 1225 1422 882 859 879 1342 855 688 888 383 981 829 894 781 873 587 864 781 1194 963 849 454 561 1432 871 325 757 1020 1394 973 850 424 1165 1254 857 750 411 949 681 1235 658 1038 1044 584 1015 614 746 869 1345 681 810 813 463 1627 1033 1568 1148 934 924 0 1598 952 1179 1086 1210 709 710 1207 841 560 1075 863 1404 114 1028 1181
762 674 1114 715 681 811 852 982 963 1049 750 546 1025 857 512 1003 653 836 567 906 1485 519 248 1615 1140 736 515 935 556 327 1045 1070 918 1569 519 1091 653 47 1088 77 384 1047 715 746 750 255 761 915 883 1390 822 798 1188 1288 746 1073 1181 898 568 635 764 1455 1080 312 751 1380 849 602 709 747 776 1174 885 350 763 1395 1381 660 1122 762 1037 1364 1310 1442 621 983 851 732 732 998 1497 851 1135 647 785 808 981 674 1492 1598 0 729 663 540 510 1015 1225 609 756 1165 923 913 321 1546 1103 443
142 195 417 206 82 795 188 393 235 457 168 185 297 195 686 761 106 314 491 247 795 747 492 947 543 104 693 552 356 458 449 496 204 846 344 362 128 773 441 656 354 677 263 190 112 508 152 297 652 677 159 144 967 575 136 372 486 178 643 300 165 730 583 494 131 835 240 405 939 56 133 550 895 391 142 678 664 165 393 851 623 717 670 712 121 383 322 209 451 586 786 139 509 692 170 681 440 168 802 952 729 0 250 433 261 288 500 263 261 445 338 193 683 875 475 469
389 407 473 433 297 972 437 643 428 386 123 265 450 444 465 985 298 559 641 494 1003 851 416 1164 790 347 471 789 138 339 698 746 323 941 477 515 325 710 681 605 374 480 484 428 359 514 398 547 867 867 208 395 1195 653 380 591 535 399 777 489 410 896 833 364 376 1083 491 575 1063 211 382 793 1073 405 388 763 848 369 547 1006 867 701 646 846 278 633 569 441 205 829 855 374 752 449 156 432 324 380 836 1179 663 250 0 577 166 476 614 53 495 638 260 328 732 1093 440 571
360 256 840 276 351 400 435 485 598 887 570 312 682 436 809 491 328 340 64 468 1008 319 428 1116 629 363 815 395 585 484 543 555 627 1221 99 734 305 566 608 466 267 1058 240 314 369 293 353 448 364 946 590 398 696 977 350 641 906 525 210 155 347 1035 546 514 358 845 395 66 505 485 381 671 499 268 361 1069 944 274 758 429 497 1147 1102 1059 324 491 354 288 765 458 1183 480 638 887 588 960 859 277 1217 1086 540 433 577 0 441 640 885 547 280 750 762 612 321 1050 909 98
362 335 604 371 257 841 436 627 490 548 240 153 537 443 440 890 242 512 505 498 1056 694 262 1207 786 321 446 718 145 204 688 730 419 1065 344 604 262 557 694 447 211 633 411 381 336 347 367 535 767 935 315 383 1102 781 348 633 670 439 630 388 376 982 795 237 348 1070 470 453 908 256 364 800 941 240 362 890 921 299 636 863 807 857 804 951 209 620 525 385 326 767 989 400 758 475 274 520 490 314 982 1210 510 261 166 441 0 542 725 119 434 703 419 417 566 1136 597 419
282 387 259 363 336 921 206 313 52 432 354 469 70 207 941 797 365 356 682 194 526 958 781 689 392 291 947 568 608 744 333 384 164 582 574 95 372 1058 265 941 634 749 405 326 280 784 288 250 720 394 272 242 976 345 294 134 309 120 835 484 293 442 508 779 287 673 263 589 1121 286 262 371 1012 671 280 430 379 382 118 1003 596 565 534 431 395 296 352 351 635 572 544 168 336 919 325 859 471 372 591 709 1015 288 476 640 542 0 246 511 373 162 380 153 934 618 402 703
525 630 169 609 564 1161 452 526 286 385 497 685 206 453 1068 1016 593 597 928 436 490 1203 981 661 549 529 1073 790 752 929 525 569 307 345 815 150 605 1270 435 1154 854 721 651 571 519 1008 532 485 952 329 413 486 1179 108 536 306 154 359 1081 730 538 306 697 960 528 782 508 836 1367 477 504 508 1250 891 523 184 303 621 130 1247 800 367 354 232 618 509 591 597 716 783 298 406 488 1016 461 913 461 613 351 710 1225 500 614 885 725 246 0 661 619 215 414 311 1172 600 321 945
394 397 524 428 295 945 451 655 461 440 165 239 490 459 431 972 291 560 611 510 1036 811 363 1195 806 351 437 784 97 286 712 758 364 991 448 556 317 656 702 552 330 516 476 428 364 465 402 559 852 904 250 405 1183 703 383 620 586 425 743 471 413 937 839 310 380 1097 499 550 1025 233 390 813 1046 359 393 813 887 360 588 974 866 754 700 892 266 645 571 438 220 827 906 395 771 429 200 435 376 372 889 1207 609 263 53 547 119 511 661 0 491 673 314 367 685 1124 494 533
125 100 601 63 198 560 167 226 338 698 430 285 425 166 872 499 199 83 313 189 739 590 569 860 386 157 878 294 568 580 290 318 402 947 244 468 175 791 337 678 387 938 42 71 152 501 115 169 393 667 410 150 705 718 126 361 663 270 463 129 103 754 362 617 133 649 116 222 748 317 143 417 656 414 127 802 665 135 489 633 375 916 876 781 227 227 98 53 700 335 917 233 379 908 431 925 694 120 962 841 756 261 495 280 434 373 619 491 0 471 590 385 596 791 702 361
410 512 325 480 484 979 322 327 213 536 515 620 196 319 1103 812 511 428 784 282 366 1060 936 532 333 430 1109 590 770 904 315 357 319 486 699 146 513 1207 222 1090 781 869 510 443 417 927 414 311 758 232 431 371 967 322 425 112 347 268 930 596 415 291 483 939 419 576 355 693 1204 448 393 292 1062 817 409 369 218 514 126 1072 591 582 566 312 544 312 418 465 788 577 480 314 272 1078 485 1008 592 502 555 560 1165 445 638 750 703 162 215 673 471 0 514 311 1059 462 488 825
465 534 249 541 419 1133 461 653 354 130 196 466 322 468 667 1086 437 625 823 499 872 1065 676 1042 765 435 672 866 383 599 691 744 225 707 667 369 463 970 640 864 611 372 598 519 438 761 475 563 983 718 181 447 1286 423 464 515 298 373 972 638 487 718 856 622 457 1052 533 741 1266 282 448 750 1233 646 463 531 695 503 395 1186 922 440 386 642 438 638 629 542 303 890 610 380 713 603 174 502 104 506 581 1075 923 338 260 762 419 380 414 314 590 514 0 242 969 974 180 781
264 358 227 351 268 944 232 412 115 323 205 377 122 238 794 864 295 402 665 261 677 931 670 842 523 250 800 638 463 621 449 501 18 656 530 189 312 958 400 842 545 615 404 319 246 700 274 325 770 538 120 234 1057 381 270 282 295 133 820 466 284 570 615 653 261 813 305 575 1114 165 244 511 1041 582 263 485 520 338 221 1013 686 536 493 534 315 396 403 345 481 656 593 154 473 767 174 707 342 335 610 863 913 193 328 612 417 153 311 367 385 311 242 0 876 771 317 657
653 549 1101 579 610 494 738 807 888 1100 774 510 966 740 769 709 582 661 315 778 1329 199 383 1436 949 644 773 689 677 478 864 875 888 1516 361 1025 568 323 929 277 359 1191 554 616 654 225 648 765 599 1263 821 693 881 1256 640 953 1169 815 260 466 645 1348 854 489 647 1148 709 387 401 723 673 992 564 326 655 1355 1260 553 1052 441 786 1392 1342 1363 562 812 675 594 872 751 1466 767 959 885 802 1013 1052 562 1486 1404 321 683 732 321 566 934 1172 685 596 1059 969 876 0 1371 1137 235
793 871 758 831 889 1125 706 567 664 978 972 1025 659 700 1555 874 912 716 1059 647 110 1311 1340 71 423 826 1561 727 1221 1326 507 497 780 614 1035 605 905 1582 457 1468 1167 1315 833 800 811 1292 791 630 889 270 891 761 937 668 808 504 754 700 1175 918 787 339 552 1363 805 371 697 984 1394 892 783 379 1179 1198 792 635 298 889 579 1238 660 924 930 469 948 564 700 813 1251 676 696 736 413 1538 944 1471 1044 874 810 114 1546 875 1093 1050 1136 618 600 1124 791 462 974 771 1371 0 919 1143
578 664 163 663 558 1259 549 711 399 74 364 628 332 554 830 1179 581 718 966 570 811 1220 856 982 791 558 834 952 562 780 735 787 299 554 818 348 604 1150 665 1043 782 399 718 634 557 935 588 634 1088 650 320 551 1368 289 582 528 171 446 1119 772 599 623 909 803 574 1060 621 879 1414 424 558 764 1357 818 577 386 624 638 362 1323 992 260 207 525 589 694 719 659 457 965 448 471 733 750 335 619 162 639 405 1028 1103 475 440 909 597 402 321 494 702 488 180 317 1137 919 0 938
421 316 885 344 389 443 504 576 658 909 585 315 739 506 746 574 363 428 129 543 1097 284 353 1209 724 416 752 493 556 421 635 650 670 1285 129 795 345 468 696 371 218 1050 319 382 425 203 416 530 449 1028 618 461 773 1032 409 718 952 585 212 231 412 1113 644 448 416 943 473 163 492 515 441 764 538 207 423 1128 1025 324 821 447 594 1185 1137 1130 349 581 443 359 745 555 1241 538 729 835 607 924 872 331 1267 1181 443 469 571 98 419 703 945 533 361 825 781 657 235 1143 938 0
