0 1153 462 594 931 639 381 637 824 869 1717 1065 598 1420 895 1011 1143
1153 0 1037 568 631 1736 1527 1728 1528 2000 2868 636 681 1164 2047 1862 79
462 1037 0 623 1089 1056 661 749 525 1045 1934 709 355 1678 1204 1474 996
594 568 623 0 474 1169 974 1203 1148 1458 2311 721 354 1089 1482 1347 571
931 631 1089 474 0 1344 1295 1568 1610 1783 2574 1095 823 624 1724 1318 689
639 1736 1056 1169 1344 0 447 657 1206 644 1249 1704 1237 1629 414 571 1740
381 1527 661 974 1295 447 0 301 760 490 1341 1357 921 1732 548 982 1512
637 1728 749 1203 1568 657 301 0 623 297 1185 1455 1073 2029 547 1225 1702
824 1528 525 1148 1610 1206 760 623 0 883 1707 1059 858 2184 1170 1735 1476
869 2000 1045 1458 1783 644 490 297 883 0 889 1752 1360 2189 349 1199 1979
1717 2868 1934 2311 2574 1249 1341 1185 1707 889 0 2641 2245 2871 850 1604 2853
1065 636 709 721 1095 1704 1357 1455 1059 1752 2641 0 473 1709 1905 2013 560
598 681 355 354 823 1237 921 1073 858 1360 2245 473 0 1443 1467 1544 642
1420 1164 1678 1089 624 1629 1732 2029 2184 2189 2871 1709 1443 0 2042 1367 1237
895 2047 1204 1482 1724 414 548 547 1170 349 850 1905 1467 2042 0 902 2039
1011 1862 1474 1347 1318 571 982 1225 1735 1199 1604 2013 1544 1367 902 0 1890
1143 79 996 571 689 1740 1512 1702 1476 1979 2853 560 642 1237 2039 1890 0
