0 111 1206 377 924 52 899 1686 557 996 1241 569 1040 153 442 763
111 0 1230 298 1034 159 896 1794 555 885 1351 611 1017 241 553 700
1206 1230 0 1076 1234 1171 415 2138 1763 1690 1402 1732 2244 1076 1265 894
377 298 1076 0 1204 398 691 2034 822 740 1516 907 1243 410 789 405
924 1034 1234 1204 0 875 1230 928 1214 1913 316 1029 1661 811 522 1442
52 159 1171 398 875 0 877 1649 591 1042 1192 584 1079 104 402 771
899 896 415 691 1230 877 0 2158 1449 1274 1473 1462 1910 800 1087 480
1686 1794 2138 2034 928 1649 2158 0 1709 2665 748 1475 1993 1624 1247 2333
557 555 1763 822 1214 591 1449 1709 0 1084 1501 234 494 690 708 1224
996 885 1690 740 1913 1042 1274 2665 1084 0 2229 1287 1248 1101 1436 799
1241 1351 1402 1516 316 1192 1473 748 1501 2229 0 1300 1925 1127 829 1732
569 611 1732 907 1029 584 1462 1475 234 1287 1300 0 632 664 557 1311
1040 1017 2244 1243 1661 1079 1910 1993 494 1248 1925 632 0 1180 1181 1622
153 241 1076 410 811 104 800 1624 690 1101 1127 664 1180 0 381 746
442 553 1265 789 522 402 1087 1247 708 1436 829 557 1181 381 0 1121
763 700 894 405 1442 771 480 2333 1224 799 1732 1311 1622 746 1121 0
