0 1241 1660 1273 1062 1680 214 45 424 325 356 281 54 1458 678 396 199
1241 0 2340 2513 2302 805 1142 1286 1521 916 1528 996 1266 1097 1555 1358 1073
1660 2340 0 1844 1750 3070 1868 1638 1262 1797 1837 1863 1606 1556 2268 2026 1626
1273 2513 1844 0 211 2853 1389 1229 1115 1597 1015 1524 1252 2534 1248 1254 1453
1062 2302 1750 211 0 2652 1181 1018 917 1386 811 1315 1041 2341 1074 1055 1243
1680 805 3070 2853 2652 0 1500 1724 2062 1388 1843 1398 1724 1900 1668 1599 1580
214 1142 1868 1389 1181 1500 0 249 639 266 386 150 268 1527 552 272 287
45 1286 1638 1229 1018 1724 249 0 392 370 332 326 43 1481 678 402 234
424 1521 1262 1115 917 2062 639 392 0 674 586 683 370 1425 1010 764 482
325 916 1797 1597 1386 1388 266 370 674 0 631 127 355 1275 806 535 192
356 1528 1837 1015 811 1843 386 332 586 631 0 533 374 1813 434 262 553
281 996 1863 1524 1315 1398 150 326 683 127 533 0 326 1403 679 410 237
54 1266 1606 1252 1041 1724 268 43 370 355 374 326 0 1439 720 441 203
1458 1097 1556 2534 2341 1900 1527 1481 1425 1275 1813 1403 1439 0 2079 1799 1269
678 1555 2268 1248 1074 1668 552 678 1010 806 434 679 720 2079 0 286 829
396 1358 2026 1254 1055 1599 272 402 764 535 262 410 441 1799 286 0 542
199 1073 1626 1453 1243 1580 287 234 482 192 553 237 203 1269 829 542 0
