0 1464 651 939 1035 1446 1095 1722 895 759 1561 215 1186 612 833 1119
1464 0 2097 792 2468 1563 1942 1146 917 1273 1101 1677 2645 1166 1330 2492
651 2097 0 1470 385 1939 1356 2143 1388 1108 1977 470 646 1059 1360 515
939 792 1470 0 1804 1782 1822 826 125 486 681 1146 2087 423 1290 1783
1035 2468 385 1804 0 2289 1646 2413 1711 1395 2249 855 525 1383 1727 241
1446 1563 1939 1782 2289 0 791 2538 1848 1984 2426 1512 2129 1791 612 2454
1095 1942 1356 1822 1646 791 0 2647 1836 1822 2503 1045 1388 1645 612 1849
1722 1146 2143 826 2413 2538 2647 0 832 1035 166 1912 2788 1120 2100 2325
895 917 1388 125 1711 1848 1836 832 0 364 676 1094 2016 329 1331 1679
759 1273 1108 486 1395 1984 1822 1035 364 0 869 915 1752 193 1409 1339
1561 1101 1977 681 2249 2426 2503 166 676 869 0 1748 2622 956 1967 2164
215 1677 470 1146 855 1512 1045 1912 1094 915 1748 0 971 793 913 969
1186 2645 646 2087 525 2129 1388 2788 2016 1752 2622 971 0 1690 1653 759
612 1166 1059 423 1383 1791 1645 1120 329 193 956 793 1690 0 1217 1360
833 1330 1360 1290 1727 612 612 2100 1331 1409 1967 913 1653 1217 0 1873
1119 2492 515 1783 241 2454 1849 2325 1679 1339 2164 969 759 1360 1873 0
