0 600 629 231 130 566 330 224 581 751 241 503 217 208 806 57 351 23 267 529 208 464 464 473 379 566 89 627 134 55 549 389 455 852 42 114 109 435 11 665 585 580 90 586 504 238 677 337 546 558 669 599 41 527 411 760 432 66 549 215 400 242 733 738 586 207 481 152 793 385 334 846 126 185 296 424 385 79
600 0 957 600 662 186 922 762 726 1340 834 291 790 410 1051 549 727 577 561 860 798 1054 629 311 965 34 537 1176 488 605 986 928 888 1154 566 588 597 997 596 190 1162 472 668 943 160 706 1066 713 314 1020 1009 1121 587 1104 465 260 426 569 89 660 721 831 1113 1054 856 803 892 553 426 244 374 288 651 641 482 524 245 588
629 957 0 426 739 802 732 789 1211 731 556 683 496 636 194 618 969 634 432 105 543 812 332 654 531 927 703 477 727 575 180 890 205 1445 662 744 739 877 619 882 564 560 556 54 962 847 132 298 1081 229 1262 382 594 538 1013 941 1021 583 869 836 1025 535 1301 1334 112 672 1067 779 1312 871 591 1053 741 809 491 1040 727 709
231 600 426 0 360 496 483 442 797 772 318 396 249 218 588 202 582 228 56 321 282 608 236 362 410 566 287 580 303 178 397 591 296 1084 252 340 338 617 220 595 584 402 197 392 563 470 502 130 664 424 901 521 190 529 586 680 594 170 524 447 630 303 961 970 364 372 711 366 902 460 234 783 357 416 135 616 355 306
130 662 739 360 0 659 266 105 484 742 259 611 273 312 922 177 230 141 397 642 242 393 594 584 395 630 132 662 176 181 639 277 552 724 127 74 65 337 142 755 598 704 183 693 542 110 772 455 543 639 541 652 171 542 370 851 402 196 626 98 286 271 603 610 706 163 351 117 784 426 449 927 12 75 423 365 476 80
566 186 802 496 659 0 896 764 839 1265 776 119 721 357 879 509 779 544 447 711 739 1031 469 148 894 172 527 1076 486 553 854 936 762 1248 542 590 597 994 558 101 1079 287 613 795 296 728 919 589 466 893 1088 1011 541 1023 566 194 535 517 104 684 788 769 1183 1141 696 773 945 568 610 314 262 288 649 659 363 625 183 579
330 922 732 483 266 896 0 192 658 498 183 829 254 539 927 387 379 353 537 658 209 134 708 798 230 888 385 483 434 348 581 169 526 743 357 340 330 146 338 996 389 880 296 678 808 283 718 516 807 559 570 509 357 344 620 1091 658 382 877 317 443 203 584 642 739 123 387 384 1043 691 656 1176 279 316 595 602 716 334
224 762 789 442 105 764 192 0 483 688 257 716 296 417 978 277 204 239 485 698 254 305 678 689 373 730 237 642 279 267 668 171 591 657 230 175 168 234 235 860 563 803 248 739 635 92 805 521 619 660 474 648 263 511 428 956 466 290 729 124 269 274 522 546 768 133 279 209 852 522 552 1031 115 128 520 410 581 185
581 726 1211 797 484 839 658 483 0 1150 734 860 757 637 1384 595 280 576 814 1109 723 728 1003 850 857 710 510 1126 497 635 1123 528 1033 435 549 467 472 612 591 899 1043 1020 660 1168 566 395 1255 916 427 1124 328 1129 616 994 273 984 304 630 752 387 215 749 440 349 1161 615 331 432 550 525 763 1010 479 410 800 216 697 502
751 1340 731 772 742 1265 498 688 1150 0 510 1168 550 930 891 795 875 773 826 724 544 429 911 1134 375 1306 831 253 882 737 554 627 587 1144 790 807 798 550 752 1365 189 1145 674 684 1255 780 633 712 1284 502 1001 348 756 243 1110 1452 1145 772 1277 810 937 511 973 1065 806 579 849 856 1527 1137 1002 1553 754 805 907 1097 1105 790
241 834 556 318 259 776 183 257 734 510 0 693 72 427 750 285 460 263 374 477 37 294 532 661 140 799 323 402 373 229 418 334 351 896 281 311 302 328 242 878 346 720 166 503 745 339 555 335 782 405 716 395 247 289 625 969 654 265 776 350 523 20 746 789 557 124 522 360 1027 626 521 1063 268 333 443 624 605 287
503 291 683 396 611 119 829 716 860 1168 693 0 633 298 762 446 761 482 343 593 656 962 350 34 803 268 481 970 448 481 738 887 648 1250 486 548 553 938 494 206 980 187 536 676 364 693 801 478 529 779 1082 901 472 925 589 285 566 446 201 652 779 684 1170 1139 577 706 924 536 703 342 173 391 602 624 260 644 163 531
217 790 496 249 273 721 254 296 757 550 72 633 0 380 689 251 491 237 306 412 47 367 459 599 174 755 306 409 352 190 372 397 295 949 260 309 301 398 215 822 374 650 129 445 712 367 508 262 764 367 767 385 211 315 622 912 647 224 727 370 553 55 804 839 490 175 572 357 1011 595 461 1009 279 348 378 629 555 280
208 410 636 218 312 357 539 417 637 930 427 298 380 0 781 152 481 186 203 530 390 673 371 272 555 375 183 770 159 199 614 588 514 983 188 252 256 641 201 457 752 405 261 606 349 399 719 347 447 639 807 722 184 694 394 552 393 162 348 360 510 422 888 870 560 416 637 247 684 242 141 639 303 330 165 434 179 233
806 1051 194 588 922 879 927 978 1384 891 750 762 689 781 0 788 1152 808 580 280 735 1005 429 739 724 1025 874 640 891 751 364 1084 400 1635 835 920 916 1072 795 946 739 605 739 248 1081 1031 258 469 1216 406 1452 546 769 720 1170 987 1174 754 961 1018 1206 729 1493 1524 223 864 1257 952 1435 1003 709 1099 923 989 622 1203 841 885
57 549 618 202 177 509 387 277 595 795 285 446 251 152 788 0 384 37 228 515 250 521 426 417 421 515 85 658 113 61 554 445 457 889 52 140 139 492 49 609 624 527 122 578 461 280 676 321 518 568 708 623 39 565 401 704 417 36 496 250 428 284 777 775 566 264 524 164 764 343 277 790 171 219 246 423 330 108
351 727 969 582 230 779 379 204 280 875 460 761 491 481 1152 384 0 355 613 872 453 460 810 741 578 700 308 846 321 406 863 267 779 506 332 244 245 353 362 863 763 887 413 922 576 124 998 685 508 859 327 853 392 713 300 957 345 412 718 135 64 476 409 392 935 338 166 234 714 485 622 1013 229 166 624 259 605 276
23 577 634 228 141 544 353 239 576 773 263 482 237 186 808 37 355 0 259 532 230 487 457 453 401 542 73 646 115 60 560 407 465 858 27 112 109 455 21 643 607 564 108 593 481 246 686 339 527 571 676 617 39 548 397 738 416 57 526 219 401 264 743 744 587 230 490 144 773 363 314 823 136 188 282 413 363 78
267 561 432 56 397 447 537 485 814 826 374 343 306 203 580 228 613 259 0 327 338 663 197 309 467 528 309 629 317 218 426 640 327 1118 281 368 368 668 255 545 637 345 246 404 537 505 520 153 649 458 936 564 225 582 590 628 593 202 482 478 657 360 1000 1004 357 424 749 389 883 440 189 733 393 447 83 624 317 336
529 860 105 321 642 711 658 698 1109 724 477 593 412 530 280 515 872 532 327 0 459 749 247 563 474 829 600 476 622 474 178 809 146 1355 559 643 638 804 518 796 544 487 459 83 859 751 207 194 976 230 1172 384 492 509 908 860 915 480 773 738 927 456 1215 1243 86 587 977 677 1208 766 490 972 644 710 388 936 626 608
208 798 543 282 242 739 209 254 723 544 37 656 47 390 735 250 453 230 338 459 0 327 500 623 171 763 293 425 342 192 414 350 340 903 249 286 278 352 208 840 377 684 129 491 711 330 551 307 752 406 722 410 211 318 601 931 629 229 739 336 515 34 757 794 537 129 527 335 999 593 483 1026 249 316 406 604 568 261
464 1054 812 608 393 1031 134 305 728 429 294 962 367 673 1005 521 460 487 663 749 327 0 826 931 282 1020 517 483 565 481 647 200 608 734 491 468 458 121 472 1130 371 1008 428 757 935 388 777 627 924 615 579 533 490 343 729 1225 769 515 1011 428 520 312 566 645 833 257 420 509 1154 820 789 1309 405 434 725 704 850 465
464 629 332 236 594 469 708 678 1003 911 532 350 459 371 429 426 810 457 197 247 500 826 0 322 590 601 505 681 508 413 410 826 335 1315 478 566 565 847 452 550 722 245 433 329 652 703 453 207 790 457 1133 598 422 675 765 612 762 399 540 676 853 514 1197 1201 227 604 946 584 1006 577 281 725 591 645 205 805 411 534
473 311 654 362 584 148 798 689 850 1134 661 34 599 272 739 417 741 453 309 563 623 931 322 0 769 286 455 936 425 450 706 860 615 1233 459 523 528 909 464 239 946 181 504 646 371 669 770 445 532 746 1063 867 442 891 580 319 560 416 221 628 761 650 1150 1122 549 675 902 513 715 338 141 425 575 600 226 634 153 505
379 965 531 410 395 894 230 373 857 375 140 803 174 555 724 421 578 401 467 474 171 282 590 769 0 930 464 269 513 361 365 399 330 973 420 450 441 363 380 995 206 804 299 476 882 462 497 383 922 336 800 281 381 148 764 1084 794 397 902 480 642 137 813 871 560 242 613 500 1168 764 633 1183 405 466 544 761 730 428
566 34 927 566 630 172 888 730 710 1306 799 268 755 375 1025 515 700 542 528 829 763 1020 601 286 930 0 503 1142 455 570 953 896 855 1134 532 556 564 965 561 194 1128 453 633 912 144 676 1035 680 307 986 987 1087 552 1069 444 273 407 534 68 629 696 796 1089 1033 827 769 865 522 439 215 342 313 618 610 449 504 211 555
89 537 703 287 132 527 385 237 510 831 323 481 306 183 874 85 308 73 309 600 293 517 505 455 464 503 0 715 50 133 634 409 538 814 47 68 73 468 93 622 670 584 179 663 427 216 758 406 459 644 635 688 111 612 323 718 343 120 496 179 348 327 709 700 651 267 457 79 705 309 324 796 122 149 315 340 343 53
627 1176 477 580 662 1076 483 642 1126 253 402 970 409 770 640 658 846 646 629 476 425 483 681 936 269 1142 715 0 761 596 302 647 348 1214 669 712 703 592 624 1174 118 923 538 431 1115 732 381 495 1173 250 1049 95 619 141 1027 1255 1054 628 1104 749 911 392 1048 1119 556 511 870 761 1420 999 815 1361 671 734 712 1027 933 686
134 488 727 303 176 486 434 279 497 882 373 448 352 159 891 113 321 115 317 622 342 565 508 425 513 455 50 761 0 170 667 450 570 824 92 104 111 513 137 580 719 565 223 689 377 245 789 428 411 681 648 732 147 661 288 676 304 149 450 203 352 376 728 711 668 317 478 88 658 259 301 751 164 175 309 313 304 100
55 605 575 178 181 553 348 267 635 737 229 481 190 199 751 61 406 60 218 474 192 481 413 450 361 570 133 596 170 0 500 427 404 905 87 168 164 465 44 654 564 542 63 533 522 291 625 281 579 511 722 562 22 505 456 747 474 36 547 270 456 226 783 791 531 226 532 204 825 404 308 838 179 239 256 473 378 134
549 986 180 397 639 854 581 668 1123 554 418 738 372 614 364 554 863 560 426 178 414 647 410 706 365 953 634 302 667 500 0 746 100 1314 588 660 653 723 542 945 384 655 464 130 960 739 137 273 1057 52 1134 208 522 358 956 1015 972 518 903 737 923 398 1162 1207 253 541 940 702 1298 856 611 1126 644 713 503 974 743 626
389 928 890 591 277 936 169 171 528 627 334 887 397 588 1084 445 267 407 640 809 350 200 826 860 399 896 409 647 450 427 746 0 685 573 400 346 339 86 400 1031 546 969 394 837 793 224 883 650 757 727 402 678 427 506 554 1127 597 453 898 269 323 354 416 473 887 226 225 374 976 685 722 1200 287 286 683 521 753 357
455 888 205 296 552 762 526 591 1033 587 351 648 295 514 400 457 779 465 327 146 340 608 335 615 330 855 538 348 570 404 100 685 0 1244 492 567 561 671 447 855 403 579 373 152 860 655 221 175 957 131 1062 263 426 365 859 929 873 421 807 650 838 330 1097 1135 233 469 867 608 1198 756 514 1038 556 624 406 878 645 533
852 1154 1445 1084 724 1248 743 657 435 1144 896 1250 949 983 1635 889 506 858 1118 1355 903 734 1315 1233 973 1134 814 1214 824 905 1314 573 1244 0 837 750 750 621 864 1318 1105 1388 901 1394 993 613 1451 1176 862 1298 183 1250 893 1072 690 1406 728 916 1169 639 473 916 170 113 1424 774 378 739 967 935 1123 1441 726 670 1130 629 1087 781
42 566 662 252 127 542 357 230 549 790 281 486 260 188 835 52 332 27 281 559 249 491 478 459 420 532 47 669 92 87 588 400 492 837 0 87 86 453 46 640 626 576 132 620 465 228 713 366 504 598 655 641 67 568 370 736 391 81 520 197 377 283 724 723 613 236 472 117 751 347 322 818 120 166 298 386 360 55
114 588 744 340 74 590 340 175 467 807 311 548 309 252 920 140 244 112 368 643 286 468 566 523 450 556 68 712 104 168 660 346 567 750 87 0 9 409 124 684 656 653 195 700 468 147 789 450 476 665 569 694 151 599 315 781 343 169 553 112 289 319 642 636 699 231 389 49 720 352 392 855 62 81 381 320 407 34
109 597 739 338 65 597 330 168 472 798 302 553 301 256 916 139 245 109 368 638 278 458 565 528 441 564 73 703 111 164 653 339 561 750 86 9 0 402 120 692 646 656 189 695 477 144 783 446 486 658 569 686 148 589 323 788 352 167 561 111 292 310 640 636 696 221 387 58 729 361 396 863 53 80 383 328 414 31
435 997 877 617 337 994 146 234 612 550 328 938 398 641 1072 492 353 455 668 804 352 121 847 909 363 965 468 592 513 465 723 86 671 621 453 409 402 0 445 1091 485 1006 422 823 868 302 858 659 838 698 460 633 469 451 637 1187 680 495 963 346 409 348 455 528 885 244 299 444 1061 757 769 1265 348 359 720 606 811 415
11 596 619 220 142 558 338 235 591 752 242 494 215 201 795 49 362 21 255 518 208 472 452 464 380 561 93 624 137 44 542 400 447 864 46 124 120 445 0 658 585 569 86 577 502 250 668 326 549 551 681 595 29 526 417 753 437 54 544 227 412 242 745 750 575 214 493 161 795 384 324 839 138 196 284 432 379 89
665 190 882 595 755 101 996 860 899 1365 878 206 822 457 946 609 863 643 545 796 840 1130 550 239 995 194 622 1174 580 654 945 1031 855 1318 640 684 692 1091 658 0 1180 341 714 879 338 819 1003 684 501 986 1164 1107 641 1123 630 96 595 618 148 774 867 870 1263 1214 774 873 1029 660 607 384 362 188 744 750 462 690 280 675
585 1162 564 584 598 1079 389 563 1043 189 346 980 374 752 739 624 763 607 637 544 377 371 722 946 206 1128 670 118 719 564 384 546 403 1105 626 656 646 485 585 1180 0 956 502 514 1086 655 483 522 1128 335 945 196 585 58 968 1265 999 598 1096 678 828 343 938 1013 629 438 771 705 1374 968 817 1368 608 667 719 962 923 634
580 472 560 402 704 287 880 803 1020 1145 720 187 650 405 605 527 887 564 345 487 684 1008 245 181 804 453 584 923 565 542 655 969 579 1388 576 653 656 1006 569 341 956 0 585 567 550 801 688 433 713 702 1213 842 541 905 754 384 737 515 384 764 915 705 1293 1275 448 763 1041 653 889 518 265 497 697 733 286 806 331 629
90 668 556 197 183 613 296 248 660 674 166 536 129 261 739 122 413 108 246 459 129 428 433 504 299 633 179 538 223 63 464 394 373 901 132 195 189 422 86 714 502 585 0 510 583 291 594 275 635 470 717 509 82 443 501 807 523 99 610 280 468 162 771 788 524 178 524 239 882 466 363 899 184 252 299 513 440 162
586 943 54 392 693 795 678 739 1168 684 503 676 445 606 248 578 922 593 404 83 491 757 329 646 476 912 663 431 689 533 130 837 152 1394 620 700 695 823 577 879 514 567 510 0 939 799 124 262 1053 181 1212 336 553 486 976 942 986 542 857 790 979 482 1249 1284 132 620 1016 737 1287 845 573 1055 695 763 469 1002 708 666
504 160 962 563 542 296 808 635 566 1255 745 364 712 349 1081 461 576 481 537 859 711 935 652 371 882 144 427 1115 377 522 960 793 860 993 465 468 477 868 502 338 1086 550 583 939 0 569 1057 689 169 988 850 1070 501 1027 304 418 265 488 196 523 565 745 954 893 871 694 739 426 353 118 373 448 530 508 470 364 241 475
238 706 847 470 110 728 283 92 395 780 339 693 367 399 1031 280 124 246 505 751 330 388 703 669 462 676 216 732 245 291 739 224 655 613 228 147 144 302 250 819 655 801 291 799 569 0 874 565 537 735 431 734 280 603 340 915 381 303 682 46 185 354 496 500 815 220 244 160 765 462 540 983 112 69 526 318 547 173
677 1066 132 502 772 919 718 805 1255 633 555 801 508 719 258 676 998 686 520 207 551 777 453 770 497 1035 758 381 789 625 137 883 221 1451 713 789 783 858 668 1003 483 688 594 124 1057 874 0 371 1166 161 1272 288 647 469 1077 1065 1090 640 980 871 1058 536 1299 1344 243 678 1078 829 1402 960 694 1178 776 845 589 1099 829 755
337 713 298 130 455 589 516 521 916 712 335 478 262 347 469 321 685 339 153 194 307 627 207 445 383 680 406 495 428 281 273 650 175 1176 366 450 446 659 326 684 522 433 275 262 689 565 371 0 794 306 992 423 299 472 715 762 724 285 632 549 737 315 1043 1063 250 424 799 483 1031 588 339 870 456 520 231 742 470 416
546 314 1081 664 543 466 807 619 427 1284 782 529 764 447 1216 518 508 527 649 976 752 924 790 532 922 307 459 1173 411 579 1057 757 957 862 504 476 486 838 549 501 1128 713 635 1053 169 537 1166 794 0 1078 736 1141 556 1070 208 575 163 551 364 495 479 786 846 771 999 706 657 428 246 212 509 587 532 490 594 257 390 495
558 1020 229 424 639 893 559 660 1124 502 405 779 367 639 406 568 859 571 458 230 406 615 457 746 336 986 644 250 681 511 52 727 131 1298 598 665 658 698 551 986 335 702 470 181 988 735 161 306 1078 0 1120 156 534 313 968 1058 986 532 939 736 920 386 1143 1192 306 529 927 709 1321 881 645 1169 644 713 538 983 776 633
669 1009 1262 901 541 1088 570 474 328 1001 716 1082 767 807 1452 708 327 676 936 1172 722 579 1133 1063 800 987 635 1049 648 722 1134 402 1062 183 655 569 569 460 681 1164 945 1213 717 1212 850 431 1272 992 736 1120 0 1080 711 908 546 1255 588 733 1016 457 302 736 111 72 1241 593 195 561 878 780 948 1298 543 489 950 487 922 600
599 1121 382 521 652 1011 509 648 1129 348 395 901 385 722 546 623 853 617 564 384 410 533 598 867 281 1087 688 95 732 562 208 678 263 1250 641 694 686 633 595 1107 196 842 509 336 1070 734 288 423 1141 156 1080 0 585 195 1008 1185 1032 591 1045 745 917 381 1088 1151 462 514 894 742 1388 958 753 1293 660 727 648 1014 876 665
41 587 594 190 171 541 357 263 616 756 247 472 211 184 769 39 392 39 225 492 211 490 422 442 381 552 111 619 147 22 522 427 426 893 67 151 148 469 29 641 585 541 82 553 501 280 647 299 556 534 711 585 0 526 433 735 452 26 531 256 440 245 775 780 548 234 523 184 803 383 301 824 168 225 256 452 363 117
527 1104 538 529 542 1023 344 511 994 243 289 925 315 694 720 565 713 548 582 509 318 343 675 891 148 1069 612 141 661 505 358 506 365 1072 568 599 589 451 526 1123 58 905 443 486 1027 603 469 472 1070 313 908 195 526 0 911 1209 942 540 1038 624 778 284 906 977 595 384 730 648 1316 909 760 1311 552 612 664 907 866 576
411 465 1013 586 370 566 620 428 273 1110 625 589 622 394 1170 401 300 397 590 908 601 729 765 580 764 444 323 1027 288 456 956 554 859 690 370 315 323 637 417 630 968 754 501 976 304 340 1077 715 208 968 546 1008 433 911 0 717 45 438 481 303 272 634 651 589 947 532 450 266 424 251 506 753 359 305 559 60 427 342
760 260 941 680 851 194 1091 956 984 1452 969 285 912 552 987 704 957 738 628 860 931 1225 612 319 1084 273 718 1255 676 747 1015 1127 929 1406 736 781 788 1187 753 96 1265 384 807 942 418 915 1065 762 575 1058 1255 1185 735 1209 717 0 680 712 239 870 959 961 1355 1304 830 968 1123 756 650 475 451 112 840 846 545 777 376 771
432 426 1021 594 402 535 658 466 304 1145 654 566 647 393 1174 417 345 416 593 915 629 769 762 560 794 407 343 1054 304 474 972 597 873 728 391 343 352 680 437 595 999 737 523 986 265 381 1090 724 163 986 588 1032 452 942 45 680 0 453 447 342 318 661 694 629 951 566 495 293 385 224 495 713 391 341 557 100 406 368
66 569 583 170 196 517 382 290 630 772 265 446 224 162 754 36 412 57 202 480 229 515 399 416 397 534 120 628 149 36 518 453 421 916 81 169 167 495 54 618 598 515 99 542 488 303 640 285 551 532 733 591 26 540 438 712 453 0 511 277 459 261 799 802 532 259 547 197 797 371 275 802 192 246 230 459 341 135
549 89 869 524 626 104 877 729 752 1277 776 201 727 348 961 496 718 526 482 773 739 1011 540 221 902 68 496 1104 450 547 903 898 807 1169 520 553 561 963 544 148 1096 384 610 857 196 682 980 632 364 939 1016 1045 531 1038 481 239 447 511 0 636 720 771 1116 1066 767 756 884 524 507 236 293 301 615 614 401 541 172 549
215 660 836 447 98 684 317 124 387 810 350 652 370 360 1018 250 135 219 478 738 336 428 676 628 480 629 179 749 203 270 737 269 650 639 197 112 111 346 227 774 678 764 280 790 523 46 871 549 495 736 457 745 256 624 303 870 342 277 636 0 188 363 530 525 800 239 277 116 727 416 501 937 95 31 493 286 503 142
400 721 1025 630 286 788 443 269 215 937 523 779 553 510 1206 428 64 401 657 927 515 520 853 761 642 696 348 911 352 456 923 323 838 473 377 289 292 409 412 867 828 915 468 979 565 185 1058 737 479 920 302 917 440 778 272 959 318 459 720 188 0 539 396 361 987 402 177 269 672 483 650 1009 283 216 661 223 619 323
242 831 535 303 271 769 203 274 749 511 20 684 55 422 729 284 476 264 360 456 34 312 514 650 137 796 327 392 376 226 398 354 330 916 283 319 310 348 242 870 343 705 162 482 745 354 536 315 786 386 736 381 245 284 634 961 661 261 771 363 539 0 767 808 536 143 542 368 1032 627 511 1056 279 345 431 635 600 294
733 1113 1301 961 603 1183 584 522 440 973 746 1170 804 888 1493 777 409 743 1000 1215 757 566 1197 1150 813 1089 709 1048 728 783 1162 416 1097 170 724 642 640 455 745 1263 938 1293 771 1249 954 496 1299 1043 846 1143 111 1088 775 906 651 1355 694 799 1116 530 396 767 0 119 1288 629 252 640 990 879 1029 1401 607 560 1023 594 1013 669
738 1054 1334 970 610 1141 642 546 349 1065 789 1139 839 870 1524 775 392 744 1004 1243 794 645 1201 1122 871 1033 700 1119 711 791 1207 473 1135 113 723 636 636 528 750 1214 1013 1275 788 1284 893 500 1344 1063 771 1192 72 1151 780 977 589 1304 629 802 1066 525 361 808 119 0 1312 666 267 625 895 830 1010 1342 612 556 1016 529 978 667
586 856 112 364 706 696 739 768 1161 806 557 577 490 560 223 566 935 587 357 86 537 833 227 549 560 827 651 556 668 531 253 887 233 1424 613 699 696 885 575 774 629 448 524 132 871 815 243 250 999 306 1241 462 548 595 947 830 951 532 767 800 987 536 1288 1312 0 662 1046 729 1224 787 498 943 706 770 405 980 633 665
207 803 672 372 163 773 123 133 615 579 124 706 175 416 864 264 338 230 424 587 129 257 604 675 242 769 267 511 317 226 541 226 469 774 236 231 221 244 214 873 438 763 178 620 694 220 678 424 706 529 593 514 234 384 532 968 566 259 756 239 402 143 629 666 662 0 399 278 948 576 534 1053 174 228 477 523 593 219
481 892 1067 711 351 945 387 279 331 849 522 924 572 637 1257 524 166 490 749 977 527 420 946 902 613 865 457 870 478 532 940 225 867 378 472 389 387 299 493 1029 771 1041 524 1016 739 244 1078 799 657 927 195 894 523 730 450 1123 495 547 884 277 177 542 252 267 1046 399 0 390 843 651 778 1178 355 308 770 400 769 416
152 553 779 366 117 568 384 209 432 856 360 536 357 247 952 164 234 144 389 677 335 509 584 513 500 522 79 761 88 204 702 374 608 739 117 49 58 444 161 660 705 653 239 737 426 160 829 483 428 709 561 742 184 648 266 756 293 197 524 116 269 368 640 625 729 278 390 0 670 313 389 826 105 90 391 273 387 77
793 426 1312 902 784 610 1043 852 550 1527 1027 703 1011 684 1435 764 714 773 883 1208 999 1154 1006 715 1168 439 705 1420 658 825 1298 976 1198 967 751 720 729 1061 795 607 1374 889 882 1287 353 765 1402 1031 246 1321 878 1388 803 1316 424 650 385 797 507 727 672 1032 990 895 1224 948 843 670 0 442 726 618 773 726 820 455 594 740
385 244 871 460 426 314 691 522 525 1137 626 342 595 242 1003 343 485 363 440 766 593 820 577 338 764 215 309 999 259 404 856 685 756 935 347 352 361 757 384 384 968 518 466 845 118 462 960 588 212 881 780 958 383 909 251 475 224 371 236 416 483 627 879 830 787 576 651 313 442 0 297 528 414 399 382 310 186 358
334 374 591 234 449 262 656 552 763 1002 521 173 461 141 709 277 622 314 189 490 483 789 281 141 633 342 324 815 301 308 611 722 514 1123 322 392 396 769 324 362 817 265 363 573 373 540 694 339 509 645 948 753 301 760 506 451 495 275 293 501 650 511 1029 1010 498 534 778 389 726 297 0 550 441 472 107 553 135 371
846 288 1053 783 927 288 1176 1031 1010 1553 1063 391 1009 639 1099 790 1013 823 733 972 1026 1309 725 425 1183 313 796 1361 751 838 1126 1200 1038 1441 818 855 863 1265 839 188 1368 497 899 1055 448 983 1178 870 587 1169 1298 1293 824 1311 753 112 713 802 301 937 1009 1056 1401 1342 943 1053 1178 826 618 528 550 0 916 916 649 813 460 849
126 651 741 357 12 649 279 115 479 754 268 602 279 303 923 171 229 136 393 644 249 405 591 575 405 618 122 671 164 179 644 287 556 726 120 62 53 348 138 744 608 697 184 695 530 112 776 456 532 644 543 660 168 552 359 840 391 192 615 95 283 279 607 612 706 174 355 105 773 414 441 916 0 69 418 356 465 70
185 641 809 416 75 659 316 128 410 805 333 624 348 330 989 219 166 188 447 710 316 434 645 600 466 610 149 734 175 239 713 286 624 670 166 81 80 359 196 750 667 733 252 763 508 69 845 520 490 713 489 727 225 612 305 846 341 246 614 31 216 345 560 556 770 228 308 90 726 399 472 916 69 0 462 295 477 111
296 482 491 135 423 363 595 520 800 907 443 260 378 165 622 246 624 282 83 388 406 725 205 226 544 449 315 712 309 256 503 683 406 1130 298 381 383 720 284 462 719 286 299 469 470 526 589 231 594 538 950 648 256 664 559 545 557 230 401 493 661 431 1023 1016 405 477 770 391 820 382 107 649 418 462 0 600 240 353
424 524 1040 616 365 625 602 410 216 1097 624 644 629 434 1203 423 259 413 624 936 604 704 805 634 761 504 340 1027 313 473 974 521 878 629 386 320 328 606 432 690 962 806 513 1002 364 318 1099 742 257 983 487 1014 452 907 60 777 100 459 541 286 223 635 594 529 980 523 400 273 455 310 553 813 356 295 600 0 481 350
385 245 727 355 476 183 716 581 697 1105 605 163 555 179 841 330 605 363 317 626 568 850 411 153 730 211 343 933 304 378 743 753 645 1087 360 407 414 811 379 280 923 331 440 708 241 547 829 470 390 776 922 876 363 866 427 376 406 341 172 503 619 600 1013 978 633 593 769 387 594 186 135 460 465 477 240 481 0 396
79 588 709 306 80 579 334 185 502 790 287 531 280 233 885 108 276 78 336 608 261 465 534 505 428 555 53 686 100 134 626 357 533 781 55 34 31 415 89 675 634 629 162 666 475 173 755 416 495 633 600 665 117 576 342 771 368 135 549 142 323 294 669 667 665 219 416 77 740 358 371 849 70 111 353 350 396 0
