0 1232 441 1468 484 1612 1307 366 168 1078 27 789 1698 1245 1503 1522 937
1232 0 1628 1345 771 2788 358 1487 1275 2095 1256 671 899 1526 2540 2523 295
441 1628 0 1539 857 1394 1644 166 352 1093 428 1079 1950 1198 1080 1492 1338
1468 1345 1539 0 1176 2931 1030 1383 1348 2539 1493 871 801 460 1855 2976 1280
484 771 857 1176 0 2092 823 717 504 1497 511 347 1242 1104 1808 1944 484
1612 2788 1394 2931 2092 0 2914 1556 1655 813 1584 2397 3303 2563 1719 669 2499
1307 358 1644 1030 823 2914 0 1487 1304 2282 1334 573 551 1281 2440 2723 487
366 1487 166 1383 717 1556 1487 0 230 1206 363 919 1784 1061 1141 1621 1201
168 1275 352 1348 504 1655 1304 230 0 1190 179 752 1649 1095 1369 1627 985
1078 2095 1093 2539 1497 813 2282 1206 1190 0 1052 1838 2740 2264 1907 447 1823
27 1256 428 1493 511 1584 1334 363 179 1052 0 816 1726 1265 1496 1495 961
789 671 1079 871 347 2397 573 919 752 1838 816 0 910 905 1887 2285 471
1698 899 1950 801 1242 3303 551 1784 1649 2740 1726 910 0 1206 2549 3187 1023
1245 1526 1198 460 1104 2563 1281 1061 1095 2264 1265 905 1206 0 1395 2683 1375
1503 2540 1080 1855 1808 1719 2440 1141 1369 1907 1496 1887 2549 1395 0 2164 2278
1522 2523 1492 2976 1944 669 2723 1621 1627 447 1495 2285 3187 2683 2164 0 2258
937 295 1338 1280 484 2499 487 1201 985 1823 961 471 1023 1375 2278 2258 0
