0 1003 242 717 912 1135 567 1331 220 1224 1351 1616 1203 533 800 795
1003 0 971 1498 487 1144 1455 1950 800 444 894 1313 657 1424 1704 1025
242 971 0 570 766 899 787 1147 214 1271 1159 1781 1301 454 1005 556
717 1498 570 0 1172 943 1029 627 785 1834 1401 2332 1872 235 1150 664
912 487 766 1172 0 657 1464 1527 695 930 501 1760 1119 1168 1707 586
1135 1144 899 943 657 0 1683 1022 988 1586 537 2379 1759 1071 1889 346
567 1455 787 1029 1464 1683 0 1642 772 1544 1917 1615 1423 793 249 1337
1331 1950 1147 627 1527 1022 1642 0 1356 2340 1559 2928 2422 856 1733 940
220 800 214 785 695 988 772 1356 0 1067 1148 1573 1087 652 1013 667
1224 444 1271 1834 930 1586 1544 2340 1067 0 1320 916 278 1719 1779 1441
1351 894 1159 1401 501 537 1917 1559 1148 1320 0 2207 1552 1472 2152 736
1616 1313 1781 2332 1760 2379 1615 2928 1573 916 2207 0 656 2145 1768 2152
1203 657 1301 1872 1119 1759 1423 2422 1087 278 1552 656 0 1727 1642 1570
533 1424 454 235 1168 1071 793 856 652 1719 1472 2145 1727 0 921 750
800 1704 1005 1150 1707 1889 249 1733 1013 1779 2152 1768 1642 921 0 1543
795 1025 556 664 586 346 1337 940 667 1441 736 2152 1570 750 1543 0
