0 872 777 268 171 1565 861 1316 965 893 2 244 891 42 141 655 638
872 0 943 1113 1041 723 904 1803 145 1739 873 800 792 867 733 1512 1101
777 943 0 781 880 1346 126 874 918 1188 778 533 1466 735 716 1052 311
268 1113 781 0 178 1780 891 1128 1191 630 267 348 1141 255 387 398 546
171 1041 880 178 0 1737 978 1304 1136 752 170 373 976 190 312 509 687
1565 723 1346 1780 1737 0 1248 2199 603 2380 1567 1438 1415 1552 1424 2171 1607
861 904 126 891 978 1248 0 954 861 1314 863 617 1489 821 785 1176 437
1316 1803 874 1128 1304 2199 954 0 1790 1018 1317 1153 2183 1278 1346 1076 729
965 145 918 1191 1136 603 861 1790 0 1807 966 861 936 955 824 1588 1112
893 1739 1188 630 752 2380 1314 1018 1807 0 892 946 1710 885 1018 244 877
2 873 778 267 170 1567 863 1317 966 892 0 246 891 44 142 653 639
244 800 533 348 373 1438 617 1153 861 946 246 0 1030 204 200 732 435
891 792 1466 1141 976 1415 1489 2183 936 1710 891 1030 0 922 837 1467 1463
42 867 735 255 190 1552 821 1278 955 885 44 204 922 0 134 649 596
141 733 716 387 312 1424 785 1346 824 1018 142 200 837 134 0 783 635
655 1512 1052 398 509 2171 1176 1076 1588 244 653 732 1467 649 783 0 755
638 1101 311 546 687 1607 437 729 1112 877 639 435 1463 596 635 755 0
