0 0 588 344 255 328 816 577 209 302 304 153 676 478 817 769 391 593 0 279 16 75 151 38 266 261 147 63 241 199 233 601 14 86 568 0 520 370 137 633 457 751 853 427 69 761 349 472 737 669 224 398 15 397 849 175 785 733 684 677 406 330 286 0 803 198 538 695 144 267 75 499 689 724 471 635 443 700
0 0 589 344 256 329 815 577 208 302 305 154 676 479 818 770 390 594 1 278 17 75 152 39 267 261 148 62 240 200 232 601 14 87 567 1 519 370 137 632 457 751 852 427 70 761 348 472 737 669 223 399 16 396 850 175 784 733 685 678 407 331 285 0 804 198 537 696 145 268 75 498 688 723 470 635 442 701
588 589 0 344 456 604 1012 82 697 401 444 569 827 867 1192 314 705 503 588 861 572 602 593 592 391 419 442 645 614 608 728 995 583 549 945 588 888 330 724 1153 442 1032 1051 1006 519 229 842 121 725 727 719 385 595 977 1217 528 1248 966 648 828 463 482 740 588 723 615 1115 550 603 377 535 1063 1137 1312 1051 1072 668 608
344 344 344 0 386 544 705 380 375 59 413 415 526 773 1120 628 360 642 344 617 329 319 432 367 330 92 219 381 277 470 404 904 333 355 601 344 544 25 475 817 161 704 745 765 291 568 509 273 490 456 396 438 357 734 1150 211 904 971 777 870 499 461 406 343 882 474 874 727 436 314 271 841 792 1026 752 956 333 763
255 256 456 386 0 164 1020 412 458 383 48 139 860 418 758 549 603 338 254 456 245 319 162 230 67 354 206 315 453 159 484 549 262 171 809 255 757 404 350 887 544 976 1059 587 208 569 603 337 868 820 475 148 250 562 786 354 1040 585 439 487 153 84 532 256 557 167 691 440 175 84 265 628 943 924 700 620 630 448
328 329 604 544 164 0 1139 550 536 534 160 174 989 262 595 638 714 332 327 422 326 403 179 291 230 501 343 372 562 135 557 390 340 247 895 328 848 563 364 915 698 1080 1176 526 312 683 664 490 1016 961 549 235 316 506 623 474 1088 428 379 351 177 124 613 329 496 140 616 428 189 247 370 542 1000 875 690 468 755 411
816 815 1012 705 1020 1139 0 1069 627 672 1063 966 184 1278 1593 1320 425 1331 817 927 814 740 967 854 988 684 815 788 576 1015 618 1386 802 892 333 816 345 707 848 641 571 143 39 1016 827 1240 568 973 351 300 622 1120 830 993 1626 668 540 1548 1454 1490 1165 1104 555 815 1567 1014 1090 1423 961 977 768 1113 466 1054 825 1392 391 1451
577 577 82 380 412 550 1069 0 708 431 393 536 884 812 1129 251 739 423 576 840 560 600 561 575 352 443 435 637 635 569 739 937 574 527 979 577 923 370 709 1167 497 1081 1108 982 507 192 857 112 795 790 729 322 582 954 1153 541 1274 895 567 753 397 426 758 577 640 577 1090 467 572 340 532 1033 1164 1300 1046 1018 712 526
209 208 697 375 458 536 627 708 0 316 506 362 510 651 970 929 214 796 210 327 215 138 357 244 455 285 288 166 115 403 30 761 199 295 359 209 312 399 222 460 414 549 661 453 251 900 152 596 616 534 21 593 220 423 1003 169 588 925 893 882 611 537 77 208 1011 400 553 897 348 451 197 545 486 659 381 774 292 906
302 302 401 59 383 534 672 431 316 0 416 391 497 751 1097 676 307 663 302 569 288 269 406 329 334 40 195 333 217 447 345 880 290 326 547 302 491 82 427 758 165 661 712 715 257 621 450 322 485 440 337 454 316 684 1128 155 847 963 793 870 509 463 346 301 902 450 825 752 408 320 227 795 735 969 694 926 289 784
304 305 444 413 48 160 1063 393 506 416 0 182 899 422 754 512 648 290 303 497 294 368 204 278 83 390 248 364 499 192 533 551 311 220 856 304 804 429 396 935 573 1022 1102 624 256 539 652 330 900 855 524 103 298 600 781 398 1089 564 393 457 105 48 580 305 510 200 726 391 217 99 313 660 991 965 745 627 671 400
153 154 569 415 139 174 966 536 362 391 182 0 820 359 706 689 541 458 152 316 152 229 24 117 185 354 197 201 389 55 384 489 166 74 721 153 674 438 215 762 556 905 1003 450 144 703 495 448 861 801 376 286 142 424 736 306 926 588 537 525 273 193 440 154 655 59 555 560 36 196 200 497 834 784 563 542 585 558
676 676 827 526 860 989 184 884 510 497 899 820 0 1151 1479 1136 295 1160 677 831 672 604 825 715 822 513 654 659 435 872 509 1267 662 745 321 677 301 526 731 656 387 244 223 939 677 1055 494 790 206 129 511 949 692 913 1512 514 611 1408 1287 1339 999 943 450 676 1398 872 1025 1250 820 810 620 1036 514 1037 782 1284 234 1280
478 479 867 773 418 262 1278 812 651 751 422 359 1151 0 346 878 859 528 478 398 485 548 345 441 486 713 556 492 716 303 661 131 493 427 990 478 953 795 432 918 915 1195 1313 425 498 935 739 752 1214 1148 656 492 463 420 377 652 1114 296 505 331 424 386 724 479 599 300 477 602 345 502 545 394 1046 756 652 206 919 559
817 818 1192 1120 758 595 1593 1129 970 1097 754 706 1479 346 0 1151 1184 777 817 670 826 883 691 782 825 1059 903 822 1048 650 976 217 832 772 1286 817 1256 1142 748 1147 1262 1497 1625 626 843 1227 1033 1083 1555 1485 972 807 802 637 33 993 1351 301 695 452 732 712 1038 818 744 646 616 819 690 842 887 547 1303 867 869 204 1251 759
769 770 314 628 549 638 1320 251 929 676 512 689 1136 878 1151 0 984 375 768 1005 755 808 712 758 510 683 643 832 869 705 960 988 770 702 1223 769 1166 620 889 1388 749 1331 1360 1136 702 121 1081 354 1040 1040 950 411 770 1111 1169 770 1509 876 487 720 461 524 987 770 515 713 1238 360 725 504 740 1171 1401 1473 1239 1081 961 428
391 390 705 360 603 714 425 739 214 307 648 541 295 859 1184 984 0 928 391 538 389 315 542 429 579 302 401 367 152 589 216 972 377 467 240 391 183 375 436 496 308 373 462 655 404 928 234 630 414 327 217 716 405 627 1217 250 549 1123 1042 1066 752 687 161 390 1158 589 748 1025 536 570 344 750 436 805 531 988 91 1045
593 594 503 642 338 332 1331 423 796 663 290 458 1160 528 777 375 928 0 592 752 584 658 475 566 349 647 527 652 783 446 823 625 601 508 1144 593 1091 649 673 1221 800 1301 1371 858 545 463 942 437 1129 1098 814 212 587 839 795 679 1379 503 145 348 187 265 870 594 240 453 947 101 488 357 602 870 1282 1208 1015 722 941 120
0 1 588 344 254 327 817 576 210 302 303 152 677 478 817 768 391 592 0 279 16 76 150 37 265 261 147 63 242 198 234 600 15 85 569 0 521 370 138 634 457 752 853 427 69 760 349 471 737 670 225 397 15 397 849 176 786 732 683 677 405 329 287 1 802 197 538 694 144 267 75 499 690 724 472 635 443 699
279 278 861 617 456 422 927 840 327 569 497 316 831 398 670 1005 538 752 279 0 295 300 293 269 498 529 425 236 430 309 322 477 288 313 615 279 586 643 143 522 708 826 958 148 345 1015 362 741 942 861 321 601 269 117 703 421 715 694 798 701 576 498 381 279 912 301 258 850 280 506 348 226 649 468 270 467 619 833
16 17 572 329 245 326 814 560 215 288 294 152 672 485 826 755 389 584 16 295 0 77 152 44 253 247 130 77 238 200 239 609 16 81 572 16 523 354 154 645 445 753 852 443 53 745 357 455 729 662 231 387 28 413 858 167 794 735 678 677 398 322 291 16 796 200 554 686 147 254 62 514 697 740 487 645 438 692
75 75 602 319 319 403 740 600 138 269 368 229 604 548 883 808 315 658 76 300 77 0 227 114 320 229 166 66 168 275 164 668 63 158 494 76 445 345 160 582 410 676 777 446 113 789 285 491 673 602 155 457 89 415 915 121 723 807 755 753 473 398 214 75 873 273 555 759 220 318 68 527 623 715 449 696 371 768
151 152 593 432 162 179 967 561 357 406 204 24 825 345 691 712 542 475 150 293 152 227 0 113 210 368 213 193 391 47 377 473 165 82 716 151 669 456 197 747 571 903 1004 426 154 727 485 472 872 809 369 308 138 400 722 313 914 583 549 526 291 212 435 152 667 47 531 576 13 220 205 472 823 761 543 523 590 572
38 39 592 367 230 291 854 575 244 329 278 117 715 441 782 758 429 566 37 269 44 114 113 0 249 289 158 86 280 161 266 565 52 58 603 38 556 392 134 656 487 789 891 416 78 755 379 473 773 706 258 376 24 386 814 211 813 694 652 640 378 301 322 39 771 159 526 667 106 253 106 482 719 725 480 602 481 670
266 267 391 330 67 230 988 352 455 334 83 185 822 486 825 510 579 349 265 498 253 320 210 249 0 310 178 329 433 217 483 617 270 193 795 266 742 346 380 899 490 953 1027 635 206 518 605 272 817 774 474 139 265 608 853 330 1043 645 466 540 177 131 525 267 580 225 741 447 222 16 257 682 941 965 730 687 596 466
261 261 419 92 354 501 684 443 285 40 390 354 513 713 1059 683 302 647 261 529 247 229 368 289 310 0 159 292 194 410 315 842 249 287 539 261 483 117 387 734 202 665 724 676 218 635 424 331 515 465 306 436 276 645 1090 119 831 930 773 841 486 436 321 261 884 413 785 739 369 297 186 754 721 934 660 887 296 767
147 148 442 219 206 343 815 435 288 195 248 197 654 556 903 643 401 527 147 425 130 166 213 158 178 159 0 203 255 252 318 686 141 136 618 147 564 243 285 745 360 775 853 573 80 623 441 327 673 619 309 316 156 543 934 151 876 771 641 688 351 290 353 147 756 256 684 625 216 170 97 641 771 870 611 736 424 643
63 62 645 381 315 372 788 637 166 333 364 201 659 492 822 832 367 652 63 236 77 66 193 86 329 292 203 0 226 237 185 608 62 143 524 63 479 407 94 572 477 715 824 383 130 822 294 530 737 664 177 460 65 352 855 188 727 760 737 716 464 387 243 62 856 235 493 753 183 331 113 462 633 666 410 632 429 756
241 240 614 277 453 562 576 635 115 217 499 389 435 716 1048 869 152 783 242 430 238 168 391 280 433 194 255 226 0 439 137 834 227 315 364 242 309 298 307 541 299 523 614 563 252 827 232 522 515 439 131 572 256 533 1081 104 640 974 893 914 604 537 128 240 1010 438 666 881 386 426 192 653 531 773 494 858 203 898
199 200 608 470 159 135 1015 569 403 447 192 55 872 303 650 705 589 446 198 309 200 275 47 161 217 410 252 237 439 0 423 434 212 128 762 198 716 492 231 782 612 950 1052 432 199 728 528 487 917 855 415 295 185 408 681 360 953 536 511 479 267 189 481 200 629 8 533 546 54 230 252 469 865 774 568 489 637 538
233 232 728 404 484 557 618 739 30 345 533 384 509 661 976 960 216 823 234 322 239 164 377 266 483 315 318 185 137 423 0 768 223 319 339 233 295 428 230 429 436 534 652 442 278 930 122 626 624 541 9 621 242 413 1009 200 559 939 917 901 637 562 62 232 1036 420 540 924 368 480 226 536 458 635 356 777 298 932
601 601 995 904 549 390 1386 937 761 880 551 489 1267 131 217 988 972 625 600 477 609 668 473 565 617 842 686 608 834 434 768 0 615 555 1087 600 1054 927 538 981 1044 1296 1420 465 625 1052 834 881 1338 1270 763 616 585 469 248 776 1182 266 576 361 544 512 830 602 654 430 488 687 472 634 670 408 1123 763 706 100 1037 636
14 14 583 333 262 340 802 574 199 290 311 166 662 493 832 770 377 601 15 288 16 63 165 52 270 249 141 62 227 212 223 615 0 96 556 15 508 358 145 629 443 739 839 436 68 759 340 468 722 654 214 404 30 405 864 161 778 747 694 690 414 339 275 13 812 211 546 702 158 270 62 509 680 728 473 649 428 708
86 87 549 355 171 247 892 527 295 326 220 74 745 427 772 702 467 508 85 313 81 158 82 58 193 287 136 143 315 128 319 555 96 0 653 86 604 379 187 715 489 833 929 457 71 703 435 429 789 727 311 317 79 428 803 232 871 663 597 598 321 244 372 87 716 129 566 609 82 197 125 516 775 775 537 601 511 613
568 567 945 601 809 895 333 979 359 547 856 721 321 990 1286 1223 240 1144 569 615 572 494 716 603 795 539 618 524 364 762 339 1087 556 653 0 568 56 615 560 334 533 213 357 689 601 1169 253 870 517 427 346 935 579 668 1319 469 322 1275 1248 1240 962 891 281 567 1366 759 758 1243 707 789 543 786 211 727 492 1082 289 1257
0 1 588 344 255 328 816 577 209 302 304 153 677 478 817 769 391 593 0 279 16 76 151 38 266 261 147 63 242 198 233 600 15 86 568 0 520 370 137 634 457 752 853 427 69 761 349 472 737 670 224 398 15 396 849 176 785 732 684 677 406 330 287 1 802 197 537 694 144 267 75 498 689 724 471 635 443 699
520 519 888 544 757 848 345 923 312 491 804 674 301 953 1256 1166 183 1091 521 586 523 445 669 556 742 483 564 479 309 716 295 1054 508 604 56 520 0 558 522 362 479 241 373 671 550 1112 224 813 486 395 302 881 532 648 1289 414 373 1235 1197 1195 910 840 235 519 1314 713 746 1190 661 735 491 768 261 737 488 1054 236 1205
370 370 330 25 404 563 707 370 399 82 429 438 526 795 1142 620 375 649 370 643 354 345 456 392 346 117 243 407 298 492 428 927 358 379 615 370 558 0 500 838 151 711 747 791 316 555 531 267 480 450 420 448 383 760 1172 236 921 989 786 886 512 477 427 369 890 497 900 732 459 330 296 867 808 1051 776 979 341 770
137 137 724 475 350 364 848 709 222 427 396 215 731 432 748 889 436 673 138 143 154 160 197 134 380 387 285 94 307 231 230 538 145 187 560 137 522 500 0 551 571 763 882 291 206 889 312 607 823 746 225 498 129 260 781 282 725 714 742 689 488 409 292 137 860 225 401 774 184 385 204 367 640 590 350 553 507 768
633 632 1153 817 887 915 641 1167 460 758 935 762 656 918 1147 1388 496 1221 634 522 645 582 747 656 899 734 745 572 541 782 429 981 629 715 334 634 362 838 551 0 802 500 654 521 693 1360 310 1055 848 757 438 1032 637 513 1178 626 204 1214 1294 1222 1034 955 412 633 1411 777 545 1322 734 899 649 602 189 423 278 946 577 1319
457 457 442 161 544 698 571 497 414 165 573 556 387 915 1262 749 308 800 457 708 445 410 571 487 490 202 360 477 299 612 436 1044 443 489 533 457 479 151 571 802 0 592 610 850 420 671 514 404 329 301 431 599 472 819 1293 289 852 1127 937 1030 660 621 414 456 1041 615 957 883 572 475 382 935 740 1071 792 1088 244 921
751 751 1032 704 976 1080 143 1081 549 661 1022 905 244 1195 1497 1331 373 1301 752 826 753 676 903 789 953 665 775 715 523 950 534 1296 739 833 213 752 241 711 763 500 592 0 154 903 774 1261 464 977 446 373 541 1089 764 881 1530 623 399 1474 1416 1429 1126 1060 473 751 1532 948 969 1398 895 944 714 999 323 917 699 1294 371 1419
853 852 1051 745 1059 1176 39 1108 661 712 1102 1003 223 1313 1625 1360 462 1371 853 958 852 777 1004 891 1027 724 853 824 614 1052 652 1420 839 929 357 853 373 747 882 654 610 154 0 1044 865 1279 598 1012 381 336 657 1159 867 1021 1658 706 542 1584 1493 1528 1204 1143 589 852 1607 1051 1115 1463 998 1016 806 1141 474 1071 848 1424 430 1490
427 427 1006 765 587 526 1016 982 453 715 624 450 939 425 626 1136 655 858 427 148 443 446 426 416 635 676 573 383 563 432 442 465 436 457 689 427 671 791 291 521 850 903 1044 0 492 1153 450 886 1067 982 443 727 417 30 658 564 725 714 886 753 693 619 494 427 994 424 110 952 414 645 495 97 679 349 243 424 741 928
69 70 519 291 208 312 827 507 251 257 256 144 677 498 843 702 404 545 69 345 53 113 154 78 206 218 80 130 252 199 278 625 68 71 601 69 550 316 206 693 420 774 865 492 0 691 399 402 718 656 269 343 76 462 874 162 837 733 646 663 361 289 324 70 764 200 603 646 153 205 59 560 737 794 540 669 443 656
761 761 229 568 569 683 1240 192 900 621 539 703 1055 935 1227 121 928 463 760 1015 745 789 727 755 518 635 623 822 827 728 930 1052 759 703 1169 761 1112 555 889 1360 671 1261 1279 1153 691 0 1049 304 945 952 921 447 764 1126 1248 733 1466 965 589 811 511 561 951 761 629 736 1258 466 739 509 721 1197 1356 1479 1232 1141 896 533
349 348 842 509 603 664 568 857 152 450 652 495 494 739 1033 1081 234 942 349 362 357 285 485 379 605 424 441 294 232 528 122 834 340 435 253 349 224 531 312 310 514 464 598 450 399 1049 0 745 643 554 132 742 356 425 1066 316 437 1026 1031 1000 755 679 104 348 1150 524 531 1043 475 602 348 547 340 571 297 830 325 1049
472 472 121 273 337 490 973 112 596 322 330 448 790 752 1083 354 630 437 471 741 455 491 472 473 272 331 327 530 522 487 626 881 468 429 870 472 813 267 607 1055 404 977 1012 886 402 304 745 0 717 704 617 284 478 857 1109 429 1163 870 583 739 362 370 646 472 671 494 995 503 482 257 423 942 1052 1196 939 956 607 552
737 737 725 490 868 1016 351 795 616 485 900 861 206 1214 1555 1040 414 1129 737 942 729 673 872 773 817 515 673 737 515 917 624 1338 722 789 517 737 486 480 823 848 329 446 381 1067 718 945 643 717 0 91 623 928 753 1038 1587 562 817 1444 1266 1355 989 947 574 736 1369 919 1162 1209 870 803 668 1161 717 1209 941 1369 326 1249
669 669 727 456 820 961 300 790 534 440 855 801 129 1148 1485 1040 327 1098 670 861 662 602 809 706 774 465 619 664 439 855 541 1270 654 727 427 670 395 450 746 757 301 373 336 982 656 952 554 704 91 0 541 892 685 954 1518 496 732 1388 1231 1306 949 901 488 668 1338 857 1076 1183 806 760 604 1077 630 1117 851 1297 242 1219
224 223 719 396 475 549 622 729 21 337 524 376 511 656 972 950 217 814 225 321 231 155 369 258 474 306 309 177 131 415 9 763 214 311 346 224 302 420 225 438 431 541 657 443 269 921 132 617 623 541 0 612 234 414 1005 191 568 933 908 893 628 553 67 223 1027 412 542 915 360 471 217 537 468 641 362 774 298 923
398 399 385 438 148 235 1120 322 593 454 103 286 949 492 807 411 716 212 397 601 387 457 308 376 139 436 316 460 572 295 621 616 404 317 935 398 881 448 498 1032 599 1089 1159 727 343 447 742 284 928 892 612 0 395 703 832 468 1180 585 339 457 77 113 664 399 448 303 827 308 321 146 396 759 1080 1068 848 699 729 331
15 16 595 357 250 316 830 582 220 316 298 142 692 463 802 770 405 587 15 269 28 89 138 24 265 276 156 65 256 185 242 585 30 79 579 15 532 383 129 637 472 764 867 417 76 764 356 478 753 685 234 395 0 386 834 191 791 718 675 665 400 323 297 16 794 184 527 689 131 267 89 487 696 718 468 619 458 692
397 396 977 734 562 506 993 954 423 684 600 424 913 420 637 1111 627 839 397 117 413 415 400 386 608 645 543 352 533 408 413 469 405 428 668 396 648 760 260 513 819 881 1021 30 462 1126 425 857 1038 954 414 703 386 0 670 534 716 713 870 745 670 596 466 397 980 400 141 934 387 617 465 123 665 369 237 434 712 911
849 850 1217 1150 786 623 1626 1153 1003 1128 781 736 1512 377 33 1169 1217 795 849 703 858 915 722 814 853 1090 934 855 1081 681 1009 248 864 803 1319 849 1289 1172 781 1178 1293 1530 1658 658 874 1248 1066 1109 1587 1518 1005 832 834 670 0 1025 1383 310 708 465 756 738 1071 850 753 677 646 834 721 870 919 578 1335 894 900 237 1284 773
175 175 528 211 354 474 668 541 169 155 398 306 514 652 993 770 250 679 176 421 167 121 313 211 330 119 151 188 104 360 200 776 161 232 469 176 414 236 282 626 289 623 706 564 162 733 316 429 562 496 191 468 191 534 1025 0 739 895 792 825 502 438 217 175 908 361 673 777 310 322 107 647 632 815 540 811 280 795
785 784 1248 904 1040 1088 540 1274 588 847 1089 926 611 1114 1351 1509 549 1379 786 715 794 723 914 813 1043 831 876 727 640 953 559 1182 778 871 322 785 373 921 725 204 852 399 542 725 837 1466 437 1163 817 732 568 1180 791 716 1383 739 0 1410 1463 1409 1192 1114 523 784 1582 948 749 1480 902 1040 786 807 112 601 482 1150 610 1483
733 733 966 971 585 428 1548 895 925 963 564 588 1408 296 301 876 1123 503 732 694 735 807 583 694 645 930 771 760 974 536 939 266 747 663 1275 732 1235 989 714 1214 1127 1474 1584 714 733 965 1026 870 1444 1388 933 585 718 713 310 895 1410 0 401 158 508 516 1001 733 442 535 751 529 588 662 788 668 1341 1028 947 354 1174 466
684 685 648 777 439 379 1454 567 893 793 393 537 1287 505 695 487 1042 145 683 798 678 755 549 652 466 773 641 737 893 511 917 576 694 597 1248 684 1197 786 742 1294 937 1416 1493 886 646 589 1031 583 1266 1231 908 339 675 870 708 792 1463 401 0 244 289 357 969 685 118 517 962 129 561 477 705 882 1371 1234 1068 677 1063 64
677 678 828 870 487 351 1490 753 882 870 457 525 1339 331 452 720 1066 348 677 701 677 753 526 640 540 841 688 716 914 479 901 361 690 598 1240 677 1195 886 689 1222 1030 1429 1528 753 663 811 1000 739 1355 1306 893 457 665 745 465 825 1409 158 244 0 382 409 960 678 297 481 809 371 534 556 722 726 1329 1088 968 461 1106 308
406 407 463 499 153 177 1165 397 611 509 105 273 999 424 732 461 752 187 405 576 398 473 291 378 177 486 351 464 604 267 637 544 414 321 962 406 910 512 488 1034 660 1126 1204 693 361 511 755 362 989 949 628 77 400 670 756 502 1192 508 289 382 0 79 685 407 405 274 788 288 304 189 418 716 1095 1039 833 631 773 295
330 331 482 461 84 124 1104 426 537 463 48 193 943 386 712 524 687 265 329 498 322 398 212 301 131 436 290 387 537 189 562 512 339 244 891 330 840 477 409 955 621 1060 1143 619 289 561 679 370 947 901 553 113 323 596 738 438 1114 516 357 409 79 0 612 331 475 197 717 367 225 147 348 648 1019 963 754 592 714 369
286 285 740 406 532 613 555 758 77 346 580 440 450 724 1038 987 161 870 287 381 291 214 435 322 525 321 353 243 128 481 62 830 275 372 281 287 235 427 292 412 414 473 589 494 324 951 104 646 574 488 67 664 297 466 1071 217 523 1001 969 960 685 612 0 285 1087 478 588 970 426 521 268 590 418 661 383 839 248 981
0 0 588 343 256 329 815 577 208 301 305 154 676 479 818 770 390 594 1 279 16 75 152 39 267 261 147 62 240 200 232 602 13 87 567 1 519 369 137 633 456 751 852 427 70 761 348 472 736 668 223 399 16 397 850 175 784 733 685 678 407 331 285 0 803 199 538 695 145 268 74 499 688 724 471 636 442 701
803 804 723 882 557 496 1567 640 1011 902 510 655 1398 599 744 515 1158 240 802 912 796 873 667 771 580 884 756 856 1010 629 1036 654 812 716 1366 802 1314 890 860 1411 1041 1532 1607 994 764 629 1150 671 1369 1338 1027 448 794 980 753 908 1582 442 118 297 405 475 1087 803 0 635 1067 172 679 590 822 985 1490 1341 1182 754 1176 120
198 198 615 474 167 140 1014 577 400 450 200 59 872 300 646 713 589 453 197 301 200 273 47 159 225 413 256 235 438 8 420 430 211 129 759 197 713 497 225 777 615 948 1051 424 200 736 524 494 919 857 412 303 184 400 677 361 948 535 517 481 274 197 478 199 635 0 525 553 53 238 253 461 860 766 561 484 638 544
538 537 1115 874 691 616 1090 1090 553 825 726 555 1025 477 616 1238 748 947 538 258 554 555 531 526 741 785 684 493 666 533 540 488 546 566 758 537 746 900 401 545 957 969 1115 110 603 1258 531 995 1162 1076 542 827 527 141 646 673 749 751 962 809 788 717 588 538 1067 525 0 1037 519 751 606 83 719 279 276 426 836 1008
695 696 550 727 440 428 1423 467 897 752 391 560 1250 602 819 360 1025 101 694 850 686 759 576 667 447 739 625 753 881 546 924 687 702 609 1243 694 1190 732 774 1322 883 1398 1463 952 646 466 1043 503 1209 1183 915 308 689 934 834 777 1480 529 129 371 288 367 970 695 172 553 1037 0 589 455 702 959 1383 1302 1114 786 1034 67
144 145 603 436 175 189 961 572 348 408 217 36 820 345 690 725 536 488 144 280 147 220 13 106 222 369 216 183 386 54 368 472 158 82 707 144 661 459 184 734 572 895 998 414 153 739 475 482 870 806 360 321 131 387 721 310 902 588 561 534 304 225 426 145 679 53 519 589 0 232 202 461 812 748 529 520 585 584
267 268 377 314 84 247 977 340 451 320 99 196 810 502 842 504 570 357 267 506 254 318 220 253 16 297 170 331 426 230 480 634 270 197 789 267 735 330 385 899 475 944 1016 645 205 509 602 257 803 760 471 146 267 617 870 322 1040 662 477 556 189 147 521 268 590 238 751 455 232 0 254 693 938 972 734 703 585 475
75 75 535 271 265 370 768 532 197 227 313 200 620 545 887 740 344 602 75 348 62 68 205 106 257 186 97 113 192 252 226 670 62 125 543 75 491 296 204 649 382 714 806 495 59 721 348 423 668 604 217 396 89 465 919 107 786 788 705 722 418 348 268 74 822 253 606 702 202 254 0 570 684 778 516 708 385 714
499 498 1063 841 628 542 1113 1033 545 795 660 497 1036 394 547 1171 750 870 499 226 514 527 472 482 682 754 641 462 653 469 536 408 509 516 786 498 768 867 367 602 935 999 1141 97 560 1197 547 942 1161 1077 537 759 487 123 578 647 807 668 882 726 716 648 590 499 985 461 83 959 461 693 570 0 767 362 325 351 835 929
689 688 1137 792 943 1000 466 1164 486 735 991 834 514 1046 1303 1401 436 1282 690 649 697 623 823 719 941 721 771 633 531 865 458 1123 680 775 211 689 261 808 640 189 740 323 474 679 737 1356 340 1052 717 630 468 1080 696 665 1335 632 112 1341 1371 1329 1095 1019 418 688 1490 860 719 1383 812 938 684 767 0 613 443 1099 497 1389
724 723 1312 1026 924 875 1054 1300 659 969 965 784 1037 756 867 1473 805 1208 724 468 740 715 761 725 965 934 870 666 773 774 635 763 728 775 727 724 737 1051 590 423 1071 917 1071 349 794 1479 571 1196 1209 1117 641 1068 718 369 894 815 601 1028 1234 1088 1039 963 661 724 1341 766 279 1302 748 972 778 362 613 0 279 692 896 1278
471 470 1051 752 700 690 825 1046 381 694 745 563 782 652 869 1239 531 1015 472 270 487 449 543 480 730 660 611 410 494 568 356 706 473 537 492 471 488 776 350 278 792 699 848 243 540 1232 297 939 941 851 362 848 468 237 900 540 482 947 1068 968 833 754 383 471 1182 561 276 1114 529 734 516 325 443 279 0 668 622 1101
635 635 1072 956 620 468 1392 1018 774 926 627 542 1284 206 204 1081 988 722 635 467 645 696 523 602 687 887 736 632 858 489 777 100 649 601 1082 635 1054 979 553 946 1088 1294 1424 424 669 1141 830 956 1369 1297 774 699 619 434 237 811 1150 354 677 461 631 592 839 636 754 484 426 786 520 703 708 351 1099 692 668 0 1059 737
443 442 668 333 630 755 391 712 292 289 671 585 234 919 1251 961 91 941 443 619 438 371 590 481 596 296 424 429 203 637 298 1037 428 511 289 443 236 341 507 577 244 371 430 741 443 896 325 607 326 242 298 729 458 712 1284 280 610 1174 1063 1106 773 714 248 442 1176 638 836 1034 585 585 385 835 497 896 622 1059 0 1060
700 701 608 763 448 411 1451 526 906 784 400 558 1280 559 759 428 1045 120 699 833 692 768 572 670 466 767 643 756 898 538 932 636 708 613 1257 699 1205 770 768 1319 921 1419 1490 928 656 533 1049 552 1249 1219 923 331 692 911 773 795 1483 466 64 308 295 369 981 701 120 544 1008 67 584 475 714 929 1389 1278 1101 737 1060 0
