0 1684 1411 1392 845 1531 37 1727 1462 1452 890 522 1498 373 1233 1170 66
1684 0 1306 3067 843 1285 1721 1109 2012 2424 2166 1905 692 1511 783 519 1622
1411 1306 0 2633 1011 132 1440 436 750 2765 1263 1220 628 1553 561 1026 1388
1392 3067 2633 0 2235 2765 1355 3021 2334 1636 1489 1413 2864 1584 2597 2559 1450
845 843 1011 2235 0 1079 881 1131 1492 1857 1394 1091 765 736 548 325 784
1531 1285 132 2765 1079 0 1561 319 837 2866 1393 1352 593 1658 585 1057 1506
37 1721 1440 1355 881 1561 0 1760 1475 1440 883 518 1534 390 1269 1207 100
1727 1109 436 3021 1131 319 1760 0 1151 2979 1694 1618 446 1796 584 1014 1693
1462 2012 750 2334 1492 837 1475 1151 0 2915 844 1031 1366 1749 1230 1636 1474
1452 2424 2765 1636 1857 2866 1440 2979 2915 0 2259 1928 2619 1213 2402 2077 1443
890 2166 1263 1489 1394 1393 883 1694 844 2259 0 370 1695 1257 1458 1670 935
522 1905 1220 1413 1091 1352 518 1618 1031 1928 370 0 1525 887 1267 1392 565
1498 692 628 2864 765 593 1534 446 1366 2619 1695 1525 0 1485 266 583 1451
373 1511 1553 1584 736 1658 390 1796 1749 1213 1257 887 1485 0 1239 1034 322
1233 783 561 2597 548 585 1269 584 1230 2402 1458 1267 266 1239 0 471 1188
1170 519 1026 2559 325 1057 1207 1014 1636 2077 1670 1392 583 1034 471 0 1109
66 1622 1388 1450 784 1506 100 1693 1474 1443 935 565 1451 322 1188 1109 0
