0 1118 1541 1426 848 1546 1346 1456 1618 1183 489 1247 51 711 212 1109
1118 0 2465 1997 1944 1629 525 1809 2477 1971 1377 921 1170 1051 1189 1279
1541 2465 0 2595 874 2990 2411 1199 2345 2199 1789 2788 1501 2219 1363 2587
1426 1997 2595 0 1721 761 2459 2869 711 417 946 1291 1421 958 1619 775
848 1944 874 1721 0 2142 2070 1470 1532 1330 949 2037 798 1425 757 1761
1546 1629 2990 761 2142 0 2147 2964 1472 1083 1201 734 1566 846 1758 443
1346 525 2411 2459 2070 2147 0 1529 2871 2377 1722 1446 1392 1501 1333 1778
1456 1809 1199 2869 1470 2964 1529 0 2915 2572 1923 2487 1453 2119 1253 2521
1618 2477 2345 711 1532 1472 2871 2915 0 509 1158 1925 1590 1441 1754 1409
1183 1971 2199 417 1330 1083 2377 2572 509 0 698 1434 1165 931 1348 929
489 1377 1789 946 949 1201 1722 1923 1158 698 0 1142 478 511 673 812
1247 921 2788 1291 2037 734 1446 2487 1925 1434 1142 0 1287 631 1434 519
51 1170 1501 1421 798 1566 1392 1453 1590 1165 478 1287 0 738 200 1133
711 1051 2219 958 1425 846 1501 2119 1441 931 511 631 738 0 921 403
212 1189 1363 1619 757 1758 1333 1253 1754 1348 673 1434 200 921 0 1321
1109 1279 2587 775 1761 443 1778 2521 1409 929 812 519 1133 403 1321 0
