0 223 542 592 307 1654 786 838 1525 98 1240 747 937 609 473 1328
223 0 345 745 347 1827 1000 653 1605 185 1162 842 729 437 495 1125
542 345 0 894 677 2172 1328 309 1915 462 918 889 634 123 802 1015
592 745 894 0 879 1813 832 1079 1938 567 1090 263 1461 877 1034 1859
307 347 677 879 0 1514 798 985 1259 384 1502 1053 834 780 166 1192
1654 1827 2172 1813 1514 0 981 2480 855 1750 2840 2076 2266 2258 1443 2531
786 1000 1328 832 798 981 0 1617 1238 867 1875 1095 1632 1386 836 1988
838 653 309 1079 985 2480 1617 0 2213 750 732 1000 733 231 1105 1048
1525 1605 1915 1938 1259 855 1238 2213 0 1619 2759 2180 1768 2028 1114 1929
98 185 462 567 384 1750 867 750 1619 0 1143 691 915 520 550 1310
1240 1162 918 1090 1502 2840 1875 732 2759 1143 0 862 1466 794 1657 1770
747 842 889 263 1053 2076 1095 1000 2180 691 862 0 1506 836 1216 1898
937 729 634 1461 834 2266 1632 733 1768 915 1466 1506 0 730 840 397
609 437 123 877 780 2258 1386 231 2028 520 794 836 730 0 914 1096
473 495 802 1034 166 1443 836 1105 1114 550 1657 1216 840 914 0 1163
1328 1125 1015 1859 1192 2531 1988 1048 1929 1310 1770 1898 397 1096 1163 0
