0 1274 912 852 738 418 665 114 1427 1129 782 131 578 1570 176 797 519
1274 0 1374 1663 536 1549 1387 1174 997 2290 1179 1395 834 750 1382 1750 1158
912 1374 0 1764 1015 707 1557 945 828 1916 1596 999 1214 1999 1079 1704 413
852 1663 1764 0 1237 1185 279 827 2174 781 510 784 850 1549 694 185 1362
738 536 1015 1237 0 1030 959 640 1007 1787 826 861 393 991 853 1289 696
418 1549 707 1185 1030 0 1051 522 1426 1211 1197 416 974 1951 510 1081 469
665 1387 1557 279 959 1051 0 612 1910 977 278 634 571 1330 541 377 1146
114 1174 945 827 640 522 612 0 1393 1185 694 221 463 1456 221 796 537
1427 997 828 2174 1007 1426 1910 1393 0 2550 1824 1552 1383 1745 1600 2180 968
1129 2290 1916 781 1787 1211 977 1185 2550 0 1253 1000 1459 2307 965 611 1599
782 1179 1596 510 826 1197 278 694 1824 1253 0 795 441 1053 709 646 1185
131 1395 999 784 861 416 634 221 1552 1000 795 0 662 1654 93 706 623
578 834 1214 850 393 974 571 463 1383 1459 441 662 0 993 614 918 818
1570 750 1999 1549 991 1951 1330 1456 1745 2307 1053 1654 993 0 1599 1699 1684
176 1382 1079 694 853 510 541 221 1600 965 709 93 614 1599 0 624 693
797 1750 1704 185 1289 1081 377 796 2180 611 646 706 918 1699 624 0 1316
519 1158 413 1362 696 469 1146 537 968 1599 1185 623 818 1684 693 1316 0
