0 407 1277 1549 219 594 293 632 1543 1279 1008 198 314 644 1721 795 266
407 0 1567 1902 540 917 115 302 1245 1671 626 509 641 296 2058 1188 471
1277 1567 0 501 1065 1489 1470 1578 2802 714 2182 1092 963 1610 2115 1233 1501
1549 1902 501 0 1365 1576 1794 1972 3090 460 2529 1395 1262 2002 1910 1222 1723
219 540 1065 1365 0 707 429 680 1742 1137 1166 30 103 701 1780 795 477
594 917 1489 1576 707 0 827 1197 1694 1174 1376 711 735 1201 1141 410 450
293 115 1470 1794 429 827 0 371 1333 1556 736 399 531 374 1969 1080 393
632 302 1578 1972 680 1197 371 0 1347 1805 648 652 762 34 2338 1426 762
1543 1245 2802 3090 1742 1694 1333 1347 0 2782 711 1713 1845 1314 2586 2098 1382
1279 1671 714 460 1137 1174 1556 1805 2782 0 2287 1168 1045 1829 1462 791 1400
1008 626 2182 2529 1166 1376 736 648 711 2287 0 1135 1267 614 2457 1726 952
198 509 1092 1395 30 711 399 652 1713 1168 1135 0 133 673 1793 813 461
314 641 963 1262 103 735 531 762 1845 1045 1267 133 0 785 1767 766 560
644 296 1610 2002 701 1201 374 34 1314 1829 614 673 785 0 2343 1439 762
1721 2058 2115 1910 1780 1141 1969 2338 2586 1462 2457 1793 1767 2343 0 1010 1587
795 1188 1233 1222 795 410 1080 1426 2098 791 1726 813 766 1439 1010 0 774
266 471 1501 1723 477 450 393 762 1382 1400 952 461 560 762 1587 774 0
