0 1101 715 1104 1260 307 208 361 1243 604 512 1383 1317 140 1070 1295 860
1101 0 1782 236 2223 1286 1307 769 2260 1619 800 2028 640 985 394 271 1057
715 1782 0 1739 611 738 547 1013 544 677 1211 1599 2030 854 1786 1998 1476
1104 236 1739 0 2128 1334 1312 747 2184 1669 909 2172 877 1009 622 483 1227
1260 2223 611 2128 0 1341 1130 1480 191 1278 1773 2174 2566 1399 2300 2466 2075
307 1286 738 1334 1341 0 240 629 1280 335 543 1083 1362 335 1164 1438 739
208 1307 547 1312 1130 240 0 567 1088 437 665 1302 1488 328 1257 1496 946
361 769 1013 747 1480 629 567 0 1501 953 465 1631 1109 294 827 992 891
1243 2260 544 2184 191 1280 1088 1501 0 1173 1749 2041 2560 1383 2305 2493 2020
604 1619 677 1669 1278 335 437 953 1173 0 853 933 1647 664 1474 1762 941
512 800 1211 909 1773 543 665 465 1749 853 0 1270 826 375 622 911 426
1383 2028 1599 2172 2174 1083 1302 1631 2041 933 1270 0 1735 1358 1720 2051 986
1317 640 2030 877 2566 1362 1488 1109 2560 1647 826 1735 0 1177 298 452 784
140 985 854 1009 1399 335 328 294 1383 664 375 1358 1177 0 933 1167 744
1070 394 1786 622 2300 1164 1257 827 2305 1474 622 1720 298 933 0 330 733
1295 271 1998 483 2466 1438 1496 992 2493 1762 911 2051 452 1167 330 0 1064
860 1057 1476 1227 2075 739 946 891 2020 941 426 986 784 744 733 1064 0
