0 596 845 177 254 80 575 234 258 39 248 833 782 582 485 222 441 743 286 406 810 74 192 719 554 538 35 428 220 313 21 57 730 832 734 573 355 339 174 308 811 783 291 246 459 404 454 390 223 619 408 224 93 636 800 592 443 563 796 363 127 807 767 284 173 753 347 563 62 221 573 116 821 701 629 855 7 28
596 0 738 706 849 596 325 563 561 624 353 266 1036 463 748 422 468 1277 315 860 701 607 404 1196 438 220 596 556 803 736 615 651 919 583 681 671 924 629 714 901 1184 1089 877 640 151 194 171 899 815 1091 1003 622 604 1213 1261 1188 551 1080 440 335 549 869 240 440 580 853 932 1103 573 781 196 530 1410 461 1160 1409 591 571
845 738 0 781 1028 911 417 617 593 883 784 944 1589 303 477 872 411 1084 701 720 1404 912 771 924 335 921 814 1131 1034 661 844 890 1505 1314 1363 304 932 1120 1018 994 766 1608 954 643 779 750 805 1232 936 1462 1138 1036 927 1149 1642 1285 403 918 1178 553 917 235 611 573 975 1483 982 1381 881 846 915 890 1527 1181 995 1234 846 821
177 706 781 0 247 251 601 185 205 190 388 960 927 564 354 388 418 583 393 229 987 240 327 544 544 688 149 605 264 155 157 174 889 1005 911 484 219 508 290 228 636 916 192 138 587 528 588 476 156 701 366 389 261 507 876 535 386 395 960 409 304 699 837 301 346 922 238 602 239 80 720 293 777 872 467 707 184 183
254 849 1028 247 0 260 815 420 443 224 496 1077 754 799 593 448 653 589 540 407 941 247 444 624 776 768 263 561 71 387 238 197 747 1005 857 731 218 430 178 112 785 724 133 384 707 655 699 258 100 468 155 323 256 433 636 339 630 452 1000 608 319 941 1020 513 319 809 168 355 278 194 806 329 566 887 491 671 259 281
80 596 911 251 260 0 617 309 333 61 243 818 703 639 564 187 503 797 302 481 740 13 199 785 610 508 115 356 207 392 95 85 649 774 663 648 404 259 124 338 887 706 330 327 451 401 441 337 260 561 413 143 15 673 743 597 513 624 751 405 62 884 785 342 95 673 385 524 31 282 546 69 814 647 685 901 74 94
575 325 417 601 815 617 0 417 402 614 421 560 1227 142 494 515 212 1099 336 673 990 622 431 984 123 505 556 749 794 560 585 632 1129 896 954 372 810 767 740 827 923 1260 793 485 365 344 392 955 748 1176 958 709 631 1086 1357 1134 291 903 762 212 599 546 281 303 651 1091 839 1137 586 681 498 573 1374 764 987 1244 573 547
234 563 617 185 420 309 417 0 24 271 308 826 1011 380 268 353 233 715 274 298 971 306 256 636 358 594 201 614 418 173 230 274 951 955 905 339 393 554 404 413 660 1016 377 77 469 409 477 615 339 845 550 448 324 674 1025 721 214 517 881 239 334 574 665 126 391 960 422 767 282 264 618 311 963 815 598 852 237 215
258 561 593 205 443 333 402 24 0 295 321 826 1035 359 249 371 212 720 281 298 988 331 272 635 338 602 225 634 442 175 255 299 973 967 923 314 408 576 429 433 650 1040 396 84 473 414 483 640 360 870 571 472 348 686 1049 739 190 522 890 232 357 550 655 121 414 981 439 791 306 282 624 333 982 827 604 859 262 239
39 624 883 190 224 61 614 271 295 0 273 856 751 621 515 234 480 738 318 420 801 50 220 723 594 554 70 417 184 336 41 28 703 833 724 610 346 318 135 288 826 749 276 277 484 431 477 351 206 580 379 199 70 621 761 563 481 563 805 401 121 842 801 324 155 732 331 524 60 221 591 119 788 705 626 845 40 66
248 353 784 388 496 243 421 308 321 273 0 585 810 485 567 93 383 972 86 587 671 254 60 922 453 300 254 348 449 469 268 300 721 646 611 580 595 346 363 557 968 840 537 373 211 158 206 561 471 770 651 295 252 881 948 836 432 782 578 231 200 818 548 241 242 701 593 759 219 454 331 179 1057 506 855 1093 242 225
833 266 944 960 1077 818 560 826 826 856 585 0 1109 702 1012 631 728 1537 567 1124 663 830 642 1461 681 325 838 672 1023 1000 853 884 978 495 676 925 1175 781 925 1142 1449 1179 1122 903 374 433 379 1084 1056 1248 1232 810 823 1463 1405 1415 813 1341 329 601 762 1105 342 706 780 885 1177 1290 799 1033 283 749 1626 426 1420 1667 827 810
782 1036 1589 927 754 703 1227 1011 1035 751 810 1109 0 1294 1266 718 1178 1314 896 1142 533 707 817 1376 1263 826 817 484 695 1081 792 758 135 710 472 1346 972 469 637 863 1537 94 888 1028 902 896 876 505 840 406 801 563 688 1121 436 885 1205 1203 831 1040 680 1585 1276 1019 622 255 918 577 729 918 862 705 941 699 1232 1355 777 796
582 463 303 564 799 639 142 380 359 621 485 702 1294 0 381 576 146 1007 400 589 1104 641 478 879 32 626 556 830 791 490 586 634 1206 1022 1060 237 757 826 755 792 796 1319 754 433 481 448 506 972 719 1199 931 751 653 1017 1381 1097 196 816 895 254 634 405 411 297 691 1180 794 1140 607 640 625 607 1341 886 900 1156 582 556
485 748 477 354 593 564 494 268 249 515 567 1012 1266 381 0 621 288 633 515 243 1237 559 520 497 381 831 449 883 618 205 474 510 1213 1209 1172 179 461 818 637 536 436 1263 495 238 692 636 706 830 494 1055 679 707 578 674 1228 814 204 451 1120 418 598 348 775 335 653 1227 515 946 541 399 847 576 1053 1068 532 783 490 472
222 422 872 388 448 187 515 353 371 234 93 631 718 576 621 0 466 965 179 606 618 200 105 932 544 321 241 268 392 495 244 262 633 618 551 654 577 252 295 523 1001 746 510 406 271 230 258 478 441 681 601 206 192 855 858 784 506 782 574 322 131 894 631 314 158 621 565 681 173 442 359 118 996 483 850 1077 214 207
441 468 411 418 653 503 212 233 212 480 383 728 1178 146 288 466 0 887 304 462 1037 504 362 773 126 585 413 730 646 353 444 491 1098 978 986 212 614 709 615 645 724 1196 608 288 438 391 458 831 572 1060 784 624 518 881 1241 952 84 692 869 165 505 441 489 161 563 1084 649 995 472 495 593 479 1195 839 776 1033 442 416
743 1277 1084 583 589 797 1099 715 720 738 972 1537 1314 1007 633 965 887 0 972 426 1525 784 911 178 1001 1272 724 1140 660 546 721 711 1327 1571 1443 808 392 1016 760 479 416 1265 473 638 1168 1108 1171 811 541 950 512 902 801 209 1063 479 814 197 1539 953 859 887 1369 841 882 1397 424 776 798 522 1303 856 628 1443 117 151 751 757
286 315 701 393 540 302 336 274 281 318 86 567 896 400 515 179 304 972 0 568 736 310 102 907 368 320 282 430 501 445 303 343 806 694 682 508 610 432 426 586 931 925 562 347 197 137 203 632 500 847 694 374 313 898 1026 878 361 777 609 147 270 744 484 179 318 783 616 826 274 467 343 246 1106 553 854 1100 281 259
406 860 720 229 407 481 673 298 298 420 587 1124 1142 589 243 606 462 426 568 0 1214 470 528 338 580 884 375 834 452 124 387 402 1113 1224 1140 419 230 737 508 324 406 1123 285 221 765 705 772 663 309 874 459 618 491 434 1036 576 393 230 1166 530 533 575 943 420 576 1151 290 743 468 223 910 520 813 1087 314 571 413 408
810 701 1404 987 941 740 990 971 988 801 671 663 533 1104 1237 618 1037 1525 736 1214 0 752 716 1525 1073 489 839 385 869 1111 830 825 400 187 85 1245 1134 510 765 1047 1616 623 1051 1024 625 655 599 787 984 835 1059 622 733 1373 936 1207 1098 1362 340 873 682 1479 925 912 648 277 1101 958 748 1022 505 694 1344 246 1418 1612 802 806
74 607 912 240 247 13 622 306 331 50 254 830 707 641 559 200 504 784 310 470 752 0 208 773 613 521 109 367 195 384 86 73 656 787 674 645 391 268 118 325 877 709 316 321 462 412 452 333 246 558 401 151 20 660 740 585 512 611 764 410 76 880 794 344 105 682 371 517 36 269 559 81 803 660 672 888 69 91
192 404 771 327 444 199 431 256 272 220 60 642 817 478 520 105 362 911 102 528 716 208 0 862 447 361 196 373 402 411 211 247 736 700 652 548 535 349 324 499 913 840 479 316 268 212 264 530 414 746 599 278 211 822 926 784 401 721 637 227 169 788 585 208 219 727 534 723 172 393 392 143 1008 562 794 1033 187 168
719 1196 924 544 624 785 984 636 635 723 922 1461 1376 879 497 932 773 178 907 338 1525 773 862 0 877 1221 693 1140 690 462 698 700 1372 1550 1447 664 407 1027 776 513 241 1338 493 560 1104 1043 1110 871 552 1040 589 908 792 347 1172 605 693 172 1500 863 844 719 1262 755 877 1428 457 876 779 503 1248 836 785 1416 162 318 726 727
554 438 335 544 776 610 123 358 338 594 453 681 1263 32 381 544 126 1001 368 580 1073 613 447 877 0 596 529 798 765 476 559 607 1174 992 1029 249 740 795 727 771 803 1288 734 414 451 417 475 944 698 1171 909 721 624 1005 1353 1078 187 808 867 222 604 430 400 270 660 1148 776 1114 579 621 596 577 1321 857 892 1149 554 528
538 220 921 688 768 508 505 594 602 554 300 325 826 626 831 321 585 1272 320 884 489 521 361 1221 596 0 550 358 710 763 559 583 704 396 462 797 892 457 607 843 1252 885 829 665 147 195 126 759 760 925 920 485 512 1174 1087 1101 658 1082 289 423 449 1019 458 496 460 634 884 965 494 752 42 439 1305 260 1156 1391 531 519
35 596 814 149 263 115 556 201 225 70 254 838 817 556 449 241 413 724 282 375 839 109 196 693 529 550 0 460 238 279 30 78 765 856 764 540 341 373 204 305 779 817 283 211 464 407 460 419 219 648 414 259 129 626 829 598 412 541 815 345 159 773 757 260 207 787 338 585 95 202 584 145 830 723 609 841 40 33
428 556 1131 605 561 356 749 614 634 417 348 672 484 830 883 268 730 1140 430 834 385 367 373 1140 798 358 460 0 491 737 448 440 379 448 306 922 749 139 383 664 1239 533 667 657 418 412 392 453 599 581 690 238 348 995 733 853 774 976 477 578 301 1162 794 582 263 353 718 651 366 636 399 315 1021 347 1033 1232 421 428
220 803 1034 264 71 207 794 418 442 184 449 1023 695 791 618 392 646 660 501 452 869 195 402 690 765 710 238 491 0 415 209 163 681 935 786 744 283 359 109 181 842 671 196 395 658 608 648 213 145 437 211 254 200 504 612 391 632 518 934 583 261 963 985 497 254 740 238 349 230 230 749 275 607 820 561 742 223 249
313 736 661 155 387 392 560 173 175 336 469 1000 1081 490 205 495 353 546 445 124 1111 384 411 462 476 763 279 737 415 0 297 324 1039 1111 1039 357 273 652 445 335 505 1071 294 98 642 581 649 628 288 851 479 535 405 528 1023 625 295 348 1047 407 438 554 825 296 486 1066 320 740 374 193 788 421 867 973 431 687 319 309
21 615 844 157 238 95 585 230 255 41 268 853 792 586 474 244 444 721 303 387 830 86 211 698 559 559 30 448 209 297 0 47 743 854 754 569 333 354 174 288 792 790 270 236 479 423 474 388 203 618 391 237 107 615 798 575 442 541 818 374 147 801 782 290 189 769 325 555 81 199 594 137 805 723 607 834 29 43
57 651 890 174 197 85 632 274 299 28 300 884 758 634 510 262 491 711 343 402 825 73 247 700 607 583 78 440 163 324 47 0 716 859 747 612 319 335 130 260 808 753 247 272 512 458 505 342 178 571 352 215 91 593 752 537 487 538 833 420 147 841 824 338 177 748 303 507 89 197 619 146 763 732 600 818 61 85
730 919 1505 889 747 649 1129 951 973 703 721 978 135 1206 1213 633 1098 1327 806 1113 400 656 736 1372 1174 704 765 379 681 1039 743 716 0 575 336 1278 965 396 606 859 1516 223 878 976 791 791 764 519 823 479 819 506 636 1144 546 927 1133 1199 695 952 616 1518 1159 943 560 125 916 634 672 892 739 639 1014 565 1237 1383 724 741
832 583 1314 1005 1005 774 896 955 967 833 646 495 710 1022 1209 618 978 1571 694 1224 187 787 700 1550 992 396 856 448 935 1111 854 859 575 0 239 1191 1178 587 827 1103 1614 797 1101 1017 543 587 521 893 1031 976 1138 681 770 1437 1093 1300 1048 1395 166 814 712 1415 787 874 691 457 1154 1080 774 1053 398 716 1460 140 1459 1671 825 823
734 681 1363 911 857 663 954 905 923 724 611 676 472 1060 1172 551 986 1443 682 1140 85 674 652 1447 1029 462 764 306 786 1039 754 747 336 239 0 1190 1053 427 683 964 1543 558 970 955 589 612 562 702 903 754 974 541 655 1289 860 1122 1042 1282 368 822 607 1426 913 853 569 221 1019 874 672 943 485 619 1259 250 1337 1528 727 732
573 671 304 484 731 648 372 339 314 610 580 925 1346 237 179 654 212 808 508 419 1245 645 548 664 249 797 540 922 744 357 569 612 1278 1191 1190 0 628 882 742 692 561 1354 651 349 651 603 671 950 637 1179 836 784 663 853 1357 981 148 629 1081 376 666 240 648 340 724 1275 678 1087 619 545 805 641 1223 1051 710 959 577 554
355 924 932 219 218 404 810 393 408 346 595 1175 972 757 461 577 614 392 610 230 1134 391 535 407 740 892 341 749 283 273 333 319 965 1178 1053 628 0 628 373 110 572 940 86 326 801 742 800 472 149 664 230 511 408 288 818 353 565 235 1151 626 467 803 1055 516 489 1022 62 520 407 142 926 465 595 1051 284 500 362 373
339 629 1120 508 430 259 767 554 576 318 346 781 469 826 818 252 709 1016 432 737 510 268 349 1027 795 457 373 139 359 652 354 335 396 587 427 882 628 0 255 537 1144 493 543 583 479 457 457 317 478 468 553 119 247 862 633 713 739 859 613 573 220 1122 858 550 166 414 592 519 279 527 499 243 884 485 912 1101 333 347
174 714 1018 290 178 124 740 404 429 135 363 925 637 755 637 295 615 760 426 508 765 118 324 776 727 607 204 383 109 445 174 130 606 827 683 742 373 255 0 281 910 626 288 402 566 520 553 216 224 445 318 145 112 611 626 495 616 607 826 528 165 972 909 457 147 652 336 400 154 286 647 184 700 711 656 848 173 199
308 901 994 228 112 338 827 413 433 288 557 1142 863 792 536 523 645 479 586 324 1047 325 499 513 771 843 305 664 181 335 288 260 859 1103 964 692 110 537 281 0 683 829 41 360 768 711 763 361 85 555 144 425 338 335 713 307 609 340 1089 629 401 884 1054 525 412 921 56 419 349 151 880 405 549 982 379 568 315 331
811 1184 766 636 785 887 923 660 650 826 968 1449 1537 796 436 1001 724 416 931 406 1616 877 913 241 803 1252 779 1239 842 505 792 808 1516 1614 1543 561 572 1144 910 683 0 1510 653 596 1119 1061 1131 1043 696 1234 786 1024 897 584 1379 832 639 370 1540 851 938 540 1203 759 982 1557 632 1080 873 623 1273 924 1024 1475 395 544 818 811
783 1089 1608 916 724 706 1260 1016 1040 749 840 1179 94 1319 1263 746 1196 1265 925 1123 623 709 840 1338 1288 885 817 533 671 1071 790 753 223 797 558 1354 940 493 626 829 1510 0 857 1025 950 939 925 468 816 333 754 573 691 1067 343 822 1217 1166 911 1066 692 1590 1328 1035 633 347 883 510 735 899 923 718 862 777 1189 1298 779 800
291 877 954 192 133 330 793 377 396 276 537 1122 888 754 495 510 608 473 562 285 1051 316 479 493 734 829 283 667 196 294 270 247 878 1101 970 651 86 543 288 41 653 857 0 322 747 690 743 390 69 590 185 429 332 345 751 343 570 321 1080 598 392 843 1024 491 410 936 55 458 336 113 864 394 586 977 368 571 298 312
246 640 643 138 384 327 485 77 84 277 373 903 1028 433 238 406 288 638 347 221 1024 321 316 560 414 665 211 657 395 98 236 272 976 1017 955 349 326 583 402 360 596 1025 322 0 543 483 551 603 294 831 502 470 340 602 1008 664 249 440 950 315 363 571 739 203 416 994 361 738 304 209 690 344 908 878 521 775 252 235
459 151 779 587 707 451 365 469 473 484 211 374 902 481 692 271 438 1168 197 765 625 462 268 1104 451 147 464 418 658 642 479 512 791 543 589 651 801 479 566 768 1119 950 747 543 0 60 27 748 682 939 862 471 458 1089 1111 1047 513 974 431 278 400 872 379 360 429 738 802 951 429 658 156 383 1265 405 1051 1295 453 436
404 194 750 528 655 401 344 409 414 431 158 433 896 448 636 230 391 1108 137 705 655 412 212 1043 417 195 407 412 608 581 423 458 791 587 612 603 742 457 520 711 1061 939 690 483 60 0 70 709 626 908 810 434 409 1030 1082 994 462 914 484 228 354 829 403 302 389 747 745 911 378 600 211 335 1215 447 991 1235 398 380
454 171 805 588 699 441 392 477 483 477 206 379 876 506 706 258 458 1171 203 772 599 452 264 1110 475 126 460 392 648 649 474 505 764 521 562 671 800 457 553 763 1131 925 743 551 27 70 0 731 677 919 854 453 447 1086 1090 1038 531 978 414 296 388 894 403 372 414 711 799 935 421 658 141 372 1253 382 1054 1296 448 431
390 899 1232 476 258 337 955 615 640 351 561 1084 505 972 830 478 831 811 632 663 787 333 530 871 944 759 419 453 213 628 388 342 519 893 702 950 472 317 216 361 1043 468 390 603 748 709 731 0 354 229 300 277 323 624 410 421 829 699 929 743 362 1173 1108 674 320 602 415 206 368 443 801 386 568 800 727 864 390 416
223 815 936 156 100 260 748 339 360 206 471 1056 840 719 494 441 572 541 500 309 984 246 414 552 698 760 219 599 145 288 203 178 823 1031 903 637 149 478 224 85 696 816 69 294 682 626 677 354 0 568 211 362 262 414 736 387 542 382 1010 547 323 842 969 444 340 876 125 452 267 94 796 325 626 907 434 641 230 246
619 1091 1462 701 468 561 1176 845 870 580 770 1248 406 1199 1055 681 1060 950 847 874 835 558 746 1040 1171 925 648 581 437 851 618 571 479 976 754 1179 664 468 445 555 1234 333 590 831 939 908 919 229 568 0 451 475 547 746 181 492 1059 873 1047 965 577 1400 1311 902 528 593 603 178 593 661 967 603 537 911 885 971 618 644
408 1003 1138 366 155 413 958 550 571 379 651 1232 801 931 679 601 784 512 694 459 1059 401 599 589 909 920 414 690 211 479 391 352 819 1138 974 836 230 553 318 144 786 754 185 502 862 810 854 300 211 451 0 459 409 324 593 184 751 422 1144 754 471 1026 1172 655 465 898 169 294 433 293 959 483 416 1027 436 565 413 435
224 622 1036 389 323 143 709 448 472 199 295 810 563 751 707 206 624 902 374 618 622 151 278 908 721 485 259 238 254 535 237 215 506 681 541 784 511 119 145 425 1024 573 429 470 471 434 453 277 362 475 459 0 130 757 652 631 644 742 685 504 118 1021 837 462 60 532 479 483 167 407 527 145 821 567 796 993 218 235
93 604 927 261 256 15 631 324 348 70 252 823 688 653 578 192 518 801 313 491 733 20 211 792 624 512 129 348 200 405 107 91 636 770 655 663 408 247 112 338 897 691 332 340 458 409 447 323 262 547 409 130 0 674 728 591 528 630 750 419 63 898 796 357 85 662 386 512 46 288 550 74 806 645 690 903 88 108
636 1213 1149 507 433 673 1086 674 686 621 881 1463 1121 1017 674 855 881 209 898 434 1373 660 822 347 1005 1174 626 995 504 528 615 593 1144 1437 1289 853 288 862 611 335 584 1067 345 602 1089 1030 1086 624 414 746 324 757 674 0 855 270 821 241 1424 911 736 980 1339 799 747 1222 290 570 682 431 1209 739 439 1317 190 240 643 656
800 1261 1642 876 636 743 1357 1025 1049 761 948 1405 436 1381 1228 858 1241 1063 1026 1036 936 740 926 1172 1353 1087 829 733 612 1023 798 752 546 1093 860 1357 818 633 626 713 1379 343 751 1008 1111 1082 1090 410 736 181 593 652 728 855 0 586 1239 1012 1182 1146 757 1575 1486 1083 707 670 755 299 774 830 1128 784 554 1045 1012 1062 799 825
592 1188 1285 535 339 597 1134 721 739 563 836 1415 885 1097 814 784 952 479 878 576 1207 585 784 605 1078 1101 598 853 391 625 575 537 927 1300 1122 981 353 713 495 307 832 822 343 664 1047 994 1038 421 387 492 184 631 591 270 586 0 911 464 1317 934 653 1152 1355 831 643 1020 305 313 617 457 1141 666 243 1195 443 480 597 619
443 551 403 386 630 513 291 214 190 481 432 813 1205 196 204 506 84 814 361 393 1098 512 401 693 187 658 412 774 632 295 442 487 1133 1048 1042 148 565 739 616 609 639 1217 570 249 513 462 531 829 542 1059 751 644 528 821 1239 911 0 621 945 235 526 387 571 192 584 1128 606 980 483 457 669 500 1155 908 705 962 445 421
563 1080 918 395 452 624 903 517 522 563 782 1341 1203 816 451 782 692 197 777 230 1362 611 721 172 808 1082 541 976 518 348 541 538 1199 1395 1282 629 235 859 607 340 370 1166 321 440 974 914 978 699 382 873 422 742 630 241 1012 464 621 0 1355 755 684 741 1172 643 714 1257 284 713 621 342 1112 679 671 1264 83 340 570 574
796 440 1178 960 1000 751 762 881 890 805 578 329 831 895 1120 574 869 1539 609 1166 340 764 637 1500 867 289 815 477 934 1047 818 833 695 166 368 1081 1151 613 826 1089 1540 911 1080 950 431 484 414 929 1010 1047 1144 685 750 1424 1182 1317 945 1355 0 710 688 1296 629 785 680 587 1135 1128 744 1017 276 686 1497 137 1425 1651 789 782
363 335 553 409 608 405 212 239 232 401 231 601 1040 254 418 322 165 953 147 530 873 410 227 863 222 423 345 578 583 407 374 420 952 814 822 376 626 573 528 629 851 1066 598 315 278 228 296 743 547 965 754 504 419 911 1146 934 235 755 710 0 390 605 428 112 444 930 647 925 374 489 434 363 1171 674 837 1091 361 335
127 549 917 304 319 62 599 334 357 121 200 762 680 634 598 131 505 859 270 533 682 76 169 844 604 449 159 301 261 438 147 147 616 712 607 666 467 220 165 401 938 692 392 363 400 354 388 362 323 577 471 118 63 736 757 653 526 684 688 390 0 905 748 344 58 631 447 559 65 342 488 27 865 584 747 964 120 129
807 869 235 699 941 884 546 574 550 842 818 1105 1585 405 348 894 441 887 744 575 1479 880 788 719 430 1019 773 1162 963 554 801 841 1518 1415 1426 240 803 1122 972 884 540 1590 843 571 872 829 894 1173 842 1400 1026 1021 898 980 1575 1152 387 741 1296 605 905 0 793 580 963 1515 860 1295 856 747 1022 880 1386 1276 810 1035 811 789
767 240 611 837 1020 785 281 665 655 801 548 342 1276 411 775 631 489 1369 484 943 925 794 585 1262 400 458 757 794 985 825 782 824 1159 787 913 648 1055 858 909 1054 1203 1328 1024 739 379 403 403 1108 969 1311 1172 837 796 1339 1486 1355 571 1172 629 428 748 793 0 539 788 1092 1075 1307 758 917 429 725 1587 680 1255 1512 763 739
284 440 573 301 513 342 303 126 121 324 241 706 1019 297 335 314 161 841 179 420 912 344 208 755 270 496 260 582 497 296 290 338 943 874 853 340 516 550 457 525 759 1035 491 203 360 302 372 674 444 902 655 462 357 799 1083 831 192 643 785 112 344 580 539 0 401 935 539 845 311 381 514 317 1071 733 725 979 284 258
173 580 975 346 319 95 651 391 414 155 242 780 622 691 653 158 563 882 318 576 648 105 219 877 660 460 207 263 254 486 189 177 560 691 569 724 489 166 147 412 982 633 410 416 429 389 414 320 340 528 465 60 85 747 707 643 584 714 680 444 58 963 788 401 0 580 463 522 112 373 501 84 845 569 772 980 166 180
753 853 1483 922 809 673 1091 960 981 732 701 885 255 1180 1227 621 1084 1397 783 1151 277 682 727 1428 1148 634 787 353 740 1066 769 748 125 457 221 1275 1022 414 652 921 1557 347 936 994 738 747 711 602 876 593 898 532 662 1222 670 1020 1128 1257 587 930 631 1515 1092 935 580 0 978 739 692 936 665 651 1123 463 1301 1463 746 759
347 932 982 238 168 385 839 422 439 331 593 1177 918 794 515 565 649 424 616 290 1101 371 534 457 776 884 338 718 238 320 325 303 916 1154 1019 678 62 592 336 56 632 883 55 361 802 745 799 415 125 603 169 479 386 290 755 305 606 284 1135 647 447 860 1075 539 463 978 0 458 392 158 920 450 548 1031 323 517 353 368
563 1103 1381 602 355 524 1137 767 791 524 759 1290 577 1140 946 681 995 776 826 743 958 517 723 876 1114 965 585 651 349 740 555 507 634 1080 874 1087 520 519 400 419 1080 510 458 738 951 911 935 206 452 178 294 483 512 570 299 313 980 713 1128 925 559 1295 1307 845 522 739 458 0 554 547 1007 581 386 996 717 793 564 590
62 573 881 239 278 31 586 282 306 60 219 799 729 607 541 173 472 798 274 468 748 36 172 779 579 494 95 366 230 374 81 89 672 774 672 619 407 279 154 349 873 735 336 304 429 378 421 368 267 593 433 167 46 682 774 617 483 621 744 374 65 856 758 311 112 692 392 554 0 278 531 58 837 645 685 906 55 68
221 781 846 80 194 282 681 264 282 221 454 1033 918 640 399 442 495 522 467 223 1022 269 393 503 621 752 202 636 230 193 199 197 892 1053 943 545 142 527 286 151 623 899 113 209 658 600 658 443 94 661 293 407 288 431 830 457 457 342 1017 489 342 747 917 381 373 936 158 547 278 0 785 336 700 922 408 639 228 235
573 196 915 720 806 546 498 618 624 591 331 283 862 625 847 359 593 1303 343 910 505 559 392 1248 596 42 584 399 749 788 594 619 739 398 485 805 926 499 647 880 1273 923 864 690 156 211 141 801 796 967 959 527 550 1209 1128 1141 669 1112 276 434 488 1022 429 514 501 665 920 1007 531 785 0 477 1346 268 1187 1425 566 553
116 530 890 293 329 69 573 311 333 119 179 749 705 607 576 118 479 856 246 520 694 81 143 836 577 439 145 315 275 421 137 146 639 716 619 641 465 243 184 405 924 718 394 344 383 335 372 386 325 603 483 145 74 739 784 666 500 679 686 363 27 880 725 317 84 651 450 581 58 336 477 0 881 586 743 964 109 113
821 1410 1527 777 566 814 1374 963 982 788 1057 1626 941 1341 1053 996 1195 628 1106 813 1344 803 1008 785 1321 1305 830 1021 607 867 805 763 1014 1460 1259 1223 595 884 700 549 1024 862 586 908 1265 1215 1253 568 626 537 416 821 806 439 554 243 1155 671 1497 1171 865 1386 1587 1071 845 1123 548 386 837 700 1346 881 0 1368 630 571 825 848
701 461 1181 872 887 647 764 815 827 705 506 426 699 886 1068 483 839 1443 553 1087 246 660 562 1416 857 260 723 347 820 973 723 732 565 140 250 1051 1051 485 711 982 1475 777 977 878 405 447 382 800 907 911 1027 567 645 1317 1045 1195 908 1264 137 674 584 1276 680 733 569 463 1031 996 645 922 268 586 1368 0 1330 1548 693 690
629 1160 995 467 491 685 987 598 604 626 855 1420 1232 900 532 850 776 117 854 314 1418 672 794 162 892 1156 609 1033 561 431 607 600 1237 1459 1337 710 284 912 656 379 395 1189 368 521 1051 991 1054 727 434 885 436 796 690 190 1012 443 705 83 1425 837 747 810 1255 725 772 1301 323 717 685 408 1187 743 630 1330 0 257 637 643
855 1409 1234 707 671 901 1244 852 859 845 1093 1667 1355 1156 783 1077 1033 151 1100 571 1612 888 1033 318 1149 1391 841 1232 742 687 834 818 1383 1671 1528 959 500 1101 848 568 544 1298 571 775 1295 1235 1296 864 641 971 565 993 903 240 1062 480 962 340 1651 1091 964 1035 1512 979 980 1463 517 793 906 639 1425 964 571 1548 257 0 863 873
7 591 846 184 259 74 573 237 262 40 242 827 777 582 490 214 442 751 281 413 802 69 187 726 554 531 40 421 223 319 29 61 724 825 727 577 362 333 173 315 818 779 298 252 453 398 448 390 230 618 413 218 88 643 799 597 445 570 789 361 120 811 763 284 166 746 353 564 55 228 566 109 825 693 637 863 0 26
28 571 821 183 281 94 547 215 239 66 225 810 796 556 472 207 416 757 259 408 806 91 168 727 528 519 33 428 249 309 43 85 741 823 732 554 373 347 199 331 811 800 312 235 436 380 431 416 246 644 435 235 108 656 825 619 421 574 782 335 129 789 739 258 180 759 368 590 68 235 553 113 848 690 643 873 26 0
