0 273 523 800 129 125 29 1518 317 205 1649 232 1578 400 1159 829 313
273 0 735 892 363 365 286 1732 590 395 1687 368 1484 127 1275 1085 243
523 735 0 446 396 398 496 999 375 341 1283 707 2084 849 707 827 580
800 892 446 0 684 691 771 1011 790 598 861 1027 2362 963 386 1274 657
129 363 396 684 0 8 100 1393 259 87 1541 343 1705 487 1036 813 310
125 365 398 691 8 0 97 1395 253 95 1548 336 1700 490 1042 805 317
29 286 496 771 100 97 0 1492 305 176 1622 258 1607 414 1130 829 302
1518 1732 999 1011 1393 1395 1492 0 1287 1340 1220 1673 3031 1840 759 1390 1550
317 590 375 790 259 253 305 1287 0 303 1646 392 1747 718 1082 562 570
205 395 341 598 87 95 176 1340 303 0 1453 429 1783 512 953 865 283
1649 1687 1283 861 1541 1548 1622 1220 1646 1453 0 1880 3171 1724 620 2086 1444
232 368 707 1027 343 336 258 1673 392 429 1880 0 1377 471 1378 754 516
1578 1484 2084 2362 1705 1700 1607 3031 1747 1783 3171 1377 0 1451 2735 1799 1728
400 127 849 963 487 490 414 1840 718 512 1724 471 1451 0 1350 1206 307
1159 1275 707 386 1036 1042 1130 759 1082 953 620 1378 2735 1350 0 1476 1043
829 1085 827 1274 813 805 829 1390 562 865 2086 754 1799 1206 1476 0 1122
313 243 580 657 310 317 302 1550 570 283 1444 516 1728 307 1043 1122 0
