0 376 717 883 83 374 1102 1524 1092 1623 988 539 549 291 1049 446
376 0 647 1125 460 476 788 1192 1019 1874 865 418 916 310 1177 765
717 647 0 780 762 1040 1332 1067 382 2332 275 229 1168 890 1751 1146
883 1125 780 0 847 1242 1913 1843 890 2117 952 868 926 1174 1807 1070
83 460 762 847 0 395 1175 1602 1129 1570 1035 599 469 345 1032 385
374 476 1040 1242 395 0 913 1652 1423 1402 1294 829 629 166 714 403
1102 788 1332 1913 1175 913 0 1223 1638 2103 1454 1124 1538 848 1277 1316
1524 1192 1067 1843 1602 1652 1223 0 1058 3052 918 1064 2070 1492 2296 1952
1092 1019 382 890 1129 1423 1638 1058 0 2690 187 604 1500 1272 2132 1507
1623 1874 2332 2117 1570 1402 2103 3052 2690 0 2606 2162 1216 1565 828 1186
988 865 275 952 1035 1294 1454 918 187 2606 0 464 1442 1137 2008 1420
539 418 229 868 599 829 1124 1064 604 2162 464 0 1045 673 1543 983
549 916 1168 926 469 629 1538 2070 1500 1216 1442 1045 0 700 925 242
291 310 890 1174 345 166 848 1492 1272 1565 1137 673 700 0 876 503
1049 1177 1751 1807 1032 714 1277 2296 2132 828 2008 1543 925 876 0 738
446 765 1146 1070 385 403 1316 1952 1507 1186 1420 983 242 503 738 0
