0 133 1477 858 971 630 1717 1657 1139 847 607 368 1217 1377 644 137 968
133 0 1517 990 950 684 1615 1604 1184 721 740 235 1149 1392 731 107 1055
1477 1517 0 1365 2448 2031 1755 3121 340 1665 1492 1588 1130 294 1947 1409 2203
858 990 1365 0 1522 979 2375 2263 1078 1657 307 1219 1750 1443 810 941 943
971 950 2448 1522 0 546 2313 741 2109 1343 1217 985 2014 2341 733 1054 828
630 684 2031 979 546 0 2274 1285 1691 1324 679 845 1833 1973 192 757 424
1717 1615 1755 2375 2313 2274 0 2644 1669 973 2245 1428 670 1460 2345 1580 2668
1657 1604 3121 2263 741 1285 2644 0 2789 1757 1959 1561 2510 2980 1467 1712 1497
1139 1184 340 1078 2109 1691 1669 2789 0 1408 1171 1272 1004 371 1611 1077 1875
847 721 1665 1657 1343 1324 973 1757 1408 0 1445 496 767 1431 1420 729 1735
607 740 1492 307 1217 679 2245 1959 1171 1445 0 976 1661 1512 522 715 717
368 235 1588 1219 985 845 1428 1561 1272 496 976 0 1034 1423 927 283 1245
1217 1149 1130 1750 2014 1833 670 2510 1004 767 1661 1034 0 842 1861 1081 2184
1377 1392 294 1443 2341 1973 1460 2980 371 1431 1512 1423 842 0 1916 1287 2198
644 731 1947 810 733 192 2345 1467 1611 1420 522 927 1861 1916 0 781 324
137 107 1409 941 1054 757 1580 1712 1077 729 715 283 1081 1287 781 0 1106
968 1055 2203 943 828 424 2668 1497 1875 1735 717 1245 2184 2198 324 1106 0
