0 706 813 229 578 1714 915 338 549 857 252 1153 899 884 1729 664
706 0 1062 559 922 1124 1535 810 1239 1440 456 1813 301 1103 1146 683
813 1062 0 979 1392 2182 784 1151 1131 1558 868 1093 1360 1697 1517 393
229 559 979 0 460 1495 1144 270 689 892 154 1376 699 738 1663 747
578 922 1392 460 0 1561 1345 242 645 583 613 1497 929 310 2067 1203
1714 1124 2182 1495 1561 0 2617 1624 2137 2138 1481 2868 840 1498 1543 1793
915 1535 784 1144 1345 2617 0 1135 770 1189 1136 312 1783 1638 2271 1055
338 810 1151 270 242 1624 1135 0 513 629 420 1316 894 551 1931 981
549 1239 1131 689 645 2137 770 513 0 444 785 866 1382 903 2275 1138
857 1440 1558 892 583 2138 1189 629 444 0 1032 1218 1498 693 2555 1511
252 456 868 154 613 1481 1136 420 785 1032 0 1392 653 883 1523 604
1153 1813 1093 1376 1497 2868 312 1316 866 1218 1392 0 2045 1768 2584 1366
899 301 1360 699 929 840 1783 894 1382 1498 653 2045 0 1026 1247 984
884 1103 1697 738 310 1498 1638 551 903 693 883 1768 1026 0 2241 1485
1729 1146 1517 1663 2067 1543 2271 1931 2275 2555 1523 2584 1247 2241 0 1223
664 683 393 747 1203 1793 1055 981 1138 1511 604 1366 984 1485 1223 0
