0 102 28 183 495 249 269 19 223 543 36 114 285 186 578 270 235 297 638 530 41 597 0 166 802 89 656 646 13 637 737 305 776 466 128 615 275 445 572 764 450 804 707 552 434 70 68 570 624 38 672 97 514 186 520 582 164 180 432 171 261 350 765 492 264 122 454 688 40 670 747 288 374 462 724 474 247 390
102 0 93 182 530 173 329 101 165 445 137 210 250 287 601 373 150 230 671 458 101 583 103 139 748 173 758 709 114 537 785 256 857 368 41 583 218 343 480 797 487 905 780 574 357 95 58 471 700 134 724 179 509 211 426 483 168 215 451 130 285 433 662 595 188 212 501 766 98 659 761 355 462 435 798 460 190 490
28 93 0 205 474 254 297 46 196 524 59 117 257 195 605 285 237 271 666 503 66 620 29 138 774 81 667 675 41 630 719 319 803 448 126 587 287 433 550 742 479 812 697 528 409 90 46 552 615 65 655 88 486 160 518 576 186 207 459 184 237 377 754 505 240 149 435 715 12 642 774 316 371 482 714 496 220 410
183 182 205 0 678 158 189 164 347 570 186 275 432 316 419 365 172 408 491 628 141 415 183 316 927 267 745 549 180 575 919 148 722 497 155 765 139 430 623 947 310 908 876 733 526 114 212 590 790 172 853 276 684 364 429 511 18 68 269 73 441 324 722 575 364 176 637 626 217 837 579 221 531 280 893 291 371 438
495 530 474 678 0 701 718 515 433 727 498 427 354 447 1053 506 673 450 1098 537 537 1093 495 403 610 416 674 1042 499 960 262 786 1091 674 572 374 749 744 690 268 915 729 353 87 521 564 478 759 318 512 215 408 202 320 907 928 660 668 916 654 246 721 1032 600 477 559 71 1027 462 300 1227 721 317 956 371 970 425 630
249 173 254 158 701 0 347 236 295 426 273 362 391 426 522 496 33 333 603 525 220 450 249 300 835 335 883 694 255 419 958 106 876 358 132 706 63 276 488 965 439 1040 951 740 422 191 230 442 869 263 897 342 660 383 281 356 163 226 377 96 455 482 564 714 287 307 674 780 263 803 660 379 623 293 968 333 316 587
269 329 297 189 718 347 0 253 486 754 244 292 554 280 336 274 361 557 381 787 239 430 268 435 1070 314 607 380 257 760 928 310 535 680 319 884 317 618 801 978 196 778 839 788 687 234 330 775 749 234 857 321 773 443 609 695 188 124 215 259 512 141 909 441 517 162 662 441 309 930 512 33 490 353 853 328 511 290
19 101 46 164 515 236 253 0 235 546 38 126 301 193 559 274 224 308 620 540 22 578 19 181 816 106 661 632 19 631 756 288 766 469 121 632 260 443 577 783 433 811 723 571 444 51 78 572 639 33 690 114 532 205 510 574 145 161 414 155 281 340 761 496 273 114 473 677 58 688 728 274 388 443 740 455 259 389
223 165 196 347 433 295 486 235 0 361 256 282 95 364 766 461 263 75 836 306 247 737 224 71 585 235 820 866 237 539 696 397 1000 288 194 420 355 322 368 686 652 948 737 456 214 253 156 391 667 262 644 234 364 161 473 500 333 378 616 289 203 573 634 671 57 346 424 912 189 507 925 508 471 583 755 615 25 596
543 445 524 570 727 426 754 546 361 0 579 631 392 714 941 808 401 301 1025 239 546 827 544 431 514 585 1179 1118 557 286 979 516 1290 76 440 506 481 166 87 934 866 1309 1067 715 207 535 478 31 1007 579 941 587 574 521 344 294 567 630 801 497 545 874 309 1025 304 657 742 1195 522 653 1063 784 831 676 1085 730 350 934
36 137 59 186 498 273 244 38 256 579 0 92 313 155 563 236 262 331 620 563 53 596 35 196 831 82 622 618 22 669 734 319 743 503 159 639 293 480 608 766 432 773 693 560 469 83 103 606 608 13 667 91 531 200 548 613 167 170 421 188 273 317 799 458 299 90 453 656 68 687 734 261 354 466 709 474 280 354
114 210 117 275 427 362 292 126 282 631 92 0 312 83 625 179 349 355 673 580 145 677 113 211 824 46 552 643 107 747 651 411 742 555 241 617 385 549 649 691 488 695 601 496 495 175 159 660 516 104 583 47 488 169 634 693 256 248 489 280 227 325 870 394 334 131 375 661 114 644 799 299 262 554 618 557 301 315
285 250 257 432 354 391 554 301 95 392 313 312 0 388 850 484 358 97 916 274 317 830 286 119 518 268 817 931 297 606 616 492 1051 329 284 334 449 390 378 598 730 932 677 368 205 330 226 424 615 321 568 265 269 152 557 574 417 455 700 379 154 627 686 680 124 403 356 966 246 413 1012 573 448 677 696 707 77 625
186 287 195 316 447 426 280 193 364 714 155 83 388 0 616 97 417 437 654 659 207 694 185 293 893 129 471 598 175 823 647 461 678 638 313 678 441 629 731 701 475 618 569 524 576 235 240 742 480 163 577 129 538 239 703 767 299 273 491 337 283 276 949 311 417 144 387 601 194 692 791 277 219 584 584 579 382 236
578 601 605 419 1053 522 336 559 766 941 563 625 850 616 0 597 552 826 88 1040 539 216 578 732 1344 641 852 282 570 841 1264 424 508 878 574 1184 461 779 1008 1314 141 1024 1165 1120 937 522 625 953 1075 551 1193 649 1092 763 680 775 433 398 150 482 837 391 996 708 781 493 998 424 618 1248 175 340 821 291 1177 230 791 560
270 373 285 365 506 496 274 274 461 808 236 179 484 97 597 0 491 534 623 756 282 705 270 390 986 226 388 537 258 904 678 514 594 732 394 766 500 716 828 745 456 545 567 588 673 307 331 836 478 241 606 226 619 334 776 846 351 309 489 402 372 222 1035 222 513 191 440 523 286 769 771 261 225 613 580 598 480 141
235 150 237 172 673 33 361 224 263 401 262 349 358 417 552 491 0 300 632 492 210 483 236 271 802 318 879 716 243 415 931 140 894 332 111 672 97 257 461 937 465 1034 930 710 390 184 209 420 850 253 872 325 628 357 286 355 173 238 405 102 428 492 556 711 253 306 648 798 244 770 692 393 608 327 948 366 283 589
297 230 271 408 450 333 557 308 75 301 331 355 97 437 826 534 300 0 899 232 319 782 298 144 519 308 888 937 311 510 712 439 1074 234 252 372 396 294 299 689 717 1011 773 459 139 322 229 333 709 336 665 308 347 221 466 479 396 445 676 344 244 648 590 742 46 420 453 986 263 477 980 580 530 626 792 663 54 670
638 671 666 491 1098 603 381 620 836 1025 620 673 916 654 88 623 632 899 0 1117 601 294 638 797 1418 694 840 220 628 929 1299 509 442 961 646 1250 544 865 1091 1355 187 1009 1185 1170 1014 586 690 1038 1097 608 1227 702 1151 820 768 864 503 461 226 557 892 405 1085 707 855 543 1041 365 678 1307 164 377 849 380 1197 318 861 565
530 458 503 628 537 525 787 540 306 239 563 580 274 659 1040 756 492 232 1117 0 550 970 530 371 313 534 1089 1167 543 523 770 630 1307 231 474 267 588 353 169 712 939 1196 889 506 103 552 462 264 842 568 742 532 357 426 552 522 618 672 891 559 417 880 540 954 269 652 568 1218 495 416 1185 811 714 812 907 857 283 895
41 101 66 141 537 220 239 22 247 546 53 145 317 207 539 282 210 319 601 550 0 555 42 197 830 127 670 619 40 621 778 267 758 470 113 650 240 437 581 805 414 824 744 594 452 30 91 572 660 43 713 136 553 227 497 563 122 141 393 135 303 333 753 504 282 111 496 668 79 708 707 261 407 421 761 432 272 392
597 583 620 415 1093 450 430 578 737 827 596 677 830 694 216 705 483 782 294 970 555 0 598 723 1282 678 1017 498 593 675 1329 343 725 775 546 1154 386 661 905 1361 291 1190 1263 1148 869 529 624 833 1174 582 1260 687 1092 779 521 614 433 429 222 452 856 535 827 859 736 553 1049 638 632 1242 248 449 913 157 1278 123 760 705
0 103 29 183 495 249 268 19 224 544 35 113 286 185 578 270 236 298 638 530 42 598 0 167 803 88 655 646 13 638 737 305 776 467 129 616 276 446 573 763 450 804 707 552 435 70 69 571 623 37 671 96 514 186 521 582 164 180 432 172 261 349 765 491 265 122 454 688 40 670 747 287 374 462 724 475 248 389
166 139 138 316 403 300 435 181 71 431 196 211 119 293 732 390 271 144 797 371 197 723 167 0 635 164 749 813 179 593 663 393 938 357 178 452 353 379 440 665 611 878 685 439 283 211 107 461 612 203 606 164 369 100 513 550 300 336 583 270 159 512 697 599 127 286 383 852 128 521 896 455 404 574 703 599 89 526
802 748 774 927 610 835 1070 816 585 514 831 824 518 893 1344 986 802 519 1418 313 830 1282 803 635 0 783 1262 1449 815 795 762 941 1567 532 771 237 899 657 427 665 1236 1336 944 539 413 838 739 528 925 839 764 779 411 656 852 808 915 963 1194 861 614 1145 767 1154 563 921 668 1484 764 342 1494 1090 881 1125 959 1169 559 1128
89 173 81 267 416 335 314 106 235 585 82 46 268 129 641 226 318 308 694 534 127 678 88 164 783 0 596 676 87 708 652 394 783 509 208 580 364 507 602 683 507 736 618 479 448 157 118 614 535 96 585 8 459 132 600 656 248 251 501 260 198 362 828 440 287 151 371 700 75 616 813 325 289 547 635 556 254 361
656 758 667 745 674 883 607 661 820 1179 622 552 817 471 852 388 879 888 840 1089 670 1017 655 749 1262 596 0 663 644 1292 704 891 573 1104 782 1026 883 1100 1187 812 730 173 495 760 1021 695 711 1209 435 629 643 593 855 668 1164 1234 732 682 794 788 673 482 1421 169 876 576 606 561 665 975 1005 580 382 959 497 930 834 317
646 709 675 549 1042 694 380 632 866 1118 618 643 931 598 282 537 716 937 220 1167 619 498 646 813 1449 676 663 0 634 1072 1209 620 226 1047 695 1256 646 969 1172 1282 264 824 1065 1122 1066 614 710 1136 980 609 1137 682 1132 808 911 1005 555 496 348 623 871 322 1227 556 897 529 977 145 685 1287 373 358 755 544 1074 486 891 438
13 114 41 180 499 255 257 19 237 557 22 107 297 175 570 258 243 311 628 543 40 593 13 179 815 87 644 634 0 648 739 307 763 480 138 626 279 457 586 767 440 794 704 558 448 70 82 583 620 24 673 96 522 193 529 592 161 173 425 174 268 336 776 480 278 109 456 675 51 679 739 275 369 460 721 471 261 377
637 537 630 575 960 419 760 631 539 286 669 747 606 823 841 904 415 510 929 523 621 675 638 593 795 708 1292 1072 648 0 1221 458 1274 302 510 788 443 217 370 1191 808 1442 1276 964 470 598 590 267 1205 663 1175 713 835 694 161 66 582 644 726 515 742 899 155 1126 487 721 961 1177 634 931 923 793 990 550 1294 611 541 1005
737 785 719 919 262 958 928 756 696 979 734 651 616 647 1264 678 931 712 1299 770 778 1329 737 663 762 652 704 1209 739 1221 0 1037 1214 930 827 552 1002 1006 933 120 1122 694 226 265 771 807 730 1010 268 748 72 643 413 574 1170 1191 900 899 1137 903 504 900 1286 693 739 779 284 1166 708 420 1439 924 454 1200 235 1208 688 773
305 256 319 148 786 106 310 288 397 516 319 411 492 461 424 514 140 439 509 630 267 343 305 393 941 394 891 620 307 458 1037 0 816 453 215 812 43 356 584 1053 358 1056 1012 830 528 236 307 529 927 306 974 402 759 465 301 391 163 209 286 134 541 451 611 721 392 324 752 720 330 905 556 343 672 187 1029 227 419 582
776 857 803 722 1091 876 535 766 1000 1290 743 742 1051 678 508 594 894 1074 442 1307 758 725 776 938 1567 783 573 226 763 1274 1214 816 0 1215 852 1357 836 1151 1335 1303 475 709 1039 1176 1211 761 845 1311 961 738 1145 787 1214 912 1115 1207 723 659 562 794 962 426 1427 522 1040 654 1022 96 811 1364 583 505 779 763 1044 706 1023 461
466 368 448 497 674 358 680 469 288 76 503 555 329 638 878 732 332 234 961 231 470 775 467 357 532 509 1104 1047 480 302 930 453 1215 0 364 489 416 125 131 893 797 1236 1007 668 168 459 401 104 944 502 889 511 535 450 321 292 494 556 735 424 479 798 358 949 231 581 684 1121 445 629 1005 709 759 621 1025 673 280 857
128 41 126 155 572 132 319 121 194 440 159 241 284 313 574 394 111 252 646 474 113 546 129 178 771 208 782 695 138 510 827 215 852 364 0 615 176 325 482 838 465 932 820 615 372 95 98 464 739 153 765 214 547 252 392 454 144 199 423 94 326 433 640 617 208 221 543 760 133 696 730 347 497 396 837 423 219 505
615 583 587 765 374 706 884 632 420 506 639 617 334 678 1184 766 672 372 1250 267 650 1154 616 452 237 580 1026 1256 626 788 552 812 1357 489 615 0 769 603 435 472 1064 1098 716 309 326 664 560 532 691 649 542 574 173 448 799 781 751 789 1034 709 394 942 807 922 419 727 431 1278 575 153 1345 900 646 999 732 1034 396 907
275 218 287 139 749 63 317 260 355 481 293 385 449 441 461 500 97 396 544 588 240 386 276 353 899 364 883 646 279 443 1002 43 836 416 176 769 0 325 547 1015 387 1045 983 791 486 210 272 496 899 281 939 372 717 429 292 378 150 206 319 105 503 457 593 713 349 309 717 740 297 862 597 350 647 230 1000 269 377 577
445 343 433 430 744 276 618 443 322 166 480 549 390 629 779 716 257 294 865 353 437 661 446 379 657 507 1100 969 457 217 1006 356 1151 125 325 603 325 0 246 980 712 1243 1059 751 276 419 389 174 990 476 958 511 628 479 198 186 430 495 643 359 525 748 321 938 270 546 743 1056 435 736 897 650 781 510 1077 565 324 830
572 480 550 623 690 488 801 577 368 87 608 649 378 731 1008 828 461 299 1091 169 581 905 573 440 427 602 1187 1172 586 370 933 584 1335 131 482 435 547 246 0 880 926 1309 1038 668 174 574 504 102 984 609 901 602 522 520 431 381 617 678 865 549 532 914 371 1040 314 691 713 1242 546 586 1136 830 826 751 1056 804 353 959
764 797 742 947 268 965 978 783 686 934 766 691 598 701 1314 745 937 689 1355 712 805 1361 763 665 665 683 812 1282 767 1191 120 1053 1303 893 838 472 1015 980 880 0 1174 812 346 230 728 832 745 963 379 779 169 675 359 587 1155 1166 928 935 1181 921 512 966 1243 787 723 822 315 1249 730 327 1489 978 528 1224 355 1238 674 852
450 487 479 310 915 439 196 433 652 866 432 488 730 475 141 456 465 717 187 939 414 291 450 611 1236 507 730 264 440 808 1122 358 475 797 465 1064 387 712 926 1174 0 903 1023 984 837 400 503 882 934 420 1051 514 963 632 646 741 321 274 87 381 704 255 963 578 673 357 859 380 491 1119 316 198 679 289 1036 236 677 426
804 905 812 908 729 1040 778 811 948 1309 773 695 932 618 1024 545 1034 1011 1009 1196 824 1190 804 878 1336 736 173 824 794 1442 694 1056 709 1236 932 1098 1045 1243 1309 812 903 0 469 809 1138 850 854 1340 437 781 645 732 925 789 1320 1386 894 847 968 947 780 655 1565 337 1005 735 667 712 809 1025 1174 751 483 1131 464 1103 959 488
707 780 697 876 353 951 839 723 737 1067 693 601 677 569 1165 567 930 773 1185 889 744 1263 707 685 944 618 495 1065 704 1276 226 1012 1039 1007 820 716 983 1059 1038 346 1023 469 0 406 865 775 721 1099 89 706 188 610 551 586 1197 1235 858 841 1054 879 533 780 1364 519 789 713 324 1002 688 607 1338 828 350 1152 18 1149 736 628
552 574 528 733 87 740 788 571 456 715 560 496 368 524 1120 588 710 459 1170 506 594 1148 552 439 539 479 760 1122 558 964 265 830 1176 668 615 309 791 751 668 230 984 809 406 0 507 619 526 745 386 573 239 471 150 369 925 937 715 730 980 702 292 800 1023 688 492 627 158 1111 516 217 1293 794 405 1006 423 1025 443 715
434 357 409 526 521 422 687 444 214 207 469 495 205 576 937 673 390 139 1014 103 452 869 435 283 413 448 1021 1066 448 470 771 528 1211 168 372 326 486 276 174 728 837 1138 865 507 0 453 366 238 809 473 734 447 369 353 473 457 516 571 788 456 359 784 516 879 170 557 540 1121 402 462 1082 712 654 711 883 756 193 810
70 95 90 114 564 191 234 51 253 535 83 175 330 235 522 307 184 322 586 552 30 529 70 211 838 157 695 614 70 598 807 236 761 459 95 664 210 419 574 832 400 850 775 619 453 0 103 559 690 72 742 166 573 250 470 539 96 125 373 105 327 339 733 527 283 126 524 670 103 727 687 259 437 392 792 406 278 410
68 58 46 212 478 230 330 78 156 478 103 159 226 240 625 331 209 229 690 462 91 624 69 107 739 118 711 710 82 590 730 307 845 401 98 560 272 389 504 745 503 854 721 526 366 103 0 505 641 106 668 123 471 158 484 537 195 229 477 176 234 418 711 551 196 191 445 756 45 625 790 352 404 480 739 501 181 456
570 471 552 590 759 442 775 572 391 31 606 660 424 742 953 836 420 333 1038 264 572 833 571 461 528 614 1209 1136 583 267 1010 529 1311 104 464 532 496 174 102 963 882 1340 1099 745 238 559 505 0 1039 605 973 616 604 552 339 281 588 651 815 517 577 897 279 1054 334 683 774 1216 550 680 1071 806 861 683 1117 739 381 961
624 700 615 790 318 869 749 639 667 1007 608 516 615 480 1075 478 850 709 1097 842 660 1174 623 612 925 535 435 980 620 1205 268 927 961 944 739 691 899 990 984 379 934 437 89 386 809 690 641 1039 0 620 210 527 520 512 1121 1162 772 753 965 795 466 691 1299 439 722 625 274 921 606 598 1248 738 261 1064 103 1060 669 542
38 134 65 172 512 263 234 33 262 579 13 104 321 163 551 241 253 336 608 568 43 582 37 203 839 96 629 609 24 663 748 306 738 502 153 649 281 476 609 779 420 781 706 573 473 72 106 605 620 0 681 104 543 212 540 606 153 156 407 176 286 311 794 463 303 84 467 650 75 699 721 251 366 452 722 460 285 356
672 724 655 853 215 897 857 690 644 941 667 583 568 577 1193 606 872 665 1227 742 713 1260 671 606 764 585 643 1137 673 1175 72 974 1145 889 765 542 939 958 901 169 1051 645 188 239 734 742 668 973 210 681 0 577 389 514 1117 1142 834 831 1067 839 447 828 1247 624 690 710 223 1095 644 423 1368 853 382 1133 201 1140 637 701
97 179 88 276 408 342 321 114 234 587 91 47 265 129 649 226 325 308 702 532 136 687 96 164 779 8 593 682 96 713 643 402 787 511 214 574 372 511 602 675 514 732 610 471 447 166 123 616 527 104 577 0 452 126 606 661 257 260 509 268 191 367 832 438 288 159 362 705 81 609 822 332 282 556 627 565 253 363
514 509 486 684 202 660 773 532 364 574 531 488 269 538 1092 619 628 347 1151 357 553 1092 514 369 411 459 855 1132 522 835 413 759 1214 535 547 173 717 628 522 359 963 925 551 150 369 573 471 604 520 543 389 452 0 330 812 814 667 694 946 640 261 811 884 759 387 611 257 1140 474 156 1260 785 478 943 568 969 346 757
186 211 160 364 320 383 443 205 161 521 200 169 152 239 763 334 357 221 820 426 227 779 186 100 656 132 668 808 193 694 574 465 912 450 252 448 429 479 520 587 632 789 586 369 353 250 158 552 512 212 514 126 330 0 612 650 346 366 618 334 76 493 795 528 219 282 291 830 147 487 933 456 309 638 604 656 170 475
520 426 518 429 907 281 609 510 473 344 548 634 557 703 680 776 286 466 768 552 497 521 521 513 852 600 1164 911 529 161 1170 301 1115 321 392 799 292 198 431 1155 646 1320 1197 925 473 470 484 339 1121 540 1117 606 812 612 0 95 438 498 565 376 671 750 317 995 432 588 895 1018 524 929 768 642 888 389 1215 451 482 866
582 483 576 511 928 356 695 574 500 294 613 693 574 767 775 846 355 479 864 522 563 614 582 550 808 656 1234 1005 592 66 1191 391 1207 292 454 781 378 186 381 1166 741 1386 1235 937 457 539 537 281 1162 606 1142 661 814 650 95 0 519 580 660 452 703 834 222 1067 452 661 924 1111 581 919 862 728 941 485 1253 546 505 943
164 168 186 18 660 163 188 145 333 567 167 256 417 299 433 351 173 396 503 618 122 433 164 300 915 248 732 555 161 582 900 163 723 494 144 751 150 430 617 928 321 894 858 715 516 96 195 588 772 153 834 257 667 346 438 519 0 64 283 71 423 319 727 562 352 160 618 628 199 821 595 219 513 299 874 310 358 428
180 215 207 68 668 226 124 161 378 630 170 248 455 273 398 309 238 445 461 672 141 429 180 336 963 251 682 496 173 644 899 209 659 556 199 789 206 495 678 935 274 847 841 730 571 125 229 651 753 156 831 260 694 366 498 580 64 0 252 135 441 255 790 512 403 128 621 565 220 850 566 155 492 311 856 309 403 372
432 451 459 269 916 377 215 414 616 801 421 489 700 491 150 489 405 676 226 891 393 222 432 583 1194 501 794 348 425 726 1137 286 562 735 423 1034 319 643 865 1181 87 968 1054 980 788 373 477 815 965 407 1067 509 946 618 565 660 283 252 0 332 693 312 882 636 631 358 865 468 472 1101 314 229 705 201 1068 150 641 483
171 130 184 73 654 96 259 155 289 497 188 280 379 337 482 402 102 344 557 559 135 452 172 270 861 260 788 623 174 515 903 134 794 424 94 709 105 359 549 921 381 947 879 702 456 105 176 517 795 176 839 268 640 334 376 452 71 135 332 0 410 390 657 619 299 212 619 699 195 790 636 291 542 305 896 329 313 490
261 285 237 441 246 455 512 281 203 545 273 227 154 283 837 372 428 244 892 417 303 856 261 159 614 198 673 871 268 742 504 541 962 479 326 394 503 525 532 512 704 780 533 292 359 327 234 577 466 286 447 191 261 76 671 703 423 441 693 410 0 551 833 545 256 350 224 884 224 418 1008 523 297 714 552 732 202 513
350 433 377 324 721 482 141 340 573 874 317 325 627 276 391 222 492 648 405 880 333 535 349 512 1145 362 482 322 336 899 900 451 426 798 433 942 457 748 914 966 255 655 780 800 784 339 418 897 691 311 828 367 811 493 750 834 319 255 312 390 551 0 1046 324 614 227 657 339 385 966 560 109 447 482 791 449 597 171
765 662 754 722 1032 564 909 761 634 309 799 870 686 949 996 1035 556 590 1085 540 753 827 765 697 767 828 1421 1227 776 155 1286 611 1427 358 640 807 593 321 371 1243 963 1565 1364 1023 516 733 711 279 1299 794 1247 832 884 795 317 222 727 790 882 657 833 1046 0 1257 578 858 1042 1331 756 957 1075 942 1100 705 1382 766 630 1143
492 595 505 575 600 714 441 496 671 1025 458 394 680 311 708 222 711 742 707 954 504 859 491 599 1154 440 169 556 480 1126 693 721 522 949 617 922 713 938 1040 787 578 337 519 688 879 527 551 1054 439 463 624 438 759 528 995 1067 562 512 636 619 545 324 1257 0 726 407 529 483 506 894 870 415 283 794 526 767 687 153
264 188 240 364 477 287 517 273 57 304 299 334 124 417 781 513 253 46 855 269 282 736 265 127 563 287 876 897 278 487 739 392 1040 231 208 419 349 270 314 723 673 1005 789 492 170 283 196 334 722 303 690 288 387 219 432 452 352 403 631 299 256 614 578 726 0 387 473 950 234 521 934 542 528 580 808 616 53 646
122 212 149 176 559 307 162 114 346 657 90 131 403 144 493 191 306 420 543 652 111 553 122 286 921 151 576 529 109 721 779 324 654 581 221 727 309 546 691 822 357 735 713 627 557 126 191 683 625 84 710 159 611 282 588 661 160 128 358 212 350 227 858 407 387 0 506 566 158 768 667 174 363 440 728 436 370 284
454 501 435 637 71 674 662 473 424 742 453 375 356 387 998 440 648 453 1041 568 496 1049 454 383 668 371 606 977 456 961 284 752 1022 684 543 431 717 743 713 315 859 667 324 158 540 524 445 774 274 467 223 362 257 291 895 924 618 621 865 619 224 657 1042 529 473 506 0 959 424 369 1173 663 246 917 343 927 420 561
688 766 715 626 1027 780 441 677 912 1195 656 661 966 601 424 523 798 986 365 1218 668 638 688 852 1484 700 561 145 675 1177 1166 720 96 1121 760 1278 740 1056 1242 1249 380 712 1002 1111 1121 670 756 1216 921 650 1095 705 1140 830 1018 1111 628 565 468 699 884 339 1331 483 950 566 959 0 724 1292 517 412 721 669 1009 614 936 398
40 98 12 217 462 263 309 58 189 522 68 114 246 194 618 286 244 263 678 495 79 632 40 128 764 75 665 685 51 634 708 330 811 445 133 575 297 435 546 730 491 809 688 516 402 103 45 550 606 75 644 81 474 147 524 581 199 220 472 195 224 385 756 506 234 158 424 724 0 630 786 327 364 494 705 509 212 413
670 659 642 837 300 803 930 688 507 653 687 644 413 692 1248 769 770 477 1307 416 708 1242 670 521 342 616 975 1287 679 931 420 905 1364 629 696 153 862 736 586 327 1119 1025 607 217 462 727 625 680 598 699 423 609 156 487 929 919 821 850 1101 790 418 966 957 894 521 768 369 1292 630 0 1415 941 610 1090 622 1119 486 904
747 761 774 579 1227 660 512 728 925 1063 734 799 1012 791 175 771 692 980 164 1185 707 248 747 896 1494 813 1005 373 739 923 1439 556 583 1005 730 1345 597 897 1136 1489 316 1174 1338 1293 1082 687 790 1071 1248 721 1368 822 1260 933 768 862 595 566 314 636 1008 560 1075 870 934 667 1173 517 786 1415 0 515 995 387 1350 332 949 725
288 355 316 221 721 379 33 274 508 784 261 299 573 277 340 261 393 580 377 811 261 449 287 455 1090 325 580 358 275 793 924 343 505 709 347 900 350 650 830 978 198 751 828 794 712 259 352 806 738 251 853 332 785 456 642 728 219 155 229 291 523 109 942 415 542 174 663 412 327 941 515 0 481 380 841 352 533 263
374 462 371 531 317 623 490 388 471 831 354 262 448 219 821 225 608 530 849 714 407 913 374 404 881 289 382 755 369 990 454 672 779 759 497 646 647 781 826 528 679 483 350 405 654 437 404 861 261 366 382 282 478 309 888 941 513 492 705 542 297 447 1100 283 528 363 246 721 364 610 995 481 0 804 365 799 480 323
462 435 482 280 956 293 353 443 583 676 466 554 677 584 291 613 327 626 380 812 421 157 462 574 1125 547 959 544 460 550 1200 187 763 621 396 999 230 510 751 1224 289 1131 1152 1006 711 392 480 683 1064 452 1133 556 943 638 389 485 299 311 201 305 714 482 705 794 580 440 917 669 494 1090 387 380 804 0 1168 61 606 642
724 798 714 893 371 968 853 740 755 1085 709 618 696 584 1177 580 948 792 1197 907 761 1278 724 703 959 635 497 1074 721 1294 235 1029 1044 1025 837 732 1000 1077 1056 355 1036 464 18 423 883 792 739 1117 103 722 201 627 568 604 1215 1253 874 856 1068 896 552 791 1382 526 808 728 343 1009 705 622 1350 841 365 1168 0 1164 754 639
474 460 496 291 970 333 328 455 615 730 474 557 707 579 230 598 366 663 318 857 432 123 475 599 1169 556 930 486 471 611 1208 227 706 673 423 1034 269 565 804 1238 236 1103 1149 1025 756 406 501 739 1060 460 1140 565 969 656 451 546 310 309 150 329 732 449 766 767 616 436 927 614 509 1119 332 352 799 61 1164 0 638 614
247 190 220 371 425 316 511 259 25 350 280 301 77 382 791 480 283 54 861 283 272 760 248 89 559 254 834 891 261 541 688 419 1023 280 219 396 377 324 353 674 677 959 736 443 193 278 181 381 669 285 637 253 346 170 482 505 358 403 641 313 202 597 630 687 53 370 420 936 212 486 949 533 480 606 754 638 0 616
390 490 410 438 630 587 290 389 596 934 354 315 625 236 560 141 589 670 565 895 392 705 389 526 1128 361 317 438 377 1005 773 582 461 857 505 907 577 830 959 852 426 488 628 715 810 410 456 961 542 356 701 363 757 475 866 943 428 372 483 490 513 171 1143 153 646 284 561 398 413 904 725 263 323 642 639 614 616 0
