0 1718 205 1381 1035 325 663 880 631 899 555 104 1610 541 1672 723
1718 0 1834 3038 841 1816 2110 1046 1566 2017 2257 1679 1480 1249 2754 2417
205 1834 0 1220 1204 494 788 910 835 719 426 168 1547 599 1810 583
1381 3038 1220 0 2416 1477 1483 2040 1896 1233 832 1386 2365 1788 2250 663
1035 841 1204 2416 0 1035 1290 831 731 1650 1589 1036 1655 768 1927 1758
325 1816 494 1477 1035 0 359 1123 418 1213 664 428 1910 783 1349 823
663 2110 788 1483 1290 359 0 1481 569 1498 777 767 2266 1142 1022 896
880 1046 910 2040 831 1123 1481 0 1127 971 1327 798 873 342 2400 1469
631 1566 835 1896 731 418 569 1127 0 1511 1080 706 1988 836 1285 1241
899 2017 719 1233 1650 1213 1498 971 1511 0 860 809 1132 882 2519 899
555 2257 426 832 1589 664 777 1327 1080 860 0 578 1880 1025 1742 169
104 1679 168 1386 1036 428 767 798 706 809 578 0 1508 467 1776 741
1610 1480 1547 2365 1655 1910 2266 873 1988 1132 1880 1508 0 1157 3239 1971
541 1249 599 1788 768 783 1142 342 836 882 1025 467 1157 0 2083 1178
1672 2754 1810 2250 1927 1349 1022 2400 1285 2519 1742 1776 3239 2083 0 1815
723 2417 583 663 1758 823 896 1469 1241 899 169 741 1971 1178 1815 0
