0 872 1723 1058 1446 457 263 921 1237 851 1294 135 945 732 467 447 1568
872 0 1913 387 2271 1223 736 936 863 1621 1868 780 1810 1604 1327 631 2439
1723 1913 0 2297 2681 1422 1522 2571 2721 1369 867 1818 2126 1843 1916 1440 2268
1058 387 2297 0 2325 1477 1007 729 507 1883 2199 935 1933 1773 1461 953 2602
1446 2271 2681 2325 0 1379 1684 1758 2225 1312 1873 1502 572 867 985 1873 746
457 1223 1422 1477 1379 0 486 1369 1693 406 856 592 809 519 493 625 1280
263 736 1522 1007 1684 486 0 1057 1289 887 1213 306 1157 909 699 189 1730
921 936 2571 729 1758 1369 1057 0 467 1737 2215 794 1499 1442 1110 1135 2195
1237 863 2721 507 2225 1693 1289 467 0 2087 2500 1101 1944 1856 1523 1302 2639
851 1621 1369 1883 1312 406 887 1737 2087 0 601 987 764 501 704 1005 1002
1294 1868 867 2199 1873 856 1213 2215 2500 601 0 1423 1352 1102 1282 1246 1402
135 780 1818 935 1502 592 306 794 1101 987 1423 0 1030 840 548 463 1675
945 1810 2126 1933 572 809 1157 1499 1944 764 1352 1030 0 294 482 1341 696
732 1604 1843 1773 867 519 909 1442 1856 501 1102 840 294 0 333 1085 835
467 1327 1916 1461 985 493 699 1110 1523 704 1282 548 482 333 0 888 1142
447 631 1440 953 1873 625 189 1135 1302 1005 1246 463 1341 1085 888 0 1896
1568 2439 2268 2602 746 1280 1730 2195 2639 1002 1402 1675 696 835 1142 1896 0
