0 1359 795 312 57 795 349 85 148 1717 76 1324 1514 1339 627 900
1359 0 1769 1671 1359 571 1697 1444 1462 3067 1420 1918 2852 2437 772 900
795 1769 0 735 741 1323 663 764 662 1785 825 604 1665 667 1252 1631
312 1671 735 0 314 1108 79 227 229 1416 261 1328 1222 1145 936 1167
57 1359 741 314 0 801 339 98 114 1729 121 1267 1530 1296 643 937
795 571 1323 1108 801 0 1140 880 909 2496 853 1618 2281 1978 210 531
349 1697 663 79 339 1140 0 266 235 1411 312 1260 1227 1067 977 1228
85 1444 764 227 98 880 266 0 102 1635 62 1315 1434 1279 711 971
148 1462 662 229 114 909 235 102 0 1642 163 1215 1450 1190 756 1048
1717 3067 1785 1416 1729 2496 1411 1635 1642 0 1651 2309 243 1565 2303 2396
76 1420 825 261 121 853 312 62 163 1651 0 1371 1444 1340 675 917
1324 1918 604 1328 1267 1618 1260 1315 1215 2309 1371 0 2220 864 1620 2041
1514 2852 1665 1222 1530 2281 1227 1434 1450 243 1444 2220 0 1537 2084 2161
1339 2437 667 1145 1296 1978 1067 1279 1190 1565 1340 864 1537 0 1885 2231
627 772 1252 936 643 210 977 711 756 2303 675 1620 2084 1885 0 429
900 900 1631 1167 937 531 1228 971 1048 2396 917 2041 2161 2231 429 0
