0 1187 204 1293 693 1694 1105 342 1725 980 1158 762 1243 1155 446 986
1187 0 1294 106 513 2777 94 1527 865 1399 476 1920 1698 1949 1293 1958
204 1294 0 1400 830 1721 1219 335 1896 1178 1323 626 1068 1297 271 786
1293 106 1400 0 615 2874 192 1633 817 1470 504 2026 1780 2032 1396 2060
693 513 830 615 0 2267 423 1026 1091 999 518 1448 1499 1482 900 1567
1694 2777 1721 2874 2267 0 2683 1387 2978 1620 2544 1366 2589 1016 1944 1856
1105 94 1219 192 423 2683 0 1443 862 1308 416 1844 1677 1854 1232 1901
342 1527 335 1633 1026 1387 1443 0 2015 1052 1462 489 1341 1025 582 864
1725 865 1896 817 1091 2978 862 2015 0 1369 575 2484 2530 1995 1991 2655
980 1399 1178 1470 999 1620 1308 1052 1369 0 1023 1520 2213 625 1424 1907
1158 476 1323 504 518 2544 416 1462 575 1023 0 1921 1992 1625 1417 2080
762 1920 626 2026 1448 1366 1844 489 2484 1520 1921 0 1225 1362 709 514
1243 1698 1068 1780 1499 2589 1677 1341 2530 2213 1992 1225 0 2357 799 795
1155 1949 1297 2032 1482 1016 1854 1025 1995 625 1625 1362 2357 0 1568 1847
446 1293 271 1396 900 1944 1232 582 1991 1424 1417 709 799 1568 0 671
986 1958 786 2060 1567 1856 1901 864 2655 1907 2080 514 795 1847 671 0
