0 1216 1165 1091 1496 1680 3 212 646 346 1724 784 249 1307 241 447
1216 0 1512 2228 2553 2799 1213 1378 1748 1178 1106 435 1460 1942 1318 1096
1165 1512 0 1309 2511 2601 1167 1067 1729 820 1100 1229 1287 487 967 1545
1091 2228 1309 0 1523 1485 1095 886 1093 1051 2334 1798 926 1014 918 1485
1496 2553 2511 1523 0 323 1497 1486 852 1789 3221 2179 1279 2419 1594 1456
1680 2799 2601 1485 323 0 1681 1632 1058 1939 3392 2407 1443 2449 1738 1707
3 1213 1167 1095 1497 1681 0 216 646 348 1724 782 251 1310 245 443
212 1378 1067 886 1486 1632 216 0 665 306 1762 942 220 1142 107 650
646 1748 1729 1093 852 1058 646 665 0 955 2370 1349 446 1737 771 672
346 1178 820 1051 1789 1939 348 306 955 0 1457 753 511 1004 201 745
1724 1106 1100 2334 3221 3392 1724 1762 2370 1457 0 1186 1950 1577 1658 1881
784 435 1229 1798 2179 2407 782 942 1349 753 1186 0 1031 1606 884 739
249 1460 1287 926 1279 1443 251 220 446 511 1950 1031 0 1340 325 559
1307 1942 487 1014 2419 2449 1310 1142 1737 1004 1577 1606 1340 0 1069 1742
241 1318 967 918 1594 1738 245 107 771 201 1658 884 325 1069 0 688
447 1096 1545 1485 1456 1707 443 650 672 745 1881 739 559 1742 688 0
