0 74 733 713 138 659 121 457 335 678 734 725 438 244 78 9 392 644 146 301 711 730 120 732 779 453 774 457 185 370 845 79 386 679 692 471 478 43 395 742 719 671 745 360 242 339 273 760 736 633 145 291 53 678 422 392 340 377 611 578 71 586 392 324 817 263 679 195 233 814 769 639 219 395 347 293 53 516 123 45 374 129 720 70 680 421 62 84 212 778 38 302 32 731 207 423 301 636 680 597 532 592 247 802 23 166 332 596 648 335 524 31 65 637 207 457
74 0 765 659 137 687 195 466 394 609 793 693 512 301 107 82 428 598 220 227 641 689 164 693 739 443 848 520 115 359 917 143 336 690 729 491 474 45 454 670 729 712 818 306 246 403 336 834 674 672 112 330 62 697 430 466 414 425 557 565 16 528 378 277 769 301 639 203 226 865 818 681 263 354 421 259 44 589 195 76 390 98 705 70 729 363 129 112 229 847 35 375 78 669 150 497 226 679 745 672 462 666 182 830 71 125 380 522 605 339 594 68 70 687 195 394
733 765 0 1410 870 1300 711 1164 896 1296 349 1457 733 857 662 735 1041 1360 709 918 1058 1453 822 1459 1504 1182 747 936 776 491 1040 662 696 222 1290 287 401 770 420 1310 229 1252 730 1065 533 490 524 765 950 1233 873 954 786 1347 1133 685 673 987 1311 1307 749 834 498 1042 1529 934 682 567 965 270 211 1220 887 644 675 1023 722 819 655 778 385 686 1451 803 1220 1113 679 656 537 1070 751 609 765 957 913 736 906 152 460 760 1148 701 768 1429 757 890 417 1124 1369 458 895 765 798 1167 596 1131
713 659 1410 0 602 768 798 555 828 252 1448 257 1063 768 767 716 706 111 817 497 710 153 685 193 190 441 1425 940 634 942 1376 793 781 1294 868 1125 1056 670 1108 364 1328 890 1397 353 877 1051 985 1402 867 842 569 691 662 704 545 1040 997 771 102 413 674 812 946 390 137 683 1039 844 537 1525 1477 877 698 833 1003 435 704 1100 830 676 1025 726 415 645 957 297 776 771 876 1264 683 990 690 854 509 1046 512 1337 1386 1221 318 1239 651 859 693 547 1040 452 137 956 1059 685 651 950 813 281
138 137 870 602 0 551 196 329 303 606 852 591 482 213 214 135 300 523 215 280 730 603 87 601 650 315 839 434 232 495 858 209 467 815 599 609 607 108 515 688 855 586 810 259 374 453 389 820 786 543 61 207 88 560 293 449 401 310 501 440 151 646 514 214 696 181 774 328 95 939 898 556 154 489 408 168 164 542 233 92 511 235 582 72 609 326 192 220 348 773 131 388 105 779 136 466 287 769 784 645 473 652 300 695 114 80 464 569 524 468 528 106 76 572 330 372
659 687 1300 768 551 0 613 257 404 934 1145 558 621 451 733 651 270 657 607 783 1230 653 538 619 663 359 913 401 781 1029 723 693 1018 1308 104 1092 1131 648 882 1049 1348 139 893 634 896 811 777 880 1316 107 599 370 628 86 289 645 639 313 710 354 699 1187 1051 591 763 396 1326 849 481 1269 1251 144 443 1041 639 538 703 584 672 622 1007 780 411 617 219 678 682 740 858 593 671 693 629 1308 640 609 797 1165 1027 715 865 765 848 143 639 604 891 1010 630 986 504 635 618 241 866 731
121 195 711 798 196 613 0 452 243 787 658 776 316 165 153 112 344 719 25 420 830 796 120 792 841 478 658 352 305 431 725 92 490 695 630 479 523 156 326 857 735 602 628 452 295 260 200 642 848 570 235 248 152 647 422 272 220 308 697 602 192 696 456 409 891 225 766 251 275 752 714 569 177 490 227 364 169 395 58 135 393 234 746 164 600 517 89 158 252 662 159 193 124 844 309 301 421 595 587 477 645 474 365 753 127 258 294 716 718 378 407 133 158 552 284 559
457 466 1164 555 329 257 452 0 333 689 1075 404 589 322 535 452 173 445 455 530 973 472 347 448 499 115 936 413 545 823 833 512 783 1134 340 922 934 436 766 801 1174 349 911 376 700 695 646 908 1064 300 364 219 415 240 36 589 562 248 481 184 480 939 843 334 585 233 1093 652 242 1184 1154 330 277 811 566 282 492 594 509 414 828 564 315 400 408 422 496 542 669 715 458 592 424 1055 393 573 544 1044 977 727 610 761 609 392 435 364 746 753 425 793 535 429 403 396 658 476
335 394 896 828 303 404 243 333 0 888 756 728 255 93 391 325 166 728 227 583 1029 780 233 763 815 414 608 131 509 674 563 335 722 916 399 701 762 348 478 980 957 366 582 533 538 407 376 582 1068 340 365 137 333 457 318 259 240 95 736 516 399 921 699 481 889 147 1008 494 310 874 851 333 151 728 242 419 388 272 296 318 625 463 648 331 357 599 329 397 494 471 364 289 317 1063 439 240 590 761 649 399 766 428 576 534 326 383 491 872 717 619 234 327 329 309 526 651
678 609 1296 252 606 934 787 689 888 0 1393 497 1089 809 709 684 804 323 810 393 466 401 693 439 442 577 1443 1014 541 808 1452 753 617 1149 1026 1009 913 636 1058 119 1180 1038 1414 355 776 1012 945 1426 630 990 555 759 635 885 668 1054 1004 855 241 598 619 598 805 407 380 742 833 755 578 1450 1396 1019 741 672 1011 469 651 1145 802 653 915 645 640 623 1095 289 738 711 789 1353 641 978 664 617 478 1072 401 1248 1354 1252 150 1257 532 1046 664 531 972 218 355 839 1122 656 628 1077 713 237
734 793 349 1448 852 1145 658 1075 756 1393 0 1432 525 753 687 731 920 1375 644 1000 1263 1454 778 1450 1500 1126 414 747 852 666 730 655 869 545 1109 473 628 777 339 1435 564 1065 403 1095 632 398 463 438 1191 1058 878 856 786 1209 1051 500 515 851 1346 1245 780 1052 685 1058 1548 844 957 642 933 137 155 1036 806 826 513 1020 748 585 619 771 526 748 1387 802 1015 1155 672 684 608 786 765 484 758 1195 940 536 992 231 137 486 1242 424 872 1256 754 900 420 1261 1376 602 669 762 796 964 691 1188
725 693 1457 257 591 558 776 404 728 497 1432 0 981 694 795 725 576 176 789 608 928 108 656 67 104 315 1336 817 711 1030 1233 800 909 1377 662 1184 1148 687 1102 615 1414 692 1310 417 937 1036 976 1309 1069 649 584 598 672 483 411 973 938 650 264 222 709 988 1041 424 207 601 1198 896 502 1528 1488 686 631 955 943 434 735 996 821 681 1083 781 164 654 767 397 783 800 923 1111 706 951 695 1057 552 965 625 1361 1349 1127 515 1157 750 627 702 568 1055 667 145 1026 939 693 660 772 879 418
438 512 733 1063 482 621 316 589 255 1089 525 981 0 295 452 429 420 969 291 736 1142 1028 395 1014 1066 666 362 222 621 662 419 388 779 809 584 610 717 472 326 1167 846 540 334 739 540 273 288 340 1144 533 535 384 466 689 574 59 106 345 966 772 508 991 689 690 1134 384 1018 510 527 654 642 511 364 767 99 634 484 98 330 448 565 538 904 474 495 807 395 455 492 384 476 177 439 1142 613 17 737 584 406 163 953 176 676 730 443 558 392 1032 961 592 162 448 469 443 558 854
244 301 857 768 213 451 165 322 93 809 753 694 295 0 305 234 184 674 156 492 936 735 140 722 773 380 657 222 416 594 646 253 631 857 464 641 688 255 448 897 897 437 629 455 459 376 333 634 975 404 274 103 239 491 298 279 244 142 672 494 306 828 619 404 840 93 921 413 235 862 833 404 70 639 249 344 297 337 223 225 558 373 634 238 439 522 245 311 416 560 271 269 224 970 350 278 498 729 658 453 682 472 483 589 233 294 442 783 666 543 315 234 235 393 441 572
78 107 662 767 214 733 153 535 391 709 687 795 452 305 0 83 465 705 175 319 689 794 195 798 844 530 768 505 179 295 869 64 337 601 762 395 400 108 349 762 641 739 738 413 165 304 237 756 697 703 211 364 125 755 501 400 348 444 665 654 93 545 318 384 877 336 616 117 309 758 710 707 290 337 355 361 62 539 122 122 296 86 796 143 744 471 63 6 134 812 88 295 111 693 258 439 314 572 645 605 559 591 226 876 101 228 273 604 711 257 558 108 138 698 136 500
9 82 735 716 135 651 112 452 325 684 731 725 429 234 83 0 384 646 137 309 720 731 112 732 779 450 766 447 194 377 836 77 396 683 684 475 484 47 392 749 723 662 737 363 248 335 269 752 745 625 147 283 54 671 417 383 331 369 614 575 80 596 399 327 819 255 688 201 230 812 768 630 211 404 339 294 62 507 117 43 378 138 718 71 671 426 60 90 217 768 46 295 29 741 211 414 309 636 675 589 539 584 256 794 23 168 331 604 650 341 514 31 66 627 215 462
392 428 1041 706 300 270 344 173 166 804 920 576 420 184 465 384 0 599 339 563 1019 638 271 617 668 269 763 241 531 760 671 423 764 1039 301 823 861 386 629 908 1079 286 739 459 627 558 517 735 1084 244 355 100 367 306 166 425 404 75 621 357 438 946 783 408 750 128 1067 580 254 1036 1010 256 174 782 407 345 439 421 402 358 737 517 485 357 314 518 412 471 588 559 408 445 364 1077 413 404 574 912 815 554 701 589 600 412 374 366 627 827 583 716 363 371 358 283 599 574
644 598 1360 111 523 657 719 445 728 323 1375 176 969 674 705 646 599 0 736 468 753 102 602 128 155 332 1331 837 591 907 1271 724 765 1259 757 1079 1024 603 1037 442 1295 778 1303 295 829 976 912 1307 898 731 499 591 592 594 437 950 908 667 87 303 614 825 915 321 172 586 1042 793 450 1459 1414 765 605 814 914 355 642 1001 755 604 978 674 318 575 846 254 706 710 823 1157 618 907 618 886 448 952 485 1278 1306 1125 341 1146 619 751 623 479 976 492 32 913 956 615 580 840 767 260
146 220 709 817 215 607 25 455 227 810 644 789 291 156 175 137 339 736 0 445 855 812 134 806 856 487 634 332 330 446 700 112 512 701 619 484 535 181 316 881 741 590 605 473 311 247 191 618 871 560 256 245 177 644 426 247 196 298 716 610 217 719 472 429 908 224 785 268 289 740 705 557 178 511 203 382 194 370 68 158 401 257 754 187 585 539 112 179 266 638 184 172 149 868 332 276 446 589 569 452 669 449 389 745 151 280 292 741 735 391 384 157 182 536 303 581
301 227 918 497 280 783 420 530 583 393 1000 608 736 492 319 309 563 468 445 0 455 569 355 587 623 458 1075 714 148 444 1131 369 300 796 849 631 559 264 666 444 831 843 1046 194 389 623 557 1061 534 797 218 482 270 769 496 692 640 586 403 555 235 413 449 211 625 457 597 363 310 1058 1006 816 434 347 647 249 265 807 422 288 533 251 672 263 877 214 356 321 397 1051 262 603 296 525 150 720 17 859 964 897 242 893 153 922 293 201 579 296 486 461 802 287 267 844 324 216
711 641 1058 710 730 1230 830 973 1029 466 1263 928 1142 936 689 720 1019 753 855 455 0 847 796 880 894 885 1446 1158 526 598 1555 753 396 862 1302 801 659 686 975 389 881 1298 1417 601 650 959 901 1438 173 1251 670 936 698 1207 941 1090 1038 1040 665 957 640 225 580 639 844 910 437 659 765 1276 1215 1271 884 436 1045 692 661 1226 811 715 737 603 1042 698 1333 572 747 687 687 1488 675 982 719 160 605 1128 445 1064 1271 1294 413 1277 465 1364 712 655 870 261 783 661 1235 709 701 1299 605 529
730 689 1453 153 603 653 796 472 780 401 1454 108 1028 735 794 731 638 102 812 569 847 0 677 41 53 369 1388 879 689 1006 1306 809 867 1357 756 1174 1124 690 1119 516 1394 783 1361 391 924 1056 993 1362 996 738 585 645 677 582 472 1014 975 710 184 303 704 926 1015 411 112 644 1145 887 522 1543 1500 774 668 916 980 437 732 1052 837 689 1073 769 271 660 856 355 791 799 916 1187 706 980 702 984 540 1011 586 1366 1380 1180 439 1205 719 730 708 566 1062 586 84 1010 1001 700 665 856 863 362
120 164 822 685 87 538 120 347 233 693 778 656 395 140 195 112 271 602 134 355 796 677 0 672 722 361 752 362 277 490 777 164 499 788 572 575 595 119 446 773 828 552 723 346 359 380 320 733 837 513 141 171 101 560 314 362 315 261 584 485 172 692 512 299 773 143 797 312 155 872 834 520 100 512 321 249 168 457 168 89 482 246 629 98 565 413 150 201 325 697 138 305 93 832 219 379 360 712 704 558 558 565 345 681 103 163 407 649 600 451 447 101 96 523 328 459
732 693 1459 193 601 619 792 448 763 439 1450 67 1014 722 798 732 617 128 806 587 880 41 672 0 51 350 1372 859 700 1019 1281 809 887 1369 723 1182 1137 692 1116 555 1406 751 1346 403 933 1052 990 1346 1027 707 587 630 678 546 451 1002 965 690 215 274 710 953 1028 418 143 630 1169 894 517 1541 1500 743 657 934 970 438 737 1034 834 689 1081 777 231 661 825 373 791 803 922 1161 710 973 703 1015 547 997 604 1368 1372 1163 470 1190 734 693 709 569 1063 619 102 1020 981 700 666 827 873 385
779 739 1504 190 650 663 841 499 815 442 1500 104 1066 773 844 779 668 155 856 623 894 53 722 51 0 401 1423 910 741 1059 1331 857 920 1410 767 1225 1176 738 1165 554 1446 796 1397 443 976 1101 1039 1397 1045 753 634 681 725 588 502 1053 1016 741 235 322 755 978 1067 462 105 682 1197 938 567 1590 1548 790 708 969 1021 485 782 1085 883 736 1124 820 265 708 871 408 839 849 967 1210 756 1023 750 1033 591 1049 639 1415 1423 1215 489 1242 772 731 756 615 1111 633 137 1062 1032 748 713 874 915 415
453 443 1182 441 315 359 478 115 414 577 1126 315 666 380 530 450 269 332 487 458 885 369 361 350 401 0 1022 510 502 802 939 520 734 1131 449 925 918 423 803 691 1170 462 996 284 688 735 679 996 988 413 332 282 404 323 104 658 624 340 366 125 459 871 819 249 480 286 1043 643 220 1228 1192 444 320 768 629 212 478 684 530 408 826 541 268 387 522 320 503 536 664 824 445 642 420 978 338 650 474 1073 1038 813 506 842 560 483 429 325 769 654 314 781 632 422 391 511 639 372
774 848 747 1425 839 913 658 936 608 1443 414 1336 362 657 768 766 763 1331 634 1075 1446 1388 752 1372 1423 1022 0 530 946 894 327 709 1059 907 847 763 907 813 489 1515 935 799 29 1098 802 489 544 34 1419 809 888 742 811 992 925 390 439 688 1328 1121 841 1267 920 1050 1495 745 1240 788 888 545 570 778 726 1033 432 995 813 342 653 793 765 851 1247 821 731 1165 721 768 760 412 812 473 782 1419 965 379 1074 602 286 209 1303 186 992 990 784 912 594 1369 1322 821 412 791 816 687 841 1211
457 520 936 940 434 401 352 413 131 1014 747 817 222 222 505 447 241 837 332 714 1158 879 362 859 910 510 530 0 636 774 439 444 841 984 362 773 853 475 517 1109 1024 320 507 659 640 452 439 500 1193 310 496 256 460 472 407 255 263 170 851 597 524 1044 801 607 990 272 1118 599 437 875 861 290 281 843 261 545 510 189 397 444 708 583 717 460 283 724 442 510 593 340 489 333 442 1188 570 212 721 792 626 323 895 367 702 508 450 514 555 1003 822 713 122 452 457 230 636 778
185 115 776 634 232 781 305 545 509 541 852 711 621 416 179 194 531 591 330 148 526 689 277 700 741 502 946 636 0 319 1030 236 237 668 831 491 437 161 520 587 705 817 916 297 243 480 415 934 560 775 182 436 176 783 509 572 519 535 535 616 114 416 330 288 756 408 547 215 303 909 857 787 373 266 527 295 136 701 294 191 390 103 748 179 838 339 227 179 249 962 149 472 193 554 166 606 140 711 820 778 391 768 68 924 186 181 431 425 604 322 709 184 181 798 179 354
370 359 491 942 495 1029 431 823 674 808 666 1030 662 594 295 377 760 907 446 444 598 1006 490 1019 1059 802 894 774 319 0 1075 341 209 352 1056 210 118 387 405 819 387 1031 867 616 135 413 375 894 532 997 470 659 408 1049 788 602 558 736 847 923 344 388 27 606 1069 632 356 181 586 682 621 999 586 162 564 606 331 760 378 410 140 261 1059 423 1031 653 350 289 180 1045 365 484 401 535 480 653 429 469 684 784 662 750 290 1172 391 478 300 633 922 73 801 396 420 983 165 660
845 917 1040 1376 858 723 725 833 563 1452 730 1233 419 646 869 836 671 1271 700 1131 1555 1306 777 1281 1331 939 327 439 1030 1075 0 804 1199 1170 635 994 1119 874 700 1543 1203 589 330 1096 958 668 700 297 1563 616 918 695 864 809 835 476 526 606 1290 1010 916 1410 1103 1044 1418 709 1432 929 874 865 883 579 712 1186 519 982 894 329 747 846 967 954 1112 868 509 1162 809 872 911 131 882 594 840 1561 995 431 1135 889 595 297 1328 346 1090 761 846 939 788 1426 1254 1004 331 850 864 482 977 1215
79 143 662 793 209 693 92 512 335 753 655 800 388 253 64 77 423 724 112 369 753 809 164 809 857 520 709 444 236 341 804 0 400 623 716 410 438 122 315 813 663 690 680 440 206 261 194 697 761 656 224 323 132 721 478 337 284 395 691 645 134 609 365 404 896 298 674 160 302 734 691 658 250 398 292 371 104 474 57 120 317 150 788 149 690 501 17 68 165 748 112 236 106 758 286 374 366 560 602 542 605 531 288 835 100 245 254 660 727 293 494 109 143 643 191 536
386 336 696 781 467 1018 490 783 722 617 869 909 779 631 337 396 764 765 512 300 396 867 499 887 920 734 1059 841 237 209 1199 400 0 533 1065 420 299 380 580 616 562 1049 1030 494 256 569 516 1054 365 1008 420 666 399 1021 747 723 672 761 694 842 327 211 198 501 914 638 310 273 541 891 831 1018 599 55 679 522 334 871 455 410 344 258 967 407 1065 513 400 332 298 1148 361 608 407 363 395 767 283 679 874 922 479 898 174 1162 398 418 475 429 785 266 895 399 407 1022 222 506
679 690 222 1294 815 1308 695 1134 916 1149 545 1377 809 857 601 683 1039 1259 701 796 862 1357 788 1369 1410 1131 907 984 668 352 1170 623 533 0 1316 216 237 707 484 1148 40 1283 886 966 443 538 545 919 741 1256 802 942 726 1342 1100 753 727 997 1199 1254 673 637 347 953 1421 918 465 488 910 489 427 1250 870 478 730 947 653 905 636 723 306 597 1395 743 1264 1005 637 595 467 1178 685 652 712 749 824 808 781 315 632 876 1007 823 642 1446 702 814 429 960 1273 351 970 709 739 1212 498 1012
692 729 1290 868 599 104 630 340 399 1026 1109 662 584 464 762 684 301 757 619 849 1302 756 572 723 767 449 847 362 831 1056 635 716 1065 1316 0 1100 1153 688 869 1140 1356 48 829 714 922 800 775 813 1379 59 652 401 668 186 366 617 618 321 807 456 740 1244 1080 668 867 429 1369 875 541 1238 1224 72 472 1083 618 611 740 533 687 659 1021 818 514 659 125 762 706 769 881 503 709 681 665 1371 702 574 862 1149 985 657 949 712 899 146 675 660 890 1090 731 1008 449 672 659 160 898 816
471 491 287 1125 609 1092 479 922 701 1009 473 1184 610 641 395 475 823 1079 484 631 801 1174 575 1182 1225 925 763 773 491 210 994 410 420 216 1100 0 155 503 293 1027 256 1067 738 783 249 336 334 769 718 1040 602 727 521 1127 889 552 520 781 1026 1049 475 584 222 764 1246 703 489 288 704 475 413 1035 655 370 524 750 451 707 420 516 101 405 1191 538 1051 829 425 389 262 988 482 444 504 722 634 606 618 262 516 696 861 650 480 1229 495 617 219 842 1090 170 767 502 534 999 311 845
478 474 401 1056 607 1131 523 934 762 913 628 1148 717 688 400 484 861 1024 535 559 659 1124 595 1137 1176 918 907 853 437 118 1119 438 299 237 1153 155 0 499 424 916 271 1125 882 733 235 450 429 912 566 1093 585 761 519 1156 899 657 618 831 963 1039 458 437 110 724 1185 734 335 283 700 622 559 1093 687 245 623 724 442 816 467 520 152 376 1176 534 1119 770 449 394 272 1101 476 542 510 570 598 711 544 411 670 823 770 781 406 1273 500 594 330 728 1039 145 866 505 531 1070 278 776
43 45 770 670 108 648 156 436 348 636 777 687 472 255 108 47 386 603 181 264 686 690 119 692 738 423 813 475 161 387 874 122 380 707 688 503 499 0 438 702 747 670 784 317 266 382 316 798 720 630 104 287 20 663 400 428 376 380 568 546 52 573 407 282 775 259 680 220 202 856 811 638 219 395 383 254 56 546 165 30 404 131 688 35 684 378 105 114 241 802 22 343 33 715 163 456 265 676 723 633 491 629 227 792 29 124 373 560 607 359 549 23 32 642 222 414
395 454 420 1108 515 882 326 766 478 1058 339 1102 326 448 349 392 629 1037 316 666 975 1119 446 1116 1165 803 489 517 520 405 700 315 580 484 869 293 424 438 0 1107 520 831 462 755 325 71 126 490 933 812 539 549 446 933 739 272 253 570 1006 926 441 784 431 719 1210 533 752 322 600 425 389 799 489 549 256 682 410 421 282 432 277 416 1069 463 801 816 332 347 290 696 426 189 419 934 601 326 660 283 301 403 908 358 548 1009 415 560 106 939 1039 332 488 423 457 748 374 849
742 670 1310 364 688 1049 857 801 980 119 1435 615 1167 897 762 749 908 442 881 444 389 516 773 555 554 691 1515 1109 587 819 1543 813 616 1148 1140 1027 916 702 1107 0 1175 1150 1486 450 807 1066 1000 1500 560 1101 632 855 704 1002 778 1128 1077 955 361 716 678 556 813 502 482 837 792 792 671 1482 1426 1130 830 671 1085 566 709 1230 865 722 938 690 759 694 1205 389 799 764 827 1449 704 1045 733 547 554 1151 448 1275 1407 1330 215 1331 563 1164 731 609 1015 187 474 859 1212 724 700 1185 746 333
719 729 229 1328 855 1348 735 1174 957 1180 564 1414 846 897 641 723 1079 1295 741 831 881 1394 828 1406 1446 1170 935 1024 705 387 1203 663 562 40 1356 256 271 747 520 1175 0 1323 915 1002 482 576 585 949 754 1297 841 983 766 1383 1140 791 765 1038 1234 1293 712 656 381 990 1456 959 473 527 950 499 439 1290 911 507 769 985 692 942 676 763 346 635 1434 783 1304 1041 678 634 506 1214 725 691 752 763 862 845 816 338 657 910 1039 856 677 1486 742 853 469 987 1309 390 1008 749 779 1252 536 1047
671 712 1252 890 586 139 602 349 366 1038 1065 692 540 437 739 662 286 778 590 843 1298 783 552 751 796 462 799 320 817 1031 589 690 1049 1283 48 1067 1125 670 831 1150 1323 0 781 717 896 763 740 765 1369 48 641 382 650 225 372 575 579 295 825 480 722 1232 1056 669 895 410 1350 850 533 1194 1182 32 452 1065 578 610 720 486 658 641 991 798 549 642 80 768 681 745 854 457 690 643 645 1362 695 531 855 1109 940 610 955 665 886 193 655 651 856 1093 754 981 402 653 642 112 875 823
745 818 730 1397 810 893 628 911 582 1414 403 1310 334 629 738 737 739 1303 605 1046 1417 1361 723 1346 1397 996 29 507 916 867 330 680 1030 886 829 738 882 784 462 1486 915 781 0 1070 774 461 515 35 1391 791 859 716 781 971 900 361 410 663 1300 1096 812 1239 893 1022 1468 718 1214 759 860 536 558 760 699 1005 403 967 783 318 624 763 739 822 1223 792 715 1137 691 739 732 407 783 444 753 1391 936 351 1045 584 272 184 1274 158 963 973 755 883 566 1340 1295 793 391 761 787 670 812 1183
360 306 1065 353 259 634 452 376 533 355 1095 417 739 455 413 363 459 295 473 194 601 391 346 403 443 284 1098 659 297 616 1096 440 494 966 714 783 733 317 755 450 1002 717 1070 0 533 699 633 1079 707 669 218 404 309 606 347 708 661 504 251 366 321 600 625 52 465 387 792 497 222 1171 1124 693 385 538 668 115 351 792 479 324 682 379 477 294 764 67 423 418 528 999 330 645 338 698 155 722 212 985 1037 902 242 911 333 765 341 195 686 376 307 618 766 332 300 740 472 118
242 246 533 877 374 896 295 700 538 776 632 937 540 459 165 248 627 829 311 389 650 924 359 933 976 688 802 640 243 135 958 206 256 443 922 249 235 266 325 807 482 896 774 533 0 313 263 798 617 862 359 526 285 920 665 481 434 601 778 811 230 465 161 515 997 500 482 47 469 675 620 863 453 231 440 504 210 636 243 285 148 155 951 302 895 581 215 158 47 919 243 363 275 617 385 530 377 471 623 673 626 645 245 1039 265 371 221 630 840 93 672 271 298 847 64 598
339 403 490 1051 453 811 260 695 407 1012 398 1036 273 376 304 335 558 976 247 623 959 1056 380 1052 1101 735 489 452 480 413 668 261 569 538 800 336 450 382 71 1066 576 763 461 699 313 0 66 485 930 743 481 478 389 861 668 216 189 499 949 857 392 778 440 660 1149 462 767 300 535 493 458 731 419 543 192 621 361 371 220 374 299 378 1000 405 735 761 277 302 271 653 373 119 361 930 546 270 618 354 342 373 863 337 516 939 358 503 120 904 977 339 432 366 399 682 353 797
273 336 524 985 389 777 200 646 376 945 463 976 288 333 237 269 517 912 191 557 901 993 320 990 1039 679 544 439 415 375 700 194 516 545 775 334 429 316 126 1000 585 740 515 633 263 66 0 538 879 716 415 431 323 823 617 229 189 464 883 802 325 727 403 595 1085 413 732 243 474 551 513 707 368 494 194 557 294 387 156 309 277 314 946 339 719 695 210 236 218 673 306 113 295 879 480 282 552 398 409 411 797 382 453 910 291 437 116 840 913 304 438 300 333 666 296 730
760 834 765 1402 820 880 642 908 582 1426 438 1309 340 634 756 752 735 1307 618 1061 1438 1362 733 1346 1397 996 34 500 934 894 297 697 1054 919 813 769 912 798 490 1500 949 765 35 1079 798 485 538 0 1415 777 871 717 795 960 898 371 422 660 1306 1093 827 1263 920 1030 1470 721 1242 781 867 571 593 745 704 1029 415 974 800 314 640 777 767 841 1218 805 697 1146 708 757 755 378 798 461 767 1415 948 357 1060 619 307 182 1286 168 982 956 769 894 593 1356 1297 820 381 775 800 654 834 1193
736 674 950 867 786 1316 848 1064 1068 630 1191 1069 1144 975 697 745 1084 898 871 534 173 996 837 1027 1045 988 1419 1193 560 532 1563 761 365 741 1379 718 566 720 933 560 754 1369 1391 707 617 930 879 1415 0 1325 729 993 736 1303 1030 1088 1037 1094 812 1073 669 153 510 738 1002 966 287 638 838 1187 1124 1340 933 386 1044 782 683 1235 817 750 672 613 1171 739 1395 692 759 693 661 1509 704 974 751 13 677 1132 519 977 1217 1287 556 1262 492 1456 743 718 827 415 926 604 1255 741 741 1357 587 657
633 672 1233 842 543 107 570 300 340 990 1058 649 533 404 703 625 244 731 560 797 1251 738 513 707 753 413 809 310 775 997 616 656 1008 1256 59 1040 1093 630 812 1101 1297 48 791 669 862 743 716 777 1325 0 597 342 610 193 323 563 563 261 777 435 682 1188 1021 621 850 371 1311 816 488 1186 1171 38 414 1025 562 563 682 487 627 601 961 760 509 601 118 719 647 709 821 486 651 623 606 1318 649 522 810 1093 936 615 907 667 843 198 616 606 832 1045 707 948 405 614 602 133 839 774
145 112 873 569 61 599 235 364 365 555 878 584 535 274 211 147 355 499 256 218 670 585 141 587 634 332 888 496 182 470 918 224 420 802 652 602 585 104 539 632 841 641 859 218 359 481 415 871 729 597 0 266 92 601 328 499 449 370 467 453 128 591 486 179 671 240 729 315 121 959 915 611 215 447 456 149 151 598 260 106 502 208 592 76 667 283 207 216 340 834 122 428 120 722 78 519 226 781 818 698 417 702 248 742 124 23 477 509 503 451 587 115 82 631 307 324
291 330 954 691 207 370 248 219 137 759 856 598 384 103 364 283 100 591 245 482 936 645 171 630 681 282 742 256 436 659 695 323 666 942 401 727 761 287 549 855 983 382 716 404 526 478 431 717 993 342 266 0 268 399 196 376 345 104 599 393 339 852 682 352 753 28 968 479 184 965 935 351 73 682 349 289 339 409 306 258 639 417 532 259 402 469 312 370 488 594 308 372 263 987 332 367 491 829 760 534 643 560 505 512 274 281 537 759 580 616 369 271 259 364 498 523
53 62 786 662 88 628 152 415 333 635 786 672 466 239 125 54 367 592 177 270 698 677 101 678 725 404 811 460 176 408 864 132 399 726 668 521 519 20 446 704 766 650 781 309 285 389 323 795 736 610 92 268 0 642 380 424 373 362 560 528 71 590 428 272 764 239 700 239 184 866 823 619 200 414 380 240 77 538 169 18 422 151 670 17 666 372 114 132 260 790 43 343 29 731 159 450 272 690 728 628 492 626 243 772 31 114 385 566 595 379 538 23 12 625 243 410
678 697 1347 704 560 86 647 240 457 885 1209 483 689 491 755 671 306 594 644 769 1207 582 560 546 588 323 992 472 783 1049 809 721 1021 1342 186 1127 1156 663 933 1002 1383 225 971 606 920 861 823 960 1303 193 601 399 642 0 275 708 697 362 654 292 711 1179 1070 568 690 424 1331 872 480 1330 1309 230 472 1048 698 520 719 659 706 638 1038 794 330 629 305 643 708 761 885 679 685 746 647 1294 633 676 784 1216 1095 791 827 839 848 161 657 603 933 977 566 1011 581 652 631 326 884 695
422 430 1133 545 293 289 422 36 318 668 1051 411 574 298 501 417 166 437 426 496 941 472 314 451 502 104 925 407 509 788 835 478 747 1100 366 889 899 400 739 778 1140 372 900 347 665 668 617 898 1030 323 328 196 380 275 0 570 541 239 467 198 445 904 807 303 584 207 1057 618 206 1159 1127 351 249 775 545 249 457 585 477 379 794 528 335 365 427 396 463 507 635 719 423 567 390 1021 357 558 510 1015 956 716 583 747 573 425 400 328 716 724 419 758 530 394 368 411 623 451
392 466 685 1040 449 645 272 589 259 1054 500 973 59 279 400 383 425 950 247 692 1090 1014 362 1002 1053 658 390 255 572 602 476 337 723 753 617 552 657 428 272 1128 791 575 361 708 481 216 229 371 1088 563 499 376 424 708 570 0 52 353 942 768 461 935 630 661 1118 372 959 452 502 624 607 544 345 709 45 607 435 158 279 406 505 486 905 433 536 776 345 402 434 443 430 118 396 1086 576 54 692 538 390 206 915 203 625 761 399 522 333 988 943 532 216 405 428 483 501 821
340 414 673 997 401 639 220 562 240 1004 515 938 106 244 348 331 404 908 196 640 1038 975 315 965 1016 624 439 263 519 558 526 284 672 727 618 520 618 376 253 1077 765 579 410 661 434 189 189 422 1037 563 449 345 373 697 541 52 0 336 897 738 409 884 585 614 1077 338 914 403 459 633 612 547 307 660 7 562 383 202 226 354 467 434 877 383 547 728 292 350 386 486 378 76 345 1035 526 96 640 530 414 258 864 253 573 761 347 473 300 936 903 489 248 353 377 494 451 773
377 425 987 771 310 313 308 248 95 855 851 650 345 142 444 369 75 667 298 586 1040 710 261 690 741 340 688 170 535 736 606 395 761 997 321 781 831 380 570 955 1038 295 663 504 601 499 464 660 1094 261 370 104 362 362 239 353 336 0 683 432 433 951 760 452 820 129 1057 555 287 970 946 262 162 773 338 388 428 346 365 350 700 506 560 356 303 567 386 450 559 499 400 383 353 1088 436 330 595 853 744 479 744 514 604 448 363 385 577 863 652 686 291 362 355 263 580 621
611 557 1311 102 501 710 697 481 736 241 1346 264 966 672 665 614 621 87 716 403 665 184 584 215 235 366 1328 851 535 847 1290 691 694 1199 807 1026 963 568 1006 361 1234 825 1300 251 778 949 883 1306 812 777 467 599 560 654 467 942 897 683 0 363 572 743 853 288 222 590 963 744 439 1423 1376 809 602 745 903 335 602 1006 728 574 926 626 399 543 888 197 674 669 776 1180 581 889 587 800 407 949 419 1236 1284 1125 255 1141 556 814 591 445 938 404 118 858 968 583 549 877 715 187
578 565 1307 413 440 354 602 184 516 598 1245 222 772 494 654 575 357 303 610 555 957 303 485 274 322 125 1121 597 616 923 1010 645 842 1254 456 1049 1039 546 926 716 1293 480 1096 366 811 857 802 1093 1073 435 453 393 528 292 198 768 738 432 363 0 581 966 938 344 416 401 1149 766 344 1349 1315 471 439 880 742 321 601 779 654 533 951 662 144 511 552 384 628 660 788 888 568 761 545 1063 450 756 572 1197 1153 911 556 944 670 451 554 444 893 711 276 904 719 547 515 552 761 429
71 16 749 674 151 699 192 480 399 619 780 709 508 306 93 80 438 614 217 235 640 704 172 710 755 459 841 524 114 344 916 134 327 673 740 475 458 52 441 678 712 722 812 321 230 392 325 827 669 682 128 339 71 711 445 461 409 433 572 581 0 521 362 293 785 311 628 186 242 851 803 691 271 343 416 275 31 587 187 82 374 83 721 82 737 377 120 97 213 848 35 368 82 664 165 494 233 664 734 667 472 660 178 843 73 142 366 528 621 322 594 72 81 695 180 408
586 528 834 812 646 1187 696 939 921 598 1052 988 991 828 545 596 946 825 719 413 225 926 692 953 978 871 1267 1044 416 388 1410 609 211 637 1244 584 437 573 784 556 656 1232 1239 600 465 778 727 1263 153 1188 591 852 590 1179 904 935 884 951 743 966 521 0 367 623 949 825 236 485 705 1058 995 1202 789 235 891 661 533 1082 665 604 528 462 1075 595 1254 597 607 541 508 1357 557 820 603 152 546 979 397 846 1071 1133 493 1109 347 1328 595 583 678 380 851 457 1103 594 596 1214 434 570
392 378 498 946 514 1051 456 843 699 805 685 1041 689 619 318 399 783 915 472 449 580 1015 512 1028 1067 819 920 801 330 27 1103 365 198 347 1080 222 110 407 431 813 381 1056 893 625 161 440 403 920 510 1021 486 682 428 1070 807 630 585 760 853 938 362 367 0 618 1075 655 329 205 604 697 636 1023 609 147 591 621 351 787 404 431 162 279 1074 442 1056 660 374 312 207 1072 385 512 423 512 493 681 434 484 707 812 661 777 296 1194 412 494 326 626 930 100 828 417 440 1008 185 665
324 277 1042 390 214 591 409 334 481 407 1058 424 690 404 384 327 408 321 429 211 639 411 299 418 462 249 1050 607 288 606 1044 404 501 953 668 764 724 282 719 502 990 669 1022 52 515 660 595 1030 738 621 179 352 272 568 303 661 614 452 288 344 293 623 618 0 493 335 805 476 170 1138 1093 645 334 542 621 63 321 741 439 286 662 359 466 255 715 118 387 389 505 947 297 602 299 728 129 673 227 957 996 852 293 863 333 725 304 158 655 423 327 602 715 295 261 689 455 170
817 769 1529 137 696 763 891 585 889 380 1548 207 1134 840 877 819 750 172 908 625 844 112 773 143 105 480 1495 990 756 1069 1418 896 914 1421 867 1246 1185 775 1210 482 1456 895 1468 465 997 1149 1085 1470 1002 850 671 753 764 690 584 1118 1077 820 222 416 785 949 1075 493 0 750 1176 962 620 1631 1586 886 772 966 1083 527 814 1161 928 777 1145 843 369 747 968 417 879 881 993 1300 790 1078 791 990 619 1117 641 1449 1478 1287 456 1311 778 835 796 651 1148 587 174 1079 1112 787 753 969 934 409
263 301 934 683 181 396 225 233 147 742 844 601 384 93 336 255 128 586 224 457 910 644 143 630 682 286 745 272 408 632 709 298 638 918 429 703 734 259 533 837 959 410 718 387 500 462 413 721 966 371 240 28 239 424 207 372 338 129 590 401 311 825 655 335 750 0 939 452 165 951 920 379 48 654 342 273 311 416 283 230 614 389 542 231 429 452 285 343 462 612 280 360 235 960 307 367 466 811 752 538 624 561 477 539 246 255 516 737 576 590 381 243 231 391 470 506
679 639 682 1039 774 1326 766 1093 1008 833 957 1198 1018 921 616 688 1067 1042 785 597 437 1145 797 1169 1197 1043 1240 1118 547 356 1432 674 310 465 1369 489 335 680 752 792 473 1350 1214 792 482 767 732 1242 287 1311 729 968 700 1331 1057 959 914 1057 963 1149 628 236 329 805 1176 939 0 519 851 934 871 1318 897 285 920 831 629 1116 720 709 475 551 1269 710 1359 801 678 611 529 1400 659 841 704 297 705 1009 580 732 1005 1140 721 1104 484 1469 694 728 651 616 1066 428 1154 696 709 1314 482 783
195 203 567 844 328 849 251 652 494 755 642 896 510 413 117 201 580 793 268 363 659 887 312 894 938 643 788 599 215 181 929 160 273 488 875 288 283 220 322 792 527 850 759 497 47 300 243 781 638 816 315 479 239 872 618 452 403 555 744 766 186 485 205 476 962 452 519 0 423 694 642 818 406 257 410 462 165 604 201 238 187 118 907 255 851 547 168 110 34 886 197 336 227 637 346 499 354 495 624 649 604 624 229 992 217 328 223 619 802 140 636 224 251 803 53 568
233 226 965 537 95 481 275 242 310 578 933 502 527 235 309 230 254 450 289 310 765 522 155 517 567 220 888 437 303 586 874 302 541 910 541 704 700 202 600 671 950 533 860 222 469 535 474 867 838 488 121 184 184 480 206 502 459 287 439 344 242 705 604 170 620 165 851 423 0 1026 986 506 165 568 465 109 258 572 319 188 606 325 487 167 568 288 285 316 444 778 225 458 200 830 161 510 322 861 857 687 459 702 368 623 209 123 555 576 446 562 544 202 171 537 422 341
814 865 270 1525 939 1269 752 1184 874 1450 137 1528 654 862 758 812 1036 1459 740 1058 1276 1543 872 1541 1590 1228 545 875 909 682 865 734 891 489 1238 475 622 856 425 1482 499 1194 536 1171 675 493 551 571 1187 1186 959 965 866 1330 1159 624 633 970 1423 1349 851 1058 697 1138 1631 951 934 694 1026 0 63 1165 910 843 632 1105 820 718 706 854 548 808 1492 884 1147 1229 752 754 660 923 841 592 840 1192 1015 663 1048 212 274 623 1299 560 920 1384 835 980 484 1302 1462 627 802 844 878 1096 738 1256
769 818 211 1477 898 1251 714 1154 851 1396 155 1488 642 833 710 768 1010 1414 705 1006 1215 1500 834 1500 1548 1192 570 861 857 621 883 691 831 427 1224 413 559 811 389 1426 439 1182 558 1124 620 458 513 593 1124 1171 915 935 823 1309 1127 607 612 946 1376 1315 803 995 636 1093 1586 920 871 642 986 63 0 1152 878 783 611 1063 773 713 667 811 490 757 1458 840 1138 1181 708 706 608 933 795 565 797 1129 969 650 996 152 288 627 1246 565 865 1369 791 935 438 1245 1418 569 796 800 834 1086 683 1207
639 681 1220 877 556 144 569 330 333 1019 1036 686 511 404 707 630 256 765 557 816 1271 774 520 743 790 444 778 290 787 999 579 658 1018 1250 72 1035 1093 638 799 1130 1290 32 760 693 863 731 707 745 1340 38 611 351 619 230 351 544 547 262 809 471 691 1202 1023 645 886 379 1318 818 506 1165 1152 0 420 1033 547 585 689 460 625 609 958 767 547 611 81 746 649 713 821 448 659 611 613 1333 666 502 828 1078 913 586 933 640 855 219 623 622 823 1069 742 948 377 621 611 96 843 801
219 263 887 698 154 443 177 277 151 741 806 631 364 70 290 211 174 605 178 434 884 668 100 657 708 320 726 281 373 586 712 250 599 870 472 655 687 219 489 830 911 452 699 385 453 419 368 704 933 414 215 73 200 472 249 345 307 162 602 439 271 789 609 334 772 48 897 406 165 910 878 420 0 613 312 274 268 407 235 189 566 346 581 194 465 452 238 297 415 622 238 322 193 927 288 347 442 767 718 523 616 541 442 586 203 233 470 721 598 542 381 201 193 424 425 504
395 354 644 833 489 1041 490 811 728 672 826 955 767 639 337 404 782 814 511 347 436 916 512 934 969 768 1033 843 266 162 1186 398 55 478 1083 370 245 395 549 671 507 1065 1005 538 231 543 494 1029 386 1025 447 682 414 1048 775 709 660 773 745 880 343 235 147 542 966 654 285 257 568 843 783 1033 613 0 667 558 344 860 450 424 300 266 1007 424 1076 561 400 332 277 1141 374 593 420 386 430 756 330 631 838 904 533 877 209 1184 410 447 443 483 833 225 890 411 424 1032 210 557
347 421 675 1003 408 639 227 566 242 1011 513 943 99 249 355 339 407 914 203 647 1045 980 321 970 1021 629 432 261 527 564 519 292 679 730 618 524 623 383 256 1085 769 578 403 668 440 192 194 415 1044 562 456 349 380 698 545 45 7 338 903 742 416 891 591 621 1083 342 920 410 465 632 611 547 312 667 0 569 390 195 234 362 472 441 880 390 545 735 300 357 393 480 385 81 352 1042 533 89 648 531 411 251 871 246 580 760 354 479 304 944 908 495 243 361 384 492 458 780
293 259 1023 435 168 538 364 282 419 469 1020 434 634 344 361 294 345 355 382 249 692 437 249 438 485 212 995 545 295 606 982 371 522 947 611 750 724 254 682 566 985 610 967 115 504 621 557 974 782 563 149 289 240 520 249 607 562 388 335 321 275 661 621 63 527 273 831 462 109 1105 1063 585 274 558 569 0 300 681 400 251 650 350 453 222 654 179 354 366 488 884 272 555 265 773 129 617 264 930 952 795 356 809 349 674 271 133 625 483 356 595 653 262 228 627 449 233
53 44 722 704 164 703 169 492 388 651 748 735 484 297 62 62 439 642 194 265 661 732 168 737 782 478 813 510 136 331 894 104 334 653 740 451 442 56 410 709 692 720 783 351 210 361 294 800 683 682 151 339 77 719 457 435 383 428 602 601 31 533 351 321 814 311 629 165 258 820 773 689 268 344 390 300 0 565 159 81 351 78 742 92 732 408 92 67 188 830 33 339 75 678 195 469 262 635 703 642 503 633 195 847 65 167 335 556 649 303 576 68 88 688 166 439
516 589 819 1100 542 584 395 594 272 1145 585 996 98 337 539 507 421 1001 370 807 1226 1052 457 1034 1085 684 342 189 701 760 329 474 871 905 533 707 816 546 421 1230 942 486 318 792 636 371 387 314 1235 487 598 409 538 659 585 158 202 346 1006 779 587 1082 787 741 1161 416 1116 604 572 718 713 460 407 860 195 681 565 0 417 520 664 625 904 544 431 859 479 542 588 285 553 275 513 1232 676 106 810 668 455 134 1015 180 760 679 518 620 490 1104 989 690 84 523 539 381 651 909
123 195 655 830 233 672 58 509 296 802 619 821 330 223 122 117 402 755 68 422 811 837 168 834 883 530 653 397 294 378 747 57 455 636 687 420 467 165 282 865 676 658 624 479 243 220 156 640 817 627 260 306 169 706 477 279 226 365 728 654 187 665 404 439 928 283 720 201 319 706 667 625 235 450 234 400 159 417 0 154 335 208 798 185 653 542 67 124 198 693 161 180 141 814 328 317 421 543 558 484 656 474 346 811 139 283 239 715 757 323 440 147 179 604 240 580
45 76 778 676 92 622 135 414 318 653 771 681 448 225 122 43 358 604 158 288 715 689 89 689 736 408 793 444 191 410 846 120 410 723 659 516 520 30 432 722 763 641 763 324 285 374 309 777 750 601 106 258 18 638 379 406 354 350 574 533 82 604 431 286 777 230 709 238 188 854 811 609 189 424 362 251 81 520 154 0 418 158 675 30 654 388 102 128 256 773 49 326 13 745 175 432 290 679 712 609 510 608 258 766 21 129 374 585 607 378 521 14 24 612 246 427
374 390 385 1025 511 1007 393 828 625 915 526 1083 565 558 296 378 737 978 401 533 737 1073 482 1081 1124 826 765 708 390 140 967 317 344 306 1021 101 152 404 277 938 346 991 739 682 148 299 277 767 672 961 502 639 422 1038 794 505 467 700 926 951 374 528 162 662 1145 614 475 187 606 548 490 958 566 300 472 650 351 664 335 418 0 303 1092 439 980 729 332 290 162 949 382 391 406 674 533 559 521 338 545 672 766 632 384 1147 397 516 179 755 988 79 716 404 435 929 211 745
129 98 686 726 235 780 234 564 463 645 748 781 538 373 86 138 517 674 257 251 603 769 246 777 820 541 851 583 103 261 954 150 258 597 818 405 376 131 416 690 635 798 822 379 155 378 314 841 613 760 208 417 151 794 528 486 434 506 626 662 83 462 279 359 843 389 551 118 325 808 757 767 346 266 441 350 78 625 208 158 303 0 800 164 809 428 145 84 150 896 109 380 153 610 229 525 244 612 717 691 494 676 141 924 143 218 327 526 684 245 641 145 162 766 99 450
720 705 1451 415 582 411 746 315 648 640 1387 164 904 634 796 718 485 318 754 672 1042 271 629 231 265 268 1247 717 748 1059 1112 788 967 1395 514 1191 1176 688 1069 759 1434 549 1223 477 951 1000 946 1218 1171 509 592 532 670 330 335 905 877 560 399 144 721 1075 1074 466 369 542 1269 907 487 1492 1458 547 581 1007 880 453 742 904 798 675 1092 800 0 653 627 480 772 802 930 986 709 902 688 1161 582 889 689 1341 1292 1038 631 1074 798 466 697 581 1037 787 286 1044 839 689 657 638 899 515
70 70 803 645 72 617 164 400 331 623 802 654 474 238 143 71 357 575 187 263 698 660 98 661 708 387 821 460 179 423 868 149 407 743 659 538 534 35 463 694 783 642 792 294 302 405 339 805 739 601 76 259 17 629 365 433 383 356 543 511 82 595 442 255 747 231 710 255 167 884 840 611 194 424 390 222 92 544 185 30 439 164 653 0 660 357 131 149 277 792 58 356 44 734 145 458 266 707 743 636 481 637 247 760 48 98 402 560 578 395 541 40 5 619 257 396
680 729 1220 957 609 219 600 408 357 1095 1015 767 495 439 744 671 314 846 585 877 1333 856 565 825 871 522 731 283 838 1031 509 690 1065 1264 125 1051 1119 684 801 1205 1304 80 715 764 895 735 719 697 1395 118 667 402 666 305 427 536 547 303 888 552 737 1254 1056 715 968 429 1359 851 568 1147 1138 81 465 1076 545 654 732 431 653 654 980 809 627 660 0 819 684 750 851 378 703 616 657 1389 727 489 888 1074 887 549 1005 606 907 260 667 679 835 1138 823 976 347 666 659 53 880 874
421 363 1113 297 326 678 517 422 599 289 1155 397 807 522 471 426 518 254 539 214 572 355 413 373 408 320 1165 724 339 653 1162 501 513 1005 762 829 770 378 816 389 1041 768 1137 67 581 761 695 1146 692 719 283 469 372 643 396 776 728 567 197 384 377 597 660 118 417 452 801 547 288 1229 1181 746 452 561 735 179 408 859 542 388 729 428 480 357 819 0 484 475 579 1064 389 711 401 682 215 790 231 1039 1101 969 187 979 364 804 403 260 744 333 272 662 833 395 363 797 518 55
62 129 679 776 192 682 89 496 329 738 672 783 395 245 63 60 412 706 112 356 747 791 150 791 839 503 721 442 227 350 809 17 400 637 706 425 449 105 332 799 678 681 691 423 215 277 210 708 759 647 207 312 114 708 463 345 292 386 674 628 120 607 374 387 879 285 678 168 285 752 708 649 238 400 300 354 92 479 67 102 332 145 772 131 684 484 0 68 176 750 96 247 88 755 269 381 354 577 618 551 591 541 281 824 83 228 272 648 710 304 496 91 125 637 196 519
84 112 656 771 220 740 158 542 397 711 684 800 455 311 6 90 471 710 179 321 687 799 201 803 849 536 768 510 179 289 872 68 332 595 769 389 394 114 347 764 634 745 739 418 158 302 236 757 693 709 216 370 132 761 507 402 350 450 669 660 97 541 312 389 881 343 611 110 316 754 706 713 297 332 357 366 67 542 124 128 290 84 802 149 750 475 68 0 128 816 94 296 117 690 262 441 316 567 643 607 562 593 224 882 107 233 269 604 716 250 562 114 144 704 130 504
212 229 537 876 348 858 252 669 494 789 608 923 492 416 134 217 588 823 266 397 687 916 325 922 967 664 760 593 249 180 911 165 298 467 881 262 272 241 290 827 506 854 732 528 47 271 218 755 661 821 340 488 260 885 635 434 386 559 776 788 213 508 207 505 993 462 529 34 444 660 608 821 415 277 393 488 188 588 198 256 162 150 930 277 851 579 176 128 0 872 220 316 245 660 375 482 388 462 591 627 638 600 263 1000 235 355 190 653 832 127 624 242 272 803 84 601
778 847 1070 1264 773 593 662 715 471 1353 786 1111 384 560 812 768 559 1157 638 1051 1488 1187 697 1161 1210 824 412 340 962 1045 131 748 1148 1178 503 988 1101 802 696 1449 1214 457 407 999 919 653 673 378 1509 486 834 594 790 679 719 443 486 499 1180 888 848 1357 1072 947 1300 612 1400 886 778 923 933 448 622 1141 480 884 830 285 693 773 949 896 986 792 378 1064 750 816 872 0 813 561 769 1506 909 391 1057 917 649 310 1236 370 1025 630 776 854 773 1343 1139 976 254 779 789 352 931 1118
38 35 751 683 131 671 159 458 364 641 765 706 476 271 88 46 408 618 184 262 675 706 138 710 756 445 812 489 149 365 882 112 361 685 709 482 476 22 426 704 725 690 783 330 243 373 306 798 704 651 122 308 43 685 423 430 378 400 581 568 35 557 385 297 790 280 659 197 225 841 795 659 238 374 385 272 33 553 161 49 382 109 709 58 703 389 96 94 220 813 0 340 46 700 175 461 262 659 714 636 495 630 213 814 38 140 357 558 624 337 559 37 55 661 199 423
302 375 609 990 388 693 193 592 289 978 484 951 177 269 295 295 445 907 172 603 982 980 305 973 1023 642 473 333 472 484 594 236 608 652 681 444 542 343 189 1045 691 643 444 645 363 119 113 461 974 623 428 372 343 746 567 118 76 383 889 761 368 820 512 602 1078 360 841 336 458 592 565 611 322 593 81 555 339 275 180 326 391 380 902 356 616 711 247 296 316 561 340 0 314 972 501 169 601 471 399 313 834 296 521 820 314 451 224 896 905 414 325 322 350 563 386 752
32 78 765 690 105 629 124 424 317 664 758 695 439 224 111 29 364 618 149 296 719 702 93 703 750 420 782 442 193 401 840 106 407 712 665 504 510 33 419 733 752 645 753 338 275 361 295 767 751 606 120 263 29 647 390 396 345 353 587 545 82 603 423 299 791 235 704 227 200 840 797 613 193 420 352 265 75 513 141 13 406 153 688 44 657 401 88 117 245 769 46 314 0 746 188 423 297 666 699 601 521 598 259 772 10 142 360 593 621 368 516 9 38 614 237 439
731 669 957 854 779 1308 844 1055 1063 617 1195 1057 1142 970 693 741 1077 886 868 525 160 984 832 1015 1033 978 1419 1188 554 535 1561 758 363 749 1371 722 570 715 934 547 763 1362 1391 698 617 930 879 1415 13 1318 722 987 731 1294 1021 1086 1035 1088 800 1063 664 152 512 728 990 960 297 637 830 1192 1129 1333 927 386 1042 773 678 1232 814 745 674 610 1161 734 1389 682 755 690 660 1506 700 972 746 0 669 1130 511 982 1219 1286 544 1261 487 1447 738 711 828 402 914 605 1252 737 735 1351 586 646
207 150 913 509 136 640 309 393 439 478 940 552 613 350 258 211 413 448 332 150 605 540 219 547 591 338 965 570 166 480 995 286 395 824 702 634 598 163 601 554 862 695 936 155 385 546 480 948 677 649 78 332 159 633 357 576 526 436 407 450 165 546 493 129 619 307 705 346 161 1015 969 666 288 430 533 129 195 676 328 175 533 229 582 145 727 215 269 262 375 909 175 501 188 669 0 597 161 830 887 776 339 779 221 781 189 56 531 433 456 473 664 181 151 694 326 251
423 497 736 1046 466 609 301 573 240 1072 536 965 17 278 439 414 404 952 276 720 1128 1011 379 997 1049 650 379 212 606 653 431 374 767 808 574 606 711 456 326 1151 845 531 351 722 530 270 282 357 1132 522 519 367 450 676 558 54 96 330 949 756 494 979 681 673 1117 367 1009 499 510 663 650 502 347 756 89 617 469 106 317 432 559 525 889 458 489 790 381 441 482 391 461 169 423 1130 597 0 721 588 418 179 936 193 662 720 427 542 387 1017 944 584 162 433 453 436 546 838
301 226 906 512 287 797 421 544 590 401 992 625 737 498 314 309 574 485 446 17 445 586 360 604 639 474 1074 721 140 429 1135 366 283 781 862 618 544 265 660 448 816 855 1045 212 377 618 552 1060 519 810 226 491 272 784 510 692 640 595 419 572 233 397 434 227 641 466 580 354 322 1048 996 828 442 330 648 264 262 810 421 290 521 244 689 266 888 231 354 316 388 1057 262 601 297 511 161 721 0 848 959 898 250 893 139 936 294 210 571 295 503 448 807 288 270 854 313 231
636 679 152 1337 769 1165 595 1044 761 1248 231 1361 584 729 572 636 912 1278 589 859 1064 1366 712 1368 1415 1073 602 792 711 469 889 560 679 315 1149 262 411 676 283 1275 338 1109 584 985 471 354 398 619 977 1093 781 829 690 1216 1015 538 530 853 1236 1197 664 846 484 957 1449 811 732 495 861 212 152 1078 767 631 531 930 635 668 543 679 338 612 1341 707 1074 1039 577 567 462 917 659 471 666 982 830 588 848 0 320 607 1097 548 716 1291 659 800 305 1093 1284 417 745 667 702 1021 535 1063
680 745 460 1386 784 1027 587 977 649 1354 137 1349 406 658 645 675 815 1306 569 964 1271 1380 704 1372 1423 1038 286 626 820 684 595 602 874 632 985 516 670 723 301 1407 657 940 272 1037 623 342 409 307 1217 936 818 760 728 1095 956 390 414 744 1284 1153 734 1071 707 996 1478 752 1005 624 857 274 288 913 718 838 411 952 703 455 558 712 545 717 1292 743 887 1101 618 643 591 649 714 399 699 1219 887 418 959 320 0 350 1205 288 850 1132 697 841 402 1241 1304 614 540 705 737 837 676 1138
597 672 760 1221 645 715 477 727 399 1252 486 1127 163 453 605 589 554 1125 452 897 1294 1180 558 1163 1215 813 209 323 778 784 297 542 922 876 657 696 823 633 403 1330 910 610 184 902 673 373 411 182 1287 615 698 534 628 791 716 206 258 479 1125 911 667 1133 812 852 1287 538 1140 649 687 623 627 586 523 904 251 795 642 134 484 609 672 691 1038 636 549 969 551 607 627 310 636 313 601 1286 776 179 898 607 350 0 1116 62 831 803 604 721 493 1194 1115 712 210 610 631 501 699 1017
532 462 1148 318 473 865 645 610 766 150 1242 515 953 682 559 539 701 341 669 242 413 439 558 470 489 506 1303 895 391 662 1328 605 479 1007 949 861 770 491 908 215 1039 955 1274 242 626 863 797 1286 556 907 417 643 492 827 583 915 864 744 255 556 472 493 661 293 456 624 721 604 459 1299 1246 933 616 533 871 356 503 1015 656 510 766 494 631 481 1005 187 591 562 638 1236 495 834 521 544 339 936 250 1097 1205 1116 0 1118 382 989 520 394 822 156 370 690 997 513 487 981 562 133
592 666 701 1239 652 765 474 761 428 1257 424 1157 176 472 591 584 589 1146 449 893 1277 1205 565 1190 1242 842 186 367 768 750 346 531 898 823 712 650 781 629 358 1331 856 665 158 911 645 337 382 168 1262 667 702 560 626 839 747 203 253 514 1141 944 660 1109 777 863 1311 561 1104 624 702 560 565 640 541 877 246 809 633 180 474 608 632 676 1074 637 606 979 541 593 600 370 630 296 598 1261 779 193 893 548 288 62 1118 0 817 858 600 726 453 1188 1137 677 262 607 631 557 676 1025
247 182 768 651 300 848 365 609 576 532 872 750 676 483 226 256 600 619 389 153 465 719 345 734 772 560 992 702 68 290 1090 288 174 642 899 480 406 227 548 563 677 886 963 333 245 516 453 982 492 843 248 505 243 848 573 625 573 604 556 670 178 347 296 333 778 477 484 229 368 920 865 855 442 209 580 349 195 760 346 258 384 141 798 247 907 364 281 224 263 1025 213 521 259 487 221 662 139 716 850 831 382 817 0 991 251 245 452 391 635 309 771 249 249 867 182 370
802 830 1429 859 695 143 753 392 534 1046 1256 627 730 589 876 794 412 751 745 922 1364 730 681 693 731 483 990 508 924 1172 761 835 1162 1446 146 1229 1273 792 1009 1164 1486 193 973 765 1039 939 910 956 1456 198 742 512 772 161 425 761 761 448 814 451 843 1328 1194 725 835 539 1469 992 623 1384 1369 219 586 1184 760 674 847 679 811 766 1147 924 466 760 260 804 824 882 1000 630 814 820 772 1447 781 720 936 1291 1132 803 989 858 991 0 783 746 1025 1137 722 1128 596 779 762 303 1010 856
23 71 757 693 114 639 127 435 326 664 754 702 443 233 101 23 374 623 151 293 712 708 103 709 756 429 784 450 186 391 846 100 398 702 675 495 500 29 415 731 742 655 755 341 265 358 291 769 743 616 124 274 31 657 400 399 347 363 591 554 73 595 412 304 796 246 694 217 209 835 791 623 203 410 354 271 65 518 139 21 397 143 697 48 667 403 83 107 235 776 38 314 10 738 189 427 294 659 697 604 520 600 251 783 0 145 354 589 627 358 522 8 42 624 227 441
166 125 890 547 80 604 258 364 383 531 900 568 558 294 228 168 366 479 280 201 655 566 163 569 615 325 912 514 181 478 939 245 418 814 660 617 594 124 560 609 853 651 883 195 371 503 437 894 718 606 23 281 114 603 328 522 473 385 445 444 142 583 494 158 651 255 728 328 123 980 935 622 233 447 479 133 167 620 283 129 516 218 581 98 679 260 228 233 355 854 140 451 142 711 56 542 210 800 841 721 394 726 245 746 145 0 497 488 484 463 608 137 104 644 317 301
332 380 417 1040 464 891 294 746 491 972 420 1055 392 442 273 331 627 976 292 579 870 1062 407 1063 1111 769 594 555 431 300 788 254 475 429 890 219 330 373 106 1015 469 856 566 686 221 120 116 593 827 832 477 537 385 933 716 333 300 577 938 893 366 678 326 655 1148 516 651 223 555 484 438 823 470 443 304 625 335 490 239 374 179 327 1037 402 835 744 272 269 190 773 357 224 360 828 531 387 571 305 402 493 822 453 452 1025 354 497 0 843 981 227 548 363 397 783 274 772
596 522 1124 452 569 1010 716 753 872 218 1261 667 1032 783 604 604 827 492 741 296 261 586 649 619 633 654 1369 1003 425 633 1426 660 429 960 1090 842 728 560 939 187 987 1093 1340 376 630 904 840 1356 415 1045 509 759 566 977 724 988 936 863 404 711 528 380 626 423 587 737 616 619 576 1302 1245 1069 721 483 944 483 556 1104 715 585 755 526 787 560 1138 333 648 604 653 1343 558 896 593 402 433 1017 295 1093 1241 1194 156 1188 391 1137 589 488 843 0 522 677 1096 584 564 1110 570 283
648 605 1369 137 524 630 718 425 717 355 1376 145 961 666 711 650 583 32 735 486 783 84 600 102 137 314 1322 822 604 922 1254 727 785 1273 731 1090 1039 607 1039 474 1309 754 1295 307 840 977 913 1297 926 707 503 580 595 566 419 943 903 652 118 276 621 851 930 327 174 576 1066 802 446 1462 1418 742 598 833 908 356 649 989 757 607 988 684 286 578 823 272 710 716 832 1139 624 905 621 914 456 944 503 1284 1304 1115 370 1137 635 722 627 484 981 522 0 925 943 618 584 818 779 282
335 339 458 956 468 986 378 793 619 839 602 1026 592 543 257 341 716 913 391 461 661 1010 451 1020 1062 781 821 713 322 73 1004 293 266 351 1008 170 145 359 332 859 390 981 793 618 93 339 304 820 604 948 451 616 379 1011 758 532 489 686 858 904 322 457 100 602 1079 590 428 140 562 627 569 948 542 225 495 595 303 690 323 378 79 245 1044 395 976 662 304 250 127 976 337 414 368 605 473 584 448 417 614 712 690 677 309 1128 358 463 227 677 925 0 734 364 391 927 147 675
524 594 895 1059 528 504 407 535 234 1122 669 939 162 315 558 514 363 956 384 802 1235 1001 447 981 1032 632 412 122 709 801 331 494 895 970 449 767 866 549 488 1212 1008 402 391 766 672 432 438 381 1255 405 587 369 538 581 530 216 248 291 968 719 594 1103 828 715 1112 381 1154 636 544 802 796 377 381 890 243 653 576 84 440 521 716 641 839 541 347 833 496 562 624 254 559 325 516 1252 664 162 807 745 540 210 997 262 771 596 522 608 548 1096 943 734 0 525 537 296 679 885
31 68 765 685 106 635 133 429 327 656 762 693 448 234 108 31 371 615 157 287 709 700 101 700 748 422 791 452 184 396 850 109 399 709 672 502 505 23 423 724 749 653 761 332 271 366 300 775 741 614 115 271 23 652 394 405 353 362 583 547 72 594 417 295 787 243 696 224 202 844 800 621 201 411 361 262 68 523 147 14 404 145 689 40 666 395 91 114 242 779 37 322 9 737 181 433 288 667 705 610 513 607 249 779 8 137 363 584 618 364 525 0 34 623 231 433
65 70 798 651 76 618 158 403 329 628 796 660 469 235 138 66 358 580 182 267 701 665 96 666 713 391 816 457 181 420 864 143 407 739 659 534 531 32 457 700 779 642 787 300 298 399 333 800 741 602 82 259 12 631 368 428 377 355 549 515 81 596 440 261 753 231 709 251 171 878 834 611 193 424 384 228 88 539 179 24 435 162 657 5 659 363 125 144 272 789 55 350 38 735 151 453 270 702 737 631 487 631 249 762 42 104 397 564 584 391 537 34 0 618 254 402
637 687 1167 950 572 241 552 396 309 1077 964 772 443 393 698 627 283 840 536 844 1299 856 523 827 874 511 687 230 798 983 482 643 1022 1212 160 999 1070 642 748 1185 1252 112 670 740 847 682 666 654 1357 133 631 364 625 326 411 483 494 263 877 552 695 1214 1008 689 969 391 1314 803 537 1096 1086 96 424 1032 492 627 688 381 604 612 929 766 638 619 53 797 637 704 803 352 661 563 614 1351 694 436 854 1021 837 501 981 557 867 303 624 644 783 1110 818 927 296 623 618 0 834 852
207 195 596 813 330 866 284 658 526 713 691 879 558 441 136 215 599 767 303 324 605 863 328 873 915 639 841 636 179 165 977 191 222 498 898 311 278 222 374 746 536 875 812 472 64 353 296 834 587 839 307 498 243 884 623 501 451 580 715 761 180 434 185 455 934 470 482 53 422 738 683 843 425 210 458 449 166 651 240 246 211 99 899 257 880 518 196 130 84 931 199 386 237 586 326 546 313 535 676 699 562 676 182 1010 227 317 274 570 779 147 679 231 254 834 0 534
457 394 1131 281 372 731 559 476 651 237 1188 418 854 572 500 462 574 260 581 216 529 362 459 385 415 372 1211 778 354 660 1215 536 506 1012 816 845 776 414 849 333 1047 823 1183 118 598 797 730 1193 657 774 324 523 410 695 451 821 773 621 187 429 408 570 665 170 409 506 783 568 341 1256 1207 801 504 557 780 233 439 909 580 427 745 450 515 396 874 55 519 504 601 1118 423 752 439 646 251 838 231 1063 1138 1017 133 1025 370 856 441 301 772 283 282 675 885 433 402 852 534 0
