0 1634 1646 629 1602 97 1641 366 199 179 680 135 295 32 492 258
1634 0 3249 1798 543 1544 1064 1489 1796 1524 1090 1732 1815 1614 1762 1604
1646 3249 0 1875 3095 1743 2929 1767 1462 1728 2181 1586 1433 1658 1524 1644
629 1798 1875 0 1944 608 2117 973 758 782 1155 532 880 656 1116 886
1602 543 3095 1944 0 1529 526 1348 1718 1449 938 1724 1700 1574 1570 1487
97 1544 1743 608 1529 0 1592 364 294 174 622 196 379 93 545 291
1641 1064 2929 2117 526 1592 0 1310 1700 1465 973 1775 1645 1609 1448 1455
366 1489 1767 973 1348 364 1310 0 389 192 415 498 351 333 292 145
199 1796 1462 758 1718 294 1700 389 0 273 780 229 122 202 378 244
179 1524 1728 782 1449 174 1465 192 273 0 516 315 300 147 393 133
680 1090 2181 1155 938 622 973 415 780 516 0 811 763 650 672 550
135 1732 1586 532 1724 196 1775 498 229 315 811 0 349 168 587 378
295 1815 1433 880 1700 379 1645 351 122 300 763 349 0 286 265 214
32 1614 1658 656 1574 93 1609 333 202 147 650 168 286 0 470 229
492 1762 1524 1116 1570 545 1448 292 378 393 672 587 265 470 0 259
258 1604 1644 886 1487 291 1455 145 244 133 550 378 214 229 259 0
