0 914 1297 932 860 1515 666 1663 629 1531 70 1176 1003 519 1083 197
914 0 900 1818 1757 1860 258 1620 404 1991 984 342 1915 1142 914 750
1297 900 0 1898 1878 2650 880 784 1186 1476 1341 1169 2181 1752 294 1259
932 1818 1898 0 94 1957 1560 1883 1562 1229 863 2103 455 1131 1611 1128
860 1757 1878 94 0 1864 1500 1903 1488 1289 790 2035 396 1038 1595 1053
1515 1860 2650 1957 1864 0 1779 3161 1483 2986 1520 1828 1614 1000 2515 1447
666 258 880 1560 1500 1779 0 1517 306 1781 735 577 1669 959 810 519
1663 1620 784 1883 1903 3161 1517 0 1809 967 1676 1924 2279 2179 710 1714
629 404 1186 1562 1488 1483 306 1809 0 1981 698 565 1586 745 1107 434
1531 1991 1476 1229 1289 2986 1781 967 1981 0 1502 2333 1683 2003 1224 1680
70 984 1341 863 790 1520 735 1676 698 1502 0 1247 935 520 1117 265
1176 342 1169 2103 2035 1828 577 1924 565 2333 1247 0 2151 1284 1231 990
1003 1915 2181 455 396 1614 1669 2279 1586 1683 935 2151 0 971 1912 1167
519 1142 1752 1131 1038 1000 959 2179 745 2003 520 1284 971 0 1570 493
1083 914 294 1611 1595 2515 810 710 1107 1224 1117 1231 1912 1570 0 1081
197 750 1259 1128 1053 1447 519 1714 434 1680 265 990 1167 493 1081 0
