0 543 205 945 1335 88 836 1335 125 206 228 1250 1212 1649 436 732 1012
543 0 708 461 854 567 522 1315 418 623 764 1667 1677 2142 112 1035 473
205 708 0 1135 1436 262 1041 1511 310 356 96 1045 1195 1596 596 840 1181
945 461 1135 0 861 938 313 1152 826 948 1173 2126 1910 2395 567 1188 241
1335 854 1436 861 0 1385 1154 2011 1220 1462 1519 2131 2524 2979 927 1886 621
88 567 262 938 1385 0 801 1256 165 118 254 1303 1147 1593 468 644 1026
836 522 1041 313 1154 801 0 859 739 774 1054 2079 1642 2130 587 906 546
1335 1315 1511 1152 2011 1256 859 0 1308 1155 1468 2504 1398 1837 1333 807 1393
125 418 310 826 1220 165 739 1308 0 262 350 1339 1313 1759 312 777 887
206 623 356 948 1462 118 774 1155 262 0 320 1376 1061 1519 535 527 1062
228 764 96 1173 1519 254 1054 1468 350 320 0 1057 1098 1500 654 767 1236
1250 1667 1045 2126 2131 1303 2079 2504 1339 1376 1057 0 1662 1814 1559 1733 2110
1212 1677 1195 1910 2524 1147 1642 1398 1313 1061 1098 1662 0 487 1596 741 2077
1649 2142 1596 2395 2979 1593 2130 1837 1759 1519 1500 1814 487 0 2055 1228 2555
436 112 596 567 927 468 587 1333 312 535 654 1559 1596 2055 0 983 585
732 1035 840 1188 1886 644 906 807 777 527 767 1733 741 1228 983 0 1375
1012 473 1181 241 621 1026 546 1393 887 1062 1236 2110 2077 2555 585 1375 0
