0 1564 826 133 168 1316 896 1108 874 1312 1045 554 423 1563 575 337
1564 0 1048 1604 1727 2837 1834 1557 1633 2313 2446 1042 1945 3068 2132 1502
826 1048 0 937 934 1885 785 1566 1448 2045 1871 378 1064 2370 1362 1001
133 1604 937 0 217 1334 1024 1004 757 1179 936 633 473 1486 530 235
168 1727 934 217 0 1148 857 1219 965 1322 966 703 261 1436 431 452
1316 2837 1885 1334 1148 0 1278 2211 1925 1915 1235 1794 900 1072 872 1543
896 1834 785 1024 857 1278 0 1979 1765 2180 1756 936 766 2053 1132 1226
1108 1557 1566 1004 1219 2211 1979 0 287 808 1229 1193 1460 1896 1340 772
874 1633 1448 757 965 1925 1765 287 0 681 969 1070 1194 1640 1054 539
1312 2313 2045 1179 1322 1915 2180 808 681 0 693 1677 1464 1256 1168 1047
1045 2446 1871 936 966 1235 1756 1229 969 693 0 1563 990 671 627 953
554 1042 378 633 703 1794 936 1193 1070 1677 1563 0 904 2115 1128 644
423 1945 1064 473 261 900 766 1460 1194 1464 990 904 0 1342 367 706
1563 3068 2370 1486 1436 1072 2053 1896 1640 1256 671 2115 1342 0 1008 1566
575 2132 1362 530 431 872 1132 1340 1054 1168 627 1128 367 1008 0 697
337 1502 1001 235 452 1543 1226 772 539 1047 953 644 706 1566 697 0
