0 1526 995 1420 1283 868 248 1301 1223 1003 822 658 1323 1210 1446 1075 825
1526 0 1911 2344 1479 1894 1316 1310 2529 1198 2338 1025 2838 1056 2954 464 941
995 1911 0 464 2242 147 923 867 2014 1921 1083 1493 1412 998 1460 1605 1644
1420 2344 464 0 2690 558 1378 1173 2304 2377 1284 1954 1466 1363 1471 2061 2107
1283 1479 2242 2690 0 2131 1319 2208 1451 356 1906 797 2335 1997 2476 1151 706
868 1894 147 558 2131 0 821 943 1866 1819 944 1400 1294 1042 1352 1559 1557
248 1316 923 1378 1319 821 0 1080 1464 998 1022 582 1521 969 1637 884 745
1301 1310 867 1173 2208 943 1080 0 2519 1852 1803 1418 2217 257 2287 1200 1505
1223 2529 2014 2304 1451 1866 1464 2519 0 1469 1047 1505 1210 2433 1336 2071 1601
1003 1198 1921 2377 356 1819 998 1852 1469 0 1714 447 2178 1640 2316 822 350
822 2338 1083 1284 1906 944 1022 1803 1047 1714 0 1457 500 1813 625 1896 1619
658 1025 1493 1954 797 1400 582 1418 1505 447 1457 0 1950 1220 2081 567 168
1323 2838 1412 1466 2335 1294 1521 2217 1210 2178 500 1950 0 2260 140 2396 2110
1210 1056 998 1363 1997 1042 969 257 2433 1640 1813 1220 2260 0 2343 951 1290
1446 2954 1460 1471 2476 1352 1637 2287 1336 2316 625 2081 140 2343 0 2517 2242
1075 464 1605 2061 1151 1559 884 1200 2071 822 1896 567 2396 951 2517 0 510
825 941 1644 2107 706 1557 745 1505 1601 350 1619 168 2110 1290 2242 510 0
