0 1683 1487 441 1722 438 616 1348 879 1028 681 1627 189 1676 720 1419
1683 0 3129 1607 3083 1386 1554 3031 829 2611 1120 2828 1857 3249 1151 746
1487 3129 0 1782 1820 1898 1948 491 2300 547 2163 1179 1299 1291 2014 2690
441 1607 1782 0 1528 234 180 1534 929 1395 487 2064 585 1642 943 1549
1722 3083 1820 1528 0 1763 1537 1330 2458 1888 1987 2792 1682 618 2421 3074
438 1386 1898 234 1763 0 291 1697 695 1463 279 2043 621 1865 740 1318
616 1554 1948 180 1537 291 0 1678 954 1573 451 2242 765 1716 1031 1582
1348 3031 491 1534 1330 1697 1678 0 2221 741 1976 1581 1179 811 1993 2700
879 829 2300 929 2458 695 954 2221 0 1782 526 2072 1041 2521 363 628
1028 2611 547 1395 1888 1463 1573 741 1782 0 1708 904 841 1492 1479 2145
681 1120 2163 487 1987 279 451 1976 526 1708 0 2217 870 2130 705 1149
1627 2828 1179 2064 2792 2043 2242 1581 2072 904 2217 0 1483 2376 1710 2183
189 1857 1299 585 1682 621 765 1179 1041 841 870 1483 0 1571 837 1547
1676 3249 1291 1642 618 1865 1716 811 2521 1492 2130 2376 1571 0 2395 3094
720 1151 2014 943 2421 740 1031 1993 363 1479 705 1710 837 2395 0 710
1419 746 2690 1549 3074 1318 1582 2700 628 2145 1149 2183 1547 3094 710 0
