0 674 225 838 484 772 857 7 754 601 183 378 62 48 765 50 294 700 490 321 733 328 815 279 836 140 401 487 460 764 344 117 416 455 806 669 664 335 366 408 834 177 1 314 98 683 344 695 25 453 455 8 195 530 256 248 646 71 476 512 505 90 404 37 245 813 69 269 558 58 190 733 722 482 828 20 791 818 444 522 186 230 465 797 26 171 436 741 382 737 547 841 98 68 759 663 444 551 28 706 25 433 417 705 532 453 236 578 267 476 119 164 809 300 183 90
674 0 685 195 1039 1442 1378 681 861 918 726 963 667 722 125 715 737 1309 184 961 947 780 1275 753 1261 569 283 790 279 784 663 780 890 1127 1243 1343 1220 658 343 270 1232 837 674 754 598 1244 606 1071 661 1125 584 665 653 848 419 458 640 615 440 295 618 585 1078 703 871 255 710 474 1222 704 856 697 1396 763 782 675 1398 1404 275 923 500 903 308 696 700 630 279 1410 949 1410 1221 392 701 699 1361 877 237 959 653 600 653 724 945 1343 913 1110 601 1249 752 999 561 539 1401 405 510 754
225 685 0 873 356 796 1057 225 532 827 408 580 286 242 745 204 75 868 515 496 955 118 1029 74 649 321 405 261 417 965 559 212 228 504 623 720 860 549 464 424 1056 234 227 540 287 875 151 488 245 503 267 224 414 755 305 236 834 188 345 619 701 219 498 208 214 753 291 422 572 181 262 535 768 701 623 205 956 720 529 748 320 361 572 606 235 75 408 762 590 809 628 944 136 292 929 884 451 346 242 528 238 651 633 664 319 592 84 674 69 690 206 327 716 283 328 289
838 195 873 0 1229 1610 1467 846 1047 978 861 1088 823 885 221 883 929 1429 359 1102 976 972 1349 943 1456 720 468 985 474 775 762 950 1083 1294 1439 1507 1326 758 481 451 1290 1009 838 864 754 1350 801 1267 823 1292 779 830 785 916 591 641 650 786 635 374 671 753 1238 870 1050 354 865 606 1395 874 1026 875 1560 833 953 842 1517 1594 403 1005 656 1062 409 865 863 814 472 1579 1071 1567 1379 280 877 854 1479 914 422 1155 815 775 816 804 1057 1524 1108 1256 791 1402 941 1106 733 689 1590 590 663 912
484 1039 356 1229 0 544 1090 479 602 1025 625 678 540 462 1090 435 303 842 871 561 1174 263 1114 286 384 620 761 354 765 1242 816 380 168 364 351 517 898 808 810 780 1176 334 485 756 579 905 449 319 509 363 527 489 669 967 657 592 1129 494 656 965 987 532 430 448 246 1081 517 743 350 426 343 708 549 938 763 467 913 364 880 923 646 424 917 788 473 422 760 509 701 623 494 1294 397 525 899 1113 807 227 512 749 508 895 762 349 261 563 438 551 287 804 534 638 361 640 649 482
772 1442 796 1610 544 0 828 764 1146 1033 792 659 792 725 1523 727 781 558 1259 571 1188 758 926 755 788 897 1161 892 1199 1351 971 662 700 317 758 124 694 967 1135 1172 1030 605 772 867 859 686 935 826 788 318 1036 780 867 1010 1023 990 1290 826 1140 1273 1151 858 386 740 584 1547 751 1022 224 738 585 1249 82 1029 1307 768 580 428 1214 921 956 554 1227 1328 747 828 1183 36 688 168 264 1592 742 762 590 1154 1207 769 796 1279 795 1008 746 236 805 436 878 279 748 750 880 926 410 1045 950 703
857 1378 1057 1467 1090 828 0 853 1582 511 702 479 815 823 1498 858 1103 273 1221 564 599 1117 158 1078 1462 869 1181 1297 1266 841 714 846 1148 740 1428 725 198 720 1042 1174 277 841 856 629 864 186 1196 1404 849 741 1310 863 753 557 1049 1081 878 925 1327 1097 804 925 661 859 911 1591 788 917 818 882 816 1588 749 636 1679 872 256 1204 1103 463 936 710 1072 1654 837 1023 1235 832 475 661 642 1306 923 793 239 619 1209 1281 856 1564 859 663 451 996 1288 527 1090 592 1065 391 959 894 1187 1122 921 773
7 681 225 846 479 764 853 0 755 602 183 374 65 41 772 44 293 694 497 316 735 326 812 277 832 147 408 487 467 768 348 110 412 447 802 662 660 339 373 415 832 170 7 315 104 679 346 692 30 446 458 16 198 532 264 254 651 77 481 519 510 97 397 30 239 820 67 276 551 54 183 736 714 484 831 20 785 812 452 522 194 223 472 801 19 173 443 733 379 729 540 848 95 67 754 666 451 549 35 710 32 435 415 698 530 447 238 571 265 474 126 171 803 306 190 85
754 861 532 1047 602 1146 1582 755 0 1346 936 1110 811 775 839 737 479 1373 778 1018 1461 466 1562 504 533 816 690 287 621 1426 1061 737 464 936 535 1116 1384 1051 847 716 1588 742 755 1062 794 1398 420 367 771 934 337 751 928 1271 704 625 1280 702 442 970 1168 720 969 740 680 754 822 874 948 713 767 192 1150 1207 183 735 1456 861 874 1275 784 874 935 249 767 584 643 1110 1122 1220 1071 1234 669 822 1434 1387 716 377 766 288 762 1155 1166 935 341 1087 525 1125 517 1223 694 810 869 627 797 822
601 918 827 978 1025 1033 511 602 1346 0 420 384 540 595 1043 632 896 582 788 495 157 928 375 879 1405 532 782 1088 876 348 295 663 1004 789 1373 908 432 305 614 767 313 695 600 286 551 455 926 1286 581 789 1022 602 417 77 682 743 366 645 988 624 307 625 690 625 784 1155 540 514 907 652 683 1293 954 159 1393 622 646 1279 656 112 577 606 611 1345 596 765 843 1019 354 903 773 797 697 537 608 126 796 1144 584 1242 588 206 291 1100 1130 599 820 754 867 283 652 543 1265 765 562 558
183 726 408 861 625 792 702 183 936 420 0 241 124 175 834 211 476 586 549 242 558 507 644 458 996 169 489 670 568 620 196 248 586 486 965 675 519 189 384 486 654 291 181 135 162 540 521 868 164 485 628 185 77 352 349 379 522 236 626 496 377 227 405 204 379 908 119 255 604 232 286 906 728 313 1003 203 677 925 460 339 239 249 455 966 175 352 539 767 233 719 537 802 276 116 641 491 523 725 169 870 174 269 251 780 710 396 413 551 446 312 260 196 914 420 225 144
378 963 580 1088 678 659 479 374 1110 384 241 0 340 344 1073 379 632 346 789 118 541 650 453 608 1063 409 730 828 808 691 345 373 698 406 1030 534 286 345 619 727 500 379 377 234 396 305 717 971 371 406 831 384 309 352 589 611 641 447 851 715 511 450 307 379 460 1149 310 489 523 403 357 1109 583 372 1201 393 436 899 692 271 480 257 679 1175 358 544 779 642 29 547 395 996 445 316 400 499 764 837 379 1085 382 357 92 717 835 222 611 385 595 126 484 437 885 655 466 294
62 667 286 823 540 792 815 65 811 540 124 340 0 79 766 104 356 674 485 301 671 390 765 341 896 104 406 548 475 704 283 163 478 476 867 685 626 274 343 409 779 220 60 253 69 646 397 757 40 474 504 62 133 469 260 271 589 112 512 481 447 110 414 93 297 824 42 232 586 118 226 783 738 419 879 82 765 866 422 464 167 239 435 844 66 227 448 763 340 745 556 805 160 31 732 601 446 614 44 750 49 370 369 743 595 445 288 581 329 429 144 134 856 318 159 89
48 722 242 885 462 725 823 41 775 595 175 344 79 0 813 37 304 657 538 278 733 333 788 285 825 177 449 501 507 780 355 84 411 408 794 622 629 347 410 456 813 140 47 310 136 646 373 692 62 407 486 57 206 527 305 294 667 116 517 554 524 138 356 35 218 861 56 307 514 61 149 764 675 485 857 54 748 786 489 510 230 182 507 830 21 199 484 695 351 689 499 880 105 63 717 666 492 549 70 742 69 439 391 666 535 407 266 530 272 449 167 204 777 347 226 49
765 125 745 221 1090 1523 1498 772 839 1043 834 1073 766 813 0 802 788 1420 284 1064 1073 827 1397 806 1278 672 364 810 327 905 784 863 933 1211 1263 1429 1337 778 458 357 1356 918 765 871 697 1360 645 1086 755 1209 600 756 764 973 508 532 764 701 454 420 743 675 1169 791 943 141 807 587 1300 788 940 661 1481 887 735 763 1510 1454 395 1046 601 996 432 646 791 698 340 1489 1062 1501 1312 477 780 797 1474 1003 320 986 746 560 746 848 1061 1409 937 1211 660 1343 808 1116 648 642 1452 477 613 849
50 715 204 883 435 727 858 44 737 632 211 379 104 37 802 0 266 686 531 307 768 295 825 247 792 191 438 463 490 809 386 68 376 411 762 628 662 378 414 447 851 128 51 346 148 680 338 657 74 410 452 57 237 563 296 276 693 100 489 562 552 130 368 13 195 844 92 320 511 24 143 730 680 520 822 40 776 767 492 547 235 198 514 796 38 165 469 696 387 699 510 891 68 96 747 700 482 514 79 709 76 472 428 655 498 428 233 544 235 486 154 214 759 330 232 85
294 737 75 929 303 781 1103 293 479 896 476 632 356 304 788 266 0 902 573 540 1027 45 1084 28 574 396 462 197 462 1041 633 258 158 506 549 715 905 623 536 483 1116 266 296 609 362 920 154 412 316 504 256 294 486 825 375 300 910 263 363 689 777 295 514 272 219 784 357 498 559 244 292 505 760 774 587 274 988 667 598 814 395 397 643 580 300 151 458 746 644 810 636 1012 199 359 963 956 508 270 314 512 309 724 691 630 243 620 141 685 40 747 282 403 665 343 404 348
700 1309 868 1429 842 558 273 694 1373 582 586 346 674 657 1420 686 902 0 1135 379 717 908 371 875 1203 753 1073 1086 1148 930 672 657 921 482 1170 453 158 674 965 1072 483 637 699 566 736 140 1016 1161 699 483 1133 707 655 594 930 944 923 771 1175 1055 813 781 414 691 693 1493 638 835 549 709 610 1403 478 651 1489 711 91 932 1037 488 824 506 1021 1475 676 850 1120 561 359 394 372 1317 744 645 60 708 1109 1047 707 1393 709 656 375 723 1060 286 917 320 862 335 815 781 915 992 810 609
490 184 515 359 871 1259 1221 497 778 788 549 789 485 538 284 531 573 1135 0 780 842 617 1128 586 1121 388 111 655 156 718 512 596 730 943 1100 1160 1055 505 179 91 1097 654 490 591 415 1078 458 936 477 941 463 481 480 714 235 281 567 432 336 211 507 401 895 519 691 371 527 304 1040 520 673 640 1212 629 736 491 1226 1235 136 777 318 719 195 660 516 454 136 1227 778 1226 1037 463 520 516 1189 768 67 814 469 555 469 585 779 1165 770 929 434 1066 584 835 378 358 1231 231 329 570
321 961 496 1102 561 571 564 316 1018 495 242 118 301 278 1064 307 540 379 780 0 652 553 559 514 946 392 707 732 776 785 401 284 590 295 913 449 365 398 623 709 614 277 320 295 367 380 641 859 322 294 757 329 319 455 562 568 718 393 796 739 580 405 198 312 352 1126 262 495 415 331 253 1031 501 461 1120 332 469 784 700 384 462 147 697 1101 297 472 750 550 144 481 308 1040 367 271 439 605 746 728 331 1016 332 436 208 606 730 154 539 313 501 244 438 422 769 618 451 231
733 947 955 976 1174 1188 599 735 1461 157 558 541 671 733 1073 768 1027 717 842 652 0 1061 445 1012 1552 645 855 1215 950 246 400 805 1144 947 1520 1064 561 410 679 837 347 842 732 423 671 582 1042 1426 711 946 1130 733 541 207 775 844 327 769 1080 653 334 744 848 760 931 1195 676 601 1064 787 831 1394 1109 254 1494 753 771 1435 705 270 680 759 651 1440 731 889 917 1175 512 1055 929 759 831 672 735 76 861 1283 713 1335 717 306 449 1258 1266 755 939 909 1001 438 768 651 1422 858 665 700
328 780 118 972 263 758 1117 326 466 928 507 650 390 333 827 295 45 908 617 553 1061 0 1104 49 530 437 506 179 503 1081 670 278 113 494 504 698 919 660 581 527 1140 276 329 641 401 932 187 371 350 492 278 328 522 858 420 345 952 302 395 734 818 335 511 302 216 819 387 541 538 275 301 510 741 810 586 307 992 626 643 843 439 407 688 587 331 194 500 722 664 795 626 1057 230 391 968 992 552 228 349 525 344 760 713 597 205 623 186 678 60 768 324 445 624 388 446 374
815 1275 1029 1349 1114 926 158 812 1562 375 644 453 765 788 1397 825 1084 371 1128 559 445 1104 0 1061 1495 802 1100 1281 1190 690 615 826 1150 787 1462 813 234 622 949 1090 121 832 813 547 805 240 1159 1418 802 788 1269 819 682 432 977 1020 739 877 1269 986 679 871 697 823 911 1499 745 830 881 849 810 1548 844 516 1643 833 385 1273 1003 351 864 707 966 1610 798 986 1158 925 440 765 709 1172 893 747 358 472 1123 1287 809 1514 812 550 397 1069 1288 566 1051 667 1048 339 904 823 1256 1055 849 740
279 753 74 943 286 755 1078 277 504 879 458 608 341 285 806 247 28 875 586 514 1012 49 1061 0 576 388 475 220 480 1032 621 234 153 478 549 687 880 611 539 495 1094 238 280 593 352 894 180 420 301 476 284 279 473 809 380 309 904 254 387 694 769 287 486 254 190 806 339 494 532 226 265 533 732 760 615 258 960 651 604 795 392 370 647 608 283 149 474 719 621 781 607 1018 182 342 935 942 521 277 300 540 295 711 669 607 254 592 152 657 13 724 278 397 648 354 400 327
836 1261 649 1456 384 788 1462 832 533 1405 996 1063 896 825 1278 792 574 1203 1121 946 1552 530 1495 576 0 960 1011 470 983 1600 1179 747 424 722 33 813 1274 1170 1108 1035 1560 710 837 1129 922 1279 663 191 860 721 678 839 1030 1344 946 868 1477 826 825 1260 1339 862 802 803 621 1227 881 1070 665 778 722 713 826 1309 716 817 1265 393 1166 1306 968 808 1215 780 831 724 990 758 1086 917 836 1576 739 888 1257 1488 1053 308 861 794 857 1264 1147 551 350 936 709 893 584 1189 854 972 407 902 976 852
140 569 321 720 620 897 869 147 816 532 169 409 104 177 672 191 396 753 388 392 645 437 802 388 960 0 321 574 399 644 245 257 536 581 932 789 688 235 239 319 800 316 139 259 42 710 396 808 117 579 490 133 121 456 180 218 517 134 468 377 380 102 518 177 385 740 146 129 690 195 327 763 842 391 862 154 844 958 318 475 71 344 330 818 159 249 370 868 403 847 659 703 224 135 809 572 356 665 112 718 115 339 418 843 640 541 294 683 378 477 123 30 950 253 59 194
401 283 405 468 761 1161 1181 408 690 782 489 730 406 449 364 438 462 1073 111 707 855 506 1100 475 1011 321 0 548 94 762 491 500 618 848 990 1066 1006 483 177 26 1081 556 402 554 340 1028 348 828 392 846 364 392 428 705 146 174 611 337 252 280 526 311 805 427 587 419 447 271 940 424 577 570 1118 624 669 399 1165 1125 184 755 249 632 247 600 428 346 61 1128 722 1137 948 567 419 437 1130 779 46 704 383 494 383 575 732 1059 661 851 322 980 473 790 284 292 1121 121 263 487
487 790 261 985 354 892 1297 487 287 1088 670 828 548 501 810 463 197 1086 655 732 1215 179 1281 220 470 574 548 0 513 1211 817 455 192 657 453 848 1098 807 666 572 1313 455 489 802 544 1112 203 282 507 655 210 486 674 1016 506 424 1073 446 356 811 948 472 684 468 393 771 552 657 682 440 481 356 887 961 420 467 1169 680 714 1009 558 587 768 435 496 326 521 856 841 950 791 1115 395 554 1146 1143 587 178 504 395 500 910 888 703 128 800 282 844 233 944 452 575 683 448 569 546
460 279 417 474 765 1199 1266 467 621 876 568 808 475 507 327 490 462 1148 156 776 950 503 1190 480 983 399 94 513 0 852 584 547 612 891 965 1111 1088 576 271 114 1173 599 461 642 412 1109 327 795 455 890 313 451 513 799 219 214 701 391 180 358 620 371 858 481 617 353 513 363 976 473 622 487 1161 718 584 455 1239 1130 268 846 330 688 331 512 486 372 33 1166 802 1188 999 616 460 504 1205 874 99 680 446 406 445 669 816 1081 634 914 332 1035 481 875 340 373 1127 160 345 549
764 784 965 775 1242 1351 841 768 1426 348 620 691 704 780 905 809 1041 930 718 785 246 1081 690 1032 1600 644 762 1211 852 0 425 862 1178 1077 1571 1226 780 433 587 739 594 910 763 502 680 804 1018 1453 740 1076 1088 761 573 345 721 801 151 778 1008 509 263 746 982 798 995 1039 724 555 1198 822 906 1328 1275 324 1428 783 994 1543 586 446 653 858 524 1362 771 891 821 1332 662 1234 1086 532 861 716 956 225 754 1309 739 1256 743 355 607 1385 1284 914 928 1076 1022 617 761 638 1531 799 642 761
344 663 559 762 816 971 714 348 1061 295 196 345 283 355 784 386 633 672 512 401 400 670 615 621 1179 245 491 817 584 425 0 436 761 674 1149 850 564 9 333 479 589 484 343 110 272 588 641 1039 320 673 732 343 149 218 386 448 326 371 692 387 183 344 587 376 570 883 299 220 794 402 482 1000 902 146 1100 364 757 1122 389 265 283 443 359 1050 348 490 551 948 322 880 709 651 442 292 719 327 510 896 321 947 325 94 297 974 875 550 539 713 609 343 368 251 1110 469 268 335
117 780 212 950 380 662 846 110 737 663 248 373 163 84 863 68 258 657 596 284 805 278 826 234 747 257 500 455 547 862 436 0 341 347 716 565 648 428 482 510 861 60 118 382 215 664 359 623 140 345 475 125 289 598 361 333 751 164 529 630 608 197 312 81 134 900 137 387 444 76 76 747 617 562 836 108 746 703 560 571 303 153 582 817 99 196 527 630 386 640 452 958 91 145 718 740 545 482 145 736 143 517 435 587 472 387 262 489 221 489 218 282 694 388 301 105
416 890 228 1083 168 700 1148 412 464 1004 586 698 478 411 933 376 158 921 730 590 1144 113 1150 153 424 536 618 192 612 1178 761 341 0 471 396 656 951 752 692 640 1196 320 417 721 498 962 288 282 440 470 359 418 611 938 532 459 1053 402 490 847 916 437 510 385 238 916 467 647 490 359 340 549 694 896 611 396 1000 522 756 913 545 443 800 628 414 302 610 664 715 759 606 1170 318 472 980 1077 664 140 440 583 436 848 770 516 140 634 299 661 161 820 430 548 521 501 552 445
455 1127 504 1294 364 317 740 447 936 789 486 406 476 408 1211 411 506 482 943 295 947 494 787 478 722 581 848 657 891 1077 674 347 471 0 688 219 558 669 818 858 867 292 455 578 542 561 652 684 471 1 762 463 558 751 708 679 1000 511 849 957 857 542 99 424 290 1242 435 707 120 423 271 1004 270 753 1076 452 549 496 897 677 639 240 911 1081 430 524 873 287 435 304 134 1278 431 446 537 900 893 581 479 1018 478 724 499 311 603 221 580 190 468 522 565 609 481 734 633 387
806 1243 623 1439 351 758 1428 802 535 1373 965 1030 867 794 1263 762 549 1170 1100 913 1520 504 1462 549 33 932 990 453 965 1571 1149 716 396 688 0 781 1241 1140 1084 1014 1527 678 808 1098 893 1246 642 181 831 687 663 809 1000 1312 922 844 1449 798 809 1236 1311 834 768 773 589 1216 851 1044 632 748 690 710 795 1279 719 787 1232 370 1143 1273 942 775 1191 780 801 698 971 728 1053 886 803 1554 710 857 1223 1456 1033 286 832 788 828 1233 1114 522 330 902 685 859 557 1156 827 944 383 880 948 821
669 1343 720 1507 517 124 725 662 1116 908 675 534 685 622 1429 628 715 453 1160 449 1064 698 813 687 813 789 1066 848 1111 1226 850 565 656 219 781 0 580 847 1028 1075 914 512 669 745 753 573 865 822 684 221 972 678 751 885 925 898 1167 729 1066 1162 1029 758 272 640 505 1462 642 912 167 641 489 1202 53 904 1268 668 487 490 1107 796 851 445 1117 1280 644 743 1092 113 564 106 141 1477 651 654 491 1029 1111 745 692 1224 692 884 621 281 775 312 798 155 679 625 782 819 472 953 844 595
664 1220 860 1326 898 694 198 660 1384 432 519 286 626 629 1337 662 905 158 1055 365 561 919 234 880 1274 688 1006 1098 1088 780 564 648 951 558 1241 580 0 568 879 1001 335 642 663 466 679 24 1001 1210 658 559 1115 671 578 453 869 895 784 733 1138 952 685 736 472 664 713 1422 596 750 647 687 618 1392 612 518 1483 679 214 1039 945 347 758 511 922 1459 643 828 1058 692 286 537 475 1193 727 602 175 556 1037 1085 665 1371 668 532 276 834 1091 339 895 432 867 221 770 715 1022 939 743 579
335 658 549 758 808 967 720 339 1051 305 189 345 274 347 778 378 623 674 505 398 410 660 622 611 1170 235 483 807 576 433 9 428 752 669 1140 847 568 0 326 471 597 476 334 110 262 592 631 1030 311 668 722 333 140 227 376 439 332 361 683 383 188 334 583 367 562 876 291 212 789 393 474 990 899 156 1090 355 760 1115 383 273 273 437 354 1040 339 480 543 944 322 878 706 651 433 283 721 336 502 886 312 937 316 104 299 968 865 548 529 711 600 347 358 241 1104 460 258 327
366 343 464 481 810 1135 1042 373 847 614 384 619 343 410 458 414 536 965 179 623 679 581 949 539 1108 239 177 666 271 587 333 482 692 818 1084 1028 879 326 0 157 919 542 365 413 275 902 463 935 347 816 511 357 310 538 162 242 437 325 420 155 349 288 757 400 597 550 385 130 924 409 556 741 1081 455 841 373 1055 1165 79 598 179 582 107 776 389 391 238 1105 606 1086 898 484 423 374 1018 604 183 800 340 669 341 409 603 1068 764 775 398 921 533 658 277 209 1159 222 184 432
408 270 424 451 780 1172 1174 415 716 767 486 727 409 456 357 447 483 1072 91 709 837 527 1090 495 1035 319 26 572 114 739 479 510 640 858 1014 1075 1001 471 157 0 1068 567 408 545 341 1023 372 852 397 856 390 399 423 691 151 190 588 346 277 254 506 318 813 435 601 421 450 260 952 434 587 594 1127 608 693 407 1163 1144 159 743 248 639 222 624 434 363 82 1140 719 1145 955 542 431 440 1128 761 36 727 389 517 388 561 726 1075 685 854 343 986 492 784 292 290 1140 140 261 492
834 1232 1056 1290 1176 1030 277 832 1588 313 654 500 779 813 1356 851 1116 483 1097 614 347 1140 121 1094 1560 800 1081 1313 1173 594 589 861 1196 867 1527 914 335 597 919 1068 0 875 832 541 809 346 1176 1471 818 867 1282 837 679 383 967 1018 660 891 1268 938 620 880 772 847 959 1466 765 809 968 874 856 1559 948 469 1657 853 505 1359 966 327 857 757 924 1617 821 1005 1140 1026 480 872 801 1096 919 766 476 388 1099 1335 824 1518 828 511 426 1159 1332 647 1068 763 1081 375 911 818 1343 1048 841 767
177 837 234 1009 334 605 841 170 742 695 291 379 220 140 918 128 266 637 654 277 842 276 832 238 710 316 556 455 599 910 484 60 320 292 678 512 642 476 542 567 875 0 178 421 275 656 386 597 199 291 502 185 339 634 418 386 803 222 568 690 659 256 267 142 89 950 189 446 386 134 27 767 562 604 852 168 723 646 620 598 363 131 642 840 157 236 580 573 395 590 404 1018 138 198 698 779 601 460 205 763 203 561 450 527 457 357 298 445 226 500 276 341 637 441 361 148
1 674 227 838 485 772 856 7 755 600 181 377 60 47 765 51 296 699 490 320 732 329 813 280 837 139 402 489 461 763 343 118 417 455 808 669 663 334 365 408 832 178 0 313 97 682 345 697 23 453 456 9 193 529 257 248 645 72 477 512 504 90 404 37 246 814 68 268 558 59 191 735 722 480 829 21 790 819 444 521 186 230 464 799 26 173 437 741 381 736 547 840 99 66 758 662 444 553 27 708 24 431 416 706 534 453 237 578 268 475 120 163 810 300 182 90
314 754 540 864 756 867 629 315 1062 286 135 234 253 310 871 346 609 566 591 295 423 641 547 593 1129 259 554 802 642 502 110 382 721 578 1098 745 466 110 413 545 541 421 313 0 271 490 644 1003 294 577 745 315 138 217 429 477 423 360 727 489 284 343 487 338 510 961 254 287 699 366 413 1021 796 183 1119 335 652 1041 479 215 318 356 456 1077 309 479 610 845 212 771 604 761 410 250 614 358 579 860 297 977 302 147 193 883 845 442 537 605 580 245 373 277 1029 509 302 277
98 598 287 754 579 859 864 104 794 551 162 396 69 136 697 148 362 736 415 367 671 401 805 352 922 42 340 544 412 680 272 215 498 542 893 753 679 262 275 341 809 275 97 271 0 700 374 772 75 541 474 91 134 476 194 217 555 99 464 417 418 73 483 135 343 759 112 171 650 152 285 750 806 417 848 112 827 916 354 487 98 308 370 808 117 218 384 830 393 814 625 744 184 100 793 598 378 629 69 710 72 365 414 802 605 513 269 651 342 474 102 67 908 259 91 157
683 1244 875 1350 905 686 186 679 1398 455 540 305 646 646 1360 680 920 140 1078 380 582 932 240 894 1279 710 1028 1112 1109 804 588 664 962 561 1246 573 24 592 902 1023 346 656 682 490 700 0 1017 1218 677 562 1132 689 600 477 890 916 808 752 1157 976 710 756 477 682 725 1444 615 773 647 704 631 1409 604 543 1499 697 190 1037 969 372 779 524 946 1477 662 845 1079 684 307 527 473 1217 743 621 153 579 1059 1095 684 1389 687 557 299 831 1102 343 913 428 881 245 790 736 1020 959 765 597
344 606 151 801 449 935 1196 346 420 926 521 717 397 373 645 338 154 1016 458 641 1042 187 1159 180 663 396 348 203 327 1018 641 359 288 652 642 865 1001 631 463 372 1176 386 345 644 374 1017 0 480 358 650 116 339 508 851 304 222 877 285 209 607 757 301 649 337 361 632 414 463 712 314 413 391 911 788 484 326 1104 810 511 859 367 510 564 459 360 173 329 899 724 956 778 914 274 411 1077 968 390 356 352 377 348 736 761 783 312 743 108 824 186 820 274 391 808 244 380 422
695 1071 488 1267 319 826 1404 692 367 1286 868 971 757 692 1086 657 412 1161 936 859 1426 371 1418 420 191 808 828 282 795 1453 1039 623 282 684 181 822 1210 1030 935 852 1471 597 697 1003 772 1218 480 0 719 683 487 696 890 1220 773 693 1323 674 634 1085 1189 707 747 666 511 1035 749 910 659 639 615 533 847 1177 550 675 1233 497 989 1194 807 713 1040 605 695 563 803 793 990 929 812 1395 597 754 1218 1358 868 143 718 608 714 1128 1047 599 172 879 539 870 430 1096 694 816 507 723 816 727
25 661 245 823 509 788 849 30 771 581 164 371 40 62 755 74 316 699 477 322 711 350 802 301 860 117 392 507 455 740 320 140 440 471 831 684 658 311 347 397 818 199 23 294 75 677 358 719 0 469 466 22 171 509 246 245 621 76 480 491 480 83 417 61 269 807 61 246 576 83 210 745 737 459 841 43 790 842 426 504 168 242 444 808 42 187 430 758 373 749 559 819 122 55 758 641 434 575 8 715 10 409 405 727 555 459 249 588 290 465 116 142 833 295 163 95
453 1125 503 1292 363 318 741 446 934 789 485 406 474 407 1209 410 504 483 941 294 946 492 788 476 721 579 846 655 890 1076 673 345 470 1 687 221 559 668 816 856 867 291 453 577 541 562 650 683 469 0 760 462 557 750 706 677 999 509 848 956 856 540 98 422 289 1241 433 705 121 421 269 1002 271 752 1075 450 550 496 895 677 637 239 910 1079 428 523 871 288 435 306 136 1277 429 445 538 900 891 580 477 1016 476 723 498 311 601 221 578 191 467 522 563 608 481 732 632 385
455 584 267 779 527 1036 1310 458 337 1022 628 831 504 486 600 452 256 1133 463 757 1130 278 1269 284 678 490 364 210 313 1088 732 475 359 762 663 972 1115 722 511 390 1282 502 456 745 474 1132 116 487 466 760 0 449 607 946 366 288 942 392 146 641 831 402 764 451 472 564 524 537 815 428 529 278 1017 878 374 438 1221 876 544 961 450 627 603 344 473 287 327 1000 836 1066 890 926 390 521 1193 1055 397 387 460 261 456 826 872 872 337 859 219 938 293 931 371 480 877 290 465 536
8 665 224 830 489 780 863 16 751 602 185 384 62 57 756 57 294 707 481 329 733 328 819 279 839 133 392 486 451 761 343 125 418 463 809 678 671 333 357 399 837 185 9 315 91 689 339 696 22 462 449 0 194 531 247 239 642 63 468 504 501 81 413 43 251 804 75 262 566 62 198 728 731 481 823 22 798 824 436 525 178 239 457 792 35 167 427 750 388 746 556 833 99 72 767 663 435 553 22 700 19 432 422 713 533 462 231 587 267 481 111 156 816 291 175 99
195 653 414 785 669 867 753 198 928 417 77 309 133 206 764 237 486 655 480 319 541 522 682 473 1030 121 428 674 513 573 149 289 611 558 1000 751 578 140 310 423 679 339 193 138 134 600 508 890 171 557 607 194 0 343 296 339 463 228 589 419 319 207 480 226 423 844 151 180 675 252 340 882 804 287 981 215 745 983 384 354 183 318 378 938 198 348 482 841 297 796 614 725 293 143 709 470 459 747 172 839 177 238 303 846 727 474 402 629 461 362 235 141 973 373 168 192
530 848 755 916 967 1010 557 532 1271 77 352 352 469 527 973 563 825 594 714 455 207 858 432 809 1344 456 705 1016 799 345 218 598 938 751 1312 885 453 227 538 691 383 634 529 217 476 477 851 1220 509 750 946 531 343 0 604 666 330 571 910 556 247 550 653 555 723 1082 471 436 870 583 623 1216 933 85 1316 551 666 1234 582 106 500 553 540 1267 526 691 766 993 322 889 746 749 627 467 627 150 720 1077 512 1165 516 130 263 1062 1062 573 746 733 797 272 577 466 1220 687 485 493
256 419 305 591 657 1023 1049 264 704 682 349 589 260 305 508 296 375 930 235 562 775 420 977 380 946 180 146 506 219 721 386 361 532 708 922 925 869 376 162 151 967 418 257 429 194 890 304 773 246 706 366 247 296 604 0 82 576 196 306 314 465 167 661 284 459 564 301 174 804 285 437 619 977 529 720 256 1021 1017 224 640 112 487 268 665 283 235 190 991 583 993 804 638 286 291 987 699 187 638 237 561 237 477 597 934 601 704 236 835 375 657 142 155 1011 83 128 341
248 458 236 641 592 990 1081 254 625 743 379 611 271 294 532 276 300 944 281 568 844 345 1020 309 868 218 174 424 214 801 448 333 459 679 844 898 895 439 242 190 1018 386 248 477 217 916 222 693 245 677 288 239 339 666 82 0 657 177 249 392 542 162 643 266 413 568 306 248 768 259 408 551 949 594 651 241 1035 955 298 692 165 474 347 602 273 173 194 957 609 973 785 711 248 298 1002 768 221 559 237 500 235 542 631 885 521 701 160 820 305 691 129 201 950 55 181 338
646 640 834 650 1129 1290 878 651 1280 366 522 641 589 667 764 693 910 923 567 718 327 952 739 904 1477 517 611 1073 701 151 326 751 1053 1000 1449 1167 784 332 437 588 660 803 645 423 555 808 877 1323 621 999 942 642 463 330 576 657 0 651 858 359 144 616 910 681 885 894 614 416 1120 704 803 1178 1218 274 1278 664 996 1446 434 436 516 769 373 1212 656 759 670 1269 613 1188 1026 436 739 605 957 272 603 1180 619 1105 623 283 567 1301 1152 860 791 1024 894 592 628 506 1435 652 507 655
71 615 188 786 494 826 925 77 702 645 236 447 112 116 701 100 263 771 432 393 769 302 877 254 826 134 337 446 391 778 371 164 402 511 798 729 733 361 325 346 891 222 72 360 99 752 285 674 76 509 392 63 228 571 196 177 651 0 405 477 515 38 468 89 272 745 136 249 608 88 241 670 780 514 766 63 862 842 401 574 152 297 429 732 96 120 369 795 449 800 610 807 99 131 830 696 382 531 68 639 65 464 481 744 506 523 177 644 244 541 53 146 835 231 155 162
476 440 345 635 656 1140 1327 481 442 988 626 851 512 517 454 489 363 1175 336 796 1080 395 1269 387 825 468 252 356 180 1008 692 529 490 849 809 1066 1138 683 420 277 1268 568 477 727 464 1157 209 634 480 848 146 468 589 910 306 249 858 405 0 531 762 402 836 483 560 425 542 479 916 467 595 320 1113 835 420 463 1265 1012 437 941 411 681 499 359 499 333 201 1105 852 1153 970 795 438 535 1235 1004 275 532 472 255 469 784 878 993 483 915 270 1014 393 938 368 450 1012 222 427 565
512 295 619 374 965 1273 1097 519 970 624 496 715 481 554 420 562 689 1055 211 739 653 734 986 694 1260 377 280 811 358 509 387 630 847 957 1236 1162 952 383 155 254 938 690 512 489 417 976 607 1085 491 956 641 504 419 556 314 392 359 477 531 0 322 440 890 548 749 542 522 250 1067 560 702 845 1215 471 943 522 1142 1319 97 637 327 718 48 870 534 546 331 1244 697 1213 1028 330 576 510 1104 583 259 951 485 763 487 436 682 1218 913 893 550 1046 688 731 431 349 1312 363 329 570
505 618 701 671 987 1151 804 510 1168 307 377 511 447 524 743 552 777 813 507 580 334 818 679 769 1339 380 526 948 620 263 183 608 916 857 1311 1029 685 188 349 506 620 659 504 284 418 710 757 1189 480 856 831 501 319 247 465 542 144 515 762 322 0 482 769 540 742 862 471 294 977 563 659 1081 1081 168 1182 523 892 1302 370 343 390 625 317 1121 513 628 588 1129 484 1055 888 507 600 462 853 261 529 1046 478 1015 483 157 445 1157 1020 725 665 889 759 478 497 374 1291 546 378 511
90 585 219 753 532 858 925 97 720 625 227 450 110 138 675 130 295 781 401 405 744 335 871 287 862 102 311 472 371 746 344 197 437 542 834 758 736 334 288 318 880 256 90 343 73 756 301 707 83 540 402 81 207 550 167 162 616 38 402 440 482 0 494 117 309 724 143 212 642 122 273 679 810 490 777 90 873 880 364 559 114 321 392 738 116 146 347 827 450 826 637 770 137 136 840 671 354 564 74 643 73 438 477 780 538 542 195 668 278 537 34 110 873 212 117 177
404 1078 498 1238 430 386 661 397 969 690 405 307 414 356 1169 368 514 414 895 198 848 511 697 486 802 518 805 684 858 982 587 312 510 99 768 272 472 583 757 813 772 267 404 487 483 477 649 747 417 98 764 413 480 653 661 643 910 468 836 890 769 494 0 378 295 1211 372 640 216 384 241 1019 325 658 1098 406 490 594 837 578 582 175 845 1095 378 504 837 361 336 332 142 1206 402 383 472 802 849 632 425 1024 425 631 400 410 647 134 565 178 475 423 521 548 579 698 574 325
37 703 208 870 448 740 859 30 740 625 204 379 93 35 791 13 272 691 519 312 760 302 823 254 803 177 427 468 481 798 376 81 385 424 773 640 664 367 400 435 847 142 37 338 135 682 337 666 61 422 451 43 226 555 284 266 681 89 483 548 540 117 378 0 208 834 85 306 525 27 156 729 692 510 822 27 781 781 478 542 221 207 500 795 28 164 458 709 386 710 521 877 72 88 751 691 471 523 65 707 62 462 426 669 506 436 231 554 242 484 143 200 772 320 219 85
245 871 214 1050 246 584 911 239 680 784 379 460 297 218 943 195 219 693 691 352 931 216 911 190 621 385 587 393 617 995 570 134 238 290 589 505 713 562 597 601 959 89 246 510 343 725 361 511 269 289 472 251 423 723 459 413 885 272 560 749 742 309 295 208 0 962 271 513 360 191 103 724 553 692 803 231 776 573 672 686 422 204 701 799 231 245 603 550 479 595 417 1079 174 280 753 868 633 376 274 731 270 648 535 474 378 407 293 466 180 584 321 407 565 467 422 235
813 255 753 354 1081 1547 1591 820 754 1155 908 1149 824 861 141 844 784 1493 371 1126 1195 819 1499 806 1227 740 419 771 353 1039 883 900 916 1242 1216 1462 1422 876 550 421 1466 950 814 961 759 1444 632 1035 807 1241 564 804 844 1082 564 568 894 745 425 542 862 724 1211 834 962 0 864 673 1322 827 974 566 1512 997 629 808 1584 1438 499 1148 669 1042 546 539 839 719 377 1512 1140 1541 1352 619 812 855 1549 1124 385 950 798 466 797 954 1146 1413 899 1266 670 1388 810 1203 693 711 1438 514 682 902
69 710 291 865 517 751 788 67 822 540 119 310 42 56 807 92 357 638 527 262 676 387 745 339 881 146 447 552 513 724 299 137 467 435 851 642 596 291 385 450 765 189 68 254 112 615 414 749 61 433 524 75 151 471 301 306 614 136 542 522 471 143 372 85 271 864 0 272 546 112 192 803 695 428 898 88 729 834 464 457 210 197 476 867 56 241 488 722 313 702 513 845 157 11 696 609 487 606 69 775 72 382 347 706 590 403 306 539 327 406 177 176 825 355 202 48
269 474 422 606 743 1022 917 276 874 514 255 489 232 307 587 320 498 835 304 495 601 541 830 494 1070 129 271 657 363 555 220 387 647 707 1044 912 750 212 130 260 809 446 268 287 171 773 463 910 246 705 537 262 180 436 174 248 416 249 479 250 294 212 640 306 513 673 272 0 818 322 456 794 965 358 894 281 924 1086 204 483 102 468 205 839 288 347 331 994 475 965 779 573 346 260 888 525 293 769 241 734 244 307 474 973 738 649 375 798 486 530 216 105 1078 257 95 320
558 1222 572 1395 350 224 818 551 948 907 604 523 586 514 1300 511 559 549 1040 415 1064 538 881 532 665 690 940 682 976 1198 794 444 490 120 632 167 647 789 924 952 968 386 558 699 650 647 712 659 576 121 815 566 675 870 804 768 1120 608 916 1067 977 642 216 525 360 1322 546 818 0 520 368 1037 204 873 1102 552 604 392 1002 794 744 356 1020 1116 534 604 961 189 552 273 176 1391 521 557 598 1019 986 577 584 1063 582 845 615 194 608 322 653 230 525 635 662 718 375 823 740 498
58 704 181 874 426 738 882 54 713 652 232 403 118 61 788 24 244 709 520 331 787 275 849 226 778 195 424 440 473 822 402 76 359 423 748 641 687 393 409 434 874 134 59 366 152 704 314 639 83 421 428 62 252 583 285 259 704 88 467 560 563 122 384 27 191 827 112 322 520 0 152 705 693 537 797 40 799 764 486 569 232 217 512 772 56 141 453 706 411 714 525 889 45 115 770 718 469 495 85 685 81 489 452 658 478 449 209 561 214 510 142 216 756 314 231 109
190 856 262 1026 343 585 816 183 767 683 286 357 226 149 940 143 292 610 673 253 831 301 810 265 722 327 577 481 622 906 482 76 340 271 690 489 618 474 556 587 856 27 191 413 285 631 413 615 210 269 529 198 340 623 437 408 803 241 595 702 659 273 241 156 103 974 192 456 368 152 0 794 541 597 878 184 696 643 635 583 377 106 655 867 168 262 603 553 375 566 379 1030 162 202 671 770 622 479 217 790 215 555 431 516 478 330 324 419 252 481 295 353 633 464 373 148
733 697 535 875 708 1249 1588 736 192 1293 906 1109 783 764 661 730 505 1403 640 1031 1394 510 1548 533 713 763 570 356 487 1328 1000 747 549 1004 710 1202 1392 990 741 594 1559 767 735 1021 750 1409 391 533 745 1002 278 728 882 1216 619 551 1178 670 320 845 1081 679 1019 729 724 566 803 794 1037 705 794 0 1242 1145 100 716 1490 1010 753 1237 716 896 816 79 751 564 514 1213 1115 1302 1136 1081 665 800 1464 1318 586 504 739 100 735 1093 1151 1056 457 1124 498 1188 545 1210 648 750 1015 536 732 814
722 1396 768 1560 549 82 749 714 1150 954 728 583 738 675 1481 680 760 478 1212 501 1109 741 844 732 826 842 1118 887 1161 1275 902 617 694 270 795 53 612 899 1081 1127 948 562 722 796 806 604 911 847 737 271 1017 731 804 933 977 949 1218 780 1113 1215 1081 810 325 692 553 1512 695 965 204 693 541 1242 0 954 1306 720 503 485 1160 842 904 498 1170 1320 696 793 1143 84 612 96 192 1530 701 707 511 1076 1162 776 745 1266 744 935 669 281 809 360 846 199 725 670 834 872 467 1004 897 648
482 763 701 833 938 1029 636 484 1207 159 313 372 419 485 887 520 774 651 629 461 254 810 516 760 1309 391 624 961 718 324 146 562 896 753 1279 904 518 156 455 608 469 604 480 183 417 543 788 1177 459 752 878 481 287 85 529 594 274 514 835 471 168 490 658 510 692 997 428 358 873 537 597 1145 954 0 1245 502 727 1224 497 174 429 539 454 1194 481 634 685 1009 343 918 764 675 580 423 688 182 637 1033 460 1090 465 52 294 1061 1014 594 685 757 749 318 514 398 1211 612 414 457
828 782 623 953 763 1307 1679 831 183 1393 1003 1201 879 857 735 822 587 1489 736 1120 1494 586 1643 615 716 862 669 420 584 1428 1100 836 611 1076 719 1268 1483 1090 841 693 1657 852 829 1119 848 1499 484 550 841 1075 374 823 981 1316 720 651 1278 766 420 943 1182 777 1098 822 803 629 898 894 1102 797 878 100 1306 1245 0 811 1575 1041 852 1335 816 982 914 90 845 658 612 1272 1208 1370 1210 1170 756 895 1550 1419 684 546 835 183 831 1193 1246 1105 504 1207 592 1263 627 1305 746 850 1049 637 832 907
20 675 205 842 467 768 872 20 735 622 203 393 82 54 763 40 274 711 491 332 753 307 833 258 817 154 399 467 455 783 364 108 396 452 787 668 679 355 373 407 853 168 21 335 112 697 326 675 43 450 438 22 215 551 256 241 664 63 463 522 523 90 406 27 231 808 88 281 552 40 184 716 720 502 811 0 802 804 451 542 194 233 474 781 35 153 432 737 398 737 548 851 78 87 771 684 443 531 44 691 40 453 435 696 512 460 218 581 247 494 115 176 796 294 193 101
791 1398 956 1517 913 580 256 785 1456 646 677 436 765 748 1510 776 988 91 1226 469 771 992 385 960 1265 844 1165 1169 1239 994 757 746 1000 549 1232 487 214 760 1055 1163 505 723 790 652 827 190 1104 1233 790 550 1221 798 745 666 1021 1035 996 862 1265 1142 892 873 490 781 776 1584 729 924 604 799 696 1490 503 727 1575 802 0 976 1126 560 915 594 1108 1562 766 939 1212 588 448 412 429 1398 833 737 39 769 1200 1123 798 1482 800 736 460 766 1138 368 1006 373 948 416 906 873 958 1083 902 700
818 1404 720 1594 364 428 1204 812 861 1279 925 899 866 786 1454 767 667 932 1235 784 1435 626 1273 651 393 958 1125 680 1130 1543 1122 703 522 496 370 490 1039 1115 1165 1144 1359 646 819 1041 916 1037 810 497 842 496 876 824 983 1234 1017 955 1446 842 1012 1319 1302 880 594 781 573 1438 834 1086 392 764 643 1010 485 1224 1041 804 976 0 1238 1168 994 684 1271 1086 802 783 1125 405 927 582 564 1649 743 845 976 1384 1172 509 846 1069 843 1188 991 209 558 713 803 612 652 1018 887 980 18 1004 995 791
444 275 529 403 880 1214 1103 452 874 656 460 692 422 489 395 492 598 1037 136 700 705 643 1003 604 1166 318 184 714 268 586 389 560 756 897 1143 1107 945 383 79 159 966 620 444 479 354 969 511 989 426 895 544 436 384 582 224 298 434 401 437 97 370 364 837 478 672 499 464 204 1002 486 635 753 1160 497 852 451 1126 1238 0 651 258 662 62 781 468 458 239 1184 677 1165 977 414 498 453 1089 631 169 857 418 674 420 455 670 1145 818 853 458 1000 599 724 351 288 1231 266 263 511
522 923 748 1005 923 921 463 522 1275 112 339 271 464 510 1046 547 814 488 777 384 270 843 351 795 1306 475 755 1009 846 446 265 571 913 677 1273 796 347 273 598 743 327 598 521 215 487 372 859 1194 504 677 961 525 354 106 640 692 436 574 941 637 343 559 578 542 686 1148 457 483 794 569 583 1237 842 174 1335 542 560 1168 651 0 530 501 615 1292 513 691 814 906 242 793 660 850 614 455 521 234 775 1053 509 1193 513 201 178 988 1043 486 751 642 782 173 589 491 1154 721 514 469
186 500 320 656 646 956 936 194 784 577 239 480 167 230 601 235 395 824 318 462 680 439 864 392 968 71 249 558 330 653 283 303 545 639 942 851 758 273 179 248 857 363 186 318 98 779 367 807 168 637 450 178 183 500 112 165 516 152 411 327 390 114 582 221 422 669 210 102 744 232 377 716 904 429 816 194 915 994 258 530 0 406 279 767 209 244 300 926 473 912 723 657 251 199 880 605 285 666 160 665 162 377 485 890 636 610 275 749 384 545 114 42 986 191 15 256
230 903 361 1062 424 554 710 223 874 606 249 257 239 182 996 198 397 506 719 147 759 407 707 370 808 344 632 587 688 858 443 153 443 240 775 445 511 437 582 639 757 131 230 356 308 524 510 713 242 239 627 239 318 553 487 474 769 297 681 718 625 321 175 207 204 1042 197 468 356 217 106 896 498 539 982 233 594 684 662 501 406 0 673 968 204 349 666 526 278 507 317 1038 244 209 567 703 675 580 250 888 250 503 338 531 582 234 415 347 358 383 349 373 672 528 399 150
465 308 572 409 917 1227 1072 472 935 611 455 679 435 507 432 514 643 1021 195 697 651 688 966 647 1215 330 247 768 331 524 359 582 800 911 1191 1117 922 354 107 222 924 642 464 456 370 946 564 1040 444 910 603 457 378 540 268 347 373 429 499 48 317 392 845 500 701 546 476 205 1020 512 655 816 1170 454 914 474 1108 1271 62 615 279 673 0 844 487 499 302 1198 662 1170 984 378 528 464 1071 579 232 906 438 737 440 416 649 1170 869 852 505 1003 641 700 383 302 1264 320 281 524
797 696 606 865 788 1328 1654 801 249 1345 966 1175 844 830 646 796 580 1475 660 1101 1440 587 1610 608 780 818 600 435 512 1362 1050 817 628 1081 780 1280 1459 1040 776 624 1617 840 799 1077 808 1477 459 605 808 1079 344 792 938 1267 665 602 1212 732 359 870 1121 738 1095 795 799 539 867 839 1116 772 867 79 1320 1194 90 781 1562 1086 781 1292 767 968 844 0 816 631 542 1292 1180 1380 1213 1086 733 863 1535 1364 612 581 801 106 797 1142 1213 1135 535 1197 563 1264 619 1273 706 803 1092 581 783 880
26 700 235 863 473 747 837 19 767 596 175 358 66 21 791 38 300 676 516 297 731 331 798 283 831 159 428 496 486 771 348 99 414 430 801 644 643 339 389 434 821 157 26 309 117 662 360 695 42 428 473 35 198 526 283 273 656 96 499 534 513 116 378 28 231 839 56 288 534 56 168 751 696 481 845 35 766 802 468 513 209 204 487 816 0 187 463 716 363 710 521 861 101 59 735 662 470 551 49 727 47 434 401 685 535 427 253 552 271 460 146 184 793 326 205 66
171 630 75 814 422 828 1023 173 584 765 352 544 227 199 698 165 151 850 454 472 889 194 986 149 724 249 346 326 372 891 490 196 302 524 698 743 828 480 391 363 1005 236 173 479 218 845 173 563 187 523 287 167 348 691 235 173 759 120 333 546 628 146 504 164 245 719 241 347 604 141 262 564 793 634 658 153 939 783 458 691 244 349 499 631 187 0 358 794 550 826 640 873 106 239 910 816 393 422 182 544 178 583 588 713 393 583 67 682 142 647 131 253 778 225 253 249
436 279 408 472 760 1183 1235 443 643 843 539 779 448 484 340 469 458 1120 136 750 917 500 1158 474 990 370 61 521 33 821 551 527 610 873 971 1092 1058 543 238 82 1140 580 437 610 384 1079 329 803 430 871 327 427 482 766 190 194 670 369 201 331 588 347 837 458 603 377 488 331 961 453 603 514 1143 685 612 432 1212 1125 239 814 300 666 302 542 463 358 0 1150 773 1168 978 599 442 478 1177 841 73 685 421 435 420 636 785 1070 640 889 323 1013 474 844 317 343 1122 139 315 525
741 1410 762 1579 509 36 832 733 1110 1019 767 642 763 695 1489 696 746 561 1227 550 1175 722 925 719 758 868 1128 856 1166 1332 948 630 664 287 728 113 692 944 1105 1140 1026 573 741 845 830 684 899 793 758 288 1000 750 841 993 991 957 1269 795 1105 1244 1129 827 361 709 550 1512 722 994 189 706 553 1213 84 1009 1272 737 588 405 1184 906 926 526 1198 1292 716 794 1150 0 671 179 247 1564 709 733 595 1139 1174 733 766 1243 764 987 730 207 770 420 843 268 712 736 848 897 387 1012 921 674
382 949 590 1071 701 688 475 379 1122 354 233 29 340 351 1062 387 644 359 778 144 512 664 440 621 1086 403 722 841 802 662 322 386 715 435 1053 564 286 322 606 719 480 395 381 212 393 307 724 990 373 435 836 388 297 322 583 609 613 449 852 697 484 450 336 386 479 1140 313 475 552 411 375 1115 612 343 1208 398 448 927 677 242 473 278 662 1180 363 550 773 671 0 575 424 973 454 317 412 469 755 855 381 1088 384 330 64 746 852 252 617 414 608 105 484 430 913 652 458 301
737 1410 809 1567 623 168 661 729 1220 903 719 547 745 689 1501 699 810 394 1226 481 1055 795 765 781 917 847 1137 950 1188 1234 880 640 759 304 886 106 537 878 1086 1145 872 590 736 771 814 527 956 929 749 306 1066 746 796 889 993 973 1188 800 1153 1213 1055 826 332 710 595 1541 702 965 273 714 566 1302 96 918 1370 737 412 582 1165 793 912 507 1170 1380 710 826 1168 179 575 0 189 1520 729 713 423 1028 1181 850 757 1320 757 904 627 377 880 329 883 167 772 620 853 878 564 1028 904 656
547 1221 628 1379 494 264 642 540 1071 773 537 395 556 499 1312 510 636 372 1037 308 929 626 709 607 836 659 948 791 999 1086 709 452 606 134 803 141 475 706 898 955 801 404 547 604 625 473 778 812 559 136 890 556 614 746 804 785 1026 610 970 1028 888 637 142 521 417 1352 513 779 176 525 379 1136 192 764 1210 548 429 564 977 660 723 317 984 1213 521 640 978 247 424 189 0 1340 541 524 422 892 991 714 568 1148 567 743 483 359 737 173 700 57 597 491 664 689 547 839 716 467
841 392 944 280 1294 1592 1306 848 1234 797 802 996 805 880 477 891 1012 1317 463 1040 759 1057 1172 1018 1576 703 567 1115 616 532 651 958 1170 1278 1554 1477 1193 651 484 542 1096 1018 840 761 744 1217 914 1395 819 1277 926 833 725 749 638 711 436 807 795 330 507 770 1206 877 1079 619 845 573 1391 889 1030 1081 1530 675 1170 851 1398 1649 414 850 657 1038 378 1086 861 873 599 1564 973 1520 1340 0 906 833 1359 708 529 1267 813 987 815 661 943 1546 1226 1194 871 1352 1013 982 761 677 1642 673 658 893
98 701 136 877 397 742 923 95 669 697 276 445 160 105 780 68 199 744 520 367 831 230 893 182 739 224 419 395 460 861 442 91 318 431 710 651 727 433 423 431 919 138 99 410 184 743 274 597 122 429 390 99 293 627 286 248 739 99 438 576 600 137 402 72 174 812 157 346 521 45 162 665 701 580 756 78 833 743 498 614 251 244 528 733 101 106 442 709 454 729 541 906 0 160 805 762 465 453 122 649 117 531 496 648 435 478 172 580 169 554 146 241 736 303 253 152
68 699 292 854 525 762 793 67 822 537 116 316 31 63 797 96 359 645 516 271 672 391 747 342 888 135 437 554 504 716 292 145 472 446 857 654 602 283 374 440 766 198 66 250 100 621 411 754 55 445 521 72 143 467 291 298 605 131 535 510 462 136 383 88 280 855 11 260 557 115 202 800 707 423 895 87 737 845 453 455 199 209 464 863 59 239 478 733 317 713 524 833 160 0 704 604 477 610 63 771 66 376 350 717 594 413 303 550 330 410 169 165 835 346 191 59
759 1361 929 1479 899 590 239 754 1434 608 641 400 732 717 1474 747 963 60 1189 439 735 968 358 935 1257 809 1130 1146 1205 956 719 718 980 537 1223 491 175 721 1018 1128 476 698 758 614 793 153 1077 1218 758 538 1193 767 709 627 987 1002 957 830 1235 1104 853 840 472 751 753 1549 696 888 598 770 671 1464 511 688 1550 771 39 976 1089 521 880 567 1071 1535 735 910 1177 595 412 423 422 1359 805 704 0 732 1164 1105 766 1454 768 697 422 767 1119 346 977 368 923 377 874 837 958 1050 866 669
663 877 884 914 1113 1154 619 666 1387 126 491 499 601 666 1003 700 956 708 768 605 76 992 472 942 1488 572 779 1143 874 225 327 740 1077 900 1456 1029 556 336 604 761 388 779 662 358 598 579 968 1358 641 900 1055 663 470 150 699 768 272 696 1004 583 261 671 802 691 868 1124 609 525 1019 718 770 1318 1076 182 1419 684 769 1384 631 234 605 703 579 1364 662 816 841 1139 469 1028 892 708 762 604 732 0 786 1214 642 1259 647 233 408 1212 1196 718 866 876 931 407 695 576 1371 782 590 635
444 237 451 422 807 1207 1209 451 716 796 523 764 446 492 320 482 508 1109 67 746 861 552 1123 521 1053 356 46 587 99 754 510 545 664 893 1033 1111 1037 502 183 36 1099 601 444 579 378 1059 390 868 434 891 397 435 459 720 187 221 603 382 275 259 529 354 849 471 633 385 487 293 986 469 622 586 1162 637 684 443 1200 1172 169 775 285 675 232 612 470 393 73 1174 755 1181 991 529 465 477 1164 786 0 746 425 505 425 590 761 1106 702 891 369 1022 519 819 328 327 1168 168 298 528
551 959 346 1155 227 769 1281 549 377 1144 725 837 614 549 986 514 270 1047 814 728 1283 228 1287 277 308 665 704 178 680 1309 896 482 140 581 286 745 1085 886 800 727 1335 460 553 860 629 1095 356 143 575 580 387 553 747 1077 638 559 1180 531 532 951 1046 564 632 523 376 950 606 769 577 495 479 504 776 1033 546 531 1123 509 857 1053 666 580 906 581 551 422 685 733 855 850 714 1267 453 610 1105 1214 746 0 574 560 570 985 910 559 50 761 402 771 287 960 553 674 513 593 675 585
28 653 242 815 512 796 856 35 766 584 169 379 44 70 746 79 314 707 469 331 713 349 809 300 861 112 383 504 446 739 321 145 440 479 832 692 665 312 340 389 824 205 27 297 69 684 352 718 8 477 460 22 172 512 237 237 619 68 472 485 478 74 425 65 274 798 69 241 584 85 217 739 745 460 835 44 798 846 418 509 160 250 438 801 49 182 421 766 381 757 568 813 122 63 766 642 425 574 0 708 4 411 412 733 554 468 244 597 288 472 107 136 838 287 156 103
706 600 528 775 749 1279 1564 710 288 1242 870 1085 750 742 560 709 512 1393 555 1016 1335 525 1514 540 794 718 494 395 406 1256 947 736 583 1018 788 1224 1371 937 669 517 1518 763 708 977 710 1389 377 608 715 1016 261 700 839 1165 561 500 1105 639 255 763 1015 643 1024 707 731 466 775 734 1063 685 790 100 1266 1090 183 691 1482 1069 674 1193 665 888 737 106 727 544 435 1243 1088 1320 1148 987 649 771 1454 1259 505 560 708 0 704 1039 1120 1098 511 1120 476 1197 550 1180 610 702 1073 477 681 792
25 653 238 816 508 795 859 32 762 588 174 382 49 69 746 76 309 709 469 332 717 344 812 295 857 115 383 500 445 743 325 143 436 478 828 692 668 316 341 388 828 203 24 302 72 687 348 714 10 476 456 19 177 516 237 235 623 65 469 487 483 73 425 62 270 797 72 244 582 81 215 735 744 465 831 40 800 843 420 513 162 250 440 797 47 178 420 764 384 757 567 815 117 66 768 647 425 570 4 704 0 415 416 730 550 469 239 597 284 475 105 138 835 285 158 104
433 724 651 804 895 1008 663 435 1155 206 269 357 370 439 848 472 724 656 585 436 306 760 550 711 1264 339 575 910 669 355 94 517 848 724 1233 884 532 104 409 561 511 561 431 147 365 557 736 1128 409 723 826 432 238 130 477 542 283 464 784 436 157 438 631 462 648 954 382 307 845 489 555 1093 935 52 1193 453 736 1188 455 201 377 503 416 1142 434 583 636 987 330 904 743 661 531 376 697 233 590 985 411 1039 415 0 288 1030 965 576 633 740 700 321 462 346 1176 561 362 413
417 945 633 1057 762 746 451 415 1166 291 251 92 369 391 1061 428 691 375 779 208 449 713 397 669 1147 418 732 888 816 607 297 435 770 499 1114 621 276 299 603 726 426 450 416 193 414 299 761 1047 405 498 872 422 303 263 597 631 567 481 878 682 445 477 400 426 535 1146 347 474 615 452 431 1151 669 294 1246 435 460 991 670 178 485 338 649 1213 401 588 785 730 64 627 483 943 496 350 422 408 761 910 412 1120 416 288 0 809 905 310 653 470 656 60 511 442 977 671 470 343
705 1343 664 1524 349 236 996 698 935 1100 780 717 743 666 1409 655 630 723 1165 606 1258 597 1069 607 551 843 1059 703 1081 1385 974 587 516 311 522 281 834 968 1068 1075 1159 527 706 883 802 831 783 599 727 311 872 713 846 1062 934 885 1301 744 993 1218 1157 780 410 669 474 1413 706 973 194 658 516 1056 281 1061 1105 696 766 209 1145 988 890 531 1170 1135 685 713 1070 207 746 377 359 1546 648 717 767 1212 1106 559 733 1098 730 1030 809 0 601 516 749 404 604 830 795 869 191 938 888 659
532 913 319 1108 261 805 1288 530 341 1130 710 835 595 535 937 498 243 1060 770 730 1266 205 1288 254 350 640 661 128 634 1284 875 472 140 603 330 775 1091 865 764 685 1332 457 534 845 605 1102 312 172 555 601 337 533 727 1062 601 521 1152 506 483 913 1020 538 647 506 378 899 590 738 608 478 478 457 809 1014 504 512 1138 558 818 1043 636 582 869 535 535 393 640 770 852 880 737 1226 435 594 1119 1196 702 50 554 511 550 965 905 601 0 773 366 793 265 957 524 646 562 553 645 573
453 1110 592 1256 563 436 527 447 1087 599 396 222 445 407 1211 428 620 286 929 154 755 623 566 592 936 541 851 800 914 914 550 387 634 221 902 312 339 548 775 854 647 357 453 442 513 343 743 879 459 221 859 462 474 573 704 701 860 523 915 893 725 542 134 436 407 1266 403 649 322 449 330 1124 360 594 1207 460 368 713 853 486 610 234 852 1197 427 583 889 420 252 329 173 1194 478 413 346 718 891 761 468 1120 469 576 310 516 773 0 649 164 580 318 573 572 697 754 600 364
236 601 84 791 438 878 1090 238 525 820 413 611 288 266 660 233 141 917 434 539 939 186 1051 152 709 294 322 282 332 928 539 262 299 580 685 798 895 529 398 343 1068 298 237 537 269 913 108 539 249 578 219 231 402 746 236 160 791 177 270 550 665 195 565 231 293 670 306 375 653 209 324 498 846 685 592 218 1006 803 458 751 275 415 505 563 253 67 323 843 617 883 700 871 172 303 977 866 369 402 244 476 239 633 653 749 366 649 0 743 150 712 171 293 799 202 286 316
578 1249 674 1402 551 279 592 571 1125 754 551 385 581 530 1343 544 685 320 1066 313 909 678 667 657 893 683 980 844 1035 1076 713 489 661 190 859 155 432 711 921 986 763 445 578 605 651 428 824 870 588 191 938 587 629 733 835 820 1024 644 1014 1046 889 668 178 554 466 1388 539 798 230 561 419 1188 199 757 1263 581 373 612 1000 642 749 347 1003 1264 552 682 1013 268 414 167 57 1352 580 550 368 876 1022 771 597 1197 597 740 470 404 793 164 743 0 646 471 696 713 595 874 740 495
267 752 69 941 287 748 1065 265 517 867 446 595 329 272 808 235 40 862 584 501 1001 60 1048 13 584 378 473 233 481 1022 609 221 161 468 557 679 867 600 533 492 1081 226 268 580 342 881 186 430 290 467 293 267 461 797 375 305 894 244 393 688 759 278 475 242 180 810 327 486 525 214 252 545 725 749 627 247 948 652 599 782 384 358 641 619 271 142 474 712 608 772 597 1013 169 330 923 931 519 287 288 550 284 700 656 604 265 580 150 646 0 711 269 388 648 352 391 315
476 999 690 1106 804 750 391 474 1223 283 312 126 429 449 1116 486 747 335 835 244 438 768 339 724 1189 477 790 944 875 617 343 489 820 522 1156 625 221 347 658 784 375 500 475 245 474 245 820 1096 465 522 931 481 362 272 657 691 592 541 938 731 478 537 423 484 584 1203 406 530 635 510 481 1210 670 318 1305 494 416 1018 724 173 545 383 700 1273 460 647 844 736 105 620 491 982 554 410 377 407 819 960 472 1180 475 321 60 830 957 318 712 471 711 0 571 502 1003 731 529 401
119 561 206 733 534 880 959 126 694 652 260 484 144 167 648 154 282 815 378 438 768 324 904 278 854 123 284 452 340 761 368 218 430 565 827 782 770 358 277 292 911 276 120 373 102 790 274 694 116 563 371 111 235 577 142 129 628 53 368 431 497 34 521 143 321 693 177 216 662 142 295 648 834 514 746 115 906 887 351 589 114 349 383 706 146 131 317 848 484 853 664 761 146 169 874 695 328 553 107 610 105 462 511 795 524 573 171 696 269 571 0 123 881 180 122 209
164 539 327 689 638 926 894 171 810 543 196 437 134 204 642 214 403 781 358 422 651 445 823 397 972 30 292 575 373 638 251 282 548 609 944 819 715 241 209 290 818 341 163 277 67 736 391 816 142 608 480 156 141 466 155 201 506 146 450 349 374 110 548 200 407 711 176 105 718 216 353 750 872 398 850 176 873 980 288 491 42 373 302 803 184 253 343 897 430 878 689 677 241 165 837 576 327 674 136 702 138 346 442 869 646 572 293 713 388 502 123 0 972 231 29 223
809 1401 716 1590 361 410 1187 803 869 1265 914 885 856 777 1452 759 665 915 1231 769 1422 624 1256 648 407 950 1121 683 1127 1531 1110 694 521 481 383 472 1022 1104 1159 1140 1343 637 810 1029 908 1020 808 507 833 481 877 816 973 1220 1011 950 1435 835 1012 1312 1291 873 579 772 565 1438 825 1078 375 756 633 1015 467 1211 1049 796 958 18 1231 1154 986 672 1264 1092 793 778 1122 387 913 564 547 1642 736 835 958 1371 1168 513 838 1073 835 1176 977 191 562 697 799 595 648 1003 881 972 0 1000 987 781
300 405 283 590 640 1045 1122 306 627 765 420 655 318 347 477 330 343 992 231 618 858 388 1055 354 902 253 121 448 160 799 469 388 501 734 880 953 939 460 222 140 1048 441 300 509 259 959 244 723 295 732 290 291 373 687 83 55 652 231 222 363 546 212 698 320 467 514 355 257 823 314 464 536 1004 612 637 294 1083 1004 266 721 191 528 320 581 326 225 139 1012 652 1028 839 673 303 346 1050 782 168 593 287 477 285 561 671 938 553 754 202 874 352 731 180 231 1000 0 207 389
183 510 328 663 649 950 921 190 797 562 225 466 159 226 613 232 404 810 329 451 665 446 849 400 976 59 263 569 345 642 268 301 552 633 948 844 743 258 184 261 841 361 182 302 91 765 380 816 163 632 465 175 168 485 128 181 507 155 427 329 378 117 574 219 422 682 202 95 740 231 373 732 897 414 832 193 902 995 263 514 15 399 281 783 205 253 315 921 458 904 716 658 253 191 866 590 298 675 156 681 158 362 470 888 645 600 286 740 391 529 122 29 987 207 0 248
90 754 289 912 482 703 773 85 822 558 144 294 89 49 849 85 348 609 570 231 700 374 740 327 852 194 487 546 549 761 335 105 445 387 821 595 579 327 432 492 767 148 90 277 157 597 422 727 95 385 536 99 192 493 341 338 655 162 565 570 511 177 325 85 235 902 48 320 498 109 148 814 648 457 907 101 700 791 511 469 256 150 524 880 66 249 525 674 301 656 467 893 152 59 669 635 528 585 103 792 104 413 343 659 573 364 316 495 315 401 209 223 781 389 248 0
