0 1293 139 377 1126 624 1321 170 1626 674 56 1055 1224 638 922 214 321
1293 0 1184 1475 2063 1515 2559 1259 2910 1459 1240 2013 1099 1148 2155 1177 1488
139 1184 0 367 1112 572 1457 256 1751 765 89 1182 1090 516 1060 89 454
377 1475 367 0 751 271 1387 547 1590 1034 387 1333 1086 484 1030 322 625
1126 2063 1112 751 0 570 1690 1294 1680 1755 1138 1942 1267 915 1462 1049 1323
624 1515 572 271 570 0 1605 794 1754 1295 619 1604 915 387 1271 497 895
1321 2559 1457 1387 1690 1605 0 1307 474 1218 1376 827 2470 1862 404 1511 1072
170 1259 256 547 1294 794 1307 0 1652 511 180 937 1333 772 903 345 240
1626 2910 1751 1590 1680 1754 474 1652 0 1655 1682 1300 2663 2073 799 1787 1435
674 1459 765 1034 1755 1295 1218 511 1655 0 691 554 1803 1274 857 855 435
56 1240 89 387 1138 619 1376 180 1682 691 0 1094 1179 601 977 172 364
1055 2013 1182 1333 1942 1604 827 937 1300 554 1094 0 2270 1693 610 1267 735
1224 1099 1090 1086 1267 915 2470 1333 2663 1803 1179 2270 0 609 2100 1010 1544
638 1148 516 484 915 387 1862 772 2073 1274 601 1693 609 0 1490 428 959
922 2155 1060 1030 1462 1271 404 903 799 857 977 610 2100 1490 0 1119 668
214 1177 89 322 1049 497 1511 345 1787 855 172 1267 1010 428 1119 0 535
321 1488 454 625 1323 895 1072 240 1435 435 364 735 1544 959 668 535 0
