0 687 2 910 929 182 432 145 34 858 1152 691 1465 226 258 1124 1566
687 0 688 815 1267 752 574 807 690 1075 745 741 2109 913 499 1667 880
2 688 0 908 927 184 431 145 31 861 1152 694 1462 224 260 1124 1568
910 815 908 0 670 1086 479 1046 882 1695 449 1421 1802 1052 966 2023 1334
929 1267 927 670 0 1096 700 1000 895 1782 1119 1611 1173 921 1133 1826 1968
182 752 184 1086 1096 0 607 113 215 685 1301 560 1509 245 256 968 1624
432 574 431 479 700 607 0 572 405 1233 754 988 1591 595 509 1552 1366
145 807 145 1046 1000 113 572 0 167 784 1298 674 1403 134 331 981 1686
34 690 31 882 895 215 405 167 0 892 1133 723 1448 228 281 1148 1569
858 1075 861 1695 1782 685 1233 784 892 0 1793 341 2008 885 729 798 1769
1152 745 1152 449 1119 1301 754 1298 1133 1793 0 1474 2239 1344 1107 2269 947
691 741 694 1421 1611 560 988 674 723 341 1474 0 2041 803 484 1069 1436
1465 2109 1462 1802 1173 1509 1591 1403 1448 2008 2239 2041 0 1269 1719 1549 2955
226 913 224 1052 921 245 595 134 228 885 1344 803 1269 0 457 975 1793
258 499 260 966 1133 256 509 331 281 729 1107 484 1719 457 0 1184 1368
1124 1667 1124 2023 1826 968 1552 981 1148 798 2269 1069 1549 975 1184 0 2481
1566 880 1568 1334 1968 1624 1366 1686 1569 1769 947 1436 2955 1793 1368 2481 0
