0 306 347 1171 522 804 194 1320 1083 57 174 1117 1422 1577 415 201
306 0 486 1106 555 673 474 1585 1081 309 471 1018 1227 1832 317 504
347 486 0 1511 869 590 251 1513 1430 290 438 1447 1228 1367 306 334
1171 1106 1511 0 661 1758 1342 1544 240 1225 1168 143 2202 2635 1423 1297
522 555 869 661 0 1225 682 1216 561 578 507 630 1775 1993 847 635
804 673 590 1758 1225 0 816 2092 1753 757 961 1654 638 1756 392 896
194 474 251 1342 682 816 0 1275 1233 166 197 1296 1453 1383 463 83
1320 1585 1513 1544 1216 2092 1275 0 1306 1355 1147 1621 2727 1679 1724 1196
1083 1081 1430 240 561 1753 1233 1306 0 1139 1046 345 2250 2466 1391 1177
57 309 290 1225 578 757 166 1355 1139 0 207 1167 1379 1545 372 197
174 471 438 1168 507 961 197 1147 1046 207 0 1134 1587 1503 579 131
1117 1018 1447 143 630 1654 1296 1621 345 1167 1134 0 2078 2623 1335 1259
1422 1227 1228 2202 1775 638 1453 2727 2250 1379 1587 2078 0 2258 1007 1531
1577 1832 1367 2635 1993 1756 1383 1679 2466 1545 1503 2623 2258 0 1658 1392
415 317 306 1423 847 392 463 1724 1391 372 579 1335 1007 1658 0 534
201 504 334 1297 635 896 83 1196 1177 197 131 1259 1531 1392 534 0
