0 828 503 369 1706 989 27 1235 257 1606 8 5 51 934 307 218
828 0 1227 1059 892 1791 830 1785 646 1497 836 826 840 1320 687 1034
503 1227 0 168 2038 590 523 758 582 2087 498 501 460 1318 542 469
369 1059 168 0 1873 751 392 866 415 1974 365 365 320 1252 374 401
1706 892 2038 1873 0 2624 1711 2435 1490 2018 1714 1703 1710 2140 1504 1919
989 1791 590 751 2624 0 997 828 1146 2388 981 989 963 1504 1121 836
27 830 523 392 1711 997 0 1259 276 1582 27 32 78 907 330 208
1235 1785 758 866 2435 828 1259 0 1217 2839 1232 1232 1186 2070 1144 1227
257 646 582 415 1490 1146 276 1217 0 1695 264 252 238 1131 86 470
1606 1497 2087 1974 2018 2388 1582 2839 1695 0 1609 1610 1657 916 1780 1627
8 836 498 365 1714 981 27 1232 264 1609 0 11 50 933 313 210
5 826 501 365 1703 989 32 1232 252 1610 11 0 46 939 302 221
51 840 460 320 1710 963 78 1186 238 1657 50 46 0 983 276 232
934 1320 1318 1252 2140 1504 907 2070 1131 916 933 939 983 0 1209 853
307 687 542 374 1504 1121 330 1144 86 1780 313 302 276 1209 0 506
218 1034 469 401 1919 836 208 1227 470 1627 210 221 232 853 506 0
