0 718 766 502 1148 1206 149 1291 394 1604 55 835 1243 919 905 1139 1487
718 0 985 1216 431 1540 722 974 1057 922 741 144 1789 1322 316 504 1873
766 985 0 895 1271 555 913 792 657 1517 718 996 906 1678 1296 1486 890
502 1216 895 0 1642 1109 558 1614 241 2076 474 1325 921 989 1404 1638 1300
1148 431 1271 1642 0 1815 1153 957 1471 525 1168 319 2141 1695 441 401 2153
1206 1540 555 1109 1815 0 1353 1157 932 2005 1151 1549 556 2051 1849 2042 338
149 722 913 558 1153 1353 0 1399 506 1635 203 853 1368 781 859 1091 1631
1291 974 792 1614 957 1157 1399 0 1375 915 1268 873 1651 2161 1248 1329 1463
394 1057 657 241 1471 932 506 1375 0 1876 346 1151 862 1120 1283 1515 1166
1604 922 1517 2076 525 2005 1635 915 1876 0 1614 783 2423 2219 961 863 2332
55 741 718 474 1168 1151 203 1268 346 1614 0 852 1190 962 943 1176 1431
835 144 996 1325 319 1549 853 873 1151 783 852 0 1839 1467 376 506 1886
1243 1789 906 921 2141 556 1368 1651 862 2423 1190 1839 0 1908 2066 2286 494
919 1322 1678 989 1695 2051 781 2161 1120 2219 962 1467 1908 0 1277 1457 2279
905 316 1296 1404 441 1849 859 1248 1283 961 943 376 2066 1277 0 233 2180
1139 504 1486 1638 401 2042 1091 1329 1515 863 1176 506 2286 1457 233 0 2376
1487 1873 890 1300 2153 338 1631 1463 1166 2332 1431 1886 494 2279 2180 2376 0
