0 491 129 1366 693 789 67 1523 1517 865 1542 890 137 157 1708 1090
491 0 437 1331 584 1029 480 1998 1697 1000 2023 398 560 620 1822 1408
129 437 0 1458 564 913 183 1624 1428 759 1637 829 266 188 1607 1220
1366 1331 1458 0 1898 777 1298 1994 2883 2216 2077 1434 1260 1498 3065 984
693 584 564 1898 0 1461 740 2110 1161 493 2106 762 828 692 1253 1783
789 1029 913 777 1461 0 730 1292 2246 1639 1362 1331 653 870 2465 401
67 480 183 1298 740 730 0 1520 1584 931 1543 877 92 216 1775 1043
1523 1998 1624 1994 2110 1292 1520 0 2230 1956 105 2388 1438 1446 2514 1012
1517 1697 1428 2883 1161 2246 1584 2230 0 696 2172 1923 1630 1392 287 2422
865 1000 759 2216 493 1639 931 1956 696 0 1928 1247 992 769 849 1882
1542 2023 1637 2077 2106 1362 1543 105 2172 1928 0 2417 1464 1455 2457 1099
890 398 829 1434 762 1331 877 2388 1923 1247 2417 0 953 1015 1998 1728
137 560 266 1260 828 653 92 1438 1630 992 1464 953 0 238 1830 954
157 620 188 1498 692 870 216 1446 1392 769 1455 1015 238 0 1598 1127
1708 1822 1607 3065 1253 2465 1775 2514 287 849 2457 1998 1830 1598 0 2665
1090 1408 1220 984 1783 401 1043 1012 2422 1882 1099 1728 954 1127 2665 0
