0 440 1711 902 43 1519 333 1341 1473 1601 49 1722 1205 1493 724 960 13
440 0 1387 530 396 1274 107 1681 1041 1179 460 2144 1539 1076 682 1384 428
1711 1387 0 859 1678 379 1457 3046 799 669 1754 3033 2906 1441 1138 2382 1705
902 530 859 0 863 798 609 2206 640 728 937 2463 2065 983 615 1733 893
43 396 1678 863 0 1492 289 1371 1430 1559 75 1764 1234 1451 709 1002 31
1519 1274 379 798 1492 0 1320 2858 1010 931 1566 2696 2724 1608 859 2080 1515
333 107 1457 609 289 1320 0 1597 1144 1279 354 2039 1455 1178 661 1278 321
1341 1681 3046 2206 1371 2858 1597 0 2680 2838 1295 1647 143 2447 2031 1262 1346
1473 1041 799 640 1430 1010 1144 2680 0 181 1498 3100 2536 645 1240 2361 1462
1601 1179 669 728 1559 931 1279 2838 181 0 1630 3187 2694 805 1294 2461 1591
49 460 1754 937 75 1566 354 1295 1498 1630 0 1721 1159 1498 773 960 50
1722 2144 3033 2463 1764 2696 2039 1647 3100 3187 1721 0 1648 3214 1921 761 1735
1205 1539 2906 2065 1234 2724 1455 143 2536 2694 1159 1648 0 2308 1903 1200 1209
1493 1076 1441 983 1451 1608 1178 2447 645 805 1498 3214 2308 0 1570 2453 1480
724 682 1138 615 709 859 661 2031 1240 1294 773 1921 1903 1570 0 1244 724
960 1384 2382 1733 1002 2080 1278 1262 2361 2461 960 761 1200 2453 1244 0 973
13 428 1705 893 31 1515 321 1346 1462 1591 50 1735 1209 1480 724 973 0
