0 604 404 1335 1449 1681 833 1629 747 741 621 1436 696 269 1610 197
604 0 1009 790 1756 1564 1096 1972 1351 1272 1197 2040 162 707 1813 469
404 1009 0 1717 1344 1882 857 1479 343 507 319 1034 1093 450 1575 574
1335 790 1717 0 1992 2107 1429 2226 2057 2051 1955 2744 651 1490 1913 1244
1449 1756 1344 1992 0 3131 661 234 1389 1817 1618 1708 1701 1685 329 1623
1681 1564 1882 2107 3131 0 2499 3308 2066 1631 1759 2531 1707 1461 3274 1512
833 1096 857 1429 661 2499 0 876 1047 1365 1173 1598 1050 1091 777 987
1629 1972 1479 2226 234 3308 876 0 1474 1925 1729 1700 1924 1851 462 1811
747 1351 343 2057 1389 2066 1047 1474 0 476 308 690 1437 739 1667 906
741 1272 507 2051 1817 1631 1365 1925 476 0 199 931 1400 565 2068 807
621 1197 319 1955 1618 1759 1173 1729 308 199 0 888 1309 512 1870 729
1436 2040 1034 2744 1708 2531 1598 1700 690 931 888 0 2127 1394 2031 1587
696 162 1093 651 1701 1707 1050 1924 1437 1400 1309 2127 0 838 1731 593
269 707 450 1490 1685 1461 1091 1851 739 565 512 1394 838 0 1864 247
1610 1813 1575 1913 329 3274 777 462 1667 2068 1870 2031 1731 1864 0 1764
197 469 574 1244 1623 1512 987 1811 906 807 729 1587 593 247 1764 0
