0 819 931 389 830 1518 1191 120 889 1317 1292 654 657 1041 483 487
819 0 249 649 1613 1616 1937 812 1071 2125 2100 190 470 892 1012 980
931 249 0 659 1662 1865 2100 954 950 2189 2223 293 712 700 1003 966
389 649 659 0 1003 1805 1564 480 567 1533 1614 459 741 653 362 331
830 1613 1662 1003 0 2087 997 899 1086 534 794 1429 1481 1441 698 740
1518 1616 1865 1805 2087 0 1517 1398 2371 2332 1928 1644 1168 2391 2002 2004
1191 1937 2100 1564 997 1517 0 1147 1919 939 430 1809 1572 2183 1449 1482
120 812 954 480 899 1398 1147 0 1003 1362 1288 665 582 1134 603 607
889 1071 950 567 1086 2371 1919 1003 0 1594 1849 906 1293 394 471 442
1317 2125 2189 1533 534 2332 939 1362 1594 0 548 1946 1939 1964 1232 1274
1292 2100 2223 1614 794 1928 430 1288 1849 548 0 1945 1804 2169 1407 1446
654 190 293 459 1429 1644 1809 665 906 1946 1945 0 476 777 821 790
657 470 712 741 1481 1168 1572 582 1293 1939 1804 476 0 1239 1051 1035
1041 892 700 653 1441 2391 2183 1134 394 1964 2169 777 1239 0 762 722
483 1012 1003 362 698 2002 1449 603 471 1232 1407 821 1051 762 0 41
487 980 966 331 740 2004 1482 607 442 1274 1446 790 1035 722 41 0
