0 390 1703 505 1543 410 1025 1491 605 1550 755 1725 727 804 475 594 979
390 0 1486 225 1702 757 845 1133 839 1224 776 1468 809 586 865 656 1226
1703 1486 0 1265 3188 1763 2176 863 2291 623 2255 203 1200 911 2020 2143 2676
505 225 1265 0 1922 781 1041 989 1038 1047 1001 1257 662 360 950 879 1426
1543 1702 3188 1922 0 1728 1275 2725 942 2876 959 3168 2254 2280 1498 1048 630
410 757 1763 781 1728 0 1425 1744 813 1752 1100 1830 595 956 270 937 1107
1025 845 2176 1041 1275 1425 0 1536 900 1729 476 2100 1648 1366 1383 576 1127
1491 1133 863 989 2725 1744 1536 0 1957 246 1767 697 1381 817 1937 1707 2335
605 839 2291 1038 942 813 900 1957 0 2063 432 2295 1312 1381 630 334 387
1550 1224 623 1047 2876 1752 1729 246 2063 0 1917 452 1318 796 1968 1840 2448
755 776 2255 1001 959 1100 476 1767 432 1917 0 2220 1471 1362 991 164 663
1725 1468 203 1257 3168 1830 2100 697 2295 452 2220 0 1296 921 2078 2119 2682
727 809 1200 662 2254 595 1648 1381 1312 1318 1471 1296 0 575 865 1314 1657
804 586 911 360 2280 956 1366 817 1381 796 1362 921 575 0 1181 1239 1767
475 865 2020 950 1498 270 1383 1937 630 1968 991 2078 865 1181 0 837 869
594 656 2143 879 1048 937 576 1707 334 1840 164 2119 1314 1239 837 0 649
979 1226 2676 1426 630 1107 1127 2335 387 2448 663 2682 1657 1767 869 649 0
