0 523 1533 1669 1184 287 359 173 1078 1268 462 67 1624 1285 1521 891
523 0 2035 1174 877 791 874 654 1589 1752 512 460 1137 876 1264 1310
1533 2035 0 3201 2660 1347 1259 1472 462 1120 1666 1586 3157 2804 2491 1412
1669 1174 3201 0 818 1892 1982 1754 2748 2740 1638 1614 72 538 1776 2232
1184 877 2660 818 0 1314 1401 1196 2198 2012 1380 1154 746 283 2001 1494
287 791 1347 1892 1314 0 90 140 885 981 715 355 1841 1461 1786 627
359 874 1259 1982 1401 90 0 228 797 917 758 427 1931 1551 1828 603
173 654 1472 1754 1196 140 228 0 1011 1107 631 235 1704 1332 1695 717
1078 1589 462 2748 2198 885 797 1011 0 863 1261 1135 2702 2343 2183 1018
1268 1752 1120 2740 2012 981 917 1107 863 0 1667 1336 2679 2239 2726 517
462 512 1666 1638 1380 715 758 631 1261 1667 0 415 1610 1388 1070 1341
67 460 1586 1614 1154 355 427 235 1135 1336 415 0 1570 1242 1465 951
1624 1137 3157 72 746 1841 1931 1704 2702 2679 1610 1570 0 468 1793 2169
1285 876 2804 538 283 1461 1551 1332 2343 2239 1388 1242 468 0 1855 1724
1521 1264 2491 1776 2001 1786 1828 1695 2183 2726 1070 1465 1793 1855 0 2410
891 1310 1412 2232 1494 627 603 717 1018 517 1341 951 2169 1724 2410 0
