0 1158 134 1352 1319 1185 636 1 6 1082 1003 1514 542 1264 1059 163
1158 0 1048 2319 2446 1880 1548 1157 1152 710 1880 1708 1584 1029 2216 1322
134 1048 0 1386 1449 1290 634 133 129 1043 1007 1567 583 1136 1169 283
1352 2319 1386 0 1403 2182 776 1352 1356 2428 451 2748 810 1765 883 1234
1319 2446 1449 1403 0 1164 1383 1320 1324 2132 1475 1894 1186 2484 530 1168
1185 1880 1290 2182 1164 0 1708 1186 1186 1301 2006 736 1524 2399 1411 1159
636 1548 634 776 1383 1708 0 636 639 1674 372 2136 206 1162 918 573
1 1157 133 1352 1320 1186 636 0 4 1081 1004 1514 542 1263 1060 164
6 1152 129 1356 1324 1186 639 4 0 1077 1007 1513 546 1260 1065 169
1082 710 1043 2428 2132 1301 1674 1081 1077 0 2045 1003 1619 1618 2057 1222
1003 1880 1007 451 1475 2006 372 1004 1007 2045 0 2485 493 1327 953 922
1514 1708 1567 2748 1894 736 2136 1514 1513 1003 2485 0 1993 2502 2076 1565
542 1584 583 810 1186 1524 206 542 546 1619 493 1993 0 1323 745 435
1264 1029 1136 1765 2484 2399 1162 1263 1260 1618 1327 2502 1323 0 2068 1368
1059 2216 1169 883 530 1411 918 1060 1065 2057 953 2076 745 2068 0 895
163 1322 283 1234 1168 1159 573 164 169 1222 922 1565 435 1368 895 0
