0 946 599 834 1237 643 1656 748 347 1602 62 939 1537 1152 1170 969
946 0 1363 919 949 1358 874 1302 631 2526 903 1858 2151 350 551 1177
599 1363 0 749 1833 79 1843 299 753 1544 587 1001 1908 1646 1355 1551
834 919 749 0 1724 695 1126 522 620 2263 774 1657 2372 1266 669 1683
1237 949 1833 1724 0 1867 1751 1919 1162 2402 1245 1801 1585 699 1501 569
643 1358 79 695 1867 0 1803 222 762 1616 625 1080 1985 1651 1319 1604
1656 874 1843 1126 1751 1803 0 1647 1309 3251 1598 2595 3016 1052 496 2050
748 1302 299 522 1919 222 1647 0 767 1837 713 1299 2178 1621 1179 1717
347 631 753 620 1162 762 1309 767 0 1949 292 1287 1811 893 827 1063
1602 2526 1544 2263 2402 1616 3251 1837 1949 0 1656 668 1234 2655 2758 1849
62 903 587 774 1245 625 1598 713 292 1656 0 996 1598 1124 1111 1004
939 1858 1001 1657 1801 1080 2595 1299 1287 668 996 0 1050 1994 2105 1281
1537 2151 1908 2372 1585 1985 3016 2178 1811 1234 1598 1050 0 2111 2590 1046
1152 350 1646 1266 699 1651 1052 1621 893 2655 1124 1994 2111 0 856 1077
1170 551 1355 669 1501 1319 496 1179 827 2758 1111 2105 2590 856 0 1686
969 1177 1551 1683 569 1604 2050 1717 1063 1849 1004 1281 1046 1077 1686 0
