0 737 486 1125 1396 40 1543 1390 184 866 150 798 1231 1453 1377 1399
737 0 523 1746 660 706 2281 984 714 1422 822 1340 1771 1231 677 2041
486 523 0 1611 1127 483 1914 904 340 1348 633 831 1254 1633 1190 1881
1125 1746 1611 0 2339 1133 1039 2515 1282 349 984 1489 1741 1685 2230 298
1396 660 1127 2339 0 1364 2939 1069 1370 1998 1471 1957 2372 1325 245 2637
40 706 483 1133 1364 0 1575 1384 204 865 149 835 1269 1415 1341 1410
1543 2281 1914 1039 2939 1575 0 2726 1597 1279 1476 1306 1265 2632 2905 942
1390 984 904 2515 1069 1384 2726 0 1239 2243 1534 1462 1754 2187 1284 2785
184 714 340 1282 1370 204 1597 1239 0 1041 332 682 1124 1586 1383 1546
866 1422 1348 349 1998 865 1279 2243 1041 0 717 1394 1718 1368 1883 645
150 822 633 984 1471 149 1476 1534 332 717 0 880 1299 1388 1428 1263
798 1340 831 1489 1957 835 1306 1462 682 1394 880 0 441 2251 2016 1667
1231 1771 1254 1741 2372 1269 1265 1754 1124 1718 1299 441 0 2682 2444 1860
1453 1231 1633 1685 1325 1415 2632 2187 1586 1368 1388 2251 2682 0 1091 1943
1377 677 1190 2230 245 1341 2905 1284 1383 1883 1428 2016 2444 1091 0 2528
1399 2041 1881 298 2637 1410 942 2785 1546 645 1263 1667 1860 1943 2528 0
