0 982 213 1072 860 556 610 1643 88 602 303 1041 1130 1536 479 1419
982 0 870 758 1824 647 1435 1172 955 702 679 1202 2009 908 1228 814
213 870 0 1115 1038 601 824 1432 131 667 247 843 1153 1336 403 1423
1072 758 1115 0 1685 519 1177 1927 1109 470 871 1791 2198 1666 1514 399
860 1824 1038 1685 0 1267 524 2432 915 1266 1153 1673 904 2369 958 2081
556 647 601 519 1267 0 815 1672 590 81 366 1347 1686 1469 996 865
610 1435 824 1177 524 815 0 2249 695 794 826 1628 1275 2123 962 1575
1643 1172 1432 1927 2432 1672 2249 0 1563 1750 1448 875 2137 314 1502 1947
88 955 131 1109 915 590 695 1563 0 644 286 952 1109 1465 415 1442
602 702 667 470 1266 81 794 1750 644 0 439 1427 1727 1542 1056 836
303 679 247 871 1153 366 826 1448 286 439 0 999 1388 1300 650 1176
1041 1202 843 1791 1673 1347 1628 875 952 1427 999 0 1264 974 715 1986
1130 2009 1153 2198 904 1686 1275 2137 1109 1727 1388 1264 0 2195 783 2548
1536 908 1336 1666 2369 1469 2123 314 1465 1542 1300 974 2195 0 1489 1653
479 1228 403 1514 958 996 962 1502 415 1056 650 715 783 1489 0 1826
1419 814 1423 399 2081 865 1575 1947 1442 836 1176 1986 2548 1653 1826 0
