0 1473 1357 1139 778 1314 600 937 1315 675 1573 1594 138 193 1060 1619
1473 0 2557 373 711 1828 2020 2062 1221 898 1949 1874 1501 1286 471 457
1357 2557 0 2321 2002 2574 831 1947 1676 1668 2839 1358 1238 1515 2272 2487
1139 373 2321 0 361 1489 1712 1689 1217 663 1634 1836 1186 947 98 732
778 711 2002 361 0 1322 1357 1387 1144 416 1512 1694 831 586 283 966
1314 1828 2574 1489 1322 0 1742 751 2414 1632 264 2851 1453 1255 1399 2221
600 2020 831 1712 1357 1742 0 1138 1535 1144 2007 1563 526 788 1641 2088
937 2062 1947 1689 1387 751 1138 0 2239 1517 988 2521 1054 996 1590 2351
1315 1221 1676 1217 1144 2414 1535 2239 0 782 2631 655 1225 1246 1243 938
675 898 1668 663 416 1632 1144 1517 782 0 1850 1284 654 535 631 954
1573 1949 2839 1634 1512 264 2007 988 2631 1850 0 3091 1712 1504 1550 2365
1594 1874 1358 1836 1694 2851 1563 2521 655 1284 3091 0 1468 1602 1847 1584
138 1501 1238 1186 831 1453 526 1054 1225 654 1712 1468 0 278 1114 1608
193 1286 1515 947 586 1255 788 996 1246 535 1504 1602 278 0 867 1454
1060 471 2272 98 283 1399 1641 1590 1243 631 1550 1847 1114 867 0 822
1619 457 2487 732 966 2221 2088 2351 938 954 2365 1584 1608 1454 822 0
