0 474 1709 397 114 1098 1219 1557 1219 82 564 684 236 1017 1517 1554
474 0 1855 851 587 1158 1638 1839 1413 450 263 209 533 1323 1769 1081
1709 1855 0 1511 1717 713 2446 3067 499 1790 2106 1958 1476 830 442 2422
397 851 1511 0 315 1029 1063 1576 1013 461 962 1058 362 723 1239 1909
114 587 1717 315 0 1137 1112 1482 1221 152 656 797 283 987 1497 1668
1098 1158 713 1029 1137 0 2080 2595 403 1172 1416 1247 862 647 782 1745
1219 1638 2446 1063 1112 2080 0 737 1978 1206 1576 1831 1359 1617 2074 2692
1557 1839 3067 1576 1482 2595 737 0 2577 1507 1675 1985 1765 2242 2733 2754
1219 1413 499 1013 1221 403 1978 2577 0 1301 1651 1542 990 374 388 2127
82 450 1790 461 152 1172 1206 1507 1301 0 504 657 315 1099 1600 1532
564 263 2106 962 656 1416 1576 1675 1651 504 0 317 709 1526 1995 1120
684 209 1958 1058 797 1247 1831 1985 1542 657 317 0 729 1489 1912 874
236 533 1476 362 283 862 1359 1765 990 315 709 729 0 819 1304 1556
1017 1323 830 723 987 647 1617 2242 374 1099 1526 1489 819 0 515 2196
1517 1769 442 1239 1497 782 2074 2733 388 1600 1995 1912 1304 515 0 2515
1554 1081 2422 1909 1668 1745 2692 2754 2127 1532 1120 874 1556 2196 2515 0
