0 1160 198 933 167 277 1510 1349 743 1381 407 758 1604 587 289 1702
1160 0 967 2054 1230 951 1682 1912 1899 683 859 779 2719 1046 1322 1793
198 967 0 1129 322 126 1520 1433 941 1240 310 593 1800 490 444 1704
933 2054 1129 0 827 1204 1641 1172 281 2088 1202 1668 671 1427 732 1833
167 1230 322 827 0 428 1375 1186 677 1366 401 910 1497 754 125 1570
277 951 126 1204 428 0 1640 1559 996 1293 414 483 1873 365 553 1822
1510 1682 1520 1641 1375 1640 0 572 1740 1164 1236 1988 2046 2001 1308 199
1349 1912 1433 1172 1186 1559 572 0 1334 1554 1226 1995 1491 1919 1080 724
743 1899 941 281 677 996 1740 1334 0 2020 1077 1438 895 1177 616 1938
1381 683 1240 2088 1366 1293 1164 1554 2020 0 975 1346 2700 1535 1405 1224
407 859 310 1202 401 414 1236 1226 1077 975 0 775 1862 767 471 1413
758 779 593 1668 910 483 1988 1995 1438 1346 775 0 2329 310 1035 2152
1604 2719 1800 671 1497 1873 2046 1491 895 2700 1862 2329 0 2073 1397 2214
587 1046 490 1427 754 365 2001 1919 1177 1535 767 310 2073 0 876 2180
289 1322 444 732 125 553 1308 1080 616 1405 471 1035 1397 876 0 1505
1702 1793 1704 1833 1570 1822 199 724 1938 1224 1413 2152 2214 2180 1505 0
