0 1389 1635 186 819 665 711 693 936 1155 30 903 19 190 262 1722
1389 0 409 1204 573 1924 1785 2022 2115 384 1378 708 1401 1505 1245 2942
1635 409 0 1461 876 2077 2123 2200 2227 481 1630 790 1644 1779 1442 3273
186 1204 1461 0 633 821 781 868 1079 982 173 755 200 321 230 1858
819 573 876 633 0 1393 1247 1474 1613 444 806 453 833 931 704 2397
665 1924 2077 821 1393 0 1140 174 283 1610 694 1287 646 723 689 1761
711 1785 2123 781 1247 1140 0 1054 1416 1675 689 1513 720 526 966 1157
693 2022 2200 868 1474 174 1054 0 376 1726 718 1412 675 704 777 1595
936 2115 2227 1079 1613 283 1416 376 0 1778 965 1442 917 1005 917 1936
1155 384 481 982 444 1610 1675 1726 1778 0 1150 338 1163 1302 962 2814
30 1378 1630 173 806 694 689 718 965 1150 0 906 49 175 279 1714
903 708 790 755 453 1287 1513 1412 1442 338 906 0 908 1073 675 2613
19 1401 1644 200 833 646 720 675 917 1163 49 908 0 196 259 1721
190 1505 1779 321 931 723 526 704 1005 1302 175 1073 196 0 453 1541
262 1245 1442 230 704 689 966 777 917 962 279 675 259 453 0 1978
1722 2942 3273 1858 2397 1761 1157 1595 1936 2814 1714 2613 1721 1541 1978 0
