0 935 787 537 954 55 1145 1637 803 773 1210 1012 381 1026 1640 622
935 0 913 789 1826 881 1082 2118 1331 1153 2059 1446 677 100 2182 628
787 913 0 258 1669 778 358 2419 497 1500 1930 547 941 1005 2426 1125
537 789 258 0 1452 523 610 2161 542 1242 1713 678 689 889 2172 886
954 1826 1669 1452 0 995 2019 1134 1442 952 261 1650 1153 1904 1051 1293
55 881 778 523 995 0 1133 1641 827 756 1248 1033 330 972 1649 573
1145 1082 358 610 2019 1133 0 2771 711 1838 2280 644 1267 1158 2782 1426
1637 2118 2419 2161 1134 1641 2771 0 2379 976 1043 2597 1546 2150 152 1494
803 1331 497 542 1442 827 711 2379 0 1576 1694 218 1115 1430 2355 1347
773 1153 1500 1242 952 756 1838 976 1576 0 1100 1786 579 1195 1030 524
1210 2059 1930 1713 261 1248 2280 1043 1694 1100 0 1897 1382 2133 933 1500
1012 1446 547 678 1650 1033 644 2597 218 1786 1897 0 1306 1541 2573 1531
381 677 941 689 1153 330 1267 1546 1115 579 1382 1306 0 751 1583 243
1026 100 1005 889 1904 972 1158 2150 1430 1195 2133 1541 751 0 2220 674
1640 2182 2426 2172 1051 1649 2782 152 2355 1030 933 2573 1583 2220 0 1554
622 628 1125 886 1293 573 1426 1494 1347 524 1500 1531 243 674 1554 0
