0 1557 1335 1291 224 1614 150 1320 548 1692 121 1079 382 420 1074 968
1557 0 798 2572 1333 1453 1499 2619 1093 3208 1603 2024 1575 1575 1523 2444
1335 798 0 2586 1138 2010 1213 2035 789 2756 1319 1364 1545 1139 1837 2304
1291 2572 2586 0 1455 1775 1437 2003 1804 1732 1356 2170 1045 1657 1215 519
224 1333 1138 1455 0 1513 197 1463 349 1900 282 1116 446 439 1031 1176
1614 1453 2010 1775 1513 0 1693 2932 1621 3144 1732 2623 1302 1952 621 1959
150 1499 1213 1437 197 1693 0 1267 440 1717 109 958 519 283 1181 1096
1320 2619 2035 2003 1463 2932 1267 0 1551 874 1207 704 1643 1073 2363 1484
548 1093 789 1804 349 1621 440 1551 0 2117 549 1052 778 485 1242 1517
1692 3208 2756 1732 1900 3144 1717 874 2117 0 1619 1538 1873 1648 2526 1277
121 1603 1319 1356 282 1732 109 1207 549 1619 0 961 500 315 1195 996
1079 2024 1364 2170 1116 2623 958 704 1052 1538 961 0 1461 679 2139 1693
382 1575 1545 1045 446 1302 519 1643 778 1873 500 1461 0 800 719 873
420 1575 1139 1657 439 1952 283 1073 485 1648 315 679 800 0 1460 1260
1074 1523 1837 1215 1031 621 1181 2363 1242 2526 1195 2139 719 1460 0 1343
968 2444 2304 519 1176 1959 1096 1484 1517 1277 996 1693 873 1260 1343 0
