0 666 181 322 612 536 606 80 1597 666 1 1224 1226 434 233 1263
666 0 493 501 981 1069 1074 733 1072 81 668 600 1614 365 850 1467
181 493 0 191 623 621 737 258 1475 502 183 1069 1348 263 402 1240
322 501 191 0 496 569 918 401 1552 539 324 1101 1534 152 555 1072
612 981 623 496 0 259 1162 650 2046 1029 612 1578 1769 615 767 658
536 1069 621 569 259 0 990 542 2095 1100 535 1667 1573 716 617 852
606 1074 737 918 1162 990 0 538 1658 1030 605 1465 620 996 397 1819
80 733 258 401 650 542 538 0 1632 727 78 1278 1159 514 154 1307
1597 1072 1475 1552 2046 2095 1658 1632 0 1017 1598 535 1903 1433 1676 2528
666 81 502 539 1029 1100 1030 727 1017 0 667 569 1554 416 832 1535
1 668 183 324 612 535 605 78 1598 667 0 1225 1226 436 231 1263
1224 600 1069 1101 1578 1667 1465 1278 535 569 1225 0 1870 964 1361 2013
1226 1614 1348 1534 1769 1573 620 1159 1903 1554 1226 1870 0 1599 1015 2419
434 365 263 152 615 716 996 514 1433 416 436 964 1599 0 663 1137
233 850 402 555 767 617 397 154 1676 832 231 1361 1015 663 0 1425
1263 1467 1240 1072 658 852 1819 1307 2528 1535 1263 2013 2419 1137 1425 0
