0 326 23 154 1451 478 592 969 554 750 1126 965 902 1473 1207 1277
326 0 348 330 1358 605 395 836 854 992 1169 993 647 1311 1395 1554
23 348 0 152 1452 468 604 988 540 743 1119 959 917 1479 1204 1255
154 330 152 0 1299 334 482 1083 667 890 975 812 803 1332 1355 1223
1451 1358 1452 1299 0 1056 971 2149 1920 2179 589 612 888 321 2654 1703
478 605 468 334 1056 0 519 1411 866 1137 653 502 816 1156 1623 1024
592 395 604 482 971 519 0 1185 1143 1336 878 703 323 917 1770 1543
969 836 988 1083 2149 1411 1185 0 1147 1040 2005 1830 1306 2037 1142 2210
554 854 540 667 1920 866 1143 1147 0 302 1484 1357 1457 1989 789 1161
750 992 743 890 2179 1137 1336 1040 302 0 1772 1636 1632 2222 491 1434
1126 1169 1119 975 589 653 878 2005 1484 1772 0 177 998 844 2262 1114
965 993 959 812 612 502 703 1830 1357 1636 177 0 844 810 2124 1134
902 647 917 803 888 816 323 1306 1457 1632 998 844 0 731 2042 1824
1473 1311 1479 1332 321 1156 917 2037 1989 2222 844 810 731 0 2676 1942
1207 1395 1204 1355 2654 1623 1770 1142 789 491 2262 2124 2042 2676 0 1859
1277 1554 1255 1223 1703 1024 1543 2210 1161 1434 1114 1134 1824 1942 1859 0
