0 1628 1710 934 1537 1149 825 1280 877 1053 1690 173 430 353 882 1028
1628 0 1520 2359 320 2627 1269 1770 2422 1932 1728 1730 2050 1921 2511 2017
1710 1520 0 1769 1757 2017 2074 665 2541 1047 2897 1884 1918 2052 2354 2653
934 2359 1769 0 2353 274 1759 1118 1155 730 2605 993 631 973 763 1793
1537 320 1757 2353 0 2612 1035 1913 2265 2018 1410 1610 1968 1790 2406 1773
1149 2627 2017 274 2612 0 1964 1357 1178 970 2778 1178 781 1118 739 1908
825 1269 2074 1759 1035 1964 0 1871 1292 1765 903 791 1197 910 1536 747
1280 1770 665 1118 1913 1357 1871 0 2015 388 2764 1447 1372 1579 1762 2300
877 2422 2541 1155 2265 1178 1292 2015 0 1688 1851 724 644 527 449 857
1053 1932 1047 730 2018 970 1765 388 1688 0 2668 1204 1047 1302 1399 2080
1690 1728 2897 2605 1410 2778 903 2764 1851 2668 0 1611 1996 1663 2220 1005
173 1730 1884 993 1610 1178 791 1447 724 1204 1611 0 405 198 796 877
430 2050 1918 631 1968 781 1197 1372 644 1047 1996 405 0 343 478 1162
353 1921 2052 973 1790 1118 910 1579 527 1302 1663 198 343 0 631 824
882 2511 2354 763 2406 739 1536 1762 449 1399 2220 796 478 631 0 1262
1028 2017 2653 1793 1773 1908 747 2300 857 2080 1005 877 1162 824 1262 0
