0 1117 1370 1061 1526 78 1214 1476 387 1500 1469 1342 189 1286 440 926
1117 0 2118 1871 2397 1194 1356 1625 1348 2529 2585 2441 1289 1858 1547 716
1370 2118 0 311 363 1326 2579 2830 983 2095 1421 1144 1226 365 1349 1467
1061 1871 311 0 525 1015 2268 2518 674 1862 1276 1008 914 419 1046 1265
1526 2397 363 525 0 1469 2698 2929 1148 1958 1194 924 1357 728 1398 1782
78 1194 1326 1015 1469 0 1253 1509 344 1440 1391 1264 116 1262 370 980
1214 1356 2579 2268 2698 1253 0 288 1597 1739 2237 2244 1354 2495 1324 1769
1476 1625 2830 2518 2929 1509 288 0 1853 1786 2374 2410 1604 2763 1536 2058
387 1348 983 674 1148 344 1597 1853 0 1556 1302 1116 256 926 508 935
1500 2529 2095 1862 1958 1440 1739 1786 1556 0 860 1068 1403 2272 1082 2419
1469 2585 1421 1276 1194 1391 2237 2374 1302 860 0 277 1296 1690 1059 2236
1342 2441 1144 1008 924 1264 2244 2410 1116 1068 277 0 1157 1418 975 2035
189 1289 1226 914 1357 116 1354 1604 256 1403 1296 1157 0 1182 320 1019
1286 1858 365 419 728 1262 2495 2763 926 2272 1690 1418 1182 0 1384 1171
440 1547 1349 1046 1398 370 1324 1536 508 1082 1059 975 320 1384 0 1338
926 716 1467 1265 1782 980 1769 2058 935 2419 2236 2035 1019 1171 1338 0
