0 1184 189 909 1465 1155 1651 1575 756 1101 975 219 593 699 1543 1646
1184 0 1290 296 2626 2340 2765 2381 1876 884 458 1402 667 1741 423 2830
189 1290 0 1032 1336 1079 1647 1681 598 1068 1131 179 650 517 1671 1549
909 296 1032 0 2367 2059 2469 2098 1628 889 267 1128 469 1511 638 2555
1465 2626 1336 2367 0 505 1119 1895 759 2220 2437 1248 1972 938 3005 378
1155 2340 1079 2059 505 0 756 1400 658 2098 2085 940 1727 870 2685 507
1651 2765 1647 2469 1119 756 0 984 1384 2714 2416 1474 2242 1588 3042 833
1575 2381 1681 2098 1895 1400 984 0 1770 2651 1947 1513 2064 1911 2540 1725
756 1876 598 1628 759 658 1384 1770 0 1481 1727 559 1216 211 2266 1033
1101 884 1068 889 2220 2098 2714 2651 1481 0 1154 1244 609 1284 1279 2514
975 458 1131 267 2437 2085 2416 1947 1727 1154 0 1190 677 1637 626 2590
219 1402 179 1128 1248 940 1474 1513 559 1244 1190 0 791 544 1763 1428
593 667 650 469 1972 1727 2242 2064 1216 609 677 791 0 1074 1077 2200
699 1741 517 1511 938 870 1588 1911 211 1284 1637 544 1074 0 2143 1234
1543 423 1671 638 3005 2685 3042 2540 2266 1279 626 1763 1077 2143 0 3185
1646 2830 1549 2555 378 507 833 1725 1033 2514 2590 1428 2200 1234 3185 0
