0 746 1638 951 763 194 1318 1661 50 555 94 264 1179 359 240 1374
746 0 1943 1692 1506 620 2053 2166 742 1299 831 1010 441 1044 727 1536
1638 1943 0 1556 1743 1546 2108 3034 1591 1540 1579 1587 2139 1837 1879 473
951 1692 1556 0 311 1079 567 1537 950 397 862 689 2114 774 1069 1574
763 1506 1743 311 0 927 563 1294 776 266 687 505 1942 505 825 1682
194 620 1546 1079 927 0 1489 1852 159 694 242 422 1034 554 377 1241
1318 2053 2108 567 563 1489 0 1146 1336 820 1248 1066 2492 1016 1344 2141
1661 2166 3034 1537 1294 1852 1146 0 1705 1499 1654 1543 2571 1317 1509 2924
50 742 1591 950 776 159 1336 1705 0 557 90 272 1170 398 287 1325
555 1299 1540 397 266 694 820 1499 557 0 467 292 1725 416 680 1437
94 831 1579 862 687 242 1248 1654 90 467 0 182 1260 337 311 1337
264 1010 1587 689 505 422 1066 1543 272 292 182 0 1441 250 405 1397
1179 441 2139 2114 1942 1034 2492 2571 1170 1725 1260 1441 0 1485 1167 1688
359 1044 1837 774 505 554 1016 1317 398 416 337 250 1485 0 328 1643
240 727 1879 1069 825 377 1344 1509 287 680 311 405 1167 328 0 1607
1374 1536 473 1574 1682 1241 2141 2924 1325 1437 1337 1397 1688 1643 1607 0
