0 585 882 1192 570 1705 304 206 1216 291 1181 689 1625 1426 950 575 545
585 0 779 608 144 1473 573 405 1276 486 831 1014 1071 840 1478 1153 796
882 779 0 1024 635 825 1112 726 517 1044 455 1559 1641 1256 1779 1184 485
1192 608 1024 0 642 1392 1156 1001 1530 1073 761 1555 622 249 2074 1752 1276
570 144 635 642 0 1345 631 367 1132 545 717 1089 1163 886 1502 1113 680
1705 1473 825 1392 1345 0 1915 1537 790 1840 664 2372 1970 1532 2598 1974 1276
304 573 1112 1156 631 1915 0 386 1498 86 1331 462 1483 1363 919 776 840
206 405 726 1001 367 1537 386 0 1122 326 985 835 1470 1240 1155 751 496
1216 1276 517 1530 1132 790 1498 1122 0 1447 848 1902 2151 1752 1969 1296 679
291 486 1044 1073 545 1840 86 326 1447 0 1249 545 1417 1283 1001 814 802
1181 831 455 761 717 664 1331 985 848 1249 0 1794 1373 946 2126 1590 917
689 1014 1559 1555 1089 2372 462 835 1902 545 1794 0 1765 1734 640 882 1225
1625 1071 1641 622 1163 1970 1483 1470 2151 1417 1373 1765 0 437 2371 2200 1839
1426 840 1256 249 886 1532 1363 1240 1752 1283 946 1734 437 0 2282 1991 1525
950 1478 1779 2074 1502 2598 919 1155 1969 1001 2126 640 2371 2282 0 685 1329
575 1153 1184 1752 1113 1974 776 751 1296 814 1590 882 2200 1991 685 0 702
545 796 485 1276 680 1276 840 496 679 802 917 1225 1839 1525 1329 702 0
