0 1553 401 1731 1661 1328 1088 537 585 689 1498 230 1231 98 1052 86
1553 0 1820 2798 2457 306 824 1261 2061 1682 608 1723 1489 1628 505 1571
401 1820 0 1945 1315 1558 1199 937 699 1044 1854 491 1108 421 1317 325
1731 2798 1945 0 3222 2721 2711 1614 1249 1171 2364 1514 2962 1640 2430 1801
1661 2457 1315 3222 0 2151 1633 2135 1980 2345 2772 1803 988 1714 2069 1574
1328 306 1558 2721 2151 0 518 1126 1871 1567 778 1519 1187 1412 298 1334
1088 824 1199 2711 1633 518 0 1115 1672 1544 1216 1312 674 1185 510 1062
537 1261 937 1614 2135 1126 1115 0 841 444 1038 572 1514 546 828 612
585 2061 699 1249 1980 1871 1672 841 0 614 1877 361 1766 487 1579 625
689 1682 1044 1171 2345 1567 1544 444 614 0 1364 557 1867 631 1270 775
1498 608 1854 2364 2772 778 1216 1038 1877 1364 0 1598 1877 1543 715 1547
230 1723 491 1514 1803 1519 1312 572 361 557 1598 0 1451 132 1232 287
1231 1489 1108 2962 988 1187 674 1514 1766 1867 1877 1451 0 1322 1162 1163
98 1628 421 1640 1714 1412 1185 546 487 631 1543 132 1322 0 1130 160
1052 505 1317 2430 2069 298 510 828 1579 1270 715 1232 1162 1130 0 1067
86 1571 325 1801 1574 1334 1062 612 625 775 1547 287 1163 160 1067 0
