0 815 688 290 655 937 534 773 1531 522 755 1370 252 1137 1490 1040
815 0 559 795 1463 1742 306 1554 771 1046 91 1694 637 922 1465 1736
688 559 0 473 1294 1444 566 1443 978 604 469 1136 695 477 954 1729
290 795 473 0 823 988 593 979 1414 286 714 1108 456 875 1200 1291
655 1463 1294 823 0 433 1168 193 2186 844 1408 1550 840 1683 1899 576
937 1742 1444 988 433 0 1472 559 2402 874 1673 1353 1169 1743 1829 907
534 306 566 593 1168 1472 0 1251 1073 873 281 1626 332 1023 1521 1431
773 1554 1443 979 193 559 1251 0 2298 1028 1508 1744 918 1850 2086 384
1531 771 978 1414 2186 2402 1073 2298 0 1582 796 1940 1394 957 1455 2504
522 1046 604 286 844 874 873 1028 1582 0 959 848 732 871 1059 1384
755 91 469 714 1408 1673 281 1508 796 959 0 1603 598 848 1385 1707
1370 1694 1136 1108 1550 1353 1626 1744 1940 848 1603 0 1564 986 658 2126
252 637 695 456 840 1169 332 918 1394 732 598 1564 0 1172 1597 1112
1137 922 477 875 1683 1743 1023 1850 957 871 848 986 1172 0 555 2166
1490 1465 954 1200 1899 1829 1521 2086 1455 1059 1385 658 1597 555 0 2444
1040 1736 1729 1291 576 907 1431 384 2504 1384 1707 2126 1112 2166 2444 0
