0 114 1309 1309 243 1290 357 1705 51 888 593 1232 175 851 211 502
114 0 1355 1195 339 1377 385 1726 113 993 708 1276 253 749 325 494
1309 1355 0 2238 1100 2143 970 2914 1268 1627 1251 2377 1425 1503 1223 923
1309 1195 2238 0 1516 2371 1425 2195 1302 2120 1898 2003 1390 741 1520 1363
243 339 1100 1516 0 1284 247 1846 225 818 448 1337 325 974 134 435
1290 1377 2143 2371 1284 0 1531 1074 1333 517 917 602 1124 2120 1164 1719
357 385 970 1425 247 1531 0 2053 309 1061 676 1561 510 800 372 188
1705 1726 2914 2195 1846 1074 2053 0 1756 1423 1694 555 1543 2297 1713 2207
51 113 1268 1302 225 1333 309 1756 0 921 610 1283 225 818 223 451
888 993 1627 2120 818 517 1061 1423 921 0 407 871 750 1739 718 1249
593 708 1251 1898 448 917 676 1694 610 407 0 1143 520 1415 387 861
1232 1276 2377 2003 1337 602 1561 555 1283 871 1143 0 1059 1937 1202 1729
175 253 1425 1390 325 1124 510 1543 225 750 520 1059 0 1002 215 670
851 749 1503 741 974 2120 800 2297 818 1739 1415 1937 1002 0 1034 682
211 325 1223 1520 134 1164 372 1713 223 718 387 1202 215 1034 0 556
502 494 923 1363 435 1719 188 2207 451 1249 861 1729 670 682 556 0
