0 1687 1426 751 171 1392 1436 397 320 1025 916 1098 345 579 1062 1452
1687 0 2756 1642 1847 2919 2152 1373 1370 2710 774 2380 1436 1249 1319 3135
1426 2756 0 1114 1284 449 2758 1487 1654 1288 2112 2192 1439 1544 2487 1193
751 1642 1114 0 751 1324 2158 516 765 1477 1043 1844 506 480 1616 1744
171 1847 1284 751 0 1226 1520 512 487 877 1079 1104 452 688 1216 1288
1392 2919 449 1324 1226 0 2570 1568 1675 941 2210 1939 1510 1671 2436 754
1436 2152 2758 2158 1520 2570 0 1670 1416 1736 1615 714 1662 1801 836 2212
397 1373 1487 516 512 1568 1670 0 255 1387 642 1453 63 182 1100 1775
320 1370 1654 765 487 1675 1416 255 0 1340 597 1240 259 395 865 1772
1025 2710 1288 1477 877 941 1736 1387 1340 0 1936 1048 1326 1558 1838 496
916 774 2112 1043 1079 2210 1615 642 597 1936 0 1680 699 571 821 2368
1098 2380 2192 1844 1104 1939 714 1453 1240 1048 1680 0 1419 1625 1150 1508
345 1436 1439 506 452 1510 1662 63 259 1326 699 1419 0 237 1120 1711
579 1249 1544 480 688 1671 1801 182 395 1558 571 1625 237 0 1167 1930
1062 1319 2487 1616 1216 2436 836 1100 865 1838 821 1150 1120 1167 0 2330
1452 3135 1193 1744 1288 754 2212 1775 1772 496 2368 1508 1711 1930 2330 0
