0 1149 429 727 1198 246 274 1073 1626 322 502 118 1162 411 1528 645
1149 0 856 1491 2329 1074 1211 2221 2150 827 675 1253 2260 795 2443 1740
429 856 0 665 1599 546 366 1446 1471 261 421 484 1411 102 1605 898
727 1491 665 0 1419 970 455 1198 900 853 1057 653 927 758 951 557
1198 2329 1599 1419 0 1261 1266 245 2093 1514 1655 1117 782 1604 1459 861
246 1074 546 970 1261 0 514 1179 1866 322 399 348 1355 483 1764 856
274 1211 366 455 1266 514 0 1096 1352 442 652 225 1049 415 1312 532
1073 2221 1446 1198 245 1179 1096 0 1848 1395 1558 977 547 1464 1224 642
1626 2150 1471 900 2093 1866 1352 1848 0 1706 1891 1552 1366 1573 849 1311
322 827 261 853 1514 322 442 1395 1706 0 211 427 1460 173 1752 937
502 675 421 1057 1655 399 652 1558 1891 211 0 616 1659 319 1963 1138
118 1253 484 653 1117 348 225 977 1552 427 616 0 1045 488 1417 527
1162 2260 1411 927 782 1355 1049 547 1366 1460 1659 1045 0 1465 676 523
411 795 102 758 1604 483 415 1464 1573 173 319 488 1465 0 1690 946
1528 2443 1605 951 1459 1764 1312 1224 849 1752 1963 1417 676 1690 0 942
645 1740 898 557 861 856 532 642 1311 937 1138 527 523 946 942 0
