0 1667 1032 56 1295 567 324 54 1430 599 217 355 1644 391 206 37
1667 0 2657 1711 2755 1487 1344 1703 2988 1281 1875 1395 2926 2033 1471 1632
1032 2657 0 1006 1259 1238 1344 984 1129 1606 875 1378 1728 799 1238 1069
56 1711 1006 0 1238 620 367 78 1374 609 166 373 1589 338 241 81
1295 2755 1259 1238 0 1842 1536 1299 331 1474 1101 1405 469 936 1409 1311
567 1487 1238 620 1842 0 521 550 1937 915 741 709 2209 907 564 564
324 1344 1344 367 1536 521 0 364 1709 399 532 194 1832 697 132 288
54 1703 984 78 1299 550 364 0 1421 653 203 408 1659 379 253 89
1430 2988 1129 1374 331 1937 1709 1421 0 1711 1217 1605 700 1042 1577 1453
599 1281 1606 609 1474 915 399 653 1711 0 731 247 1676 843 420 563
217 1875 875 166 1101 741 532 203 1217 731 0 513 1475 175 403 247
355 1395 1378 373 1405 709 194 408 1605 247 513 0 1671 649 174 319
1644 2926 1728 1589 469 2209 1832 1659 700 1676 1475 1671 0 1329 1717 1653
391 2033 799 338 936 907 697 379 1042 843 175 649 1329 0 565 419
206 1471 1238 241 1409 564 132 253 1577 420 403 174 1717 565 0 168
37 1632 1069 81 1311 564 288 89 1453 563 247 319 1653 419 168 0
