0 94 1101 807 200 1124 120 558 1586 584 1582 121 1421 241 1063 1041
94 0 1037 881 252 1030 73 634 1519 603 1633 34 1413 241 1155 1016
1101 1037 0 1409 1289 748 1093 1657 1922 864 2665 1003 868 1252 1869 503
807 881 1409 0 890 1777 928 901 2393 548 1893 886 1181 1008 482 1037
200 252 1289 890 0 1234 205 391 1525 765 1384 286 1615 135 1056 1241
1124 1030 748 1777 1234 0 1041 1619 1222 1271 2433 1004 1601 1128 2150 1186
120 73 1093 928 205 1041 0 596 1466 674 1572 100 1486 169 1175 1088
558 634 1657 901 391 1619 596 0 1738 1004 1071 667 1866 491 871 1540
1586 1519 1922 2393 1525 1222 1466 1738 0 2071 1973 1521 2693 1394 2570 2251
584 603 864 548 765 1271 674 1004 2071 0 2076 586 863 825 1005 561
1582 1633 2665 1893 1384 2433 1572 1071 1973 2076 0 1666 2937 1413 1648 2606
121 34 1003 886 286 1004 100 667 1521 586 1666 0 1387 270 1172 987
1421 1413 868 1181 1615 1601 1486 1866 2693 863 2937 1387 0 1652 1647 442
241 241 1252 1008 135 1128 169 491 1394 825 1413 270 1652 0 1190 1258
1063 1155 1869 482 1056 2150 1175 871 2570 1005 1648 1172 1647 1190 0 1519
1041 1016 503 1037 1241 1186 1088 1540 2251 561 2606 987 442 1258 1519 0
