0 1383 975 68 33 1567 1214 1647 557 516 1259 849 580 748 30 103
1383 0 1604 1372 1407 659 2096 2938 1931 946 1551 1294 1959 839 1358 1376
975 1604 0 1041 953 1353 505 2343 1271 825 367 1761 1257 1459 990 871
68 1372 1041 0 98 1584 1282 1628 559 538 1319 782 587 703 51 170
33 1407 953 98 0 1578 1183 1639 541 527 1243 881 562 781 63 85
1567 659 1353 1584 1578 0 1854 3212 2115 1050 1159 1791 2131 1307 1551 1516
1214 2096 505 1282 1183 1854 0 2226 1295 1246 759 2059 1264 1843 1238 1119
1647 2938 2343 1628 1639 3212 2226 0 1120 2163 2705 1795 1117 2124 1661 1708
557 1931 1271 559 541 2115 1295 1120 0 1067 1619 1103 46 1212 578 599
516 946 825 538 527 1050 1246 2163 1067 0 972 1007 1084 639 502 469
1259 1551 367 1319 1243 1159 759 2705 1619 972 0 1971 1608 1603 1268 1158
849 1294 1761 782 881 1791 2059 1795 1103 1007 1971 0 1148 483 823 940
580 1959 1257 587 562 2131 1264 1117 46 1084 1608 1148 0 1249 603 615
748 839 1459 703 781 1307 1843 2124 1212 639 1603 483 1249 0 718 798
30 1358 990 51 63 1551 1238 1661 578 502 1268 823 603 718 0 121
103 1376 871 170 85 1516 1119 1708 599 469 1158 940 615 798 121 0
