0 1183 557 22 374 79 1615 1451 1439 677 1536 661 299 1652 513 1652 1108
1183 0 1405 1174 831 1174 2751 1576 2619 1744 1722 1329 1423 1863 800 709 1855
557 1405 0 539 644 636 1393 999 1373 398 1052 181 367 2209 986 2014 558
22 1174 539 0 359 98 1617 1428 1447 671 1514 640 294 1670 516 1651 1092
374 831 644 359 0 393 1925 1282 1790 928 1393 645 591 1735 389 1378 1180
79 1174 636 98 393 0 1656 1523 1462 740 1610 739 363 1573 465 1614 1186
1615 2751 1393 1617 1925 1656 0 2092 430 1013 2052 1535 1337 2845 2121 3268 1249
1451 1576 999 1428 1282 1523 2092 0 2225 1313 148 828 1358 3018 1662 2286 842
1439 2619 1373 1447 1790 1462 430 2225 0 975 2213 1541 1204 2477 1914 3065 1403
677 1744 398 671 928 740 1013 1313 975 0 1334 566 378 2227 1186 2299 615
1536 1722 1052 1514 1393 1610 2052 148 2213 1334 0 892 1418 3128 1778 2431 812
661 1329 181 640 645 739 1535 828 1541 566 892 0 529 2303 1020 1973 542
299 1423 367 294 591 363 1337 1358 1204 378 1418 529 0 1893 811 1938 865
1652 1863 2209 1670 1735 1573 2845 3018 2477 2227 3128 2303 1893 0 1360 1611 2753
513 800 986 516 389 465 2121 1662 1914 1186 1778 1020 811 1360 0 1152 1540
1652 709 2014 1651 1378 1614 3268 2286 3065 2299 2431 1973 1938 1611 1152 0 2513
1108 1855 558 1092 1180 1186 1249 842 1403 615 812 542 865 2753 1540 2513 0
