0 1648 1490 356 1726 797 1410 1196 1340 726 1580 61 1081 1345 736 1239
1648 0 850 1768 433 854 360 2719 1893 1688 1613 1639 1633 2706 2356 1959
1490 850 0 1759 514 865 1021 2264 1136 1160 2187 1514 943 2793 2041 2307
356 1768 1759 0 1922 965 1477 1363 1696 1081 1347 300 1435 1034 848 912
1726 433 514 1922 0 956 739 2667 1643 1577 2003 1733 1427 2921 2374 2273
797 854 865 965 956 0 663 1889 1363 951 1415 793 1058 1974 1503 1445
1410 360 1021 1477 739 663 0 2548 1913 1595 1266 1391 1625 2373 2141 1600
1196 2719 2264 1363 2667 1889 2548 0 1414 1104 2710 1239 1394 1729 522 2211
1340 1893 1136 1696 1643 1363 1913 1414 0 616 2726 1397 307 2612 1445 2548
726 1688 1160 1081 1577 951 1595 1104 616 0 2190 784 390 2009 941 1949
1580 1613 2187 1347 2003 1415 1266 2710 2726 2190 0 1523 2421 1671 2193 680
61 1639 1514 300 1733 793 1391 1239 1397 784 1523 0 1135 1306 768 1178
1081 1633 943 1435 1427 1058 1625 1394 307 390 2421 1135 0 2394 1314 2262
1345 2706 2793 1034 2921 1974 2373 1729 2612 2009 1671 1306 2394 0 1299 991
736 2356 2041 848 2374 1503 2141 522 1445 941 2193 768 1314 1299 0 1690
1239 1959 2307 912 2273 1445 1600 2211 2548 1949 680 1178 2262 991 1690 0
