0 745 710 867 1106 320 1249 721 1523 168 1076 1589 742 553 241 1442
745 0 1294 1588 738 1065 1394 1467 936 751 355 2319 1160 721 550 988
710 1294 0 960 1805 584 1896 645 2183 858 1650 1144 1327 1257 936 1563
867 1588 960 0 1700 576 1329 320 2198 837 1885 995 784 1064 1038 2278
1106 738 1805 1700 0 1362 875 1719 512 992 624 2620 987 641 869 1676
320 1065 584 576 1362 0 1318 401 1811 372 1394 1280 743 744 542 1701
1249 1394 1896 1329 875 1318 0 1508 1330 1081 1443 2324 587 748 1125 2380
721 1467 645 320 1719 401 1508 0 2189 755 1794 901 926 1080 939 2046
1523 936 2183 2198 512 1811 1330 2189 0 1439 630 3088 1500 1133 1281 1657
168 751 858 837 992 372 1081 755 1439 0 1052 1649 583 399 200 1545
1076 355 1650 1885 624 1394 1443 1794 630 1052 0 2662 1351 906 857 1075
1589 2319 1144 995 2620 1280 2324 901 3088 1649 2662 0 1772 1980 1822 2707
742 1160 1327 784 987 743 587 926 1500 583 1351 1772 0 447 706 2078
553 721 1257 1064 641 744 748 1080 1133 399 906 1980 447 0 381 1674
241 550 936 1038 869 542 1125 939 1281 200 857 1822 706 381 0 1378
1442 988 1563 2278 1676 1701 2380 2046 1657 1545 1075 2707 2078 1674 1378 0
