0 789 1349 1025 643 341 1430 1490 1241 362 445 765 737 256 1193 1180
789 0 1474 1798 1432 657 862 1779 1662 894 370 485 1067 967 1117 1920
1349 1474 0 1986 1564 1619 2334 2840 573 998 1463 989 620 1576 421 2232
1025 1798 1986 0 442 1183 2258 1437 1577 1149 1432 1761 1426 835 2016 260
643 1432 1564 442 0 884 2008 1544 1207 709 1081 1336 987 528 1574 671
341 657 1619 1183 884 0 1126 1260 1571 679 298 846 1033 359 1396 1276
1430 862 2334 2258 2008 1126 0 1598 2505 1669 1017 1344 1910 1479 1962 2288
1490 1779 2840 1437 1544 1260 1598 0 2664 1845 1515 2097 2225 1275 2654 1279
1241 1662 573 1577 1207 1571 2505 2664 0 892 1518 1232 595 1402 890 1836
362 894 998 1149 709 679 1669 1845 892 0 654 652 379 577 897 1356
445 370 1463 1432 1081 298 1017 1515 1518 654 0 584 936 598 1184 1550
765 485 989 1761 1336 846 1344 2097 1232 652 584 0 661 1013 636 1938
737 1067 620 1426 987 1033 1910 2225 595 379 936 661 0 956 596 1658
256 967 1576 835 528 359 1479 1275 1402 577 598 1013 956 0 1444 957
1193 1117 421 2016 1574 1396 1962 2654 890 897 1184 636 596 1444 0 2240
1180 1920 2232 260 671 1276 2288 1279 1836 1356 1550 1938 1658 957 2240 0
