0 1318 1327 1337 100 1376 1452 1136 946 1121 397 373 357 1165 582 1180 774
1318 0 1947 1267 1385 1999 1472 2210 2259 2409 1707 1268 1553 563 1848 2142 782
1327 1947 0 862 1400 2692 747 2294 1444 1363 1442 1696 1617 2161 1112 523 1898
1337 1267 862 0 1437 2637 204 2472 1933 1953 1648 1608 1695 1652 1493 1283 1538
100 1385 1400 1437 0 1294 1549 1036 897 1088 322 328 258 1195 571 1221 794
1376 1999 2692 2637 1294 0 2784 739 1705 1953 1301 1037 1080 1477 1693 2447 1241
1452 1472 747 204 1549 2784 0 2574 1958 1952 1732 1748 1805 1851 1534 1218 1719
1136 2210 2294 2472 1036 739 2574 0 1057 1294 861 966 779 1801 1192 1941 1439
946 2259 1444 1933 897 1705 1958 1057 0 247 595 1152 846 2089 451 982 1683
1121 2409 1363 1953 1088 1953 1952 1294 247 0 809 1366 1071 2283 561 862 1881
397 1707 1442 1648 322 1301 1732 861 595 809 0 557 268 1497 395 1147 1089
373 1268 1696 1608 328 1037 1748 966 1152 1366 557 0 317 961 887 1548 554
357 1553 1617 1695 258 1080 1805 779 846 1071 268 317 0 1278 649 1378 870
1165 563 2161 1652 1195 1477 1851 1801 2089 2283 1497 961 1278 0 1747 2226 408
582 1848 1112 1493 571 1693 1534 1192 451 561 395 887 649 1747 0 760 1355
1180 2142 523 1283 1221 2447 1218 1941 982 862 1147 1548 1378 2226 760 0 1892
774 782 1898 1538 794 1241 1719 1439 1683 1881 1089 554 870 408 1355 1892 0
