0 87 1364 1033 1538 571 1174 1637 631 1570 1280 453 233 1130 1130 1629
87 0 1439 981 1603 607 1210 1715 543 1486 1212 465 146 1129 1043 1555
1364 1439 0 2356 1766 985 1927 279 1906 2687 2640 1179 1577 1289 2447 2994
1033 981 2356 0 1762 1588 1113 2617 882 1535 382 1426 891 2032 807 764
1538 1603 1766 1762 0 1842 664 1879 2074 3021 2144 1871 1701 2480 2401 2518
571 607 985 1588 1842 0 1641 1262 950 1706 1791 200 704 641 1493 2106
1174 1210 1927 1113 664 1641 0 2117 1576 2482 1493 1598 1263 2269 1813 1861
1637 1715 279 2617 1879 1262 2117 0 2186 2961 2909 1458 1853 1521 2727 3267
631 543 1906 882 2074 950 1576 2186 0 956 932 751 404 1211 543 1188
1570 1486 2687 1535 3021 1706 2482 2961 956 0 1323 1521 1356 1610 728 1290
1280 1212 2640 382 2144 1791 1493 2909 932 1323 0 1608 1091 2141 620 387
453 465 1179 1426 1871 200 1598 1458 751 1521 1608 0 535 678 1293 1915
233 146 1577 891 1701 704 1263 1853 404 1356 1091 535 0 1164 897 1423
1130 1129 1289 2032 2480 641 2269 1521 1211 1610 2141 678 1164 0 1683 2387
1130 1043 2447 807 2401 1493 1813 2727 543 728 620 1293 897 1683 0 725
1629 1555 2994 764 2518 2106 1861 3267 1188 1290 387 1915 1423 2387 725 0
