0 1148 709 877 751 1239 800 639 818 326 1270 1090 483 1472 1570 1565 692
1148 0 1854 1928 532 2233 619 1294 1548 995 425 2237 1409 2374 2201 1229 1706
709 1854 0 430 1448 933 1476 1025 1028 911 1969 384 628 1077 1604 2131 464
877 1928 430 0 1616 1353 1675 1366 1417 932 2126 587 525 661 2031 2422 226
751 532 1448 1616 0 1712 131 763 1016 747 521 1818 1146 2162 1682 979 1413
1239 2233 933 1353 1712 0 1664 968 750 1559 2163 901 1466 1957 824 1951 1387
800 619 1476 1675 131 1664 0 700 946 841 513 1837 1225 2243 1582 859 1480
639 1294 1025 1366 763 968 700 0 256 920 1195 1315 1104 2018 989 1121 1241
818 1548 1028 1417 1016 750 946 256 0 1127 1426 1255 1244 2079 757 1233 1328
326 995 911 932 747 1559 841 920 1127 0 1222 1293 418 1422 1884 1684 711
1270 425 1969 2126 521 2163 513 1195 1426 1222 0 2338 1637 2643 1980 824 1916
1090 2237 384 587 1818 901 1837 1315 1255 1293 2338 0 976 1081 1687 2436 740
483 1409 628 525 1146 1466 1225 1104 1244 418 1637 976 0 1017 1965 2035 299
1472 2374 1077 661 2162 1957 2243 2018 2079 1422 2643 1081 1017 0 2680 3038 785
1570 2201 1604 2031 1682 824 1582 989 757 1884 1980 1687 1965 2680 0 1472 1995
1565 1229 2131 2422 979 1951 859 1121 1233 1684 824 2436 2035 3038 1472 0 2255
692 1706 464 226 1413 1387 1480 1241 1328 711 1916 740 299 785 1995 2255 0
