0 851 638 1114 1696 594 533 524 33 331 1366 1428 617 390 1502 561 1176
851 0 1096 1583 1720 1394 466 1354 858 642 1144 2068 572 1113 1388 1065 847
638 1096 0 1728 2328 1053 1031 938 671 507 1947 1949 545 354 985 1196 883
1114 1583 1728 0 907 785 1124 898 1081 1407 1073 573 1673 1399 2611 573 2226
1696 1720 2328 907 0 1611 1394 1703 1664 1878 636 1374 2070 2066 3032 1176 2538
594 1394 1053 785 1611 0 974 121 572 922 1512 896 1205 699 2019 518 1757
533 466 1031 1124 1394 974 0 957 523 528 925 1602 676 897 1637 599 1162
524 1354 938 898 1703 121 957 0 508 843 1566 1013 1122 584 1911 572 1666
33 858 671 1081 1664 572 523 508 0 359 1342 1399 644 415 1535 528 1204
331 642 507 1407 1878 922 528 843 359 0 1451 1756 285 473 1206 836 845
1366 1144 1947 1073 636 1512 925 1566 1342 1451 0 1642 1583 1757 2512 996 1988
1428 2068 1949 573 1374 896 1602 1013 1399 1756 1642 0 2040 1595 2908 1003 2602
617 572 545 1673 2070 1205 676 1122 644 285 1583 2040 0 675 967 1100 561
390 1113 354 1399 2066 699 897 584 415 473 1757 1595 675 0 1333 899 1153
1502 1388 985 2611 3032 2019 1637 1911 1535 1206 2512 2908 967 1333 0 2042 557
561 1065 1196 573 1176 518 599 572 528 836 996 1003 1100 899 2042 0 1654
1176 847 883 2226 2538 1757 1162 1666 1204 845 1988 2602 561 1153 557 1654 0
