0 172 1126 1620 263 1095 331 369 662 90 173 1192 1696 1723 1133 1605 1219
172 0 1280 1696 156 1230 253 322 825 221 345 1360 1540 1599 960 1712 1114
1126 1280 0 2053 1388 252 1441 1451 863 1059 967 288 2820 2828 2192 1834 1826
1620 1696 2053 0 1589 2219 1508 1426 1246 1687 1580 1858 2330 1939 2310 355 2808
263 156 1388 1589 0 1357 98 176 837 341 424 1442 1438 1462 927 1631 1220
1095 1230 252 2219 1357 0 1424 1448 987 1016 957 540 2761 2818 2088 2026 1628
331 253 1441 1508 98 1424 0 82 834 417 474 1478 1402 1394 946 1565 1308
369 322 1451 1426 176 1448 82 0 800 459 491 1471 1417 1377 1003 1487 1391
662 825 863 1246 837 987 834 800 0 670 515 762 2211 2099 1765 1105 1830
90 221 1059 1687 341 1016 417 459 670 0 155 1143 1761 1804 1168 1657 1177
173 345 967 1580 424 957 474 491 515 155 0 1020 1862 1866 1305 1527 1323
1192 1360 288 1858 1442 540 1478 1471 762 1143 1020 0 2879 2831 2308 1610 2047
1696 1540 2820 2330 1438 2761 1402 1417 2211 1761 1862 2879 0 547 800 2564 1785
1723 1599 2828 1939 1462 2818 1394 1377 2099 1804 1866 2831 547 0 1163 2217 2142
1133 960 2192 2310 927 2088 946 1003 1765 1168 1305 2308 800 1163 0 2444 993
1605 1712 1834 355 1631 2026 1565 1487 1105 1657 1527 1610 2564 2217 2444 0 2821
1219 1114 1826 2808 1220 1628 1308 1391 1830 1177 1323 2047 1785 2142 993 2821 0
