0 452 340 469 829 1226 1310 1078 1357 700 999 95 884 1203 342 1563
452 0 230 769 590 1422 913 1523 1525 1150 949 385 531 1552 532 1334
340 230 0 769 505 1491 1139 1406 1609 993 773 248 761 1328 305 1553
469 769 769 0 1274 761 1389 895 898 730 1468 556 962 1451 804 1397
829 590 505 1274 0 1988 1246 1836 2100 1382 456 734 1006 1468 605 1840
1226 1422 1491 761 1988 0 1685 1185 152 1312 2225 1307 1357 2096 1564 1311
1310 913 1139 1389 1246 1685 0 2277 1710 1993 1700 1272 435 2465 1444 754
1078 1523 1406 895 1836 1185 2277 0 1329 477 1813 1162 1844 1108 1232 2254
1357 1525 1609 898 2100 152 1710 1329 0 1465 2353 1435 1412 2249 1698 1271
700 1150 993 730 1382 1312 1993 477 1465 0 1335 766 1558 786 777 2119
999 949 773 1468 456 2225 1700 1813 2353 1335 0 918 1432 1174 669 2264
95 385 248 556 734 1307 1272 1162 1435 766 918 0 855 1211 278 1572
884 531 761 962 1006 1357 435 1844 1412 1558 1432 855 0 2063 1057 834
1203 1552 1328 1451 1468 2096 2465 1108 2249 786 1174 1211 2063 0 1023 2762
342 532 305 804 605 1564 1444 1232 1698 777 669 278 1057 1023 0 1822
1563 1334 1553 1397 1840 1311 754 2254 1271 2119 2264 1572 834 2762 1822 0
