0 1113 1619 995 1392 763 1601 1731 1026 291 1048 1164 661 296 1042 1224
1113 0 1501 2070 689 909 2352 2819 1465 1389 1978 2099 1761 1390 1333 927
1619 1501 0 1967 911 2086 1500 2580 2559 1674 2643 1654 1874 1855 646 2339
995 2070 1967 0 2160 1690 1039 749 1710 704 1164 475 350 814 1333 2168
1392 689 911 2160 0 1510 2117 2888 2057 1596 2411 2033 1927 1687 1024 1612
763 909 2086 1690 1510 0 2361 2377 556 1018 1165 1922 1339 876 1644 478
1601 2352 1500 1039 2117 2361 0 1285 2566 1392 2174 568 1244 1598 1093 2803
1731 2819 2580 749 2888 2377 1285 0 2288 1441 1570 926 1070 1513 1986 2853
1026 1465 2559 1710 2057 556 2566 2288 0 1176 813 2055 1381 968 2045 788
291 1389 1674 704 1596 1018 1392 1441 1176 0 977 909 373 218 1048 1491
1048 1978 2643 1164 2411 1165 2174 1570 813 977 0 1609 938 788 2024 1555
1164 2099 1654 475 2033 1922 568 926 2055 909 1609 0 691 1093 1073 2388
661 1761 1874 350 1927 1339 1244 1070 1381 373 938 691 0 463 1228 1818
296 1390 1855 814 1687 876 1598 1513 968 218 788 1093 463 0 1242 1355
1042 1333 646 1333 1024 1644 1093 1986 2045 1048 2024 1073 1228 1242 0 1992
1224 927 2339 2168 1612 478 2803 2853 788 1491 1555 2388 1818 1355 1992 0
