0 124 96 1412 309 663 1092 1662 72 302 66 1441 479 1714 367 896
124 0 47 1418 393 591 1074 1768 75 402 114 1441 418 1595 415 1001
96 47 0 1449 391 637 1111 1721 30 356 113 1473 403 1618 429 954
1412 1418 1449 0 1170 998 406 2707 1454 1633 1352 64 1823 2509 1060 2063
309 393 391 1170 0 650 904 1685 377 463 280 1206 789 1963 131 952
663 591 637 998 650 0 597 2305 659 964 599 999 910 1572 537 1547
1092 1074 1111 406 904 597 0 2551 1121 1350 1027 402 1460 2108 778 1849
1662 1768 1721 2707 1685 2305 2551 0 1692 1365 1719 2760 1752 3067 1815 767
72 75 30 1454 377 659 1121 1692 0 326 105 1479 412 1645 423 925
302 402 356 1633 463 964 1350 1365 326 0 364 1669 534 1886 577 598
66 114 113 1352 280 599 1027 1719 105 364 0 1379 515 1706 318 954
1441 1441 1473 64 1206 999 402 2760 1479 1669 1379 0 1842 2491 1093 2109
479 418 403 1823 789 910 1460 1752 412 534 515 1842 0 1367 832 1022
1714 1595 1618 2509 1963 1572 2108 3067 1645 1886 1706 2491 1367 0 1926 2379
367 415 429 1060 131 537 778 1815 423 577 318 1093 832 1926 0 1083
896 1001 954 2063 952 1547 1849 767 925 598 954 2109 1022 2379 1083 0
