0 349 1266 503 970 1607 1259 293 477 1061 1418 240 1295 104 748 0
349 0 1310 458 643 1867 1500 373 827 1050 1610 311 1434 280 746 349
1266 1310 0 852 1798 2673 2394 993 1349 2315 2612 1479 2537 1198 2000 1266
503 458 852 0 1002 2095 1757 216 836 1485 1921 664 1791 406 1172 503
970 643 1798 1002 0 2224 1844 1000 1435 1046 1860 812 1614 920 871 970
1607 1867 2673 2095 2224 0 379 1878 1329 1330 473 1556 751 1712 1365 1607
1259 1500 2394 1757 1844 379 0 1541 1046 982 289 1188 472 1363 989 1259
293 373 993 216 1000 1878 1541 0 635 1322 1710 486 1588 207 1006 293
477 827 1349 836 1435 1329 1046 635 0 1254 1280 635 1255 558 986 477
1061 1050 2315 1485 1046 1330 982 1322 1254 0 890 836 612 1119 315 1061
1418 1610 2612 1921 1860 473 289 1710 1280 890 0 1303 285 1517 988 1418
240 311 1479 664 812 1556 1188 486 635 836 1303 0 1141 282 521 240
1295 1434 2537 1791 1614 751 472 1588 1255 612 285 1141 0 1385 752 1295
104 280 1198 406 920 1712 1363 207 558 1119 1517 282 1385 0 803 104
748 746 2000 1172 871 1365 989 1006 986 315 988 521 752 803 0 748
0 349 1266 503 970 1607 1259 293 477 1061 1418 240 1295 104 748 0
