0 702 655 1619 851 38 1605 663 1731 1078 1224 1429 1005 1404 459 214
702 0 1284 922 1336 665 902 848 2400 1036 1623 1133 1563 2086 700 675
655 1284 0 2200 1158 690 2155 1243 1507 1679 736 1579 1163 1160 1071 838
1619 922 2200 0 2103 1581 173 1542 3261 1465 2436 1458 2358 2966 1487 1554
851 1336 1158 2103 0 861 2152 565 1214 854 1887 2272 264 997 639 714
38 665 690 1581 861 0 1568 645 1763 1055 1247 1414 1023 1436 439 197
1605 902 2155 173 2152 1568 0 1599 3283 1566 2343 1307 2401 2979 1523 1562
663 848 1243 1542 565 645 1599 0 1764 437 1882 1911 827 1512 211 449
1731 2400 1507 3261 1214 1763 3283 1764 0 2059 2113 3054 951 348 1775 1725
1078 1036 1679 1465 854 1055 1566 437 2059 0 2302 2166 1110 1851 619 865
1224 1623 736 2436 1887 1247 2343 1882 2113 2302 0 1347 1899 1784 1683 1437
1429 1133 1579 1458 2272 1414 1307 1911 3054 2166 1347 0 2433 2707 1718 1563
1005 1563 1163 2358 264 1023 2401 827 951 1110 1899 2433 0 753 879 909
1404 2086 1160 2966 997 1436 2979 1512 348 1851 1784 2707 753 0 1494 1416
459 700 1071 1487 639 439 1523 211 1775 619 1683 1718 879 1494 0 245
214 675 838 1554 714 197 1562 449 1725 865 1437 1563 909 1416 245 0
