0 1507 1246 365 1544 1514 1223 1423 88 557 735 868 441 976 1086 938 743
1507 0 2559 1564 3007 3003 2580 1646 1591 1067 1780 1705 1679 1667 1925 1897 1992
1246 2559 0 1017 647 780 114 1501 1210 1795 1770 941 897 2106 847 756 1588
365 1564 1017 0 1448 1463 1024 1099 401 816 1095 505 119 1340 721 577 1068
1544 3007 647 1448 0 190 550 2135 1478 2095 1828 1532 1340 2186 1479 1366 1582
1514 3003 780 1463 190 0 672 2234 1441 2052 1723 1608 1363 2080 1581 1455 1466
1223 2580 114 1024 550 672 0 1587 1180 1778 1708 1003 905 2050 930 826 1515
1423 1646 1501 1099 2135 2234 1587 0 1484 1609 2147 666 1103 2318 656 782 2160
88 1591 1210 401 1478 1441 1180 1484 0 617 695 907 458 962 1113 959 676
557 1067 1795 816 2095 2052 1778 1609 617 0 741 1235 928 755 1480 1365 928
735 1780 1770 1095 1828 1723 1708 2147 695 741 0 1601 1151 357 1809 1652 275
868 1705 941 505 1532 1608 1003 666 907 1235 1601 0 469 1836 248 196 1564
441 1679 897 119 1340 1363 905 1103 458 928 1151 469 0 1416 657 501 1097
976 1667 2106 1340 2186 2080 2050 2318 962 755 357 1836 1416 0 2061 1914 620
1086 1925 847 721 1479 1581 930 656 1113 1480 1809 248 657 2061 0 168 1747
938 1897 756 577 1366 1455 826 782 959 1365 1652 196 501 1914 168 0 1582
743 1992 1588 1068 1582 1466 1515 2160 676 928 275 1564 1097 620 1747 1582 0
