0 402 161 1431 1245 472 1591 135 931 1163 621 1282 913 1054 72 1119 1613
402 0 539 1544 1601 438 1775 518 1236 1500 877 1555 521 1258 474 1504 1839
161 539 0 1516 1084 480 1456 27 772 1002 481 1296 1059 918 121 967 1467
1431 1544 1516 0 2234 1878 2922 1496 2147 2246 1972 664 1678 2400 1413 1977 2887
1245 1601 1084 2234 0 1322 964 1110 440 159 789 1713 2120 745 1189 278 818
472 438 480 1878 1322 0 1348 480 906 1195 536 1753 870 849 520 1294 1427
1591 1775 1456 2922 964 1348 0 1481 793 838 974 2526 2206 537 1576 1210 207
135 518 27 1496 1110 480 1481 0 799 1028 506 1287 1037 943 95 989 1493
931 1236 772 2147 440 906 793 799 0 294 371 1732 1743 368 892 537 740
1163 1500 1002 2246 159 1195 838 1028 294 0 658 1760 2015 585 1114 371 714
621 877 481 1972 789 536 974 506 371 658 0 1662 1376 437 601 799 993
1282 1555 1296 664 1713 1753 2526 1287 1732 1760 1662 0 1874 2046 1233 1439 2452
913 521 1059 1678 2120 870 2206 1037 1743 2015 1376 1874 0 1719 982 2025 2296
1054 1258 918 2400 745 849 537 943 368 585 437 2046 1719 0 1038 898 580
72 474 121 1413 1189 520 1576 95 892 1114 601 1233 982 1038 0 1055 1589
1119 1504 967 1977 278 1294 1210 989 537 371 799 1439 2025 898 1055 0 1082
1613 1839 1467 2887 818 1427 207 1493 740 714 993 2452 2296 580 1589 1082 0
