0 584 1208 1466 1613 225 492 370 1665 1113 849 793 346 1420 716 1325 677
584 0 1025 1068 1052 360 997 827 2072 737 475 1032 249 1999 305 774 890
1208 1025 0 526 1135 1122 1690 1577 1677 429 571 1951 1013 2186 725 938 1815
1466 1068 526 0 676 1309 1955 1811 2203 352 626 2095 1174 2638 786 580 1953
1613 1052 1135 676 0 1400 2050 1879 2749 746 859 2017 1268 2973 921 290 1881
225 360 1122 1309 1400 0 661 504 1824 957 683 828 138 1645 531 1115 693
492 997 1690 1955 2050 661 0 176 1794 1603 1334 520 800 1201 1191 1769 488
370 827 1577 1811 1879 504 176 0 1849 1458 1186 472 642 1349 1036 1600 395
1665 2072 1677 2203 2749 1824 1794 1849 0 2005 1930 2309 1853 1153 1951 2494 2245
1113 737 429 352 746 957 1603 1458 2005 0 275 1753 824 2328 442 516 1611
849 475 571 626 859 683 1334 1186 1930 275 0 1478 548 2126 170 578 1337
793 1032 1951 2095 2017 828 520 472 2309 1753 1478 0 944 1673 1311 1767 142
346 249 1013 1174 1268 138 800 642 1853 824 548 944 0 1751 393 981 805
1420 1999 2186 2638 2973 1645 1201 1349 1153 2328 2126 1673 1751 0 2052 2683 1680
716 305 725 786 921 531 1191 1036 1951 442 170 1311 393 2052 0 631 1169
1325 774 938 580 290 1115 1769 1600 2494 516 578 1767 981 2683 631 0 1629
677 890 1815 1953 1881 693 488 395 2245 1611 1337 142 805 1680 1169 1629 0
