0 1358 1686 1239 1576 416 605 1311 1567 1156 632 115 696 1556 149 104
1358 0 596 884 1750 1001 1893 235 2302 2400 1725 1451 1600 2817 1390 1310
1686 596 0 1480 2344 1273 2277 831 2191 2816 2174 1752 1685 2954 1667 1670
1239 884 1480 0 870 1132 1530 653 2663 1909 1245 1354 1809 2786 1354 1142
1576 1750 2344 870 0 1692 1521 1523 3142 1648 1189 1672 2266 2915 1724 1474
416 1001 1273 1132 1692 0 1020 1005 1532 1569 992 479 685 1823 399 423
605 1893 2277 1530 1521 1020 0 1800 1863 551 334 578 1108 1393 680 607
1311 235 831 653 1523 1005 1800 0 2411 2282 1599 1415 1655 2825 1368 1248
1567 2302 2191 2663 3142 1532 1863 2411 0 2261 2098 1479 878 1237 1418 1668
1156 2400 2816 1909 1648 1569 551 2282 2261 0 684 1126 1604 1489 1228 1151
632 1725 2174 1245 1189 992 334 1599 2098 684 0 666 1277 1725 760 578
115 1451 1752 1354 1672 479 578 1415 1479 1126 666 0 621 1442 102 215
696 1600 1685 1809 2266 685 1108 1655 878 1604 1277 621 0 1268 547 794
1556 2817 2954 2786 2915 1823 1393 2825 1237 1489 1725 1442 1268 0 1467 1647
149 1390 1667 1354 1724 399 680 1368 1418 1228 760 102 547 1467 0 249
104 1310 1670 1142 1474 423 607 1248 1668 1151 578 215 794 1647 249 0
