0 1176 74 491 1215 1182 758 1307 1582 1524 640 1491 562 484 1083 1101
1176 0 1134 1492 1648 1987 1925 723 2707 2694 1779 2496 1169 1427 1746 1950
74 1134 0 466 1153 1147 815 1237 1646 1575 705 1485 613 447 1033 1069
491 1492 466 0 855 697 750 1381 1582 1397 755 1031 1042 83 645 612
1215 1648 1153 855 0 574 1585 1144 2372 2111 1610 1199 1760 800 309 622
1182 1987 1147 697 574 0 1250 1627 1937 1625 1338 626 1739 699 287 101
758 1925 815 750 1585 1250 0 2031 850 769 193 1199 967 825 1327 1149
1307 723 1237 1381 1144 1627 2031 0 2877 2759 1941 2225 1580 1298 1346 1626
1582 2707 1646 1582 2372 1937 850 2877 0 411 943 1629 1604 1662 2086 1842
1524 2694 1575 1397 2111 1625 769 2759 411 0 929 1247 1688 1481 1811 1537
640 1779 705 755 1610 1338 193 1941 943 929 0 1358 778 819 1376 1237
1491 2496 1485 1031 1199 626 1199 2225 1629 1247 1358 0 1982 1081 910 603
562 1169 613 1042 1760 1739 967 1580 1604 1688 778 1982 0 1044 1645 1653
484 1427 447 83 800 699 825 1298 1662 1481 819 1081 1044 0 613 622
1083 1746 1033 645 309 287 1327 1346 2086 1811 1376 910 1645 613 0 317
1101 1950 1069 612 622 101 1149 1626 1842 1537 1237 603 1653 622 317 0
