0 1312 931 787 1277 680 1197 765 1200 9 165 1513 707 152 1079 1080
1312 0 1733 1146 322 1229 1959 2076 2511 1305 1434 2206 1949 1456 234 1017
931 1733 0 1692 1861 505 270 1151 1445 927 801 2401 1364 865 1556 1938
787 1146 1692 0 922 1319 1962 1310 1697 788 947 1071 1040 909 950 341
1277 322 1861 922 0 1361 2107 2016 2446 1271 1421 1949 1839 1428 328 731
680 1229 505 1319 1361 0 746 1233 1621 672 635 2187 1320 702 1052 1515
1197 1959 270 1962 2107 746 0 1330 1567 1193 1061 2647 1578 1122 1794 2208
765 2076 1151 1310 2016 1233 1330 0 435 773 670 1480 349 630 1842 1651
1200 2511 1445 1697 2446 1621 1567 435 0 1208 1099 1641 661 1063 2277 2039
9 1305 927 788 1271 672 1193 773 1208 0 166 1520 716 157 1072 1079
165 1434 801 947 1421 635 1061 670 1099 166 0 1608 688 69 1204 1244
1513 2206 2401 1071 1949 2187 2647 1480 1641 1520 1608 0 1138 1541 2020 1225
707 1949 1364 1040 1839 1320 1578 349 661 716 688 1138 0 624 1715 1380
152 1456 865 909 1428 702 1122 630 1063 157 69 1541 624 0 1224 1215
1079 234 1556 950 328 1052 1794 1842 2277 1072 1204 2020 1715 1224 0 874
1080 1017 1938 341 731 1515 2208 1651 2039 1079 1244 1225 1380 1215 874 0
