0 289 984 1548 343 782 569 602 961 1598 1172 1640 422 275 1372 347 1334
289 0 732 1299 377 630 349 312 671 1386 1457 1694 501 320 1586 587 1051
984 732 0 1241 1086 1076 807 514 418 686 2043 2309 1212 807 2317 1145 794
1548 1299 1241 0 1327 863 979 1051 839 1744 2696 1784 1383 1604 2328 1882 475
343 377 1086 1327 0 488 394 594 922 1756 1375 1332 126 584 1241 671 1210
782 630 1076 863 488 0 305 589 745 1757 1860 1247 524 942 1515 1129 863
569 349 807 979 394 305 0 298 550 1494 1724 1502 495 669 1605 908 816
602 312 514 1051 594 589 298 0 359 1200 1766 1799 717 567 1836 882 750
961 671 418 839 922 745 550 359 0 1042 2121 1991 1036 897 2154 1227 436
1598 1386 686 1744 1756 1757 1494 1200 1042 0 2502 2995 1882 1365 2965 1665 1269
1172 1457 2043 2696 1375 1860 1724 1766 2121 2502 0 2119 1343 1245 1261 903 2507
1640 1694 2309 1784 1332 1247 1502 1799 1991 2995 2119 0 1223 1907 1002 1881 2021
422 501 1212 1383 126 524 495 717 1036 1882 1343 1223 0 684 1120 719 1303
275 320 807 1604 584 942 669 567 897 1365 1245 1907 684 0 1630 342 1314
1372 1586 2317 2328 1241 1515 1605 1836 2154 2965 1261 1002 1120 1630 0 1428 2373
347 587 1145 1882 671 1129 908 882 1227 1665 903 1881 719 342 1428 0 1632
1334 1051 794 475 1210 863 816 750 436 1269 2507 2021 1303 1314 2373 1632 0
