0 1323 1391 298 1250 1437 1380 436 284 93 388 744 50 389 1713 1371
1323 0 2702 1076 2519 2020 1721 1719 1068 1261 938 620 1318 1584 1151 492
1391 2702 0 1626 798 1720 1957 1092 1670 1442 1779 2136 1388 1276 2780 2752
298 1076 1626 0 1546 1330 1202 735 265 210 236 567 271 673 1422 1208
1250 2519 798 1546 0 2198 2328 815 1458 1336 1597 1900 1276 934 2926 2426
1437 2020 1720 1330 2198 0 370 1667 1588 1374 1557 1802 1387 1752 1400 2369
1380 1721 1957 1202 2328 370 0 1692 1468 1301 1406 1592 1329 1739 1029 2108
436 1719 1092 735 815 1667 1692 0 651 526 786 1109 467 185 2141 1687
284 1068 1670 265 1458 1588 1468 651 0 268 142 468 302 530 1617 1087
93 1261 1442 210 1336 1374 1301 526 268 0 342 703 60 482 1620 1340
388 938 1779 236 1597 1557 1406 786 142 342 0 360 392 671 1487 999
744 620 2136 567 1900 1802 1592 1109 468 703 360 0 752 966 1426 641
50 1318 1388 271 1276 1387 1329 467 302 60 392 752 0 433 1676 1385
389 1584 1276 673 934 1752 1739 185 530 482 671 966 433 0 2096 1520
1713 1151 2780 1422 2926 1400 1029 2141 1617 1620 1487 1426 1676 2096 0 1641
1371 492 2752 1208 2426 2369 2108 1687 1087 1340 999 641 1385 1520 1641 0
