0 186 125 1706 1285 170 706 431 273 522 501 1444 791 228 1495 1046
186 0 185 1758 1203 353 873 420 398 692 463 1459 967 414 1546 1233
125 185 0 1831 1369 216 807 306 214 621 600 1563 799 292 1620 1097
1706 1758 1831 0 1163 1728 1329 2137 1917 1420 1331 424 1980 1678 212 1783
1285 1203 1369 1163 0 1416 1466 1616 1558 1405 790 739 1965 1419 1018 2018
170 353 216 1728 1416 0 604 458 189 420 626 1502 621 78 1521 886
706 873 807 1329 1466 604 0 1059 761 185 813 1241 650 527 1148 555
431 420 306 2137 1616 458 1059 0 306 877 882 1864 865 534 1926 1238
273 398 214 1917 1558 189 761 306 0 583 774 1686 606 249 1710 946
522 692 621 1420 1405 420 185 877 583 0 691 1278 597 343 1226 631
501 463 600 1331 790 626 813 882 774 691 0 1003 1195 632 1120 1321
1444 1459 1563 424 739 1502 1241 1864 1686 1278 1003 0 1872 1466 295 1765
791 967 799 1980 1965 621 650 865 606 597 1195 1872 0 580 1798 425
228 414 292 1678 1419 78 527 534 249 343 632 1466 580 0 1472 819
1495 1546 1620 212 1018 1521 1148 1926 1710 1226 1120 295 1798 1472 0 1628
1046 1233 1097 1783 2018 886 555 1238 946 631 1321 1765 425 819 1628 0
