0 812 1703 1040 1213 1354 674 1230 680 897 387 109 761 317 577 772
812 0 1842 1148 1141 2166 1472 2025 1254 937 1171 920 1447 610 1372 1489
1703 1842 0 710 2830 2241 1690 2405 1144 915 1927 1701 2336 1914 1653 2304
1040 1148 710 0 2122 1903 1224 1969 661 211 1326 1060 1744 1216 1155 1727
1213 1141 2830 2122 0 2164 1732 1863 1893 1927 1262 1273 1174 932 1662 1258
1354 2166 2241 1903 2164 0 730 368 1243 1902 1022 1245 992 1606 826 907
674 1472 1690 1224 1732 730 0 744 571 1192 469 567 745 971 100 684
1230 2025 2405 1969 1863 368 744 0 1315 1928 854 1130 694 1429 817 616
680 1254 1144 661 1893 1243 571 1315 0 668 797 631 1196 977 516 1160
897 937 915 211 1927 1902 1192 1928 668 0 1220 935 1633 1037 1111 1625
387 1171 1927 1326 1262 1022 469 854 797 1220 0 301 417 586 407 405
109 920 1701 1060 1273 1245 567 1130 631 935 301 0 700 411 471 701
761 1447 2336 1744 1174 992 745 694 1196 1633 417 700 0 838 730 85
317 610 1914 1216 932 1606 971 1429 977 1037 586 411 838 0 878 879
577 1372 1653 1155 1662 826 100 817 516 1111 407 471 730 878 0 678
772 1489 2304 1727 1258 907 684 616 1160 1625 405 701 85 879 678 0
