0 656 457 21 618 809 1407 59 1290 145 379 689 1266 32 56 732 214
656 0 541 635 156 1204 934 598 1753 664 689 1152 1922 661 602 1074 447
457 541 0 446 619 1256 1467 437 1217 342 768 1144 1591 434 413 1164 335
21 635 446 0 597 815 1388 38 1304 147 373 698 1287 42 38 735 194
618 156 619 597 0 1072 852 559 1803 660 571 1033 1867 631 570 938 433
809 1204 1256 815 1072 0 1449 819 1874 949 525 157 1204 838 845 141 938
1407 934 1467 1388 852 1449 0 1352 2652 1486 1169 1503 2537 1429 1372 1315 1264
59 598 437 38 559 819 1352 0 1335 166 358 707 1323 77 30 733 162
1290 1753 1217 1304 1803 1874 2652 1335 0 1180 1645 1717 1238 1262 1309 1872 1391
145 664 342 147 660 949 1486 166 1180 0 521 824 1290 114 136 876 227
379 689 768 373 571 525 1169 358 1645 521 0 463 1373 411 389 409 434
689 1152 1144 698 1033 157 1503 707 1717 824 463 0 1086 715 731 210 841
1266 1922 1591 1287 1867 1204 2537 1323 1238 1290 1373 1086 0 1263 1321 1296 1478
32 661 434 42 631 838 1429 77 1262 114 411 715 1263 0 60 763 215
56 602 413 38 570 845 1372 30 1309 136 389 731 1321 60 0 761 157
732 1074 1164 735 938 141 1315 733 1872 876 409 210 1296 763 761 0 838
214 447 335 194 433 938 1264 162 1391 227 434 841 1478 215 157 838 0
