0 1646 1700 461 630 425 301 1465 820 1423 1527 893 674 1037 405 1332
1646 0 2509 1187 2103 2062 1940 3070 1795 1189 375 1286 2300 2305 1863 896
1700 2509 0 1853 1214 1597 1764 2456 2519 2954 2646 2503 1555 800 2049 1641
461 1187 1853 0 1009 884 753 1897 880 1108 1072 660 1130 1338 717 1008
630 2103 1214 1009 0 385 573 1374 1381 2051 2063 1523 382 445 877 1536
425 2062 1597 884 385 0 215 1130 1031 1801 1953 1259 250 827 519 1652
301 1940 1764 753 573 215 0 1164 818 1598 1801 1054 444 1018 307 1621
1465 3070 2456 1897 1374 1130 1164 0 1479 2456 2880 1964 994 1674 1211 2775
820 1795 2519 880 1381 1031 818 1479 0 977 1517 528 1228 1821 511 1877
1423 1189 2954 1108 2051 1801 1598 2456 977 0 818 543 2042 2429 1351 1731
1527 375 2646 1072 2063 1953 1801 2880 1517 818 0 991 2200 2329 1671 1127
893 1286 2503 660 1523 1259 1054 1964 528 543 991 0 1499 1919 814 1522
674 2300 1555 1130 382 250 444 994 1228 2042 2200 1499 0 756 724 1841
1037 2305 800 1338 445 827 1018 1674 1821 2429 2329 1919 756 0 1321 1595
405 1863 2049 717 877 519 307 1211 511 1351 1671 814 724 1321 0 1693
1332 896 1641 1008 1536 1652 1621 2775 1877 1731 1127 1522 1841 1595 1693 0
