0 126 680 93 812 57 198 395 786 107 560 620 400 226 436 814 516 728 759 509 31 130 680 160 29 257 773 764 839 47 370 362 136 258 321 15 82 8 186 622 416 131 435 764 41 118 327 183 373 371 340 208 170 703 198 549 427 621 407 452 807 767 398 854 743 734 788 514 430 646 459 635 325 742 209 682 260 441
126 0 804 41 937 123 204 407 660 232 576 728 477 233 312 937 636 832 744 474 155 256 626 73 134 172 721 760 964 78 254 381 37 249 447 126 169 134 307 546 387 203 469 890 87 135 303 280 405 462 440 222 254 576 195 625 426 498 441 362 933 789 340 979 866 860 695 537 428 581 585 654 391 796 333 673 134 564
680 804 0 765 133 709 795 879 1462 573 965 243 672 718 1116 133 371 597 1208 1063 649 558 1247 811 683 921 1326 969 163 727 1049 704 817 749 365 684 644 673 536 1123 978 632 668 140 721 756 803 547 817 610 425 788 584 1379 805 717 926 1302 665 1106 176 853 1012 295 63 167 1431 729 931 1108 280 791 703 929 503 934 936 347
93 41 765 0 899 108 216 422 696 196 591 687 471 202 351 899 610 815 769 502 119 223 660 71 108 210 754 736 926 48 295 350 72 223 411 98 128 102 279 547 413 162 435 854 60 139 282 239 413 450 399 232 213 613 210 620 445 538 407 401 897 759 373 947 828 825 735 506 447 577 552 624 388 799 303 651 171 535
812 937 133 899 0 840 920 991 1595 705 1064 338 773 851 1249 13 455 635 1306 1178 782 688 1361 945 814 1050 1436 1073 31 859 1180 831 948 882 494 816 777 805 662 1251 1095 765 790 111 853 884 933 681 927 713 556 912 718 1512 930 799 1038 1434 788 1232 109 947 1134 241 75 170 1554 845 1043 1233 392 898 813 999 630 1045 1070 452
57 123 709 108 840 0 141 339 768 142 506 664 363 278 415 842 515 709 702 453 82 151 625 180 32 214 717 817 866 64 340 417 116 307 345 42 140 58 189 654 359 188 492 785 51 62 374 236 320 342 390 151 226 686 141 512 370 597 464 407 828 824 344 866 772 751 742 570 373 683 473 691 282 697 218 734 249 447
198 204 795 216 920 141 0 205 743 264 374 782 301 412 393 924 540 681 561 313 222 257 490 277 172 156 581 951 943 192 303 555 171 437 433 184 281 199 259 747 219 330 633 852 181 82 499 374 201 307 521 19 367 663 13 442 231 556 605 313 893 963 220 911 858 811 636 710 234 784 534 830 209 595 292 866 278 490
395 407 879 422 991 339 205 0 833 434 169 916 238 616 517 997 556 607 370 190 413 413 370 480 367 301 447 1155 1009 396 424 757 372 642 545 380 476 394 383 942 128 525 831 906 385 285 705 554 65 285 686 190 555 761 212 327 47 639 803 347 942 1163 215 931 939 855 596 910 52 983 600 1030 177 418 411 1071 455 538
786 660 1462 696 1595 768 743 833 0 892 944 1359 1033 781 355 1595 1276 1419 941 717 815 914 697 652 789 587 752 1065 1623 738 440 878 653 763 1107 785 818 793 958 632 715 835 969 1550 745 740 748 920 880 1048 1069 760 886 83 730 1155 810 194 949 488 1593 1181 618 1635 1524 1519 477 991 808 700 1242 1068 942 1233 987 988 526 1214
107 232 573 196 705 142 264 434 892 0 587 523 375 255 543 706 427 660 805 576 77 39 754 254 111 356 845 765 732 154 476 361 243 292 214 111 101 99 109 684 481 130 415 658 148 199 365 122 397 332 257 267 133 809 268 518 472 728 389 549 701 745 480 751 636 629 884 500 477 699 357 618 320 729 121 688 366 346
560 576 965 591 1064 506 374 169 944 587 0 1036 293 783 657 1072 611 582 243 231 575 561 352 650 531 460 399 1323 1079 564 568 923 541 810 663 545 640 558 519 1108 238 688 993 969 552 454 874 710 190 356 829 359 714 880 381 299 157 752 966 459 1001 1326 336 968 1021 914 627 1074 156 1151 686 1194 283 290 543 1239 618 618
620 728 243 687 338 664 782 916 1359 523 1036 0 752 580 1034 329 520 787 1275 1083 588 525 1267 713 633 877 1354 735 368 660 983 524 751 604 373 629 559 614 534 939 991 530 467 382 659 722 642 448 862 688 290 781 477 1277 788 838 961 1220 471 1072 415 612 1002 538 269 408 1407 514 966 914 388 560 754 1064 505 708 850 457
400 477 672 471 773 363 301 238 1033 375 293 752 0 619 691 780 324 385 536 427 399 339 601 542 372 454 669 1140 788 427 599 736 455 653 385 387 459 394 277 1017 363 500 788 681 413 343 725 492 174 64 578 282 509 956 315 149 282 841 763 565 714 1115 437 695 728 627 834 874 287 1045 392 991 92 354 289 1063 576 324
226 233 718 202 851 278 412 616 781 255 783 580 619 0 479 848 667 914 970 705 220 294 860 175 256 405 954 539 881 220 454 147 270 37 419 241 160 230 365 437 616 125 237 831 231 330 110 184 598 583 298 425 148 701 407 767 643 658 209 586 874 557 574 950 776 816 911 304 646 446 572 422 550 967 373 456 307 580
436 312 1116 351 1249 415 393 517 355 543 657 1034 691 479 0 1250 921 1075 728 457 466 563 524 320 437 238 608 898 1276 389 93 606 301 472 757 433 478 443 603 535 418 503 701 1199 395 385 484 586 553 701 743 411 556 273 380 823 506 186 676 221 1242 975 322 1280 1179 1166 461 746 504 597 888 846 599 934 633 811 183 859
814 937 133 899 13 842 924 997 1595 706 1072 329 780 848 1250 0 464 647 1314 1184 783 690 1367 944 816 1052 1443 1064 39 860 1182 827 950 879 496 817 777 806 665 1246 1100 765 784 123 855 887 930 680 933 720 553 916 717 1512 934 808 1044 1435 783 1236 122 937 1139 254 72 182 1558 838 1049 1228 397 890 820 1009 633 1037 1070 458
516 636 371 610 455 515 540 556 1276 427 611 520 324 667 921 464 0 281 852 747 495 392 924 676 502 692 994 1098 468 562 837 730 632 705 261 511 527 508 330 1104 673 545 743 358 551 536 775 487 491 271 475 526 521 1194 553 346 602 1094 726 847 390 1027 731 377 420 303 1145 825 608 1112 138 925 382 559 308 1037 765 90
728 832 597 815 635 709 681 607 1419 660 582 787 385 914 1075 647 281 0 789 782 715 622 933 886 707 836 980 1374 636 767 983 995 817 952 534 719 761 721 552 1344 735 789 1017 524 754 708 1024 744 549 375 753 663 775 1341 695 286 644 1227 998 948 537 1308 818 451 628 465 1194 1101 649 1360 419 1204 476 399 540 1310 946 368
759 744 1208 769 1306 702 561 370 941 805 243 1275 536 970 728 1314 852 789 0 281 780 784 247 816 731 593 232 1504 1320 752 655 1116 707 992 902 744 841 759 750 1236 357 890 1194 1209 742 643 1048 924 415 599 1056 550 923 893 563 523 333 766 1166 507 1240 1524 427 1200 1264 1153 527 1271 329 1288 929 1391 521 421 776 1418 748 861
509 474 1063 502 1178 453 313 190 717 576 231 1083 427 705 457 1184 747 782 281 0 535 564 184 542 485 314 270 1232 1197 493 377 852 436 723 719 495 592 511 549 955 94 639 936 1095 485 390 775 687 255 475 833 309 679 656 311 495 144 528 908 241 1131 1262 146 1121 1124 1045 412 1009 139 1006 786 1127 366 521 580 1144 467 727
31 155 649 119 782 82 222 413 815 77 575 588 399 220 466 783 495 715 780 535 0 104 708 180 50 288 800 753 809 77 402 349 167 254 292 41 64 26 166 630 441 112 418 735 72 145 326 154 386 366 309 230 144 732 223 547 446 652 390 484 778 750 426 827 712 706 820 498 450 651 433 619 330 746 187 672 289 418
130 256 558 223 688 151 257 413 914 39 561 525 339 294 563 690 392 622 784 564 104 0 745 285 126 364 834 801 714 177 491 398 262 331 194 129 139 122 70 722 470 169 449 636 169 201 404 153 372 294 272 257 169 831 263 481 454 746 424 554 679 778 476 723 621 604 887 534 458 738 329 652 289 694 84 725 389 313
680 626 1247 660 1361 625 490 370 697 754 352 1267 601 860 524 1367 924 933 247 184 708 745 0 689 658 455 94 1371 1380 658 468 1008 589 874 903 667 761 683 733 1054 275 807 1096 1276 652 562 918 861 434 653 1012 488 850 654 486 647 323 530 1067 308 1312 1414 286 1296 1308 1225 287 1164 318 1112 969 1280 547 619 764 1282 590 909
160 73 811 71 945 180 277 480 652 254 650 713 542 175 320 944 676 886 816 542 180 285 689 0 179 233 783 689 973 119 282 320 109 185 466 167 167 168 346 476 458 184 412 906 131 205 232 268 477 522 423 295 236 569 269 691 499 506 384 411 950 725 405 1005 872 880 736 475 502 509 611 590 458 867 368 602 139 599
29 134 683 108 814 32 172 367 789 111 531 633 372 256 437 816 502 707 731 485 50 126 658 179 0 244 750 793 840 60 366 391 136 287 320 14 110 27 173 647 391 158 464 762 48 95 356 203 343 346 358 181 194 706 173 522 399 620 436 439 805 796 377 847 746 730 774 543 402 672 453 663 296 713 199 711 266 430
257 172 921 210 1050 214 156 301 587 356 460 877 454 405 238 1052 692 836 593 314 288 364 455 233 244 0 550 919 1075 221 147 552 137 418 556 247 327 262 389 651 239 368 642 990 219 165 464 436 325 462 596 173 417 507 142 588 303 402 613 196 1031 958 172 1059 984 952 532 708 304 698 673 824 361 717 421 832 158 636
773 721 1326 754 1436 717 581 447 752 845 399 1354 669 954 608 1443 994 980 232 270 800 834 94 783 750 550 0 1464 1454 752 557 1102 684 968 987 760 854 775 819 1142 363 901 1190 1348 746 655 1012 954 509 724 1103 578 943 715 578 699 400 596 1162 397 1383 1509 380 1361 1386 1296 303 1258 394 1201 1046 1374 623 641 849 1376 683 984
764 760 969 736 1073 817 951 1155 1065 765 1323 735 1140 539 898 1064 1098 1374 1504 1232 753 801 1371 689 793 919 1464 0 1104 759 917 405 797 513 840 779 689 767 867 439 1147 643 358 1109 770 869 457 651 1137 1095 623 965 631 1008 946 1282 1181 1029 380 1073 1145 161 1092 1259 1004 1122 1359 273 1184 373 969 178 1081 1494 863 88 781 1008
839 964 163 926 31 866 943 1009 1623 732 1079 368 788 881 1276 39 468 636 1320 1197 809 714 1380 973 840 1075 1454 1104 0 886 1206 863 975 912 520 842 806 832 687 1282 1115 795 821 114 880 909 964 711 945 730 587 935 747 1540 954 809 1056 1461 820 1256 100 977 1157 225 106 173 1576 877 1062 1264 413 929 832 1005 654 1076 1097 470
47 78 727 48 859 64 192 396 738 154 564 660 427 220 389 860 562 767 752 493 77 177 658 119 60 221 752 759 886 0 325 363 91 246 369 50 106 55 231 590 401 149 443 812 13 110 312 215 381 404 376 205 196 655 188 576 423 575 415 416 855 772 373 901 789 781 752 519 426 618 507 638 347 761 256 675 212 488
370 254 1049 295 1180 340 303 424 440 476 568 983 599 454 93 1182 837 983 655 377 402 491 468 282 366 147 557 917 1206 325 0 592 234 454 686 365 424 377 526 587 330 455 686 1126 329 304 480 534 459 610 694 321 507 360 290 729 415 257 659 160 1168 980 236 1201 1112 1090 458 740 414 644 812 848 507 842 557 829 147 778
362 381 704 350 831 417 555 757 878 361 923 524 736 147 606 827 730 995 1116 852 349 398 1008 320 391 552 1102 405 863 363 592 0 418 137 469 377 284 364 466 419 763 238 95 831 373 473 130 253 735 693 284 568 229 803 552 880 786 776 71 731 873 409 722 965 756 826 1050 156 789 404 615 275 676 1089 465 327 444 640
136 37 817 72 948 116 171 372 653 243 541 751 455 270 301 950 632 817 707 436 167 262 589 109 136 137 684 797 975 91 234 418 0 287 456 132 194 143 306 575 349 232 506 898 95 111 341 305 373 444 465 190 282 570 162 602 390 485 477 330 941 827 303 982 879 866 665 575 392 613 589 692 366 766 334 711 133 563
258 249 749 223 882 307 437 642 763 292 810 604 653 37 472 879 705 952 992 723 254 331 874 185 287 418 968 513 912 246 454 137 287 0 456 272 195 262 402 399 636 163 231 865 258 356 73 221 627 618 326 451 185 685 432 801 667 647 205 593 908 540 589 985 807 851 913 290 670 408 608 405 583 999 411 428 307 617
321 447 365 411 494 345 433 545 1107 214 663 373 385 419 757 496 261 534 902 719 292 194 903 466 320 556 987 840 520 369 686 469 456 456 0 323 301 313 173 855 628 305 483 443 362 391 523 234 489 323 221 428 271 1024 442 491 590 941 465 741 486 778 652 540 428 414 1070 566 596 858 152 670 381 719 141 777 581 170
15 126 684 98 816 42 184 380 785 111 545 629 387 241 433 817 511 719 744 495 41 129 667 167 14 247 760 779 842 50 365 377 132 272 323 0 97 15 181 633 402 146 451 766 39 104 341 195 358 360 351 193 183 702 184 536 411 618 422 443 808 782 385 852 747 734 779 530 415 658 458 650 311 727 206 697 260 438
82 169 644 128 777 140 281 476 818 101 640 559 459 160 478 777 527 761 841 592 64 139 761 167 110 327 854 689 806 106 424 284 194 195 301 97 0 82 209 583 498 48 354 739 109 201 268 111 451 423 271 291 90 735 281 606 509 665 326 522 783 686 477 841 705 715 858 434 512 599 450 554 393 808 222 608 296 445
8 134 673 102 805 58 199 394 793 99 558 614 394 230 443 806 508 721 759 511 26 122 683 168 27 262 775 767 832 55 377 364 143 262 313 15 82 0 177 628 417 131 436 756 48 120 332 179 370 365 336 208 168 710 199 543 426 629 408 457 799 768 401 845 736 726 793 516 430 652 451 636 320 737 201 685 268 433
186 307 536 279 662 189 259 383 958 109 519 534 277 365 603 665 330 552 750 549 166 70 733 346 173 389 819 867 687 231 526 466 306 402 173 181 209 177 0 792 457 240 512 601 220 223 475 216 334 228 310 254 237 875 269 415 427 783 487 570 642 837 479 676 599 564 896 598 432 808 285 714 239 631 32 792 438 257
622 546 1123 547 1251 654 747 942 632 684 1108 939 1017 437 535 1246 1104 1344 1236 955 630 722 1054 476 647 651 1142 439 1282 590 587 419 575 399 855 633 583 628 792 0 889 559 473 1248 604 681 331 620 948 993 699 766 584 581 737 1167 952 624 467 746 1290 571 809 1376 1175 1239 979 449 953 69 1007 483 935 1342 805 369 492 1017
416 387 978 413 1095 359 219 128 715 481 238 991 363 616 418 1100 673 735 357 94 441 470 275 458 391 239 363 1147 1115 401 330 763 349 636 628 402 498 417 457 889 0 546 845 1015 393 297 690 593 189 404 739 214 585 646 218 454 96 521 817 227 1053 1173 98 1050 1039 967 472 919 92 937 703 1038 291 521 488 1060 397 646
131 203 632 162 765 188 330 525 835 130 688 530 500 125 503 765 545 789 890 639 112 169 807 184 158 368 901 643 795 149 455 238 232 163 305 146 48 131 240 559 546 0 305 734 154 249 235 84 498 461 239 339 52 753 329 646 557 690 278 562 778 638 522 843 692 713 897 386 561 571 457 506 437 852 248 564 320 459
435 469 668 435 790 492 633 831 969 415 993 467 788 237 701 784 743 1017 1194 936 418 449 1096 412 464 642 1190 358 821 443 686 95 506 231 483 451 354 436 512 473 845 305 0 802 452 551 222 296 804 740 273 644 282 895 631 927 862 871 28 823 842 332 809 943 715 804 1144 85 866 446 619 202 736 1143 506 293 539 653
764 890 140 854 111 785 852 906 1550 658 969 382 681 831 1199 123 358 524 1209 1095 735 636 1276 906 762 990 1348 1109 114 812 1126 831 898 865 443 766 739 756 601 1248 1015 734 802 0 805 825 922 653 841 624 548 842 690 1467 863 696 953 1382 796 1166 43 993 1061 156 126 60 1481 865 958 1236 318 931 729 891 569 1072 1024 369
41 87 721 60 853 51 181 385 745 148 552 659 413 231 395 855 551 754 742 485 72 169 652 131 48 219 746 770 880 13 329 373 95 258 362 39 109 48 220 604 393 154 452 805 0 99 324 217 369 391 376 194 199 662 178 563 412 580 424 415 847 782 367 892 784 774 751 528 415 632 498 648 333 748 246 686 220 478
118 135 756 139 884 62 82 285 740 199 454 722 343 330 385 887 536 708 643 390 145 201 562 205 95 165 655 869 909 110 304 473 111 356 391 104 201 120 223 681 297 249 551 825 99 0 420 299 274 334 452 95 288 658 79 491 313 561 523 353 866 881 283 897 819 787 686 628 316 715 508 748 256 661 255 785 238 474
327 303 803 282 933 374 499 705 748 365 874 642 725 110 484 930 775 1024 1048 775 326 404 918 232 356 464 1012 457 964 312 480 130 341 73 523 341 268 332 475 331 690 235 222 922 324 420 0 289 693 691 377 515 254 673 493 874 727 649 201 628 965 500 636 1047 858 911 936 262 730 336 676 368 653 1069 483 370 336 687
183 280 547 239 681 236 374 554 920 122 710 448 492 184 586 680 487 744 924 687 154 153 861 268 203 436 954 651 711 215 534 253 305 221 234 195 111 179 216 620 593 84 296 653 217 299 289 0 519 444 160 379 37 838 376 631 591 773 271 632 696 624 580 766 608 634 968 381 596 625 387 498 442 847 213 577 403 398
373 405 817 413 927 320 201 65 880 397 190 862 174 598 553 933 491 549 415 255 386 372 434 477 343 325 509 1137 945 381 459 735 373 627 489 358 451 370 334 948 189 498 804 841 369 274 693 519 0 220 642 183 524 806 211 274 111 686 776 400 877 1136 269 866 876 791 660 885 116 986 537 1005 114 396 360 1054 471 475
371 462 610 450 713 342 307 285 1048 332 356 688 64 583 701 720 271 375 599 475 366 294 653 522 346 462 724 1095 730 404 610 693 444 618 323 360 423 365 228 993 404 461 740 624 391 334 691 444 220 0 520 289 464 970 320 186 331 859 715 592 658 1063 469 646 667 572 876 825 336 1017 330 941 114 406 235 1020 571 262
340 440 425 399 556 390 521 686 1069 257 829 290 578 298 743 553 475 753 1056 833 309 272 1012 423 358 596 1103 623 587 376 694 284 465 326 221 351 271 336 310 699 739 239 273 548 376 452 377 160 642 520 0 524 187 988 525 700 726 929 260 792 590 557 735 680 481 542 1128 352 731 689 346 450 549 926 291 565 560 386
208 222 788 232 912 151 19 190 760 267 359 781 282 425 411 916 526 663 550 309 230 257 488 295 181 173 578 965 935 205 321 568 190 451 428 193 291 208 254 766 214 339 644 842 194 95 515 379 183 289 524 0 374 681 32 422 218 572 616 323 882 975 224 899 851 800 643 722 222 803 524 842 190 576 286 880 297 479
170 254 584 213 718 226 367 555 886 133 714 477 509 148 556 717 521 775 923 679 144 169 850 236 194 417 943 631 747 196 507 229 282 185 271 183 90 168 237 584 585 52 282 690 199 288 254 37 524 464 187 374 0 804 367 651 590 742 256 612 734 613 567 804 644 672 947 366 594 591 423 485 453 863 238 555 373 433
703 576 1379 613 1512 686 663 761 83 809 880 1277 956 701 273 1512 1194 1341 893 656 732 831 654 569 706 507 715 1008 1540 655 360 803 570 685 1024 702 735 710 875 581 646 753 895 1467 662 658 673 838 806 970 988 681 804 0 650 1080 741 128 874 420 1510 1117 549 1552 1441 1436 461 920 739 650 1159 1001 865 1167 904 928 443 1132
198 195 805 210 930 141 13 212 730 268 381 788 315 407 380 934 553 695 563 311 223 263 486 269 173 142 578 946 954 188 290 552 162 432 442 184 281 199 269 737 218 329 631 863 178 79 493 376 211 320 525 32 367 650 0 455 235 543 602 302 904 961 213 924 868 822 627 707 238 775 545 827 223 606 301 860 265 502
549 625 717 620 799 512 442 327 1155 518 299 838 149 767 823 808 346 286 523 495 547 481 647 691 522 588 699 1282 809 576 729 880 602 801 491 536 606 543 415 1167 454 646 927 696 563 491 874 631 274 186 700 422 651 1080 455 0 360 961 902 674 723 1248 542 676 766 638 908 1012 364 1195 454 1127 235 228 421 1207 720 383
427 426 926 445 1038 370 231 47 810 472 157 961 282 643 506 1044 602 644 333 144 446 454 323 499 399 303 400 1181 1056 423 415 786 390 667 590 411 509 426 427 952 96 557 862 953 412 313 727 591 111 331 726 218 590 741 235 360 0 616 834 322 988 1194 192 976 986 902 554 940 5 996 647 1060 224 428 456 1096 461 585
621 498 1302 538 1434 597 556 639 194 728 752 1220 841 658 186 1435 1094 1227 766 528 652 746 530 506 620 402 596 1029 1461 575 257 776 485 647 941 618 665 629 783 624 521 690 871 1382 580 561 649 773 686 859 929 572 742 128 543 961 616 0 847 294 1425 1123 424 1459 1365 1348 365 907 614 692 1069 1000 751 1041 814 945 369 1036
407 441 665 407 788 464 605 803 949 389 966 471 763 209 676 783 726 998 1166 908 390 424 1067 384 436 613 1162 380 820 415 659 71 477 205 465 422 326 408 487 467 817 278 28 796 424 523 201 271 776 715 260 616 256 874 602 902 834 847 0 795 837 360 781 936 713 796 1118 110 838 444 604 229 709 1118 482 312 512 636
452 362 1106 401 1232 407 313 347 488 549 459 1072 565 586 221 1236 847 948 507 241 484 554 308 411 439 196 397 1073 1256 416 160 731 330 593 741 443 522 457 570 746 227 562 823 1166 415 353 628 632 400 592 792 323 612 420 302 674 322 294 795 0 1206 1129 132 1222 1169 1124 336 883 320 804 847 995 479 746 603 984 292 802
807 933 176 897 109 828 893 942 1593 701 1001 415 714 874 1242 122 390 537 1240 1131 778 679 1312 950 805 1031 1383 1145 100 855 1168 873 941 908 486 808 783 799 642 1290 1053 778 842 43 847 866 965 696 877 658 590 882 734 1510 904 723 988 1425 837 1206 0 1027 1100 133 149 86 1520 904 994 1278 359 967 765 912 611 1110 1067 407
767 789 853 759 947 824 963 1163 1181 745 1326 612 1115 557 975 937 1027 1308 1524 1262 750 778 1414 725 796 958 1509 161 977 772 980 409 827 540 778 782 686 768 837 571 1173 638 332 993 782 881 500 624 1136 1063 557 975 613 1117 961 1248 1194 1123 360 1129 1027 0 1130 1148 881 1013 1434 253 1197 511 892 134 1066 1469 827 203 837 940
398 340 1012 373 1134 344 220 215 618 480 336 1002 437 574 322 1139 731 818 427 146 426 476 286 405 377 172 380 1092 1157 373 236 722 303 589 652 385 477 401 479 809 98 522 809 1061 367 283 636 580 269 469 735 224 567 549 213 542 192 424 781 132 1100 1130 0 1108 1074 1016 419 878 189 860 744 995 355 619 511 1004 321 694
854 979 295 947 241 866 911 931 1635 751 968 538 695 950 1280 254 377 451 1200 1121 827 723 1296 1005 847 1059 1361 1259 225 901 1201 965 982 985 540 852 841 845 676 1376 1050 843 943 156 892 897 1047 766 866 646 680 899 804 1552 924 676 976 1459 936 1222 133 1148 1108 0 280 139 1522 1011 982 1369 394 1081 759 844 647 1220 1113 422
743 866 63 828 75 772 858 939 1524 636 1021 269 728 776 1179 72 420 628 1264 1124 712 621 1308 872 746 984 1386 1004 106 789 1112 756 879 807 428 747 705 736 599 1175 1039 692 715 126 784 819 858 608 876 667 481 851 644 1441 868 766 986 1365 713 1169 149 881 1074 280 0 173 1494 772 991 1158 339 828 762 974 566 973 999 404
734 860 167 825 170 751 811 855 1519 629 914 408 627 816 1166 182 303 465 1153 1045 706 604 1225 880 730 952 1296 1122 173 781 1090 826 866 851 414 734 715 726 564 1239 967 713 804 60 774 787 911 634 791 572 542 800 672 1436 822 638 902 1348 796 1124 86 1013 1016 139 173 0 1435 871 907 1231 278 943 679 831 533 1081 994 322
788 695 1431 735 1554 742 636 596 477 884 627 1407 834 911 461 1558 1145 1194 527 412 820 887 287 736 774 532 303 1359 1576 752 458 1050 665 913 1070 779 858 793 896 979 472 897 1144 1481 751 686 936 968 660 876 1128 643 947 461 627 908 554 365 1118 336 1520 1434 419 1522 1494 1435 0 1198 549 1044 1164 1303 763 904 929 1272 605 1112
514 537 729 506 845 570 710 910 991 500 1074 514 874 304 746 838 825 1101 1271 1009 498 534 1164 475 543 708 1258 273 877 519 740 156 575 290 566 530 434 516 598 449 919 386 85 865 528 628 262 381 885 825 352 722 366 920 707 1012 940 907 110 883 904 253 878 1011 772 871 1198 0 944 411 699 120 820 1228 592 213 594 735
430 428 931 447 1043 373 234 52 808 477 156 966 287 646 504 1049 608 649 329 139 450 458 318 502 402 304 394 1184 1062 426 414 789 392 670 596 415 512 430 432 953 92 561 866 958 415 316 730 596 116 336 731 222 594 739 238 364 5 614 838 320 994 1197 189 982 991 907 549 944 0 997 652 1064 229 430 461 1098 462 591
646 581 1108 577 1233 683 784 983 700 699 1151 914 1045 446 597 1228 1112 1360 1288 1006 651 738 1112 509 672 698 1201 373 1264 618 644 404 613 408 858 658 599 652 808 69 937 571 446 1236 632 715 336 625 986 1017 689 803 591 650 775 1195 996 692 444 804 1278 511 860 1369 1158 1231 1044 411 997 0 1009 431 965 1376 819 308 540 1024
459 585 280 552 392 473 534 600 1242 357 686 388 392 572 888 397 138 419 929 786 433 329 969 611 453 673 1046 969 413 507 812 615 589 608 152 458 450 451 285 1007 703 457 619 318 498 508 676 387 537 330 346 524 423 1159 545 454 647 1069 604 847 359 892 744 394 339 278 1164 699 652 1009 0 794 423 678 254 912 719 71
635 654 791 624 898 691 830 1030 1068 618 1194 560 991 422 846 890 925 1204 1391 1127 619 652 1280 590 663 824 1374 178 929 638 848 275 692 405 670 650 554 636 714 483 1038 506 202 931 648 748 368 498 1005 941 450 842 485 1001 827 1127 1060 1000 229 995 967 134 995 1081 828 943 1303 120 1064 431 794 0 938 1345 706 152 703 836
325 391 703 388 813 282 209 177 942 320 283 754 92 550 599 820 382 476 521 366 330 289 547 458 296 361 623 1081 832 347 507 676 366 583 381 311 393 320 239 935 291 437 736 729 333 256 653 442 114 114 549 190 453 865 223 235 224 751 709 479 765 1066 355 759 762 679 763 820 229 965 423 938 0 416 260 1001 485 361
742 796 929 799 999 697 595 418 1233 729 290 1064 354 967 934 1009 559 399 421 521 746 694 619 867 713 717 641 1494 1005 761 842 1089 766 999 719 727 808 737 631 1342 521 852 1143 891 748 661 1069 847 396 406 926 576 863 1167 606 228 428 1041 1118 746 912 1469 619 844 974 831 904 1228 430 1376 678 1345 416 0 642 1416 867 607
209 333 503 303 630 218 292 411 987 121 543 505 289 373 633 633 308 540 776 580 187 84 764 368 199 421 849 863 654 256 557 465 334 411 141 206 222 201 32 805 488 248 506 569 246 255 483 213 360 235 291 286 238 904 301 421 456 814 482 603 611 827 511 647 566 533 929 592 461 819 254 706 260 642 0 790 466 231
682 673 934 651 1045 734 866 1071 988 688 1239 708 1063 456 811 1037 1037 1310 1418 1144 672 725 1282 602 711 832 1376 88 1076 675 829 327 711 428 777 697 608 685 792 369 1060 564 293 1072 686 785 370 577 1054 1020 565 880 555 928 860 1207 1096 945 312 984 1110 203 1004 1220 973 1081 1272 213 1098 308 912 152 1001 1416 790 0 693 947
260 134 936 171 1070 249 278 455 526 366 618 850 576 307 183 1070 765 946 748 467 289 389 590 139 266 158 683 781 1097 212 147 444 133 307 581 260 296 268 438 492 397 320 539 1024 220 238 336 403 471 571 560 297 373 443 265 720 461 369 512 292 1067 837 321 1113 999 994 605 594 462 540 719 703 485 867 466 693 0 696
441 564 347 535 452 447 490 538 1214 346 618 457 324 580 859 458 90 368 861 727 418 313 909 599 430 636 984 1008 470 488 778 640 563 617 170 438 445 433 257 1017 646 459 653 369 478 474 687 398 475 262 386 479 433 1132 502 383 585 1036 636 802 407 940 694 422 404 322 1112 735 591 1024 71 836 361 607 231 947 696 0
