0 682 1542 1085 649 665 1538 404 162 811 856 833 771 849 925 1336 529
682 0 2197 408 262 1297 2112 1047 532 1159 511 233 1410 875 527 1416 1173
1542 2197 0 2574 2190 1236 524 1151 1704 1839 2141 2373 1168 2193 2218 2459 1257
1085 408 2574 0 584 1704 2445 1431 939 1520 587 385 1818 1164 546 1668 1581
649 262 2190 584 0 1171 2168 1049 486 937 765 218 1285 615 787 1154 1062
665 1297 1236 1704 1171 0 1458 606 777 604 1520 1386 114 982 1590 1229 137
1538 2112 524 2445 2168 1458 0 1138 1693 2045 1936 2318 1427 2315 2009 2674 1429
404 1047 1151 1431 1049 606 1138 0 564 1026 1071 1223 669 1198 1147 1625 488
162 532 1704 939 486 777 1693 564 0 804 779 672 888 752 840 1269 648
811 1159 1839 1520 937 604 2045 1026 804 0 1558 1143 675 470 1609 629 615
856 511 2141 587 765 1520 1936 1071 779 1558 0 717 1623 1357 77 1904 1383
833 233 2373 385 218 1386 2318 1223 672 1143 717 0 1500 779 717 1293 1274
771 1410 1168 1818 1285 114 1427 669 888 675 1623 1500 0 1078 1693 1290 241
849 875 2193 1164 615 982 2315 1198 752 470 1357 779 1078 0 1389 547 937
925 527 2218 546 787 1590 2009 1147 840 1609 77 717 1693 1389 0 1935 1453
1336 1416 2459 1668 1154 1229 2674 1625 1269 629 1904 1293 1290 547 1935 0 1244
529 1173 1257 1581 1062 137 1429 488 648 615 1383 1274 241 937 1453 1244 0
