0 1618 1434 245 1358 1147 1103 1127 1264 560 364 1516 1337 1276 1020 1469 353
1618 0 189 1520 2881 2346 844 2019 2813 1068 1490 3132 2917 1931 876 1837 1661
1434 189 0 1331 2711 2163 741 1892 2624 888 1320 2949 2740 1823 704 1691 1472
245 1520 1331 0 1569 1017 1136 1354 1297 533 545 1661 1524 1483 826 1228 180
1358 2881 2711 1569 0 1843 2154 1218 1206 1833 1391 623 248 1473 2378 2625 1558
1147 2346 2163 1017 1843 0 2140 2208 825 1530 1512 1559 1665 2394 1482 986 837
1103 844 741 1136 2154 2140 0 1180 2366 610 827 2508 2233 1087 1029 2010 1315
1127 2019 1892 1354 1218 2208 1180 0 1989 1208 830 1760 1395 258 1877 2577 1480
1264 2813 2624 1297 1206 825 2366 1989 0 1807 1568 768 979 2227 2036 1795 1152
560 1068 888 533 1833 1530 610 1208 1807 0 458 2065 1852 1246 668 1492 709
364 1490 1320 545 1391 1512 827 830 1568 458 0 1686 1434 940 1095 1749 699
1516 3132 2949 1661 623 1559 2508 1760 768 2065 1686 0 384 2018 2484 2478 1582
1337 2917 2740 1524 248 1665 2233 1395 979 1852 1434 384 0 1653 2348 2500 1484
1276 1931 1823 1483 1473 2394 1087 258 2227 1246 940 2018 1653 0 1905 2683 1627
1020 876 704 826 2378 1482 1029 1877 2036 668 1095 2484 2348 1905 0 1021 909
1469 1837 1691 1228 2625 986 2010 2577 1795 1492 1749 2478 2500 2683 1021 0 1138
353 1661 1472 180 1558 837 1315 1480 1152 709 699 1582 1484 1627 909 1138 0
