0 1478 1571 657 549 716 973 432 97 1404 941 1694 709 1034 1229 114 1047
1478 0 2986 1634 1557 1553 507 1302 1403 1841 652 791 1907 2305 2706 1503 684
1571 2986 0 1914 1465 1541 2485 1690 1665 1863 2360 2945 1682 759 747 1509 2401
657 1634 1914 0 1206 1371 1209 1053 603 2056 1317 2096 304 1575 1333 769 1462
549 1557 1465 1206 0 176 1080 276 612 864 910 1496 1230 749 1403 438 937
716 1553 1541 1371 176 0 1104 367 770 690 900 1404 1405 794 1546 608 897
973 507 2485 1209 1080 1104 0 813 901 1520 267 918 1457 1820 2202 996 401
432 1302 1690 1053 276 367 813 0 454 1013 670 1338 1141 1007 1526 356 726
97 1403 1665 603 612 770 901 454 0 1452 891 1657 696 1130 1303 199 1007
1404 1841 1863 2056 864 690 1520 1013 1452 0 1259 1372 2095 1137 2092 1298 1169
941 652 2360 1317 910 900 267 670 891 1259 0 782 1528 1659 2155 933 155
1694 791 2945 2096 1496 1404 918 1338 1657 1372 782 0 2310 2195 2864 1664 650
709 1907 1682 304 1230 1405 1457 1141 696 2095 1528 2310 0 1446 1053 803 1663
1034 2305 759 1575 749 794 1820 1007 1130 1137 1659 2195 1446 0 1007 938 1680
1229 2706 747 1333 1403 1546 2202 1526 1303 2092 2155 2864 1053 1007 0 1222 2242
114 1503 1509 769 438 608 996 356 199 1298 933 1664 803 938 1222 0 1026
1047 684 2401 1462 937 897 401 726 1007 1169 155 650 1663 1680 2242 1026 0
