0 1186 154 942 327 1071 876 7 348 221 1062 697 89 1322 586 284
1186 0 1050 2126 1425 201 1158 1192 954 990 981 1752 1155 854 1291 1037
154 1050 0 1087 474 925 897 161 203 175 1041 846 184 1267 526 160
942 2126 1087 0 737 2012 1476 935 1240 1138 1767 601 971 2101 1181 1154
327 1425 474 737 0 1339 797 321 675 444 1058 371 299 1376 867 611
1071 201 925 2012 1339 0 1193 1078 802 896 1064 1685 1054 996 1110 888
876 1158 897 1476 797 1193 0 876 1038 723 313 902 787 672 1423 1043
7 1192 161 935 321 1078 876 0 355 226 1065 691 89 1326 589 290
348 954 203 1240 675 802 1038 355 0 333 1136 1046 388 1314 419 87
221 990 175 1138 444 896 723 226 333 0 868 800 167 1108 700 321
1062 981 1041 1767 1058 1064 313 1065 1136 868 0 1208 977 359 1549 1163
697 1752 846 601 371 1685 902 691 1046 800 1208 0 668 1558 1200 980
89 1155 184 971 299 1054 787 89 388 167 977 668 0 1245 668 338
1322 854 1267 2101 1376 996 672 1326 1314 1108 359 1558 1245 0 1733 1361
586 1291 526 1181 867 1110 1423 589 419 700 1549 1200 668 1733 0 385
284 1037 160 1154 611 888 1043 290 87 321 1163 980 338 1361 385 0
