0 410 1495 577 318 846 326 364 243 1525 830 1370 1058 1079 1317 1719
410 0 1149 323 577 479 677 389 249 1808 546 960 1277 1469 1363 1309
1495 1149 0 1316 1724 1111 1807 1526 1398 2319 1337 668 1758 2570 1405 802
577 323 1316 0 560 316 711 301 333 2080 254 952 1572 1492 1686 1276
318 577 1724 560 0 875 163 259 327 1738 777 1487 1327 933 1631 1823
846 479 1111 316 875 0 1023 617 614 2285 225 652 1746 1808 1760 964
326 677 1807 711 163 1023 0 413 436 1605 936 1616 1226 797 1579 1958
364 389 1526 301 259 617 413 0 179 1886 524 1238 1421 1191 1636 1570
243 249 1398 333 327 614 436 179 0 1759 587 1181 1271 1234 1461 1524
1525 1808 2319 2080 1738 2285 1605 1886 1759 0 2332 2590 573 1585 1009 2919
830 546 1337 254 777 225 936 524 587 2332 0 855 1817 1691 1896 1142
1370 960 668 952 1487 652 1616 1238 1181 2590 855 0 2018 2414 1834 350
1058 1277 1758 1572 1327 1746 1226 1421 1271 573 1817 2018 0 1483 585 2345
1079 1469 2570 1492 933 1808 797 1191 1234 1585 1691 2414 1483 0 2009 2754
1317 1363 1405 1686 1631 1760 1579 1636 1461 1009 1896 1834 585 2009 0 2117
1719 1309 802 1276 1823 964 1958 1570 1524 2919 1142 350 2345 2754 2117 0
