0 279 1137 832 174 1273 1440 1682 1310 230 1052 1712 497 1071 927 1279
279 0 1251 941 225 1309 1434 1464 1137 510 941 1910 365 1170 1020 1528
1137 1251 0 310 1044 375 626 2682 2388 1096 904 2489 1600 2124 1997 1880
832 941 310 0 734 501 730 2380 2078 814 751 2283 1289 1847 1714 1703
174 225 1044 734 0 1140 1291 1689 1353 365 879 1886 555 1234 1087 1440
1273 1309 375 501 1140 0 252 2647 2412 1297 673 2783 1674 2325 2187 2197
1440 1434 626 730 1291 252 0 2688 2493 1493 639 3009 1798 2507 2365 2433
1682 1464 2682 2380 1689 2647 2688 0 474 1871 2057 2530 1197 1631 1558 2503
1310 1137 2388 2078 1353 2412 2493 474 0 1472 1894 2063 812 1159 1083 2031
230 510 1096 814 365 1297 1493 1871 1472 0 1193 1561 674 1032 901 1081
1052 941 904 751 879 673 639 2057 1894 1193 0 2753 1279 2101 1952 2257
1712 1910 2489 2283 1886 2783 3009 2530 2063 1561 2753 0 1745 913 1024 639
497 365 1600 1289 555 1674 1798 1197 812 674 1279 1745 0 909 762 1479
1071 1170 2124 1847 1234 2325 2507 1631 1159 1032 2101 913 909 0 150 940
927 1020 1997 1714 1087 2187 2365 1558 1083 901 1952 1024 762 150 0 962
1279 1528 1880 1703 1440 2197 2433 2503 2031 1081 2257 639 1479 940 962 0
