0 213 1129 596 565 1388 44 1264 315 327 365 1262 1100 1694 964 144
213 0 1190 603 431 1595 168 1373 179 445 486 1457 1311 1708 1151 183
1129 1190 0 603 973 1347 1135 346 1054 805 772 1891 1255 2810 839 1265
596 603 603 0 395 1447 587 848 454 340 334 1671 1235 2286 906 712
565 431 973 395 0 1762 529 1242 258 531 556 1812 1515 2116 1244 606
1388 1595 1347 1447 1762 0 1430 1092 1616 1236 1207 927 305 2445 548 1497
44 168 1135 587 529 1430 0 1281 276 340 380 1304 1143 1699 1000 130
1264 1373 346 848 1242 1092 1281 0 1269 940 900 1770 1067 2878 663 1408
315 179 1054 454 258 1616 276 1269 0 395 432 1575 1347 1886 1133 349
327 445 805 340 531 1236 340 940 395 0 40 1341 983 2006 738 469
365 486 772 334 556 1207 380 900 432 40 0 1339 959 2038 703 508
1262 1457 1891 1671 1812 927 1304 1770 1575 1341 1339 0 744 1607 1109 1286
1100 1311 1255 1235 1515 305 1143 1067 1347 983 959 744 0 2172 416 1202
1694 1708 2810 2286 2116 2445 1699 2878 1886 2006 2038 1607 2172 0 2350 1574
964 1151 839 906 1244 548 1000 663 1133 738 703 1109 416 2350 0 1096
144 183 1265 712 606 1497 130 1408 349 469 508 1286 1202 1574 1096 0
