0 223 1517 1018 1037 1220 799 749 470 1088 1066 166 123 169 762 141 125
223 0 1591 1193 1119 998 1002 620 594 1243 1129 147 275 393 717 359 120
1517 1591 0 2173 2463 2260 1130 1285 1908 2318 463 1452 1628 1469 2278 1437 1600
1018 1193 2173 0 568 2050 1056 1765 623 166 1817 1184 922 908 1016 962 1074
1037 1119 2463 568 0 1738 1435 1740 573 441 2047 1181 914 1016 612 1059 1026
1220 998 2260 2050 1738 0 1983 975 1434 2041 1830 1112 1238 1390 1128 1356 1102
799 1002 1130 1056 1435 1983 0 1225 961 1211 844 873 843 647 1457 659 925
749 620 1285 1765 1740 975 1225 0 1203 1837 859 583 857 864 1293 811 720
470 594 1908 623 573 1434 961 1203 0 651 1480 624 350 445 527 486 483
1088 1243 2318 166 441 2041 1211 1837 651 0 1949 1253 981 998 962 1051 1128
1066 1129 463 1817 2047 1830 844 859 1480 1949 0 991 1181 1036 1823 999 1143
166 147 1452 1184 1181 1112 873 583 624 1253 991 0 275 310 837 263 162
123 275 1628 922 914 1238 843 857 350 981 1181 275 0 197 660 202 154
169 393 1469 908 1016 1390 647 864 445 998 1036 310 197 0 846 53 291
762 717 2278 1016 612 1128 1457 1293 527 962 1823 837 660 846 0 862 680
141 359 1437 962 1059 1356 659 811 486 1051 999 263 202 53 862 0 266
125 120 1600 1074 1026 1102 925 720 483 1128 1143 162 154 291 680 266 0
