0 339 264 309 464 406 264 81 316 367 50 264 641 83 402 581 328 101 438 770 236 706 126 856 822 290 808 223 748 142 378 62 499 734 262 716 444 247 718 654 380 69 220 160 622 359 258 560 537 707 40 171 496 119 17 852 221 485 354 843 556 642 696 582 480 359 152 835 0 188 813 769 292 403 620 655 370 502 619 279 564 236 248 154 29 298 659 591 681 822 279 300 561 318 35 847 351 314 127 437 257 606 644 361 159 120 348 137 472 661 375 810 779 229 563 341
339 0 161 648 132 541 559 419 600 698 332 589 302 315 577 855 537 376 206 1012 260 661 234 1019 1084 198 1137 554 1083 416 687 299 823 891 600 523 127 170 880 968 708 406 488 425 626 583 233 760 455 1020 374 347 741 340 347 513 137 786 355 1085 562 883 549 253 819 317 228 669 339 330 1108 1108 516 593 822 743 416 215 955 346 316 443 498 285 347 208 786 379 444 1159 487 425 295 388 332 567 648 161 229 776 83 799 591 697 186 241 168 455 758 991 693 833 582 140 889 653
264 161 0 554 285 586 523 343 572 628 282 528 430 206 416 705 548 340 359 854 100 780 219 1065 929 46 1015 486 969 385 556 254 699 729 501 466 206 242 718 834 643 333 466 294 728 429 304 600 333 971 304 204 739 322 278 628 70 748 199 1090 416 886 695 341 722 414 234 820 264 181 1076 1018 518 433 846 816 256 243 845 401 300 448 486 149 285 58 844 534 419 1073 496 264 456 226 275 728 612 275 137 685 109 638 464 618 118 143 84 343 614 872 639 933 738 196 766 605
309 648 554 0 773 508 231 231 261 123 325 142 951 348 444 414 387 305 730 621 491 877 427 821 640 567 514 130 445 290 196 356 235 701 55 959 749 541 682 395 147 244 283 284 772 359 532 512 743 462 275 377 423 353 302 1161 525 307 564 707 702 537 930 887 171 602 446 1067 308 406 596 464 356 427 577 729 544 798 314 496 844 365 312 410 304 571 694 863 949 519 373 448 854 500 321 1135 239 608 426 130 566 555 812 87 465 417 634 214 309 368 186 916 1032 533 285 198
464 132 285 773 0 600 665 543 701 816 452 704 181 446 701 986 620 489 169 1139 385 642 350 1064 1213 314 1268 673 1212 524 819 419 954 1006 727 540 131 255 997 1100 824 530 590 557 629 712 303 884 529 1125 498 478 824 448 471 393 269 888 464 1159 654 961 493 182 944 349 337 596 465 461 1203 1229 604 719 887 771 528 216 1083 412 325 533 594 417 470 322 826 307 442 1280 574 549 200 506 454 447 753 210 361 900 215 922 664 818 317 373 264 585 890 1122 804 831 500 245 1020 761
406 541 586 508 600 0 277 394 261 449 357 366 766 485 802 907 121 307 457 1112 612 374 370 481 1143 629 987 383 900 277 681 366 743 1126 503 1047 667 371 1109 901 438 389 233 556 265 746 308 943 912 616 387 576 259 290 391 965 517 394 741 563 956 373 478 777 624 257 352 602 407 590 649 822 152 800 288 249 769 756 779 195 852 173 200 544 378 640 259 494 981 855 142 706 549 719 372 773 309 392 478 574 504 990 1032 481 474 482 658 499 795 852 390 417 598 409 787 346
264 559 523 231 665 277 0 201 52 183 240 89 846 343 589 639 155 185 578 846 501 649 325 629 870 553 718 114 636 143 414 271 466 891 234 981 680 410 873 624 179 205 77 358 542 518 376 702 797 461 226 418 241 219 248 1058 469 227 612 581 799 383 720 812 355 413 330 854 264 441 554 591 127 580 383 500 617 750 511 304 822 157 91 416 240 561 473 682 943 634 148 533 696 567 248 963 90 467 386 304 489 748 896 208 408 383 607 283 529 579 144 685 831 421 510 98
81 419 343 231 543 394 201 0 254 286 96 186 721 146 409 541 297 99 504 738 304 725 196 818 782 365 737 143 673 116 325 125 434 732 187 786 525 313 715 592 299 13 177 165 632 351 312 550 596 629 44 216 441 142 71 932 302 413 410 783 599 585 738 663 401 400 217 876 80 240 739 689 259 406 576 642 416 583 544 306 642 221 210 219 73 372 635 648 757 741 255 334 628 365 90 912 282 381 207 357 338 596 694 280 240 199 427 105 429 590 297 809 829 302 495 267
316 600 572 261 701 261 52 254 0 187 289 122 882 396 639 674 141 232 605 882 553 636 369 580 901 603 725 158 640 188 451 318 490 937 272 1032 723 445 919 645 177 258 111 411 526 566 406 748 850 424 278 471 189 260 299 1093 516 186 665 528 852 330 723 854 363 429 371 854 316 494 508 577 124 630 334 468 670 796 518 323 870 176 109 468 290 612 434 698 992 617 153 586 720 619 298 980 55 499 436 313 532 793 949 221 456 433 655 335 566 591 131 657 837 461 529 86
367 698 628 123 816 449 183 286 187 0 366 113 997 425 566 521 328 327 748 726 579 823 466 708 734 648 538 144 454 297 314 399 315 822 168 1057 810 568 803 463 23 297 256 386 714 482 544 634 849 352 328 473 314 372 355 1209 588 184 666 583 818 418 903 947 175 593 478 1037 366 500 479 417 306 550 467 646 653 869 331 485 926 339 274 494 353 654 601 862 1037 464 330 558 869 606 367 1141 145 631 493 126 620 677 926 42 526 485 712 309 422 403 71 838 1014 570 346 103
50 332 282 325 452 357 240 96 289 366 0 257 631 128 453 625 285 59 408 816 271 656 102 813 866 314 833 222 769 104 415 33 530 785 283 744 446 217 769 687 376 82 186 210 571 409 219 610 574 695 54 219 462 68 39 843 229 467 394 811 602 608 652 582 494 314 121 790 51 233 794 777 250 454 580 605 414 511 639 230 581 190 210 193 27 323 612 554 702 828 234 348 532 363 15 816 330 285 147 449 255 656 685 366 168 144 366 179 514 686 364 759 738 208 591 326
264 589 528 142 704 366 89 186 122 113 257 0 885 331 530 553 245 215 635 760 489 738 355 697 782 552 635 47 556 184 329 290 376 818 150 971 703 455 799 535 119 195 150 317 631 453 432 628 774 442 224 392 300 259 250 1098 483 230 588 618 759 431 802 839 273 484 366 937 264 418 554 530 215 518 451 587 584 766 429 376 828 234 175 403 246 559 556 752 943 577 234 494 756 535 259 1030 116 517 391 222 512 674 862 127 421 385 612 238 444 494 111 774 909 459 421 87
641 302 430 951 181 766 846 721 882 997 631 885 0 615 832 1135 796 670 310 1274 527 744 530 1215 1354 446 1438 853 1385 706 983 598 1122 1113 902 521 227 436 1107 1263 1005 708 771 720 755 857 480 1013 587 1306 676 634 999 629 649 212 433 1068 576 1328 731 1133 560 132 1122 509 519 630 642 612 1382 1409 782 853 1053 913 642 251 1257 584 330 712 774 576 648 451 977 376 408 1460 751 683 263 632 633 386 934 386 530 1078 385 1046 712 998 488 541 381 756 1045 1292 986 945 524 426 1189 943
83 315 206 348 446 485 343 146 396 425 128 331 615 0 337 556 411 184 451 732 158 767 157 940 793 222 823 287 771 225 373 121 508 672 295 640 403 268 657 654 441 139 304 117 690 308 298 506 454 773 117 91 578 195 100 821 181 559 270 924 473 724 739 541 517 408 186 875 83 105 885 812 375 343 704 733 286 449 644 343 500 318 332 73 112 228 740 616 612 867 362 221 571 235 113 857 427 332 85 479 231 551 560 413 129 73 287 141 452 677 443 882 812 237 574 414
402 577 416 444 701 802 589 409 639 566 453 530 832 337 0 326 707 495 759 441 316 1105 493 1219 523 389 712 485 700 525 298 456 429 334 398 613 606 593 320 508 589 414 585 246 1024 87 632 183 376 900 415 254 827 521 415 1010 449 745 264 1144 280 961 1070 721 548 745 522 1204 401 258 1039 823 669 26 973 1051 203 599 603 679 586 629 619 313 428 382 1045 932 646 883 665 152 867 201 437 1144 646 651 393 539 508 222 397 531 431 383 451 309 276 592 619 1212 1134 554 489 614
581 855 705 414 986 907 639 541 674 521 625 553 1135 556 326 0 790 640 1007 207 607 1262 704 1229 241 689 411 526 426 648 226 643 228 355 405 934 908 821 336 208 543 552 674 438 1164 279 840 214 699 767 571 507 834 683 587 1324 718 697 586 1082 582 936 1277 1033 404 938 732 1415 581 525 917 596 756 301 988 1139 528 915 371 847 911 746 707 569 597 685 1108 1170 973 653 766 459 1126 518 612 1412 653 887 636 426 775 232 696 478 680 624 757 445 112 324 592 1323 1361 793 250 611
328 537 548 387 620 121 155 297 141 328 285 245 796 411 707 790 0 227 500 996 554 495 329 528 1024 586 867 264 782 187 564 303 622 1024 385 1015 664 369 1006 780 319 295 122 463 387 644 316 838 858 531 300 499 204 228 311 1003 483 297 679 548 885 346 583 786 504 310 320 713 328 517 588 714 37 702 298 352 698 747 659 213 834 99 88 478 299 597 338 572 960 750 52 625 608 647 298 854 193 409 424 454 484 884 970 360 430 424 627 399 679 731 273 532 699 397 665 228
101 376 340 305 489 307 185 99 232 327 59 215 670 184 495 640 227 0 426 837 330 626 141 756 881 373 819 187 749 45 422 86 524 823 271 803 495 241 807 684 334 89 126 249 536 444 226 644 634 645 79 272 402 48 84 883 283 413 452 751 658 549 641 629 469 304 151 779 101 289 740 743 191 494 521 556 471 564 619 207 638 136 150 251 72 382 558 559 760 792 178 400 550 419 72 830 276 306 206 422 303 690 743 333 223 204 423 202 528 672 317 717 735 243 582 276
438 206 359 730 169 457 578 504 605 748 408 635 310 451 759 1007 500 426 0 1180 449 474 311 906 1244 401 1241 613 1175 451 815 380 937 1084 691 703 286 191 1072 1092 751 491 500 569 461 751 203 940 660 1026 462 511 700 379 438 507 310 788 558 1020 768 828 343 349 896 199 287 463 439 502 1088 1165 492 772 744 607 616 378 1045 287 488 428 495 449 432 412 667 175 608 1211 461 611 124 582 416 409 659 123 373 848 254 982 797 758 331 385 375 574 902 1094 722 662 379 214 999 676
770 1012 854 621 1139 1112 846 738 882 726 816 760 1274 732 441 207 996 837 1180 0 754 1462 887 1434 99 830 494 733 544 849 432 831 421 276 612 996 1047 1001 264 335 748 748 879 617 1366 430 1026 264 772 948 765 670 1040 877 777 1449 879 900 702 1277 631 1139 1466 1161 597 1129 915 1604 769 682 1098 740 962 421 1194 1346 638 1039 531 1043 1015 948 912 733 788 824 1316 1348 1055 792 970 592 1295 642 802 1578 860 1064 807 625 937 241 731 684 849 795 893 637 317 463 798 1529 1545 968 424 818
236 260 100 491 385 612 501 304 553 579 271 489 527 158 316 607 554 330 449 754 0 845 244 1081 829 84 929 444 888 375 469 251 614 634 436 481 301 307 623 743 596 297 456 214 782 329 361 500 303 929 274 118 732 327 253 720 139 717 131 1079 351 878 777 430 654 475 267 906 236 91 1044 951 520 333 851 852 173 321 767 441 352 456 481 85 263 83 871 624 458 1008 503 165 553 134 259 828 585 353 133 620 195 538 420 563 146 130 155 277 519 788 600 984 828 261 681 572
706 661 780 877 642 374 649 725 636 823 656 738 744 767 1105 1262 495 626 474 1462 845 0 615 562 1501 826 1361 748 1274 613 1038 649 1113 1439 866 1176 759 539 1424 1273 813 715 595 866 112 1065 484 1266 1110 950 702 855 591 589 695 891 714 752 972 779 1194 647 214 816 999 369 586 277 707 858 944 1185 522 1108 528 272 1018 852 1154 426 962 517 564 805 683 839 361 370 1083 1213 504 980 481 974 671 562 682 508 724 949 672 1312 1243 855 699 733 823 828 1149 1226 764 206 328 586 1159 721
126 234 219 427 350 370 325 196 369 466 102 355 530 157 493 704 329 141 311 887 244 615 0 846 944 260 933 323 870 182 504 70 626 828 384 685 354 120 813 781 474 183 258 269 543 465 140 664 542 786 152 240 524 109 128 743 154 553 375 874 594 670 581 487 597 251 29 718 127 243 878 879 300 500 626 608 411 427 740 198 507 229 273 190 123 271 629 466 632 929 277 365 435 363 106 720 415 187 113 551 163 708 664 468 103 119 297 263 596 786 458 742 658 106 689 418
856 1019 1065 821 1064 481 629 818 580 708 813 697 1215 940 1219 1229 528 756 906 1434 1081 562 846 0 1435 1107 1148 738 1051 715 1017 830 1016 1516 845 1527 1144 851 1497 1147 685 817 641 983 489 1147 786 1326 1385 598 827 1027 398 754 839 1398 997 536 1207 279 1413 301 769 1245 848 715 831 835 857 1045 514 889 564 1210 246 309 1226 1235 968 675 1333 624 610 1007 827 1118 238 881 1461 890 579 1151 970 1175 827 1118 584 865 949 812 985 1371 1499 750 950 951 1138 911 1129 1052 637 394 889 890 1032 623
822 1084 929 640 1213 1143 870 782 901 734 866 782 1354 793 523 241 1024 881 1244 99 829 1501 944 1435 0 907 426 760 490 889 463 884 420 374 639 1092 1126 1060 363 301 755 793 910 676 1402 500 1081 354 866 922 813 738 1049 924 828 1534 949 899 787 1263 728 1137 1518 1244 589 1180 972 1657 822 753 1070 692 991 501 1201 1369 723 1123 499 1089 1104 985 943 801 838 902 1333 1409 1149 740 1002 671 1362 724 853 1646 875 1126 871 623 1007 336 829 693 914 859 972 686 353 422 806 1556 1602 1030 406 832
290 198 46 567 314 629 553 365 603 648 314 552 446 222 389 689 586 373 401 830 84 826 260 1107 907 0 1013 508 971 418 553 288 697 693 513 430 219 289 684 827 663 357 500 295 774 410 350 572 288 995 330 200 775 359 305 636 115 776 157 1124 371 921 739 346 732 461 277 863 290 175 1103 1029 555 408 885 861 217 237 849 446 277 487 521 156 313 12 888 575 391 1085 534 237 494 192 305 761 641 321 167 697 155 608 418 635 156 170 71 353 603 871 663 979 780 242 764 631
808 1137 1015 514 1268 987 718 737 725 538 833 635 1438 823 712 411 867 819 1241 494 929 1361 933 1148 426 1013 0 640 97 804 459 862 315 743 550 1324 1221 1051 726 205 548 750 785 720 1251 641 1045 626 1088 568 780 812 809 867 805 1642 1004 638 947 927 985 850 1437 1356 363 1115 955 1573 807 837 703 291 844 686 944 1166 900 1250 207 1008 1268 870 809 865 809 1012 1107 1378 1348 327 867 814 1365 876 826 1648 679 1118 908 414 1054 639 1100 510 951 896 1084 682 436 147 598 1360 1543 1038 249 640
223 554 486 130 673 383 114 143 158 144 222 47 853 287 485 526 264 187 613 733 444 748 323 738 760 508 640 0 566 164 300 255 365 779 121 925 666 429 761 526 156 153 153 269 645 410 412 590 726 486 184 345 343 234 211 1066 444 278 540 665 712 476 800 803 284 474 337 937 223 371 601 556 230 474 491 613 536 725 437 368 785 235 184 358 208 515 587 739 899 606 244 446 736 487 222 1014 161 493 350 235 476 635 814 145 382 343 570 190 416 496 157 796 903 428 415 134
748 1083 969 445 1212 900 636 673 640 454 769 556 1385 771 700 426 782 749 1175 544 888 1274 870 1051 490 971 97 566 0 731 424 799 278 774 486 1306 1173 986 757 220 462 687 706 676 1163 623 976 638 1071 473 717 770 715 797 743 1592 953 544 920 831 978 754 1357 1310 283 1040 890 1491 748 797 610 205 761 674 848 1074 877 1209 130 932 1235 791 728 819 747 972 1013 1305 1322 250 785 787 1299 848 763 1579 591 1053 855 334 1000 658 1096 429 897 844 1042 630 425 108 510 1267 1466 976 213 553
142 416 385 290 524 277 143 116 188 297 104 184 706 225 525 648 187 45 451 849 375 613 182 715 889 418 804 164 731 0 426 131 518 849 263 848 536 272 832 678 302 111 81 279 518 468 248 666 677 604 113 312 357 76 125 918 328 371 495 706 698 504 643 669 448 311 188 781 142 330 696 714 150 522 478 526 511 607 601 207 682 104 106 295 113 427 523 574 805 761 141 438 573 460 115 849 233 333 251 399 345 713 786 307 268 249 468 222 536 658 279 692 742 280 573 237
378 687 556 196 819 681 414 325 451 314 415 329 983 373 298 226 564 422 815 432 469 1038 504 1017 463 553 459 300 424 426 0 438 146 509 180 885 763 624 490 281 337 337 448 263 939 212 634 323 653 615 360 353 619 467 380 1184 551 497 495 894 577 731 1063 897 252 725 530 1202 377 378 759 526 530 275 772 914 455 790 312 629 811 521 481 408 388 553 885 969 897 585 540 363 938 424 404 1224 435 692 458 250 604 364 694 272 502 446 624 241 115 320 381 1097 1153 602 213 394
62 299 254 356 419 366 271 125 318 399 33 290 598 121 456 643 303 86 380 831 251 649 70 830 884 288 862 255 799 131 438 0 557 789 313 718 413 188 774 713 409 112 212 218 569 417 197 619 555 727 82 212 486 76 58 810 198 498 377 836 589 633 635 549 526 298 92 773 62 224 825 810 270 459 601 613 402 480 669 223 552 205 233 178 52 297 624 530 674 861 251 342 504 352 36 789 360 256 121 481 222 664 669 399 137 121 337 199 534 715 396 761 717 177 619 358
499 823 699 235 954 743 466 434 490 315 530 376 1122 508 429 228 622 524 937 421 614 1113 626 1016 420 697 315 365 278 518 146 557 0 574 254 1028 905 746 554 160 335 447 519 404 1008 348 747 404 795 539 475 497 629 572 498 1326 689 480 641 856 710 718 1161 1040 176 828 650 1299 499 522 689 398 592 404 781 958 599 935 173 725 957 600 548 549 504 698 916 1082 1043 457 608 508 1061 570 521 1346 458 813 593 204 740 436 827 274 637 582 769 369 169 174 387 1148 1259 729 67 415
734 891 729 701 1006 1126 891 732 937 822 785 818 1113 672 334 355 1024 823 1084 276 634 1439 828 1516 374 693 743 779 774 849 509 789 574 0 670 759 895 926 19 554 846 738 901 575 1357 380 967 189 555 1110 744 588 1118 853 746 1266 773 1006 542 1404 404 1238 1403 989 742 1079 857 1536 733 590 1259 952 986 330 1269 1373 478 865 726 1013 818 953 935 645 759 685 1360 1258 834 1008 986 473 1186 503 769 1454 932 981 726 753 830 145 485 781 761 716 744 627 412 677 887 1540 1462 885 605 894
262 600 501 55 727 503 234 187 272 168 283 150 902 295 398 405 385 271 691 612 436 866 384 845 639 513 550 121 486 263 180 313 254 670 0 904 698 501 652 415 191 200 271 229 764 316 496 480 689 514 231 322 447 319 257 1112 474 347 508 746 650 570 906 836 221 573 405 1044 261 350 646 517 351 383 599 734 490 744 356 471 789 349 304 356 260 516 705 830 893 572 363 394 815 445 277 1098 261 568 375 184 517 525 760 137 415 365 581 159 295 403 222 917 1004 490 311 223
716 523 466 959 540 1047 981 786 1032 1057 744 971 521 640 613 934 1015 803 703 996 481 1176 685 1527 1092 430 1324 925 1306 848 885 718 1028 759 904 0 417 681 761 1121 1075 779 930 674 1149 683 747 743 236 1409 755 584 1205 788 732 582 532 1199 396 1554 364 1352 1033 396 1109 840 698 1129 716 556 1526 1403 985 639 1312 1264 429 324 1198 855 215 915 951 567 741 420 1301 846 114 1462 962 523 733 464 734 907 1067 684 596 1083 543 755 275 1037 584 599 389 748 888 1198 1082 1355 1028 639 1092 1054
444 127 206 749 131 667 680 525 723 810 446 703 227 403 606 908 664 495 286 1047 301 759 354 1144 1126 219 1221 666 1173 536 763 413 905 895 698 417 0 297 887 1041 821 513 611 500 736 629 359 787 399 1140 482 411 868 462 455 421 224 907 353 1212 529 1010 622 138 919 435 352 728 444 388 1231 1212 642 626 949 863 419 94 1047 472 202 569 622 355 457 224 910 438 326 1266 614 455 332 405 443 566 770 280 322 879 191 821 533 805 284 332 154 544 820 1077 810 941 632 267 972 771
247 170 242 541 255 371 410 313 445 568 217 455 436 268 593 821 369 241 191 1001 307 539 120 851 1060 289 1051 429 986 272 624 188 746 926 501 681 297 0 912 901 574 300 335 384 485 574 65 770 576 870 270 339 574 196 247 648 175 632 433 916 654 714 477 417 709 171 96 611 247 335 948 985 350 603 651 583 481 385 856 176 482 279 338 281 241 301 620 348 610 1033 321 454 315 439 224 600 497 67 199 662 140 813 707 575 165 210 298 383 714 904 551 691 544 46 808 507
718 880 718 682 997 1109 873 715 919 803 769 799 1107 657 320 336 1006 807 1072 264 623 1424 813 1497 363 684 726 761 757 832 490 774 554 19 652 761 887 912 0 536 827 721 883 559 1341 363 953 171 553 1091 727 574 1099 837 731 1261 761 987 534 1385 403 1219 1389 983 722 1065 843 1523 718 576 1239 933 969 315 1251 1356 469 859 707 997 815 936 918 631 743 675 1343 1247 833 989 969 461 1175 492 754 1445 913 968 713 734 818 126 487 762 748 702 735 610 393 658 868 1524 1450 872 586 875
654 968 834 395 1100 901 624 592 645 463 687 535 1263 654 508 208 780 684 1092 335 743 1273 781 1147 301 827 205 526 220 678 281 713 160 554 415 1121 1041 901 536 0 481 605 679 543 1167 441 905 422 885 621 632 630 771 731 654 1463 832 611 750 963 779 846 1322 1173 300 988 805 1460 653 654 769 406 751 482 919 1110 700 1063 198 886 1074 761 708 687 661 826 1064 1241 1149 459 768 617 1215 679 677 1501 609 969 739 342 885 439 895 425 783 727 898 519 234 127 533 1301 1419 881 117 566
380 708 643 147 824 438 179 299 177 23 376 119 1005 441 589 543 319 334 751 748 596 813 474 685 755 663 548 156 462 302 337 409 335 846 191 1075 821 574 827 481 0 310 255 406 702 506 548 658 869 333 340 491 293 377 367 1217 600 160 685 559 840 394 898 958 188 592 486 1030 379 518 458 414 299 573 446 630 673 882 341 483 941 337 271 511 364 669 583 861 1054 459 325 579 871 627 378 1141 131 635 506 140 631 700 948 65 538 499 726 328 445 416 52 822 1009 578 364 91
69 406 333 244 530 389 205 13 258 297 82 195 708 139 414 552 295 89 491 748 297 715 183 817 793 357 750 153 687 111 337 112 447 738 200 779 513 300 721 605 310 0 176 168 624 357 299 557 591 638 31 213 444 130 59 919 291 420 406 787 598 588 726 651 414 388 204 865 69 236 747 701 257 411 576 637 413 572 557 295 632 215 208 212 60 364 632 635 748 753 251 334 615 362 76 899 288 367 196 370 325 603 691 292 229 189 417 113 440 603 306 802 816 289 509 275
220 488 466 283 590 233 77 177 111 256 186 150 771 304 585 674 122 126 500 879 456 595 258 641 910 500 785 153 706 81 448 212 519 901 271 930 611 335 883 679 255 176 0 343 492 521 299 715 758 535 187 387 276 149 203 983 408 297 575 625 773 422 652 742 423 337 259 787 221 407 619 668 85 580 401 474 588 686 579 229 763 84 34 374 193 509 460 606 886 712 92 510 619 536 197 886 162 390 333 372 422 761 864 276 349 331 549 276 562 644 222 651 759 349 568 176
160 425 294 284 557 556 358 165 411 386 210 317 720 117 246 438 463 249 569 617 214 866 269 983 676 295 720 269 676 279 263 218 404 575 229 674 500 384 559 543 406 168 343 0 781 199 409 400 462 739 169 96 600 278 171 922 288 546 280 933 443 740 851 635 441 516 298 988 159 123 864 739 425 245 739 805 268 533 553 439 566 383 376 145 184 297 801 732 666 796 420 177 688 220 195 974 428 449 199 410 343 446 545 363 243 187 366 79 335 577 422 966 927 354 471 404
622 626 728 772 629 265 542 632 526 714 571 631 755 690 1024 1164 387 536 461 1366 782 112 543 489 1402 774 1251 645 1163 518 939 569 1008 1357 764 1149 736 485 1341 1167 702 624 492 781 0 979 424 1180 1061 839 614 779 479 503 610 921 659 639 912 684 1134 541 284 810 890 314 517 377 623 786 838 1073 416 1026 423 182 953 830 1044 347 938 418 460 734 597 786 268 397 1063 1100 400 908 496 907 587 629 572 466 656 840 624 1226 1192 747 635 663 780 737 1051 1117 653 207 408 532 1052 611
359 583 429 359 712 746 518 351 566 482 409 453 857 308 87 279 644 444 751 430 329 1065 465 1147 500 410 641 410 623 468 212 417 348 380 316 683 629 574 363 441 506 357 521 199 979 0 605 201 448 813 365 239 752 476 370 1044 449 663 310 1063 364 883 1047 753 461 714 494 1183 358 253 953 738 607 67 901 993 258 636 521 639 636 573 556 302 382 406 982 920 708 798 606 180 865 240 394 1147 569 636 377 451 507 247 481 446 419 366 477 246 207 515 538 1160 1119 539 410 535
258 233 304 532 303 308 376 312 406 544 219 432 480 298 632 840 316 226 203 1026 361 484 140 786 1081 350 1045 412 976 248 634 197 747 967 496 747 359 65 953 905 548 299 299 409 424 605 0 804 638 830 274 378 521 178 254 690 235 591 490 858 711 658 441 473 695 115 111 578 259 378 901 962 301 640 591 517 534 449 846 113 547 232 296 324 246 363 555 335 675 1008 270 499 324 490 230 603 460 94 242 647 205 849 768 556 215 251 363 396 731 899 520 628 520 110 807 475
560 760 600 512 884 943 702 550 748 634 610 628 1013 506 183 214 838 644 940 264 500 1266 664 1326 354 572 626 590 638 666 323 619 404 189 480 743 787 770 171 422 658 557 715 400 1180 201 804 0 513 932 565 431 928 677 571 1185 632 818 438 1217 381 1049 1245 898 563 914 693 1381 560 438 1079 797 800 168 1080 1189 373 775 569 840 751 771 749 492 583 565 1173 1112 795 855 802 335 1050 381 595 1328 742 830 571 570 690 46 490 593 610 559 632 444 236 533 698 1359 1313 733 446 704
537 455 333 743 529 912 797 596 850 849 574 774 587 454 376 699 858 634 660 772 303 1110 542 1385 866 288 1088 726 1071 677 653 555 795 555 689 236 399 576 553 885 869 591 758 462 1061 448 638 513 0 1201 572 381 1033 631 554 716 403 1004 185 1378 151 1179 1004 456 885 747 562 1119 537 356 1326 1176 824 403 1155 1148 200 338 966 733 268 760 784 383 565 276 1171 828 283 1235 807 297 729 243 562 960 878 601 435 862 437 530 136 825 438 433 287 540 652 964 882 1267 1027 529 858 860
707 1020 971 462 1125 616 461 629 424 352 695 442 1306 773 900 767 531 645 1026 948 929 950 786 598 922 995 568 486 473 604 615 727 539 1110 514 1409 1140 870 1091 621 333 638 535 739 839 813 830 932 1201 0 667 825 362 680 693 1518 924 238 1018 359 1164 325 1091 1274 368 841 792 1209 706 852 149 292 534 881 441 701 1004 1207 423 740 1271 598 533 844 688 1001 622 1103 1386 292 565 909 1138 958 700 1385 372 923 834 364 948 969 1275 377 862 828 1055 662 698 503 332 884 1214 883 525 368
40 374 304 275 498 387 226 44 278 328 54 224 676 117 415 571 300 79 462 765 274 702 152 827 813 330 780 184 717 113 360 82 475 744 231 755 482 270 727 632 340 31 187 169 614 365 274 565 572 667 0 199 460 113 27 887 260 445 388 806 586 606 705 620 446 367 174 843 39 219 773 733 263 414 589 636 400 542 588 278 604 214 217 190 29 337 636 609 721 785 254 324 586 348 46 870 312 338 167 402 294 612 676 323 198 161 388 127 460 633 334 797 793 258 537 301
171 347 204 377 478 576 418 216 471 473 219 392 634 91 254 507 499 272 511 670 118 855 240 1027 738 200 812 345 770 312 353 212 497 588 322 584 411 339 574 630 491 213 387 96 779 239 378 431 381 825 199 0 657 286 188 832 211 623 196 999 386 802 816 544 537 491 269 950 171 28 945 834 462 263 788 824 200 438 648 432 470 408 417 63 200 201 831 682 571 891 451 130 625 149 203 908 497 399 140 505 269 474 478 453 180 129 271 164 412 670 501 973 882 302 564 478
496 741 739 423 824 259 241 441 189 314 462 300 999 578 827 834 204 402 700 1040 732 591 524 398 1049 775 809 343 715 357 619 486 629 1118 447 1205 868 574 1099 771 293 444 276 600 479 752 521 928 1033 362 460 657 0 417 479 1205 678 171 849 350 1040 146 729 991 471 504 519 846 496 679 391 599 225 817 153 360 858 948 610 415 1032 298 253 650 468 784 298 753 1157 623 253 775 802 806 473 1032 185 614 608 429 684 973 1135 357 621 606 821 524 732 692 243 553 852 600 654 225
119 340 322 353 448 290 219 142 260 372 68 259 629 195 521 683 228 48 379 877 327 589 109 754 924 359 867 234 797 76 467 76 572 853 319 788 462 196 837 731 377 130 149 278 503 476 178 677 631 680 113 286 417 0 106 841 260 446 454 767 666 564 595 594 517 258 111 734 120 299 769 789 196 522 526 538 479 536 667 165 615 129 164 255 93 369 547 511 739 836 176 416 502 428 84 781 308 259 196 469 272 723 746 380 204 197 403 240 571 721 356 690 687 203 631 314
17 347 278 302 471 391 248 71 299 355 39 250 649 100 415 587 311 84 438 777 253 695 128 839 828 305 805 211 743 125 380 58 498 746 257 732 455 247 731 654 367 59 203 171 610 370 254 571 554 693 27 188 479 106 0 860 233 470 371 826 573 625 690 592 473 352 151 828 17 205 798 760 275 416 603 640 386 515 614 269 579 220 231 171 13 313 643 589 696 812 263 316 562 335 25 848 335 315 141 429 266 617 661 351 171 135 362 141 476 658 361 796 775 233 561 327
852 513 628 1161 393 965 1058 932 1093 1209 843 1098 212 821 1010 1324 1003 883 507 1449 720 891 743 1398 1534 636 1642 1066 1592 918 1184 810 1326 1266 1112 582 421 648 1261 1463 1217 919 983 922 921 1044 690 1185 716 1518 887 832 1205 841 860 0 639 1280 747 1528 867 1336 687 291 1332 707 731 721 852 809 1591 1621 991 1033 1251 1090 811 410 1465 790 448 922 985 776 860 639 1161 525 471 1672 960 865 428 810 844 409 1145 596 737 1289 595 1214 823 1210 696 748 567 962 1240 1497 1198 1098 617 639 1393 1155
221 137 70 525 269 517 469 302 516 588 229 483 433 181 449 718 483 283 310 879 139 714 154 997 949 115 1004 444 953 328 551 198 689 773 474 532 224 175 761 832 600 291 408 288 659 449 235 632 403 924 260 211 678 260 233 639 0 696 259 1028 480 824 637 362 695 346 166 766 221 196 1023 988 454 463 780 746 311 282 826 331 354 383 425 148 236 127 775 485 478 1042 431 300 418 273 224 698 559 214 98 655 58 672 533 582 62 108 143 323 621 859 592 864 689 128 755 556
485 786 748 307 888 394 227 413 186 184 467 230 1068 559 745 697 297 413 788 900 717 752 553 536 899 776 638 278 544 371 497 498 480 1006 347 1199 907 632 987 611 160 420 297 546 639 663 591 818 1004 238 445 623 171 446 470 1280 696 0 819 399 987 238 872 1040 311 605 557 996 485 648 327 433 296 731 309 531 814 978 442 502 1048 359 294 632 463 783 469 870 1167 462 327 723 901 765 473 1152 137 684 611 275 716 861 1092 225 635 606 832 467 603 525 126 724 992 647 496 145
354 355 199 564 464 741 612 410 665 666 394 588 576 270 264 586 679 452 558 702 131 972 375 1207 787 157 947 540 920 495 495 377 641 542 508 396 353 433 534 750 685 406 575 280 912 310 490 438 185 1018 388 196 849 454 371 747 259 819 0 1193 221 994 894 459 713 604 399 1020 353 171 1141 1008 644 287 974 983 65 336 806 572 325 583 602 201 382 146 1000 732 402 1066 628 133 650 71 380 912 692 473 263 686 308 469 291 644 277 259 201 356 517 814 697 1115 937 386 707 674
843 1085 1090 707 1159 563 581 783 528 583 811 618 1328 924 1144 1082 548 751 1020 1277 1079 779 874 279 1263 1124 927 665 831 706 894 836 856 1404 746 1554 1212 916 1385 963 559 787 625 933 684 1063 858 1217 1378 359 806 999 350 767 826 1528 1028 399 1193 0 1376 203 967 1332 680 821 867 1057 843 1023 244 648 573 1130 278 507 1197 1296 770 747 1381 646 603 996 816 1134 417 1040 1506 639 599 1110 1108 1147 821 1303 505 949 958 656 1032 1258 1476 623 971 956 1171 855 996 853 524 647 1092 945 857 531
556 562 416 702 654 956 799 599 852 818 602 759 731 473 280 582 885 658 768 631 351 1194 594 1413 728 371 985 712 978 698 577 589 710 404 650 364 529 654 403 779 840 598 773 443 1134 364 711 381 151 1164 586 386 1040 666 573 867 480 987 221 1376 0 1183 1109 601 823 825 619 1231 556 368 1297 1103 848 305 1174 1200 187 480 883 793 419 792 803 411 585 359 1213 941 430 1163 836 266 850 238 587 1095 871 692 481 809 526 391 117 788 498 476 395 521 553 870 861 1336 1144 608 768 846
642 883 886 537 961 373 383 585 330 418 608 431 1133 724 961 936 346 549 828 1139 878 647 670 301 1137 921 850 476 754 504 731 633 718 1238 570 1352 1010 714 1219 846 394 588 422 740 541 883 658 1049 1179 325 606 802 146 564 625 1336 824 238 994 203 1183 0 813 1131 548 629 664 918 642 824 297 604 370 948 120 384 1001 1093 667 549 1178 442 400 796 615 931 300 863 1303 613 396 916 923 950 619 1135 314 750 755 514 829 1093 1279 460 768 753 967 663 840 751 350 561 939 743 732 347
696 549 695 930 493 478 720 738 723 903 652 802 560 739 1070 1277 583 641 343 1466 777 214 581 769 1518 739 1437 800 1357 643 1063 635 1161 1403 906 1033 622 477 1389 1322 898 726 652 851 284 1047 441 1245 1004 1091 705 816 729 595 690 687 637 872 894 967 1109 813 0 650 1075 338 552 138 697 813 1108 1297 598 1079 700 466 949 710 1231 435 819 567 629 758 680 750 553 188 931 1332 572 931 304 911 665 349 776 424 676 1024 585 1289 1141 928 641 687 718 831 1166 1295 854 418 125 518 1215 808
582 253 341 887 182 777 812 663 854 947 582 839 132 541 721 1033 786 629 349 1161 430 816 487 1245 1244 346 1356 803 1310 669 897 549 1040 989 836 396 138 417 983 1173 958 651 742 635 810 753 473 898 456 1274 620 544 991 594 592 291 362 1040 459 1332 601 1131 650 0 1057 530 482 736 582 519 1362 1350 767 743 1063 953 524 124 1184 585 198 695 751 490 594 348 1008 462 286 1404 738 575 346 520 580 516 902 384 460 1017 327 928 580 943 422 470 276 681 949 1213 945 1010 633 393 1107 906
480 819 722 171 944 624 355 401 363 175 494 273 1122 517 548 404 504 469 896 597 654 999 597 848 589 732 363 284 283 448 252 526 176 742 221 1109 919 709 722 300 188 414 423 441 890 461 695 563 885 368 446 537 471 517 473 1332 695 311 713 680 823 548 1075 1057 0 756 615 1209 480 565 517 297 481 526 619 817 684 965 156 649 1006 507 445 576 475 735 766 1022 1107 354 503 588 1020 645 491 1298 319 775 597 50 737 600 939 146 636 587 801 379 329 227 240 1010 1182 703 184 279
359 317 414 602 349 257 413 400 429 593 314 484 509 408 745 938 310 304 199 1129 475 369 251 715 1180 461 1115 474 1040 311 725 298 828 1079 573 840 435 171 1065 988 592 388 337 516 314 714 115 914 747 841 367 491 504 258 352 707 346 605 604 821 825 629 338 530 756 0 222 476 360 493 894 1004 309 751 544 427 649 528 911 108 633 255 323 438 341 473 478 269 760 1046 278 614 298 605 327 550 485 156 357 706 310 959 879 611 330 366 466 493 827 970 556 521 431 218 884 509
152 228 234 446 337 352 330 217 371 478 121 366 519 186 522 732 320 151 287 915 267 586 29 831 972 277 955 337 890 188 530 92 650 857 405 698 352 96 843 805 486 204 259 298 517 494 111 693 562 792 174 269 519 111 151 731 166 557 399 867 619 664 552 482 615 222 0 689 153 272 879 894 293 529 615 586 436 429 760 173 514 221 270 218 145 288 610 439 640 943 268 393 411 389 128 696 420 163 139 568 165 738 686 483 123 146 308 290 623 807 467 717 629 92 712 425
835 669 820 1067 596 602 854 876 854 1037 790 937 630 875 1204 1415 713 779 463 1604 906 277 718 835 1657 863 1573 937 1491 781 1202 773 1299 1536 1044 1129 728 611 1523 1460 1030 865 787 988 377 1183 578 1381 1119 1209 843 950 846 734 828 721 766 996 1020 1057 1231 918 138 736 1209 476 689 0 835 946 1215 1425 731 1214 800 549 1076 810 1366 573 917 703 764 891 818 874 639 291 1022 1458 706 1063 397 1040 803 332 906 555 811 1158 712 1424 1256 1063 774 821 837 970 1304 1431 986 454 106 650 1352 940
0 339 264 308 465 407 264 80 316 366 51 264 642 83 401 581 328 101 439 769 236 707 127 857 822 290 807 223 748 142 377 62 499 733 261 716 444 247 718 653 379 69 221 159 623 358 259 560 537 706 39 171 496 120 17 852 221 485 353 843 556 642 697 582 480 360 153 835 0 188 813 769 292 403 621 655 369 502 618 280 564 237 248 153 29 298 660 592 681 822 280 299 562 318 35 848 351 315 127 437 257 605 643 361 159 121 348 137 471 660 374 810 780 230 562 341
188 330 181 406 461 590 441 240 494 500 233 418 612 105 258 525 517 289 502 682 91 858 243 1045 753 175 837 371 797 330 378 224 522 590 350 556 388 335 576 654 518 236 407 123 786 253 378 438 356 852 219 28 679 299 205 809 196 648 171 1023 368 824 813 519 565 493 272 946 188 0 972 862 480 270 808 837 181 412 675 439 442 424 436 54 217 175 846 674 543 919 467 122 613 130 219 895 521 392 136 533 254 480 456 481 172 126 246 192 432 696 527 982 875 296 589 503
813 1108 1076 596 1203 649 554 739 508 479 794 554 1382 885 1039 917 588 740 1088 1098 1044 944 878 514 1070 1103 703 601 610 696 759 825 689 1259 646 1526 1231 948 1239 769 458 747 619 864 838 953 901 1079 1326 149 773 945 391 769 798 1591 1023 327 1141 244 1297 297 1108 1362 517 894 879 1215 813 972 0 415 600 1021 416 679 1132 1304 571 801 1376 670 610 958 791 1111 593 1144 1495 399 630 1038 1193 1084 801 1421 464 995 939 509 1041 1117 1406 509 962 934 1160 785 846 649 444 847 1233 968 674 472
769 1108 1018 464 1229 822 591 689 577 417 777 530 1409 812 823 596 714 743 1165 740 951 1185 879 889 692 1029 291 556 205 714 526 810 398 952 517 1403 1212 985 933 406 414 701 668 739 1073 738 962 797 1176 292 733 834 599 789 760 1621 988 433 1008 648 1103 604 1297 1350 297 1004 894 1425 769 862 415 0 702 799 711 958 976 1262 227 896 1304 748 681 873 760 1033 887 1274 1404 59 731 880 1286 939 776 1555 523 1048 890 333 1027 824 1220 411 928 881 1098 676 566 278 448 1149 1414 985 350 495
292 516 518 356 604 152 127 259 124 306 250 215 782 375 669 756 37 191 492 962 520 522 300 564 991 555 844 230 761 150 530 270 592 986 351 985 642 350 969 751 299 257 85 425 416 607 301 800 824 534 263 462 225 196 275 991 454 296 644 573 848 370 598 767 481 309 293 731 292 480 600 702 0 664 330 388 662 723 637 206 807 72 50 443 263 566 376 576 933 741 31 588 604 610 263 858 179 395 391 430 458 847 935 335 400 391 598 361 644 706 256 567 712 375 637 209
403 593 433 427 719 800 580 406 630 550 454 518 853 343 26 301 702 494 772 421 333 1108 500 1210 501 408 686 474 674 522 275 459 404 330 383 639 626 603 315 482 573 411 580 245 1026 67 640 168 403 881 414 263 817 522 416 1033 463 731 287 1130 305 948 1079 743 526 751 529 1214 403 270 1021 799 664 0 964 1048 227 622 578 682 611 626 614 323 429 402 1040 944 672 858 662 170 882 222 439 1160 634 662 403 518 522 210 422 514 442 392 471 303 250 566 605 1211 1145 565 463 601
620 822 846 577 887 288 383 576 334 467 580 451 1053 704 973 988 298 521 744 1194 851 528 626 246 1201 885 944 491 848 478 772 601 781 1269 599 1312 949 651 1251 919 446 576 401 739 423 901 591 1080 1155 441 589 788 153 526 603 1251 780 309 974 278 1174 120 700 1063 619 544 615 800 621 808 416 711 330 964 0 263 989 1036 751 478 1127 397 372 773 592 895 181 762 1255 726 350 910 830 937 593 1029 338 679 722 579 776 1125 1264 510 728 722 923 667 886 834 396 443 825 685 803 378
655 743 816 729 771 249 500 642 468 646 605 587 913 733 1051 1139 352 556 607 1346 852 272 608 309 1369 861 1166 613 1074 526 914 613 958 1373 734 1264 863 583 1356 1110 630 637 474 805 182 993 517 1189 1148 701 636 824 360 538 640 1090 746 531 983 507 1200 384 466 953 817 427 586 549 655 837 679 958 388 1048 263 0 1014 956 964 415 1059 422 439 790 627 873 89 571 1187 978 387 954 662 965 621 811 500 583 720 770 723 1235 1272 685 710 724 880 747 1029 1043 577 193 589 627 993 543
370 416 256 544 528 769 617 416 670 653 414 584 642 286 203 528 698 471 616 638 173 1018 411 1226 723 217 900 536 877 511 455 402 599 478 490 429 419 481 469 700 673 413 588 268 953 258 534 373 200 1004 400 200 858 479 386 811 311 814 65 1197 187 1001 949 524 684 649 436 1076 369 181 1132 976 662 227 989 1014 0 401 768 609 383 605 617 224 399 207 1026 791 449 1035 649 96 711 51 400 976 693 525 298 662 363 404 278 627 319 291 266 347 466 770 690 1153 995 435 663 671
502 215 243 798 216 756 750 583 796 869 511 766 251 449 599 915 747 564 378 1039 321 852 427 1235 1123 237 1250 725 1209 607 790 480 935 865 744 324 94 385 859 1063 882 572 686 533 830 636 449 775 338 1207 542 438 948 536 515 410 282 978 336 1296 480 1093 710 124 965 528 429 810 502 412 1304 1262 723 622 1036 956 401 0 1086 561 109 650 699 390 519 237 1002 523 232 1317 696 456 413 399 507 623 840 373 375 928 264 805 467 860 344 383 166 586 835 1109 875 1035 712 350 1002 838
619 955 845 314 1083 779 511 544 518 331 639 429 1257 644 603 371 659 619 1045 531 767 1154 740 968 499 849 207 437 130 601 312 669 173 726 356 1198 1047 856 707 198 341 557 579 553 1044 521 846 569 966 423 588 648 610 667 614 1465 826 442 806 770 883 667 1231 1184 156 911 760 1366 618 675 571 227 637 578 751 964 768 1086 0 803 1116 663 602 695 617 850 909 1176 1208 286 660 675 1169 736 634 1449 472 923 727 207 872 596 1001 302 769 717 919 503 339 83 391 1158 1338 846 122 433
279 346 401 496 412 195 304 306 323 485 230 376 584 343 679 847 213 207 287 1043 441 426 198 675 1089 446 1008 368 932 207 629 223 725 1013 471 855 472 176 997 886 483 295 229 439 347 639 113 840 733 740 278 432 415 165 269 790 331 502 572 747 793 549 435 585 649 108 173 573 280 439 801 896 206 682 478 415 609 561 803 0 658 147 215 387 257 458 446 377 786 938 174 560 398 561 245 658 379 201 311 598 311 886 859 503 296 317 468 406 735 864 448 544 535 216 781 401
564 316 300 844 325 852 822 642 870 926 581 828 330 500 586 911 834 638 488 1015 352 962 507 1333 1104 277 1268 785 1235 682 811 552 957 818 789 215 202 482 815 1074 941 632 763 566 938 636 547 751 268 1271 604 470 1032 615 579 448 354 1048 325 1381 419 1178 819 198 1006 633 514 917 564 442 1376 1304 807 611 1127 1059 383 109 1116 658 0 735 780 433 585 272 1102 631 128 1361 782 457 520 395 574 714 912 476 437 973 350 775 384 913 414 443 216 629 842 1131 939 1143 817 443 1024 905
236 443 448 365 533 173 157 221 176 339 190 234 712 318 629 746 99 136 428 948 456 517 229 624 985 487 870 235 791 104 521 205 600 953 349 915 569 279 936 761 337 215 84 383 418 573 232 771 760 598 214 408 298 129 220 922 383 359 583 646 792 442 567 695 507 255 221 703 237 424 670 748 72 626 397 422 605 650 663 147 735 0 67 382 207 497 422 525 861 790 47 536 544 554 204 806 231 326 325 457 386 817 874 361 330 326 527 327 633 728 300 588 675 302 651 253
248 498 486 312 594 200 91 210 109 274 210 175 774 332 619 707 88 150 495 912 481 564 273 610 943 521 809 184 728 106 481 233 548 935 304 951 622 338 918 708 271 208 34 376 460 556 296 749 784 533 217 417 253 164 231 985 425 294 602 603 803 400 629 751 445 323 270 764 248 436 610 681 50 614 372 439 617 699 602 215 780 67 0 401 220 531 426 592 904 723 60 541 611 566 222 874 164 390 355 394 435 796 892 299 368 354 567 311 595 669 233 616 739 357 595 186
154 285 149 410 417 544 416 219 468 494 193 403 576 73 313 569 478 251 449 733 85 805 190 1007 801 156 865 358 819 295 408 178 549 645 356 567 355 281 631 687 511 212 374 145 734 302 324 492 383 844 190 63 650 255 171 776 148 632 201 996 411 796 758 490 576 438 218 891 153 54 958 873 443 323 773 790 224 390 695 387 433 382 401 0 181 160 802 620 542 929 428 175 562 175 179 845 500 338 81 540 206 534 492 480 118 72 225 196 472 722 515 931 821 241 616 486
29 347 285 304 470 378 240 73 290 353 27 246 648 112 428 597 299 72 432 788 263 683 123 827 838 313 809 208 747 113 388 52 504 759 260 741 457 241 743 661 364 60 193 184 597 382 246 583 565 688 29 200 468 93 13 860 236 463 382 816 585 615 680 594 475 341 145 818 29 217 791 760 263 429 592 627 399 519 617 257 585 207 220 181 0 321 630 581 703 812 250 328 557 347 16 841 327 309 147 430 268 630 672 350 174 142 369 151 486 662 356 783 766 229 566 320
298 208 58 571 322 640 561 372 612 654 323 559 451 228 382 685 597 382 412 824 83 839 271 1118 902 12 1012 515 972 427 553 297 698 685 516 420 224 301 675 826 669 364 509 297 786 406 363 565 276 1001 337 201 784 369 313 639 127 783 146 1134 359 931 750 348 735 473 288 874 298 175 1111 1033 566 402 895 873 207 237 850 458 272 497 531 160 321 0 899 586 384 1089 545 231 503 184 313 769 649 333 176 701 167 601 406 640 167 178 72 357 600 872 670 991 790 254 765 639
659 786 844 694 826 259 473 635 434 601 612 556 977 740 1045 1108 338 558 667 1316 871 361 629 238 1333 888 1107 587 1013 523 885 624 916 1360 705 1301 910 620 1343 1064 583 632 460 801 268 982 555 1173 1171 622 636 831 298 547 643 1161 775 469 1000 417 1213 300 553 1008 766 478 610 639 660 846 593 887 376 1040 181 89 1026 1002 909 446 1102 422 426 802 630 899 0 647 1230 904 381 959 732 975 627 895 458 630 737 722 758 1219 1291 641 733 741 913 737 1000 989 530 262 677 662 946 501
591 379 534 863 307 494 682 648 698 862 554 752 376 616 932 1170 572 559 175 1348 624 370 466 881 1409 575 1378 739 1305 574 969 530 1082 1258 830 846 438 348 1247 1241 861 635 606 732 397 920 335 1112 828 1103 609 682 753 511 589 525 485 870 732 1040 941 863 188 462 1022 269 439 291 592 674 1144 1274 576 944 762 571 791 523 1176 377 631 525 592 620 581 586 647 0 743 1315 545 786 116 758 564 282 753 284 542 973 429 1154 964 879 502 554 546 729 1062 1232 825 574 204 380 1142 778
681 444 419 949 442 981 943 757 992 1037 702 943 408 612 646 973 960 760 608 1055 458 1083 632 1461 1149 391 1348 899 1322 805 897 674 1043 834 893 114 326 610 833 1149 1054 748 886 666 1063 708 675 795 283 1386 721 571 1157 739 696 471 478 1167 402 1506 430 1303 931 286 1107 760 640 1022 681 543 1495 1404 933 672 1255 1187 449 232 1208 786 128 861 904 542 703 384 1230 743 0 1461 908 535 629 473 694 793 1031 604 556 1076 478 813 362 1022 536 561 336 734 915 1216 1055 1268 920 571 1109 1023
822 1159 1073 519 1280 855 634 741 617 464 828 577 1460 867 883 653 750 792 1211 792 1008 1213 929 890 740 1085 327 606 250 761 585 861 457 1008 572 1462 1266 1033 989 459 459 753 712 796 1100 798 1008 855 1235 292 785 891 623 836 812 1672 1042 462 1066 639 1163 613 1332 1404 354 1046 943 1458 822 919 399 59 741 858 726 978 1035 1317 286 938 1361 790 723 929 812 1089 904 1315 1461 0 770 939 1331 997 827 1597 561 1095 944 388 1079 882 1279 462 981 935 1153 732 625 332 490 1166 1450 1035 409 537
279 487 496 373 574 142 148 255 153 330 234 234 751 362 665 766 52 178 461 970 503 504 277 579 1002 534 867 244 785 141 540 251 608 986 363 962 614 321 969 768 325 251 92 420 400 606 270 802 807 565 254 451 253 176 263 960 431 327 628 599 836 396 572 738 503 278 268 706 280 467 630 731 31 662 350 387 649 696 660 174 782 47 60 428 250 545 381 545 908 770 0 578 573 598 249 828 208 365 372 453 432 848 920 357 378 373 574 359 654 728 283 560 685 347 656 236
300 425 264 448 549 706 533 334 586 558 348 494 683 221 152 459 625 400 611 592 165 980 365 1151 671 237 814 446 787 438 363 342 508 473 394 523 455 454 461 617 579 334 510 177 908 180 499 335 297 909 324 130 775 416 316 865 300 723 133 1110 266 916 931 575 588 614 393 1063 299 122 1038 880 588 170 910 954 96 456 675 560 457 536 541 175 328 231 959 786 535 939 578 0 717 61 333 993 605 508 257 565 358 373 368 532 289 248 301 256 385 681 598 1103 989 412 574 581
561 295 456 854 200 549 696 628 720 869 532 756 263 571 867 1126 608 550 124 1295 553 481 435 970 1362 494 1365 736 1299 573 938 504 1061 1186 815 733 332 315 1175 1215 871 615 619 688 496 865 324 1050 729 1138 586 625 802 502 562 428 418 901 650 1108 850 923 304 346 1020 298 411 397 562 613 1193 1286 604 882 830 662 711 413 1169 398 520 544 611 562 557 503 732 116 629 1331 573 717 0 683 540 286 776 247 490 971 359 1090 864 881 447 503 455 696 1023 1218 841 683 299 335 1123 795
318 388 226 500 506 719 567 365 619 606 363 535 632 235 201 518 647 419 582 642 134 974 363 1175 724 192 876 487 848 460 424 352 570 503 445 464 405 439 492 679 627 362 536 220 907 240 490 381 243 958 348 149 806 428 335 810 273 765 71 1147 238 950 911 520 645 605 389 1040 318 130 1084 939 610 222 937 965 51 399 736 561 395 554 566 175 347 184 975 758 473 997 598 61 683 0 349 953 643 487 250 620 329 416 329 582 275 243 250 299 446 743 642 1106 962 394 635 622
35 332 275 321 454 372 248 90 298 367 15 259 633 113 437 612 298 72 416 802 259 671 106 827 853 305 826 222 763 115 404 36 521 769 277 734 443 224 754 677 378 76 197 195 587 394 230 595 562 700 46 203 473 84 25 844 224 473 380 821 587 619 665 580 491 327 128 803 35 219 801 776 263 439 593 621 400 507 634 245 574 204 222 179 16 313 627 564 694 827 249 333 540 349 0 824 337 292 138 446 253 641 672 365 162 134 358 167 501 679 368 775 750 212 583 332
847 567 728 1135 447 773 963 912 980 1141 816 1030 386 857 1144 1412 854 830 409 1578 828 562 720 1118 1646 761 1648 1014 1579 849 1224 789 1346 1454 1098 907 566 600 1445 1501 1141 899 886 974 629 1147 603 1328 960 1385 870 908 1032 781 848 409 698 1152 912 1303 1095 1135 349 516 1298 550 696 332 848 895 1421 1555 858 1160 1029 811 976 623 1449 658 714 806 874 845 841 769 895 282 793 1597 828 993 286 953 824 0 1036 532 775 1249 640 1366 1090 1156 732 788 711 983 1309 1501 1107 763 240 621 1408 1060
351 648 612 239 753 309 90 282 55 145 330 116 934 427 646 653 193 276 659 860 585 682 415 584 875 641 679 161 591 233 435 360 458 932 261 1067 770 497 913 609 131 288 162 428 572 569 460 742 878 372 312 497 185 308 335 1145 559 137 692 505 871 314 776 902 319 485 420 906 351 521 464 523 179 634 338 500 693 840 472 379 912 231 164 500 327 649 458 753 1031 561 208 605 776 643 337 1036 0 552 475 271 579 787 972 184 498 470 696 350 549 547 81 692 891 511 492 43
314 161 275 608 210 392 467 381 499 631 285 517 386 332 651 887 409 306 123 1064 353 508 187 865 1126 321 1118 493 1053 333 692 256 813 981 568 684 280 67 968 969 635 367 390 449 466 636 94 830 601 923 338 399 614 259 315 596 214 684 473 949 692 750 424 384 775 156 163 555 315 392 995 1048 395 662 679 583 525 373 923 201 476 326 390 338 309 333 630 284 604 1095 365 508 247 487 292 532 552 0 259 728 166 872 736 639 220 270 315 451 781 971 610 674 483 97 876 565
127 229 137 426 361 478 386 207 436 493 147 391 530 85 393 636 424 206 373 807 133 724 113 949 871 167 908 350 855 251 458 121 593 726 375 596 322 199 713 739 506 196 333 199 656 377 242 571 435 834 167 140 608 196 141 737 98 611 263 958 481 755 676 460 597 357 139 811 127 136 939 890 391 403 722 720 298 375 727 311 437 325 355 81 147 176 737 542 556 944 372 257 490 250 138 775 475 259 0 556 146 614 554 485 44 12 221 225 534 762 502 855 742 162 659 468
437 776 685 130 900 574 304 357 313 126 449 222 1078 479 539 426 454 422 848 625 620 949 551 812 623 697 414 235 334 399 250 481 204 753 184 1083 879 662 734 342 140 370 372 410 840 451 647 570 862 364 402 505 429 469 429 1289 655 275 686 656 809 514 1024 1017 50 706 568 1158 437 533 509 333 430 518 579 770 662 928 207 598 973 457 394 540 430 701 722 973 1076 388 453 565 971 620 446 1249 271 728 556 0 695 609 923 95 595 547 765 344 341 277 192 963 1131 658 225 229
257 83 109 566 215 504 489 338 532 620 255 512 385 231 508 775 484 303 254 937 195 672 163 985 1007 155 1054 476 1000 345 604 222 740 830 517 543 191 140 818 885 631 325 422 343 624 507 205 690 437 948 294 269 684 272 266 595 58 716 308 1032 526 829 585 327 737 310 165 712 257 254 1041 1027 458 522 776 723 363 264 872 311 350 386 435 206 268 167 758 429 478 1079 432 358 359 329 253 640 579 166 146 695 0 731 571 618 103 158 157 371 677 908 619 831 633 96 805 580
606 799 638 555 922 990 748 596 793 677 656 674 1046 551 222 232 884 690 982 241 538 1312 708 1371 336 608 639 635 658 713 364 664 436 145 525 755 821 813 126 439 700 603 761 446 1226 247 849 46 530 969 612 474 973 723 617 1214 672 861 469 1258 391 1093 1289 928 600 959 738 1424 605 480 1117 824 847 210 1125 1235 404 805 596 886 775 817 796 534 630 601 1219 1154 813 882 848 373 1090 416 641 1366 787 872 614 609 731 0 495 636 652 603 666 490 270 555 742 1406 1356 775 474 749
644 591 464 812 664 1032 896 694 949 926 685 862 712 560 397 696 970 743 797 731 420 1243 664 1499 829 418 1100 814 1096 786 694 669 827 485 760 275 533 707 487 895 948 691 864 545 1192 481 768 490 136 1275 676 478 1135 746 661 823 533 1092 291 1476 117 1279 1141 580 939 879 686 1256 643 456 1406 1220 935 422 1264 1272 278 467 1001 859 384 874 892 492 672 406 1291 964 362 1279 920 368 864 329 672 1090 972 736 554 923 571 495 0 898 563 550 423 624 670 987 967 1397 1163 660 886 949
361 697 618 87 818 481 208 280 221 42 366 127 998 413 531 478 360 333 758 684 563 855 468 750 693 635 510 145 429 307 272 399 274 781 137 1037 805 575 762 425 65 292 276 363 747 446 556 593 825 377 323 453 357 380 351 1210 582 225 644 623 788 460 928 943 146 611 483 1063 361 481 509 411 335 514 510 685 627 860 302 503 913 361 299 480 350 640 641 879 1022 462 357 532 881 582 365 1156 184 639 485 95 618 636 898 0 520 477 700 289 380 371 113 876 1036 574 308 141
159 186 118 465 317 474 408 240 456 526 168 421 488 129 431 680 430 223 331 849 146 699 103 950 914 156 951 382 897 268 502 137 637 761 415 584 284 165 748 783 538 229 349 243 635 419 215 610 438 862 198 180 621 204 171 696 62 635 277 971 498 768 641 422 636 330 123 774 159 172 962 928 400 442 728 710 319 344 769 296 414 330 368 118 174 167 733 502 536 981 378 289 447 275 162 732 498 220 44 595 103 652 563 520 0 56 199 268 578 805 530 838 703 123 702 494
120 241 143 417 373 482 383 199 433 485 144 385 541 73 383 624 424 204 385 795 130 733 119 951 859 170 896 343 844 249 446 121 582 716 365 599 332 210 702 727 499 189 331 187 663 366 251 559 433 828 161 129 606 197 135 748 108 606 259 956 476 753 687 470 587 366 146 821 121 126 934 881 391 392 722 724 291 383 717 317 443 326 354 72 142 178 741 554 561 935 373 248 503 243 134 788 470 270 12 547 158 603 550 477 56 0 227 214 522 751 495 862 753 173 648 462
348 168 84 634 264 658 607 427 655 712 366 612 381 287 451 757 627 423 375 893 155 823 297 1138 972 71 1084 570 1042 468 624 337 769 744 581 389 154 298 735 898 726 417 549 366 780 477 363 632 287 1055 388 271 821 403 362 567 143 832 201 1171 395 967 718 276 801 466 308 837 348 246 1160 1098 598 471 923 880 266 166 919 468 216 527 567 225 369 72 913 546 336 1153 574 301 455 250 358 711 696 315 221 765 157 666 423 700 199 227 0 422 673 942 723 987 748 253 836 689
137 455 343 214 585 499 283 105 335 309 179 238 756 141 309 445 399 202 574 637 277 828 263 911 686 353 682 190 630 222 241 199 369 627 159 748 544 383 610 519 328 113 276 79 737 246 396 444 540 662 127 164 524 240 141 962 323 467 356 855 521 663 831 681 379 493 290 970 137 192 785 676 361 303 667 747 347 586 503 406 629 327 311 196 151 357 737 729 734 732 359 256 696 299 167 983 350 451 225 344 371 490 624 289 268 214 422 0 334 536 343 915 917 362 434 325
472 758 614 309 890 795 529 429 566 422 514 444 1045 452 276 112 679 528 902 317 519 1149 596 1129 353 603 436 416 425 536 115 534 169 412 295 888 820 714 393 234 445 440 562 335 1051 207 731 236 652 698 460 412 732 571 476 1240 621 603 517 996 553 840 1166 949 329 827 623 1304 471 432 846 566 644 250 886 1029 466 835 339 735 842 633 595 472 486 600 1000 1062 915 625 654 385 1023 446 501 1309 549 781 534 341 677 270 670 380 578 522 673 334 0 317 492 1212 1252 688 218 507
661 991 872 368 1122 852 579 590 591 403 686 494 1292 677 592 324 731 672 1094 463 788 1226 786 1052 422 871 147 496 108 658 320 715 174 677 403 1198 1077 904 658 127 416 603 644 577 1117 515 899 533 964 503 633 670 692 721 658 1497 859 525 814 853 870 751 1295 1213 227 970 807 1431 660 696 649 278 706 566 834 1043 770 1109 83 864 1131 728 669 722 662 872 989 1232 1216 332 728 681 1218 743 679 1501 547 971 762 277 908 555 987 371 805 751 942 536 317 0 467 1236 1400 890 107 506
375 693 639 186 804 390 144 297 131 71 364 111 986 443 619 592 273 317 722 798 600 764 458 637 806 663 598 157 510 279 381 396 387 887 222 1082 810 551 868 533 52 306 222 422 653 538 520 698 882 332 334 501 243 356 361 1198 592 126 697 524 861 350 854 945 240 556 467 986 374 527 444 448 256 605 396 577 690 875 391 448 939 300 233 515 356 670 530 825 1055 490 283 598 841 642 368 1107 81 610 502 192 619 742 967 113 530 495 723 343 492 467 0 770 968 559 416 47
810 833 933 916 831 417 685 809 657 838 759 774 945 882 1212 1323 532 717 662 1529 984 206 742 394 1556 979 1360 796 1267 692 1097 761 1148 1540 917 1355 941 691 1524 1301 822 802 651 966 207 1160 628 1359 1267 884 797 973 553 690 796 1098 864 724 1115 647 1336 561 418 1010 1010 521 717 454 810 982 847 1149 567 1211 443 193 1153 1035 1158 544 1143 588 616 931 783 991 262 574 1268 1166 560 1103 683 1106 775 763 692 674 855 963 831 1406 1397 876 838 862 987 915 1212 1236 770 0 524 737 1185 735
779 582 738 1032 500 598 831 829 837 1014 738 909 524 812 1134 1361 699 735 379 1545 828 328 658 889 1602 780 1543 903 1466 742 1153 717 1259 1462 1004 1028 632 544 1450 1419 1009 816 759 927 408 1119 520 1313 1027 1214 793 882 852 687 775 617 689 992 937 1092 1144 939 125 633 1182 431 629 106 780 875 1233 1414 712 1145 825 589 995 712 1338 535 817 675 739 821 766 790 677 204 920 1450 685 989 299 962 750 240 891 483 742 1131 633 1356 1163 1036 703 753 748 917 1252 1400 968 524 0 580 1315 921
229 140 196 533 245 409 421 302 461 570 208 459 426 237 554 793 397 243 214 968 261 586 106 890 1030 242 1038 428 976 280 602 177 729 885 490 639 267 46 872 881 578 289 349 354 532 539 110 733 529 883 258 302 600 203 233 639 128 647 386 945 608 743 518 393 703 218 92 650 230 296 968 985 375 565 685 627 435 350 846 216 443 302 357 241 229 254 662 380 571 1035 347 412 335 394 212 621 511 97 162 658 96 775 660 574 123 173 253 362 688 890 559 737 580 0 792 517
563 889 766 285 1020 787 510 495 529 346 591 421 1189 574 489 250 665 582 999 424 681 1159 689 1032 406 764 249 415 213 573 213 619 67 605 311 1092 972 808 586 117 364 509 568 471 1052 410 807 446 858 525 537 564 654 631 561 1393 755 496 707 857 768 732 1215 1107 184 884 712 1352 562 589 674 350 637 463 803 993 663 1002 122 781 1024 651 595 616 566 765 946 1142 1109 409 656 574 1123 635 583 1408 492 876 659 225 805 474 886 308 702 648 836 434 218 107 416 1185 1315 792 0 450
341 653 605 198 761 346 98 267 86 103 326 87 943 414 614 611 228 276 676 818 572 721 418 623 832 631 640 134 553 237 394 358 415 894 223 1054 771 507 875 566 91 275 176 404 611 535 475 704 860 368 301 478 225 314 327 1155 556 145 674 531 846 347 808 906 279 509 425 940 341 503 472 495 209 601 378 543 671 838 433 401 905 253 186 486 320 639 501 778 1023 537 236 581 795 622 332 1060 43 565 468 229 580 749 949 141 494 462 689 325 507 506 47 735 921 517 450 0
