0 796 218 31 860 359 76 133 194 137 210 25 223 40 676 339 168 17 342 643 401 587 583 824 551 274 460 125 485 613 304 44 693 162 333 743 36 779 283 195 266 669 620 771 208 27 347 44 228 711 503 168 778 471 830 207 67 838 67 558 137 359 460 550 637 329 529 86 273 184 255 630 365 694 178 733 101 49
796 0 593 815 1103 1108 763 917 989 665 597 820 591 763 971 915 765 784 1039 203 1191 661 995 1117 1159 960 1186 741 1274 1386 1098 804 1483 706 705 1022 832 1453 529 885 989 161 839 1563 870 770 1132 824 919 1380 686 766 874 1140 1585 869 802 1215 748 925 925 479 1252 781 1043 1124 498 711 767 978 573 1251 519 214 816 73 701 747
218 593 0 229 792 572 170 350 401 131 127 244 6 180 610 372 182 211 537 465 618 429 557 771 725 460 668 149 703 793 521 242 910 119 231 678 250 979 160 374 401 483 518 987 374 191 565 236 412 823 364 183 655 576 997 287 250 818 159 508 335 141 660 581 745 535 447 134 357 401 176 811 279 476 323 536 150 173
31 815 229 0 836 361 68 132 173 163 236 36 233 51 653 311 150 49 353 666 389 577 557 799 566 289 463 116 474 587 292 71 680 157 320 720 24 785 308 214 234 691 601 758 231 48 338 12 245 679 491 150 762 439 802 178 94 810 70 534 112 368 438 582 662 308 560 104 303 173 283 643 394 706 205 753 128 74
860 1103 792 836 0 1132 789 940 878 893 918 873 786 834 184 541 694 871 1168 1110 1059 447 292 65 1388 1118 1234 746 1120 919 988 904 1253 727 562 116 857 1551 947 1050 704 1102 284 1300 1067 850 1048 828 1078 664 454 694 242 604 974 668 927 187 809 301 833 761 952 1369 1496 919 1221 841 1117 930 968 1454 1064 890 1037 1093 886 859
359 1108 572 361 1132 0 429 228 255 457 517 334 577 399 959 593 503 362 108 928 159 934 840 1084 282 161 105 476 206 515 158 330 397 518 674 1021 336 430 580 223 430 962 935 478 242 385 113 361 193 757 846 502 1100 590 732 477 322 1062 426 840 308 713 329 582 500 250 720 438 371 208 535 327 605 1037 293 1039 426 398
76 763 170 68 789 429 0 200 232 142 207 97 173 44 605 283 95 83 418 624 454 511 518 756 627 350 531 49 538 627 356 119 743 88 257 673 92 853 276 271 248 646 545 820 283 60 404 70 304 689 427 95 703 443 837 159 139 776 24 488 164 305 489 602 706 364 547 72 331 239 261 706 376 644 248 704 115 71
133 917 350 132 940 228 200 0 113 251 320 107 355 173 760 401 278 139 230 752 274 708 653 898 448 179 331 248 357 535 182 113 566 289 449 825 107 654 391 130 270 782 721 646 157 160 217 133 146 688 621 277 884 469 758 272 115 895 199 640 113 492 362 554 581 231 598 216 279 68 354 520 449 824 166 851 216 177
194 989 401 173 878 255 232 113 0 330 403 172 405 225 704 338 276 208 299 836 228 699 586 831 517 271 358 268 311 427 132 198 512 311 440 766 157 681 476 240 179 863 684 588 268 219 189 165 249 576 608 275 850 365 649 227 210 814 242 585 69 537 266 668 681 135 704 278 393 59 444 577 548 877 280 926 293 243
137 665 131 163 893 457 142 251 330 0 72 158 138 116 709 417 216 122 412 506 526 557 637 866 593 333 548 163 609 750 432 138 818 168 334 777 173 853 145 248 388 533 630 898 245 115 468 175 285 831 486 217 775 586 966 301 138 899 118 598 275 264 597 478 619 465 404 69 231 313 120 681 234 580 192 600 36 89
210 597 127 236 918 517 207 320 403 72 0 230 134 187 735 469 267 195 461 434 594 553 675 895 628 382 603 217 677 823 502 208 886 210 356 803 246 898 72 299 456 462 645 966 291 187 535 247 335 897 491 268 782 650 1038 361 205 937 185 630 347 230 669 453 623 538 343 136 240 384 55 718 171 524 235 530 109 162
25 820 244 36 873 334 97 107 172 158 230 0 248 65 690 346 186 36 320 664 375 609 593 836 531 254 435 147 460 595 279 38 667 186 354 756 21 755 303 178 260 691 637 746 194 53 321 46 209 703 525 186 797 466 814 213 60 846 92 571 121 385 439 550 625 307 542 111 270 159 273 609 380 719 169 756 121 73
223 591 6 233 786 577 173 355 405 138 134 248 0 184 605 370 182 216 543 465 622 423 552 766 731 466 673 150 707 794 525 247 913 119 225 672 254 985 165 380 401 483 511 991 381 195 570 240 418 822 358 183 648 574 998 287 256 813 163 503 338 136 663 587 752 538 452 139 364 405 182 818 284 472 329 534 157 178
40 763 180 51 834 399 44 173 225 116 187 65 184 0 649 324 139 41 381 615 438 549 561 800 587 311 500 91 523 637 341 78 730 124 298 717 70 819 259 229 272 640 588 808 240 17 385 61 264 717 467 139 745 474 851 196 97 819 28 532 163 320 489 561 662 360 519 53 288 221 237 667 350 656 204 701 83 31
676 971 610 653 184 959 605 760 704 709 735 690 605 649 0 366 510 687 990 955 897 312 134 162 1209 937 1063 561 963 799 821 721 1111 542 379 68 674 1383 767 867 535 951 132 1164 884 666 881 645 896 590 292 510 212 470 892 489 743 244 624 120 656 590 805 1186 1312 757 1046 656 932 754 787 1277 886 762 853 952 701 674
339 915 372 311 541 593 283 401 338 417 469 346 370 324 366 0 202 354 627 823 538 420 252 497 847 580 697 254 609 527 457 382 778 260 214 428 327 1017 526 517 175 835 357 841 537 337 517 300 542 464 331 201 522 227 691 133 405 499 306 246 292 440 474 885 971 401 812 351 611 388 525 912 639 744 516 870 396 354
168 765 182 150 694 503 95 278 276 216 267 186 182 139 510 202 0 177 504 647 504 431 425 662 717 440 607 54 587 622 408 212 784 63 171 578 174 932 326 363 223 664 452 858 377 155 462 146 395 641 343 0 611 393 820 105 234 686 114 394 207 287 509 690 801 394 610 152 424 300 323 794 438 623 343 711 198 164
17 784 211 49 871 362 83 139 208 122 195 36 216 41 687 354 177 0 340 628 410 590 596 836 546 270 461 131 494 629 315 36 703 165 339 754 51 779 268 188 283 655 628 782 200 24 355 62 223 728 508 177 785 488 847 223 56 852 69 569 154 352 474 534 625 343 512 77 257 194 239 626 348 685 166 720 85 38
342 1039 537 353 1168 108 418 230 299 412 461 320 543 381 990 627 504 340 0 852 265 930 879 1124 220 79 148 467 313 617 242 304 497 505 674 1054 329 441 517 163 479 888 951 577 171 364 212 357 126 844 845 504 1114 658 837 501 289 1113 409 869 335 675 430 474 402 336 626 409 281 242 470 290 525 985 227 968 387 372
643 203 465 666 1110 928 624 752 836 506 434 664 465 615 955 823 647 628 852 0 1024 665 951 1113 960 775 999 613 1104 1251 934 642 1313 584 631 1014 679 1255 361 704 865 42 830 1394 687 618 963 676 736 1284 662 648 902 1038 1460 752 637 1194 605 887 778 388 1103 578 840 972 295 562 574 817 399 1052 326 296 634 130 543 593
401 1191 618 389 1059 159 454 274 228 526 594 375 622 438 897 538 504 410 265 1024 0 924 769 1005 426 301 214 494 84 357 97 387 292 537 666 953 368 496 664 336 363 1055 894 371 361 428 62 384 317 615 832 503 1060 479 572 447 389 967 460 781 297 758 173 734 659 139 845 487 500 217 625 452 712 1095 403 1125 490 449
587 661 429 577 447 934 511 708 699 557 553 609 423 549 312 420 431 590 930 665 924 0 365 457 1135 860 1038 462 1003 946 831 627 1187 424 260 361 602 1362 559 778 580 655 180 1254 785 566 888 575 813 821 92 431 243 626 1091 477 645 556 520 294 633 347 889 998 1175 799 806 530 787 730 592 1217 667 450 740 647 566 563
583 995 557 557 292 840 518 653 586 637 675 593 552 561 134 252 425 596 879 951 769 365 0 245 1099 832 942 479 832 666 697 627 977 469 331 184 575 1259 717 767 412 953 207 1029 786 576 757 547 794 473 311 425 338 335 766 383 650 262 539 71 544 568 672 1115 1219 629 1003 577 849 639 729 1163 836 795 761 967 624 589
824 1117 771 799 65 1084 756 898 831 866 895 836 766 800 162 497 662 836 1124 1113 1005 457 245 0 1344 1077 1185 714 1064 856 938 869 1193 698 540 98 819 1499 929 1011 654 1106 282 1238 1030 816 997 790 1038 599 450 661 279 545 909 627 891 128 776 268 789 752 894 1344 1461 865 1208 811 1086 884 947 1408 1047 905 1002 1103 857 826
551 1159 725 566 1388 282 627 448 517 593 628 531 731 587 1209 847 717 546 220 960 426 1135 1099 1344 0 276 216 677 437 779 440 509 558 711 885 1274 543 298 669 357 697 1000 1167 626 351 570 393 571 322 1038 1054 717 1328 869 985 720 491 1332 615 1089 555 855 600 461 268 532 693 606 400 461 621 92 642 1139 401 1086 576 572
274 960 460 289 1118 161 350 179 271 333 382 254 466 311 937 580 440 270 79 775 301 860 832 1077 276 0 225 400 363 637 251 233 558 436 608 1003 266 519 438 85 445 810 891 639 91 294 240 295 48 839 778 440 1052 637 860 449 216 1074 340 817 291 597 450 434 409 339 559 334 210 212 391 356 449 906 147 890 309 299
460 1186 668 463 1234 105 531 331 358 548 603 435 673 500 1063 697 607 461 148 999 214 1038 942 1185 216 225 0 579 221 563 250 427 369 620 779 1124 438 324 662 304 531 1036 1040 445 316 484 194 464 268 830 950 607 1205 680 769 582 417 1159 527 943 413 808 386 598 468 335 771 535 429 313 615 238 673 1127 371 1115 520 496
125 741 149 116 746 476 49 248 268 163 217 147 150 91 561 254 54 131 467 613 494 462 479 714 677 400 579 0 578 644 396 168 780 42 208 629 140 901 280 320 252 633 497 856 331 108 447 115 354 683 378 54 654 435 848 145 188 740 63 446 198 272 517 636 751 396 560 98 371 282 273 756 388 612 294 685 144 113
485 1274 703 474 1120 206 538 357 311 609 677 460 707 523 963 609 587 494 313 1104 84 1003 832 1064 437 363 221 578 0 347 182 471 209 621 747 1016 453 453 746 409 434 1136 967 289 432 512 141 468 386 634 911 586 1132 527 547 526 471 1018 545 849 380 842 188 788 687 208 917 571 569 301 706 446 789 1179 477 1207 574 533
613 1386 793 587 919 515 627 535 427 750 823 595 794 637 799 527 622 629 617 1251 357 946 666 856 779 637 563 644 347 0 385 625 368 679 730 836 577 781 896 645 400 1274 850 394 673 635 405 575 638 314 858 622 1001 332 224 522 638 777 645 709 475 910 187 1069 1016 306 1131 689 809 467 868 793 975 1244 698 1329 714 661
304 1098 521 292 988 158 356 182 132 432 502 279 525 341 821 457 408 315 242 934 97 831 697 938 440 251 250 396 182 385 0 294 388 439 572 879 271 562 573 265 285 964 809 467 292 331 60 286 254 602 739 407 975 432 609 356 297 909 363 703 200 660 199 684 644 93 769 391 431 120 536 484 628 998 326 1033 396 353
44 804 242 71 904 330 119 113 198 138 208 38 247 78 721 382 212 36 304 642 387 627 627 869 509 233 427 168 471 625 294 0 680 202 376 788 59 743 280 151 298 671 664 759 164 61 330 82 186 740 545 212 822 504 845 250 23 881 106 603 155 383 463 512 592 331 509 108 232 175 246 589 350 712 134 738 102 69
693 1483 910 680 1253 397 743 566 512 818 886 667 913 730 1111 778 784 703 497 1313 292 1187 977 1193 558 558 369 780 209 368 388 680 0 823 937 1158 659 450 955 613 608 1345 1133 81 635 720 350 674 587 682 1095 784 1295 648 497 713 680 1129 751 1005 581 1048 306 966 825 391 1117 779 768 508 914 533 996 1386 683 1416 783 741
162 706 119 157 727 518 88 289 311 168 210 186 119 124 542 260 63 165 505 584 537 424 469 698 711 436 620 42 621 679 439 202 823 0 176 611 181 941 265 353 283 602 470 898 363 141 490 157 389 704 342 64 623 456 880 168 220 731 96 430 241 233 557 646 774 437 551 115 390 325 266 792 379 572 322 651 159 140
333 705 231 320 562 674 257 449 440 334 356 354 225 298 379 214 171 339 674 631 666 260 331 540 885 608 779 208 747 730 572 376 937 176 0 447 345 1103 389 528 339 638 295 1007 538 315 628 317 562 675 171 171 447 441 903 224 395 590 270 278 373 243 646 808 950 546 673 290 563 470 407 963 508 530 498 665 332 317
743 1022 678 720 116 1021 673 825 766 777 803 756 672 717 68 428 578 754 1054 1014 953 361 184 98 1274 1003 1124 629 1016 836 879 788 1158 611 447 0 740 1442 834 934 594 1008 184 1209 951 733 939 711 962 607 352 578 211 512 914 553 810 201 692 185 719 655 854 1254 1379 813 1112 724 1000 817 854 1341 953 810 920 1006 770 742
36 832 250 24 857 336 92 107 157 173 246 21 254 70 674 327 174 51 329 679 368 602 575 819 543 266 438 140 453 577 271 59 659 181 345 740 0 761 319 193 238 705 625 738 211 61 316 29 223 681 516 174 786 444 795 194 81 827 93 555 102 390 424 572 644 293 562 120 292 151 290 619 399 726 189 769 137 85
779 1453 979 785 1551 430 853 654 681 853 898 755 985 819 1383 1017 932 779 441 1255 496 1362 1259 1499 298 519 324 901 453 781 562 743 450 941 1103 1442 761 0 948 605 847 1295 1364 487 608 803 502 787 567 1084 1275 931 1530 975 944 906 730 1463 847 1264 738 1117 641 752 520 635 991 850 687 638 900 211 933 1420 663 1379 828 812
283 529 160 308 947 580 276 391 476 145 72 303 165 259 767 526 326 268 517 361 664 559 717 929 669 438 662 280 746 896 573 280 955 265 389 834 319 948 0 358 525 390 668 1036 346 260 605 320 393 963 507 327 795 715 1110 425 275 978 255 667 420 216 742 439 636 611 287 207 271 456 48 761 119 471 291 461 182 234
195 885 374 214 1050 223 271 130 240 248 299 178 380 229 867 517 363 188 163 704 336 778 767 1011 357 85 304 320 409 645 265 151 613 353 528 934 193 605 358 0 399 739 815 694 28 212 273 222 37 817 696 363 974 600 870 384 133 1015 258 748 241 511 463 429 455 339 509 249 166 186 313 440 383 823 70 815 223 215
266 989 401 234 704 430 248 270 179 388 456 260 401 272 535 175 223 283 479 865 363 580 412 654 697 445 531 252 434 400 285 298 608 283 339 594 238 847 525 399 0 885 532 674 424 278 345 221 416 445 488 222 697 206 596 122 319 635 270 418 158 511 309 808 851 226 792 319 527 236 508 755 623 843 418 935 356 302
669 161 483 691 1102 962 646 782 863 533 462 691 483 640 951 835 664 655 888 42 1055 655 953 1106 1000 810 1036 633 1136 1274 964 671 1345 602 638 1008 705 1295 390 739 885 0 823 1425 722 644 995 701 770 1298 658 665 888 1053 1481 770 666 1191 629 887 803 396 1129 620 882 999 337 587 612 846 430 1092 363 265 668 88 570 620
620 839 518 601 284 935 545 721 684 630 645 637 511 588 132 357 452 628 951 830 894 180 207 282 1167 891 1040 497 967 850 809 664 1133 470 295 184 625 1364 668 815 532 823 0 1192 828 605 869 596 847 679 170 452 166 518 968 457 685 376 561 144 627 477 827 1099 1245 759 939 585 859 727 693 1242 785 629 791 822 628 609
771 1563 987 758 1300 478 820 646 588 898 966 746 991 808 1164 841 858 782 577 1394 371 1254 1029 1238 626 639 445 856 289 394 467 759 81 898 1007 1209 738 487 1036 694 674 1425 1192 0 716 798 431 751 668 704 1162 857 1353 696 486 782 761 1167 828 1061 657 1125 366 1043 895 463 1198 858 849 587 995 594 1077 1464 764 1497 862 820
208 870 374 231 1067 242 283 157 268 245 291 194 381 240 884 537 377 200 171 687 361 785 786 1030 351 91 316 331 432 673 292 164 635 363 538 951 211 608 346 28 424 722 828 716 0 223 298 239 48 844 705 377 985 626 898 404 143 1036 268 765 266 509 491 400 433 367 484 255 139 214 299 437 363 814 55 800 224 222
27 770 191 48 850 385 60 160 219 115 187 53 195 17 666 337 155 24 364 618 428 566 576 816 570 294 484 108 512 635 331 61 720 141 315 733 61 803 260 212 278 644 605 798 223 0 374 60 247 723 484 155 762 481 851 208 80 834 45 548 160 332 485 548 646 354 513 59 274 211 235 650 347 666 187 707 79 25
347 1132 565 338 1048 113 404 217 189 468 535 321 570 385 881 517 462 355 212 963 62 888 757 997 393 240 194 447 141 405 60 330 350 490 628 939 316 502 605 273 345 995 869 431 298 374 0 334 254 644 797 461 1035 486 625 415 330 966 409 763 255 706 217 675 612 141 782 432 437 165 564 431 650 1041 340 1066 433 393
44 824 236 12 828 361 70 133 165 175 247 46 240 61 645 300 146 62 357 676 384 575 547 790 571 295 464 115 468 575 286 82 674 157 317 711 29 787 320 222 221 701 596 751 239 60 334 0 252 666 489 146 757 426 790 167 105 800 77 526 102 374 428 594 672 300 573 114 315 168 295 647 407 712 215 762 140 86
228 919 412 245 1078 193 304 146 249 285 335 209 418 264 896 542 395 223 126 736 317 813 794 1038 322 48 268 354 386 638 254 186 587 389 562 962 223 567 393 37 416 770 847 668 48 247 254 252 0 824 731 395 1007 613 863 411 168 1039 293 777 259 549 454 431 435 335 531 286 183 191 347 404 412 859 102 848 261 251
711 1380 823 679 664 757 689 688 576 831 897 703 822 717 590 464 641 728 844 1284 615 821 473 599 1038 839 830 683 634 314 602 740 682 704 675 607 681 1084 963 817 445 1298 679 704 844 723 644 666 824 0 747 640 802 247 309 538 760 498 713 536 589 904 447 1242 1244 508 1236 762 963 632 950 1068 1066 1203 851 1335 800 747
503 686 364 491 454 846 427 621 608 486 491 525 358 467 292 331 343 508 845 662 832 92 311 450 1054 778 950 378 911 858 739 545 1095 342 171 352 516 1275 507 696 488 658 170 1162 705 484 797 489 731 747 0 343 290 542 1009 385 563 533 438 240 543 308 797 943 1106 706 771 452 717 641 535 1134 621 483 662 662 491 483
168 766 183 150 694 502 95 277 275 217 268 186 183 139 510 201 0 177 504 648 503 431 425 661 717 440 607 54 586 622 407 212 784 64 171 578 174 931 327 363 222 665 452 857 377 155 461 146 395 640 343 0 611 392 819 104 234 685 114 393 206 288 508 690 801 394 611 152 424 300 324 793 439 624 343 712 199 164
778 874 655 762 242 1100 703 884 850 775 782 797 648 745 212 522 611 785 1114 902 1060 243 338 279 1328 1052 1205 654 1132 1001 975 822 1295 623 447 211 786 1530 795 974 697 888 166 1353 985 762 1035 757 1007 802 290 611 0 669 1103 623 842 404 717 293 792 589 989 1233 1394 924 1050 737 1006 892 826 1404 907 660 946 870 778 764
471 1140 576 439 604 590 443 469 365 586 650 466 574 474 470 227 393 488 658 1038 479 626 335 545 869 637 680 435 527 332 432 504 648 456 441 512 444 975 715 600 206 1053 518 696 626 481 486 426 613 247 542 392 669 0 467 290 525 490 467 377 361 661 350 1014 1046 344 991 516 733 424 704 916 820 972 624 1093 556 504
830 1585 997 802 974 732 837 758 649 966 1038 814 998 851 892 691 820 847 837 1460 572 1091 766 909 985 860 769 848 547 224 609 845 497 880 903 914 795 944 1110 870 596 1481 968 486 898 851 625 790 863 309 1009 819 1103 467 0 715 859 806 856 823 693 1105 410 1293 1231 530 1353 902 1033 691 1085 988 1194 1430 923 1531 930 876
207 869 287 178 668 477 159 272 227 301 361 213 287 196 489 133 105 223 501 752 447 477 383 627 720 449 582 145 526 522 356 250 713 168 224 553 194 906 425 384 122 770 457 782 404 208 415 167 411 538 385 104 623 290 715 0 273 632 183 368 169 390 423 757 838 322 704 231 480 269 416 789 532 721 383 816 275 227
67 802 250 94 927 322 139 115 210 138 205 60 256 97 743 405 234 56 289 637 389 645 650 891 491 216 417 188 471 638 297 23 680 220 395 810 81 730 275 133 319 666 685 761 143 80 330 105 168 760 563 234 842 525 859 273 0 904 125 625 172 391 473 490 569 341 494 119 210 181 238 572 338 717 111 736 105 82
838 1215 818 810 187 1062 776 895 814 899 937 846 813 819 244 499 686 852 1113 1194 967 556 262 128 1332 1074 1159 740 1018 777 909 881 1129 731 590 201 827 1463 978 1015 635 1191 376 1167 1036 834 966 800 1039 498 533 685 404 490 806 632 904 0 798 313 782 820 839 1376 1470 829 1264 838 1108 871 991 1389 1097 1006 1015 1195 884 848
67 748 159 70 809 426 24 199 242 118 185 92 163 28 624 306 114 69 409 605 460 520 539 776 615 340 527 63 545 645 363 106 751 96 270 692 93 847 255 258 270 629 561 828 268 45 409 77 293 713 438 114 717 467 856 183 125 798 0 508 177 297 504 579 687 376 523 49 310 243 237 696 353 635 230 688 91 50
558 925 508 534 301 840 488 640 585 598 630 571 503 532 120 246 394 569 869 887 781 294 71 268 1089 817 943 446 849 709 703 603 1005 430 278 185 555 1264 667 748 418 887 144 1061 765 548 763 526 777 536 240 393 293 377 823 368 625 313 508 0 536 507 698 1076 1194 642 951 542 818 634 683 1157 786 724 735 898 588 558
137 925 335 112 833 308 164 113 69 275 347 121 338 163 656 292 207 154 335 778 297 633 544 789 555 291 413 198 380 475 200 155 581 241 373 719 102 738 420 241 158 803 627 657 266 160 255 102 259 589 543 206 792 361 693 169 172 782 177 536 0 469 326 654 694 199 663 216 374 100 393 621 501 809 263 864 238 185
359 479 141 368 761 713 305 492 537 264 230 385 136 320 590 440 287 352 675 388 758 347 568 752 855 597 808 272 842 910 660 383 1048 233 243 655 390 1117 216 511 511 396 477 1125 509 332 706 374 549 904 308 288 589 661 1105 390 391 820 297 507 469 0 790 654 849 668 462 275 471 541 256 943 320 340 455 431 289 315
460 1252 660 438 952 329 489 362 266 597 669 439 663 489 805 474 509 474 430 1103 173 889 672 894 600 450 386 517 188 187 199 463 306 557 646 854 424 641 742 463 309 1129 827 366 491 485 217 428 454 447 797 508 989 350 410 423 473 839 504 698 326 790 0 884 829 132 960 543 629 294 710 622 811 1129 521 1191 560 509
550 781 581 582 1369 582 602 554 668 478 453 550 587 561 1186 885 690 534 474 578 734 998 1115 1344 461 434 598 636 788 1069 684 512 966 646 808 1254 572 752 439 429 808 620 1099 1043 400 548 675 594 431 1242 943 690 1233 1014 1293 757 490 1376 579 1076 654 654 884 0 267 766 283 538 280 615 407 541 339 828 391 709 491 531
637 1043 745 662 1496 500 706 581 681 619 623 625 752 662 1312 971 801 625 402 840 659 1175 1219 1461 268 409 468 751 687 1016 644 592 825 774 950 1379 644 520 636 455 851 882 1245 895 433 646 612 672 435 1244 1106 801 1394 1046 1231 838 569 1470 687 1194 694 849 829 267 0 737 547 659 388 621 593 321 564 1072 458 970 617 637
329 1124 535 308 919 250 364 231 135 465 538 307 538 360 757 401 394 343 336 972 139 799 629 865 532 339 335 396 208 306 93 331 391 437 546 813 293 635 611 339 226 999 759 463 367 354 141 300 335 508 706 394 924 344 530 322 341 829 376 642 199 668 132 766 737 0 830 413 503 162 578 573 679 1008 393 1062 429 379
529 498 447 560 1221 720 547 598 704 404 343 542 452 519 1046 812 610 512 626 295 845 806 1003 1208 693 559 771 560 917 1131 769 509 1117 551 673 1112 562 991 287 509 792 337 939 1198 484 513 782 573 531 1236 771 611 1050 991 1353 704 494 1264 523 951 663 462 960 283 547 830 0 474 349 667 287 782 172 559 443 426 435 489
86 711 134 104 841 438 72 216 278 69 136 111 139 53 656 351 152 77 409 562 487 530 577 811 606 334 535 98 571 689 391 108 779 115 290 724 120 850 207 249 319 587 585 858 255 59 432 114 286 762 452 152 737 516 902 231 119 838 49 542 216 275 543 538 659 413 474 0 275 270 188 690 304 608 209 648 46 39
273 767 357 303 1117 371 331 279 393 231 240 270 364 288 932 611 424 257 281 574 500 787 849 1086 400 210 429 371 569 809 431 232 768 390 563 1000 292 687 271 166 527 612 859 849 139 274 437 315 183 963 717 424 1006 733 1033 480 210 1108 310 818 374 471 629 280 388 503 349 275 0 344 223 492 248 739 112 695 231 260
184 978 401 173 930 208 239 68 59 313 384 159 405 221 754 388 300 194 242 817 217 730 639 884 461 212 313 282 301 467 120 175 508 325 470 817 151 638 456 186 236 846 727 587 214 211 165 168 191 632 641 300 892 424 691 269 181 871 243 634 100 541 294 615 621 162 667 270 344 0 420 524 518 878 232 913 277 232
255 573 176 283 968 535 261 354 444 120 55 273 182 237 787 525 323 239 470 399 625 592 729 947 621 391 615 273 706 868 536 246 914 266 407 854 290 900 48 313 508 430 693 995 299 235 564 295 347 950 535 324 826 704 1085 416 238 991 237 683 393 256 710 407 593 578 287 188 223 420 0 712 115 520 244 504 155 209
630 1251 811 643 1454 327 706 520 577 681 718 609 818 667 1277 912 794 626 290 1052 452 1217 1163 1408 92 356 238 756 446 793 484 589 533 792 963 1341 619 211 761 440 755 1092 1242 594 437 650 431 647 404 1068 1134 793 1404 916 988 789 572 1389 696 1157 621 943 622 541 321 573 782 690 492 524 712 0 734 1231 488 1178 661 655
365 519 279 394 1064 605 376 449 548 234 171 380 284 350 886 639 438 348 525 326 712 667 836 1047 642 449 673 388 789 975 628 350 996 379 508 953 399 933 119 383 623 363 785 1077 363 347 650 407 412 1066 621 439 907 820 1194 532 338 1097 353 786 501 320 811 339 564 679 172 304 248 518 115 734 0 510 313 446 267 321
694 214 476 706 890 1037 644 824 877 580 524 719 472 656 762 744 623 685 985 296 1095 450 795 905 1139 906 1127 612 1179 1244 998 712 1386 572 530 810 726 1420 471 823 843 265 629 1464 814 666 1041 712 859 1203 483 624 660 972 1430 721 717 1006 635 724 809 340 1129 828 1072 1008 559 608 739 878 520 1231 510 0 759 218 611 647
178 816 323 205 1037 293 248 166 280 192 235 169 329 204 853 516 343 166 227 634 403 740 761 1002 401 147 371 294 477 698 326 134 683 322 498 920 189 663 291 70 418 668 791 764 55 187 340 215 102 851 662 343 946 624 923 383 111 1015 230 735 263 455 521 391 458 393 443 209 112 232 244 488 313 759 0 746 175 181
733 73 536 753 1093 1039 704 851 926 600 530 756 534 701 952 870 711 720 968 130 1125 647 967 1103 1086 890 1115 685 1207 1329 1033 738 1416 651 665 1006 769 1379 461 815 935 88 822 1497 800 707 1066 762 848 1335 662 712 870 1093 1531 816 736 1195 688 898 864 431 1191 709 970 1062 426 648 695 913 504 1178 446 218 746 0 636 683
101 701 150 128 886 426 115 216 293 36 109 121 157 83 701 396 198 85 387 543 490 566 624 857 576 309 520 144 574 714 396 102 783 159 332 770 137 828 182 223 356 570 628 862 224 79 433 140 261 800 491 199 778 556 930 275 105 884 91 588 238 289 560 491 617 429 435 46 231 277 155 661 267 611 175 636 0 54
49 747 173 74 859 398 71 177 243 89 162 73 178 31 674 354 164 38 372 593 449 563 589 826 572 299 496 113 533 661 353 69 741 140 317 742 85 812 234 215 302 620 609 820 222 25 393 86 251 747 483 164 764 504 876 227 82 848 50 558 185 315 509 531 637 379 489 39 260 232 209 655 321 647 181 683 54 0
