0 524 546 100 418 369 683 18 86 417 564 405 633 349 187 735 543 409 400 73 439 852 69 728 813 700 79 347 809 784 48 774 379 570 553 118 198 622 765 263 438 794 655 373 84 7 389 822 262 368 106 132 168 837 234 233 198 686 816 831 56 182 158 819 25 592 307 605 824 625 272 503 514 531 743 401 562 107
524 0 1069 468 907 893 1034 539 601 942 247 817 1141 715 344 263 1047 666 923 515 436 1345 457 284 1328 1145 528 469 1300 287 520 1298 183 955 118 480 455 450 522 408 498 839 899 287 464 526 381 514 660 813 419 481 678 1359 376 515 568 1160 587 340 581 371 390 1046 536 67 552 1026 1316 866 762 1028 47 635 262 490 331 527
546 1069 0 604 237 211 721 530 481 137 1097 418 146 595 725 1258 136 635 146 555 851 367 616 1270 369 547 566 744 337 1313 562 229 924 613 1099 624 689 1108 1253 763 811 1120 849 866 605 544 885 1327 557 467 653 601 392 291 756 620 547 303 1221 1377 490 722 698 833 532 1136 643 557 480 713 398 59 1061 904 1288 847 1031 551
100 468 604 0 441 447 782 103 183 483 550 384 673 445 125 657 579 337 461 49 339 881 95 700 895 800 169 248 836 710 138 834 350 670 516 182 251 642 779 299 340 858 744 279 23 95 414 826 359 468 105 40 212 893 257 146 139 702 716 792 142 189 170 756 93 535 222 706 916 560 370 567 466 595 705 451 466 61
418 907 237 441 0 266 831 400 386 213 981 180 242 607 566 1067 148 400 177 398 632 439 485 1139 604 712 468 528 395 1126 451 441 788 711 957 524 602 1035 1179 674 586 1133 907 671 450 413 801 1240 540 515 519 425 251 487 652 415 347 267 991 1234 371 600 577 622 397 973 423 684 699 483 405 242 908 888 1147 792 820 381
369 893 211 447 266 0 566 356 292 78 897 412 343 387 556 1103 284 583 98 398 745 573 435 1074 449 453 372 637 538 1153 374 420 736 448 911 427 486 899 1043 559 718 917 661 724 442 369 678 1119 346 269 473 455 249 488 557 505 433 468 1127 1186 313 531 509 880 361 960 549 418 490 723 187 154 880 694 1097 636 905 405
683 1034 721 782 831 566 0 686 612 634 895 953 867 342 817 1296 836 1064 663 754 1119 1073 703 1071 627 247 615 1030 1050 1321 644 822 852 122 984 624 603 769 877 631 1122 531 218 1022 762 689 665 974 424 335 723 815 704 887 672 912 861 1018 1483 1200 660 708 701 1425 698 1086 982 167 494 1249 456 666 998 469 1122 560 1210 783
18 539 530 103 400 356 686 0 80 402 581 388 616 355 200 747 525 399 384 67 440 834 86 745 801 697 92 345 791 796 62 759 396 571 570 134 215 640 783 280 436 808 664 380 90 13 407 841 268 367 123 130 150 821 252 227 187 667 819 848 43 200 176 806 12 606 300 604 816 613 267 488 530 545 759 418 568 99
86 601 481 183 386 292 612 80 0 347 616 410 581 291 271 819 495 459 335 145 520 806 144 788 730 616 85 423 765 866 81 706 445 495 620 144 217 650 794 291 514 774 605 459 170 89 417 860 204 288 182 209 141 771 276 300 250 652 899 896 47 240 217 853 91 667 370 524 738 663 187 434 587 517 807 407 649 172
417 942 137 483 213 78 634 402 347 0 961 379 264 466 600 1141 207 571 37 434 758 494 485 1135 430 499 431 650 459 1194 428 358 792 518 967 488 552 971 1116 626 726 996 738 755 482 416 747 1190 423 347 523 485 274 424 620 520 447 391 1137 1244 360 588 565 836 405 1009 555 479 498 690 265 86 931 773 1155 710 928 435
564 247 1097 550 981 897 895 581 616 961 0 934 1195 621 434 479 1106 830 951 586 645 1416 496 184 1296 1050 531 648 1373 476 538 1318 206 839 134 472 411 206 278 340 699 610 726 484 536 568 241 290 594 746 462 579 732 1385 340 649 680 1247 835 310 615 381 405 1237 584 256 706 924 1253 1047 732 1047 201 446 227 337 573 611
405 817 418 384 180 412 953 388 410 379 934 0 400 682 500 942 314 228 341 356 483 553 457 1074 785 866 475 387 507 1006 449 613 730 831 887 523 603 1022 1162 667 429 1185 996 553 401 398 790 1211 603 621 483 355 273 653 632 302 254 356 823 1155 376 570 548 472 380 881 282 820 875 311 501 421 827 927 1072 806 678 326
633 1141 146 673 242 343 867 616 581 264 1195 400 0 731 798 1308 94 628 257 627 872 230 702 1362 453 687 667 769 195 1368 657 221 1012 760 1184 725 797 1225 1370 871 824 1260 994 913 679 630 996 1439 686 608 739 661 467 253 857 657 589 167 1223 1462 580 814 791 750 615 1208 664 703 590 658 529 203 1139 1037 1374 968 1062 614
349 715 595 445 607 387 342 355 291 466 621 682 731 0 474 971 667 750 479 422 778 960 362 806 692 432 276 694 926 1002 306 777 532 243 684 282 266 558 695 308 785 531 315 679 424 356 380 782 87 140 381 481 411 847 341 582 540 848 1141 931 337 369 360 1140 368 773 656 311 633 953 205 536 684 311 846 297 869 455
187 344 725 125 566 556 817 200 271 600 434 500 798 474 0 548 704 410 580 171 319 1006 129 577 1001 869 217 262 961 596 197 954 229 714 392 193 227 547 678 243 344 812 745 205 119 187 335 717 396 530 97 146 334 1015 192 219 246 826 666 667 243 126 122 830 195 411 286 764 1008 635 451 685 341 554 581 397 395 185
735 263 1258 657 1067 1103 1296 747 819 1141 479 942 1308 971 548 0 1214 746 1117 706 476 1493 675 418 1549 1395 757 557 1447 68 743 1487 444 1212 348 716 706 685 723 666 540 1088 1163 395 660 735 645 686 909 1059 639 656 868 1543 629 652 719 1298 424 384 790 611 626 1054 741 226 660 1280 1552 902 994 1224 306 897 360 754 287 707
543 1047 136 579 148 284 836 525 495 207 1106 314 94 667 704 1214 0 541 188 533 780 310 612 1271 496 678 580 676 270 1273 569 299 920 723 1092 639 712 1143 1288 786 733 1199 945 818 586 539 912 1355 615 553 647 567 375 340 770 563 494 184 1135 1370 490 725 701 701 524 1114 571 676 615 590 462 175 1046 967 1282 889 969 520
409 666 635 337 400 583 1064 399 459 571 830 228 628 750 410 746 541 0 535 338 271 771 431 943 995 1022 489 198 726 812 458 840 624 944 755 516 589 958 1086 634 211 1196 1062 381 360 402 742 1119 663 729 440 297 364 881 588 194 211 573 595 1005 412 518 503 421 387 723 124 954 1068 224 611 629 686 932 929 788 468 302
400 923 146 461 177 98 663 384 335 37 951 341 257 479 580 1117 188 535 0 412 727 487 469 1123 463 535 420 618 450 1171 415 374 778 546 952 478 546 970 1115 620 692 1010 759 728 461 398 743 1186 429 366 507 460 249 437 611 490 416 371 1104 1230 343 575 552 799 386 990 522 511 536 652 274 107 914 781 1141 711 899 410
73 515 555 49 398 398 754 67 145 434 586 356 627 422 171 706 533 338 412 0 375 837 103 741 847 760 151 278 793 759 120 785 390 639 559 180 257 666 806 314 369 860 728 327 52 66 435 857 335 433 127 64 163 845 277 160 128 661 755 836 100 214 192 751 55 582 234 670 870 556 330 518 512 597 749 461 512 35
439 436 851 339 632 745 1119 440 520 758 645 483 872 778 319 476 780 271 727 375 0 1035 416 721 1188 1135 503 108 990 543 475 1072 457 1008 543 500 545 811 920 560 65 1123 1063 161 357 434 633 933 694 807 401 310 496 1120 508 239 312 838 383 764 475 445 441 610 429 484 209 1044 1232 437 705 831 467 869 696 710 196 353
852 1345 367 881 439 573 1073 834 806 494 1416 553 230 960 1006 1493 310 771 487 837 1035 0 920 1578 562 871 891 939 45 1555 879 288 1227 973 1397 950 1023 1453 1598 1097 980 1488 1214 1099 889 848 1223 1666 916 834 955 864 684 257 1081 843 780 198 1357 1674 800 1034 1011 770 832 1412 834 906 724 736 759 426 1347 1267 1587 1197 1231 820
69 457 616 95 485 435 703 86 144 485 496 457 702 362 129 675 612 431 469 103 416 920 0 659 875 742 90 335 877 721 68 843 309 595 483 88 157 564 705 211 426 764 653 328 72 72 332 759 278 404 37 135 236 907 174 241 227 751 783 761 125 115 92 849 88 524 317 639 879 653 322 572 446 500 673 359 519 136
728 284 1270 700 1139 1074 1071 745 788 1135 184 1074 1362 806 577 418 1271 943 1123 741 721 1578 659 0 1480 1233 704 749 1534 390 708 1493 351 1020 188 647 591 328 317 521 782 734 892 570 689 732 426 268 778 931 623 722 895 1559 517 778 820 1402 826 128 782 548 572 1330 746 246 824 1107 1438 1148 914 1222 257 611 65 518 602 761
813 1328 369 895 604 449 627 801 730 430 1296 785 453 692 1001 1549 496 995 463 847 1188 562 875 1480 0 383 800 1080 560 1597 809 273 1161 569 1332 850 891 1251 1387 958 1156 1135 823 1174 889 814 1059 1475 703 555 912 904 696 314 970 949 875 615 1567 1599 758 958 938 1196 808 1394 986 475 168 1082 569 366 1310 986 1511 988 1353 854
700 1145 547 800 712 453 247 697 616 499 1050 866 687 432 869 1395 678 1022 535 760 1135 871 742 1233 383 0 652 1035 855 1430 674 601 963 222 1117 682 690 958 1080 739 1124 772 456 1070 785 704 809 1174 485 338 771 825 661 662 769 905 842 850 1516 1360 660 784 770 1333 707 1204 966 126 248 1176 430 502 1115 666 1276 715 1261 782
79 528 566 169 468 372 615 92 85 431 531 475 667 276 217 757 580 489 420 151 503 891 90 704 800 652 0 417 850 800 31 789 364 505 539 58 134 566 711 206 508 716 577 418 148 86 333 774 190 314 119 206 218 855 190 310 278 735 873 814 100 159 138 898 103 593 385 549 795 704 237 517 510 454 725 331 610 186
347 469 744 248 528 637 1030 345 423 650 648 387 769 694 262 557 676 198 618 278 108 939 335 749 1080 1035 417 0 894 622 387 965 446 917 563 423 479 794 914 505 91 1075 989 183 269 341 595 938 608 711 327 215 389 1015 455 132 204 743 490 808 377 387 378 589 333 526 105 948 1126 401 605 723 492 815 732 660 293 252
809 1300 337 836 395 538 1050 791 765 459 1373 507 195 926 961 1447 270 726 450 793 990 45 877 1534 560 855 850 894 0 1509 837 287 1183 947 1353 908 982 1413 1558 1056 934 1455 1186 1053 845 805 1182 1625 880 802 912 819 641 267 1039 797 735 153 1313 1629 758 992 968 736 789 1367 788 884 719 696 724 396 1302 1231 1542 1159 1185 776
784 287 1313 710 1126 1153 1321 796 866 1194 476 1006 1368 1002 596 68 1273 812 1171 759 543 1555 721 390 1597 1430 800 622 1509 0 788 1542 471 1242 352 757 740 678 703 695 608 1087 1179 456 712 784 662 657 945 1096 685 712 922 1600 662 713 779 1361 479 337 840 650 667 1122 791 236 724 1313 1595 971 1038 1278 323 908 327 771 355 762
48 520 562 138 451 374 644 62 81 428 538 449 657 306 197 743 569 458 415 120 475 879 68 708 809 674 31 387 837 788 0 787 363 533 538 74 155 584 728 223 478 745 609 395 118 55 350 789 220 337 103 174 200 852 201 278 246 719 847 815 80 159 136 868 72 586 353 574 810 674 253 515 505 483 726 356 586 155
774 1298 229 834 441 420 822 759 706 358 1318 613 221 777 954 1487 299 840 374 785 1072 288 843 1493 273 601 789 965 287 1542 787 0 1151 734 1326 846 907 1315 1459 980 1028 1281 987 1094 835 772 1098 1537 756 639 881 830 621 70 977 845 773 361 1433 1603 718 947 924 966 761 1365 862 655 436 880 598 271 1289 1088 1514 1050 1255 780
379 183 924 350 788 736 852 396 445 792 206 730 1012 532 229 444 920 624 778 390 457 1227 309 351 1161 963 364 446 1183 471 363 1151 0 771 174 311 275 354 468 224 505 698 723 297 338 382 212 495 480 634 273 375 544 1215 195 443 476 1052 709 452 434 205 227 1035 396 241 500 843 1140 843 592 879 153 471 363 317 429 411
570 955 613 670 711 448 122 571 495 518 839 831 760 243 714 1212 723 944 546 639 1008 973 595 1020 569 222 505 917 947 1242 533 734 771 0 915 521 509 737 858 547 1008 566 256 919 651 575 600 953 317 214 618 702 582 802 583 796 743 907 1378 1148 543 612 602 1303 583 1010 865 98 461 1127 334 557 922 444 1066 501 1109 668
553 118 1099 516 957 911 984 570 620 967 134 887 1184 684 392 348 1092 755 952 559 543 1397 483 188 1332 1117 539 563 1353 352 538 1326 174 915 0 484 441 340 403 380 602 739 830 387 507 556 318 396 641 796 446 537 717 1390 362 589 633 1218 704 278 609 379 402 1149 569 122 636 994 1305 964 762 1054 76 556 190 426 449 577
118 480 624 182 524 427 624 134 144 488 472 523 725 282 193 716 639 516 478 180 500 950 88 647 850 682 58 423 908 757 74 846 311 521 484 0 80 510 654 149 512 680 565 398 159 125 276 716 203 343 99 222 274 912 132 328 308 792 859 758 154 108 90 932 143 544 405 573 838 736 282 575 460 416 669 283 588 216
198 455 689 251 602 486 603 215 217 552 411 603 797 266 227 706 712 589 546 257 545 1023 157 591 891 690 134 479 982 740 155 907 275 509 441 80 0 432 577 74 566 606 518 425 229 205 199 642 205 358 152 292 353 974 80 397 384 869 888 708 233 106 104 1007 223 516 473 574 865 811 323 638 428 343 620 203 610 292
622 450 1108 642 1035 899 769 640 650 971 206 1022 1225 558 547 685 1143 958 970 666 811 1453 564 328 1251 958 566 794 1413 678 584 1315 354 737 340 510 432 0 145 361 859 410 575 651 623 628 234 223 561 697 539 677 784 1385 389 766 780 1302 1036 452 664 453 474 1377 646 462 833 831 1183 1182 717 1053 402 299 390 266 767 697
765 522 1253 779 1179 1043 877 783 794 1116 278 1162 1370 695 678 723 1288 1086 1115 806 920 1598 705 317 1387 1080 711 914 1558 703 728 1459 468 858 403 654 577 145 0 504 972 444 671 759 760 771 377 97 703 835 678 813 928 1528 531 898 916 1446 1107 419 808 591 613 1502 788 516 962 955 1312 1308 860 1198 477 413 383 408 851 836
263 408 763 299 674 559 631 280 291 626 340 667 871 308 243 666 786 634 620 314 560 1097 211 521 958 739 206 505 1056 695 223 980 224 547 380 149 74 361 504 0 588 569 521 425 277 269 127 568 261 416 194 338 423 1048 51 439 437 941 882 641 303 118 131 1055 287 465 514 619 925 858 392 711 376 310 553 155 600 347
438 498 811 340 586 718 1122 436 514 726 699 429 824 785 344 540 733 211 692 369 65 980 426 782 1156 1124 508 91 934 608 478 1028 505 1008 602 512 566 859 972 588 0 1156 1078 215 360 432 670 989 699 802 416 306 472 1074 536 218 286 781 411 829 467 470 463 547 424 547 170 1038 1208 372 695 795 527 898 759 741 257 343
794 839 1120 858 1133 917 531 808 774 996 610 1185 1260 531 812 1088 1199 1196 1010 860 1123 1488 764 734 1135 772 716 1075 1455 1087 745 1281 698 566 739 680 606 410 444 569 1156 0 315 976 835 801 493 537 592 653 757 899 914 1351 620 1004 989 1379 1407 851 810 688 699 1612 818 862 1079 662 1020 1417 736 1061 792 263 798 414 1127 896
655 899 849 744 907 661 218 664 605 738 726 996 994 315 745 1163 945 1062 759 728 1063 1214 653 892 823 456 577 989 1186 1179 609 987 723 256 830 565 518 575 671 521 1078 315 0 942 722 662 517 769 400 394 662 782 727 1055 570 887 851 1130 1402 1020 650 623 623 1456 676 943 962 348 704 1268 502 790 858 281 948 409 1121 762
373 287 866 279 671 724 1022 380 459 755 484 553 913 679 205 395 818 381 728 327 161 1099 328 570 1174 1070 418 183 1053 456 395 1094 297 919 387 398 425 651 759 425 215 976 942 0 289 370 483 773 601 732 301 269 481 1149 374 256 324 906 462 625 421 319 322 761 371 343 275 967 1196 579 645 835 313 728 550 568 191 320
84 464 605 23 450 442 762 90 170 482 536 401 679 424 119 660 586 360 461 52 357 889 72 689 889 785 148 269 845 712 118 835 338 651 507 159 229 623 760 277 360 835 722 289 0 81 394 809 339 452 84 63 214 896 236 169 159 713 731 784 132 169 149 779 82 531 245 689 906 582 357 567 460 572 697 429 478 75
7 526 544 95 413 369 689 13 89 416 568 398 630 356 187 735 539 402 398 66 434 848 72 732 814 704 86 341 805 784 55 772 382 575 556 125 205 628 771 269 432 801 662 370 81 0 395 828 269 372 109 126 163 835 240 226 191 681 811 834 56 187 163 812 18 593 300 610 826 618 276 502 516 538 745 408 559 100
389 381 885 414 801 678 665 407 417 747 241 790 996 380 335 645 912 742 743 435 633 1223 332 426 1059 809 333 595 1182 662 350 1098 212 600 318 276 199 234 377 127 670 493 517 483 394 395 0 443 356 506 310 452 550 1167 158 548 554 1068 918 551 430 225 244 1163 413 426 619 684 1012 967 503 832 340 258 467 108 636 467
822 514 1327 826 1240 1119 974 841 860 1190 290 1211 1439 782 717 686 1355 1119 1186 857 933 1666 759 268 1475 1174 774 938 1625 657 789 1537 495 953 396 716 642 223 97 568 989 537 769 773 809 828 443 0 783 920 729 858 989 1606 588 935 961 1508 1086 348 869 644 666 1528 845 495 995 1048 1404 1338 938 1273 473 509 330 489 845 885
262 660 557 359 540 346 424 268 204 423 594 603 686 87 396 909 615 663 429 335 694 916 278 778 703 485 190 608 880 945 220 756 480 317 641 203 205 561 703 261 699 592 400 601 339 269 356 783 0 155 300 394 330 825 284 495 452 791 1060 900 250 299 287 1056 280 721 568 372 663 868 159 500 633 352 813 295 791 367
368 813 467 468 515 269 335 367 288 347 746 621 608 140 530 1059 553 729 366 433 807 834 404 931 555 338 314 711 802 1096 337 639 634 214 796 343 358 697 835 416 802 653 394 732 452 372 506 920 155 0 433 497 368 710 438 587 531 737 1183 1054 334 447 432 1091 378 875 654 237 508 914 120 407 787 449 967 432 924 459
106 419 653 105 519 473 723 123 182 523 462 483 739 381 97 639 647 440 507 127 401 955 37 623 912 771 119 327 912 685 103 881 273 618 446 99 152 539 678 194 416 757 662 301 84 109 310 729 300 433 0 144 271 944 152 246 243 785 760 724 163 86 65 860 123 486 321 666 913 664 356 610 408 495 636 347 492 157
132 481 601 40 425 455 815 130 209 485 579 355 661 481 146 656 567 297 460 64 310 864 135 722 904 825 206 215 819 712 174 830 375 702 537 222 292 677 813 338 306 899 782 269 63 126 452 858 394 497 144 0 211 888 295 106 103 682 691 811 164 226 208 716 118 547 182 734 932 520 394 568 483 635 725 491 451 50
168 678 392 212 251 249 704 150 141 274 732 273 467 411 334 868 375 364 249 163 496 684 236 895 696 661 218 389 641 922 200 621 544 582 717 274 353 784 928 423 472 914 727 481 214 163 550 989 330 368 271 211 0 681 400 256 186 519 879 995 120 350 327 730 148 746 307 590 736 547 248 356 673 658 907 548 657 161
837 1359 291 893 487 488 887 821 771 424 1385 653 253 847 1015 1543 340 881 437 845 1120 257 907 1559 314 662 855 1015 267 1600 852 70 1215 802 1390 912 974 1385 1528 1048 1074 1351 1055 1149 896 835 1167 1606 825 710 944 888 681 0 1044 897 826 368 1476 1667 781 1012 989 978 823 1427 911 721 482 905 668 337 1352 1159 1578 1120 1307 839
234 376 756 257 652 557 672 252 276 620 340 632 857 341 192 629 770 588 611 277 508 1081 174 517 970 769 190 455 1039 662 201 977 195 583 362 132 80 389 531 51 536 620 570 374 236 240 158 588 284 438 152 295 400 1044 0 393 396 919 832 631 281 70 86 1010 257 436 467 651 945 813 400 706 348 361 542 205 551 309
233 515 620 146 415 505 912 227 300 520 649 302 657 582 219 652 563 194 490 160 239 843 241 778 949 905 310 132 797 713 278 845 443 796 589 328 397 766 898 439 218 1004 887 256 169 226 548 935 495 587 246 106 256 897 393 0 73 651 622 854 253 324 308 616 215 579 76 822 993 419 477 595 527 740 772 594 411 128
198 568 547 139 347 433 861 187 250 447 680 254 589 540 246 719 494 211 416 128 312 780 227 820 875 842 278 204 735 779 246 773 476 743 633 308 384 780 916 437 286 989 851 324 159 191 554 961 452 531 243 103 186 826 396 73 0 592 694 903 203 328 309 623 175 633 124 763 922 428 417 522 575 725 819 587 484 92
686 1160 303 702 267 468 1018 667 652 391 1247 356 167 848 826 1298 184 573 371 661 838 198 751 1402 615 850 735 743 153 1361 719 361 1052 907 1218 792 869 1302 1446 941 781 1379 1130 906 713 681 1068 1508 791 737 785 682 519 368 919 651 592 0 1159 1493 638 867 844 609 664 1226 638 857 757 549 643 353 1165 1143 1407 1056 1033 641
816 587 1221 716 991 1127 1483 819 899 1137 835 823 1223 1141 666 424 1135 595 1104 755 383 1357 783 826 1567 1516 873 490 1313 479 847 1433 709 1378 704 859 888 1036 1107 882 411 1407 1402 462 731 811 918 1086 1060 1183 760 691 879 1476 832 622 694 1159 0 807 856 781 785 742 808 592 581 1420 1616 649 1086 1206 634 1175 775 1015 282 736
831 340 1377 792 1234 1186 1200 848 896 1244 310 1155 1462 931 667 384 1370 1005 1230 836 764 1674 761 128 1599 1360 814 808 1629 337 815 1603 452 1148 278 758 708 452 419 641 829 851 1020 625 784 834 551 348 900 1054 724 811 995 1667 631 854 903 1493 807 0 887 655 678 1374 847 282 893 1234 1562 1200 1031 1331 328 739 89 646 618 853
56 581 490 142 371 313 660 43 47 360 615 376 580 337 243 790 490 412 343 100 475 800 125 782 758 660 100 377 758 840 80 718 434 543 609 154 233 664 808 303 467 810 650 421 132 56 430 869 250 334 163 164 120 781 281 253 203 638 856 887 0 234 211 811 50 648 322 570 774 619 229 447 571 550 798 431 609 125
182 371 722 189 600 531 708 200 240 588 381 570 814 369 126 611 725 518 575 214 445 1034 115 548 958 784 159 387 992 650 159 947 205 612 379 108 106 453 591 118 470 688 623 319 169 187 225 644 299 447 86 226 350 1012 70 324 328 867 781 655 234 0 23 940 203 435 397 672 946 743 391 675 351 428 566 274 503 244
158 390 698 170 577 509 701 176 217 565 405 548 791 360 122 626 701 503 552 192 441 1011 92 572 938 770 138 378 968 667 136 924 227 602 402 90 104 474 613 131 463 699 623 322 149 163 244 666 287 432 65 208 327 989 86 308 309 844 785 678 211 23 0 924 179 455 382 659 928 727 372 652 372 437 590 286 509 223
819 1046 833 756 622 880 1425 806 853 836 1237 472 750 1140 830 1054 701 421 799 751 610 770 849 1330 1196 1333 898 589 736 1122 868 966 1035 1303 1149 932 1007 1377 1502 1055 547 1612 1456 761 779 812 1163 1528 1056 1091 860 716 730 978 1010 616 623 609 742 1374 811 940 924 0 795 1094 545 1293 1313 196 971 856 1074 1349 1306 1208 770 716
25 536 532 93 397 361 698 12 91 405 584 380 615 368 195 741 524 387 386 55 429 832 88 746 808 707 103 333 789 791 72 761 396 583 569 143 223 646 788 287 424 818 676 371 82 18 413 845 280 378 123 118 148 823 257 215 175 664 808 847 50 203 179 795 0 604 288 615 824 601 277 491 528 556 759 426 559 87
592 67 1136 535 973 960 1086 606 667 1009 256 881 1208 773 411 226 1114 723 990 582 484 1412 524 246 1394 1204 593 526 1367 236 586 1365 241 1010 122 544 516 462 516 465 547 862 943 343 531 593 426 495 721 875 486 547 746 1427 436 579 633 1226 592 282 648 435 455 1094 604 0 613 1084 1380 918 827 1095 88 673 212 534 356 593
307 552 643 222 423 549 982 300 370 555 706 282 664 656 286 660 571 124 522 234 209 834 317 824 986 966 385 105 788 724 353 862 500 865 636 405 473 833 962 514 170 1079 962 275 245 300 619 995 568 654 321 182 307 911 467 76 124 638 581 893 322 397 382 545 288 613 0 886 1040 348 541 625 569 816 814 668 399 201
605 1026 557 706 684 418 167 604 524 479 924 820 703 311 764 1280 676 954 511 670 1044 906 639 1107 475 126 549 948 884 1313 574 655 843 98 994 573 574 831 955 619 1038 662 348 967 689 610 684 1048 372 237 666 734 590 721 651 822 763 857 1420 1234 570 672 659 1293 615 1084 886 0 363 1125 346 504 995 541 1151 589 1159 695
824 1316 480 916 699 490 494 816 738 498 1253 875 590 633 1008 1552 615 1068 536 870 1232 724 879 1438 168 248 795 1126 719 1595 810 436 1140 461 1305 838 865 1183 1312 925 1208 1020 704 1196 906 826 1012 1404 663 508 913 932 736 482 945 993 922 757 1616 1562 774 946 928 1313 824 1380 1040 363 0 1182 557 458 1293 901 1476 928 1383 884
625 866 713 560 483 723 1249 613 663 690 1047 311 658 953 635 902 590 224 652 556 437 736 653 1148 1082 1176 704 401 696 971 674 880 843 1127 964 736 811 1182 1308 858 372 1417 1268 579 582 618 967 1338 868 914 664 520 547 905 813 419 428 549 649 1200 619 743 727 196 601 918 348 1125 1182 0 793 725 891 1153 1128 1011 615 520
272 762 398 370 405 187 456 267 187 265 732 501 529 205 451 994 462 611 274 330 705 759 322 914 569 430 237 605 724 1038 253 598 592 334 762 282 323 717 860 392 695 736 502 645 357 276 503 938 159 120 356 394 248 668 400 477 417 643 1086 1031 229 391 372 971 277 827 541 346 557 793 0 341 742 507 943 452 835 352
503 1028 59 567 242 154 666 488 434 86 1047 421 203 536 685 1224 175 629 107 518 831 426 572 1222 366 502 517 723 396 1278 515 271 879 557 1054 575 638 1053 1198 711 795 1061 790 835 567 502 832 1273 500 407 610 568 356 337 706 595 522 353 1206 1331 447 675 652 856 491 1095 625 504 458 725 341 0 1018 846 1242 791 1006 517
514 47 1061 466 908 880 998 530 587 931 201 827 1139 684 341 306 1046 686 914 512 467 1347 446 257 1310 1115 510 492 1302 323 505 1289 153 922 76 460 428 402 477 376 527 792 858 313 460 516 340 473 633 787 408 483 673 1352 348 527 575 1165 634 328 571 351 372 1074 528 88 569 995 1293 891 742 1018 0 591 245 449 374 526
531 635 904 595 888 694 469 545 517 773 446 927 1037 311 554 897 967 932 781 597 869 1267 500 611 986 666 454 815 1231 908 483 1088 471 444 556 416 343 299 413 310 898 263 281 728 572 538 258 509 352 449 495 635 658 1159 361 740 725 1143 1175 739 550 428 437 1349 556 673 816 541 901 1153 507 846 591 0 667 160 892 633
743 262 1288 705 1147 1097 1122 759 807 1155 227 1072 1374 846 581 360 1282 929 1141 749 696 1587 673 65 1511 1276 725 732 1542 327 726 1514 363 1066 190 669 620 390 383 553 759 798 948 550 697 745 467 330 813 967 636 725 907 1578 542 772 819 1407 775 89 798 566 590 1306 759 212 814 1151 1476 1128 943 1242 245 667 0 565 563 766
401 490 847 451 792 636 560 418 407 710 337 806 968 297 397 754 889 788 711 461 710 1197 359 518 988 715 331 660 1159 771 356 1050 317 501 426 283 203 266 408 155 741 414 409 568 429 408 108 489 295 432 347 491 548 1120 205 594 587 1056 1015 646 431 274 286 1208 426 534 668 589 928 1011 452 791 449 160 565 0 732 495
562 331 1031 466 820 905 1210 568 649 928 573 678 1062 869 395 287 969 468 899 512 196 1231 519 602 1353 1261 610 293 1185 355 586 1255 429 1109 449 588 610 767 851 600 257 1127 1121 191 478 559 636 845 791 924 492 451 657 1307 551 411 484 1033 282 618 609 503 509 770 559 356 399 1159 1383 615 835 1006 374 892 563 732 0 500
107 527 551 61 381 405 783 99 172 435 611 326 614 455 185 707 520 302 410 35 353 820 136 761 854 782 186 252 776 762 155 780 411 668 577 216 292 697 836 347 343 896 762 320 75 100 467 885 367 459 157 50 161 839 309 128 92 641 736 853 125 244 223 716 87 593 201 695 884 520 352 517 526 633 766 495 500 0
