0 1659 1309 180 1311 404 1019 1005 798 962 1586 515 215 97 201 1617
1659 0 2551 1638 2462 1262 1859 2129 964 1961 3015 1172 1494 1581 1855 1819
1309 2551 0 1171 151 1487 2284 2167 1607 2191 539 1707 1507 1299 1277 2922
180 1638 1171 0 1160 383 1194 1186 720 1142 1494 564 339 130 322 1772
1311 2462 151 1160 0 1449 2309 2213 1532 2224 684 1675 1500 1291 1303 2928
404 1262 1487 383 1449 0 1121 1221 411 1122 1857 230 302 319 605 1576
1019 1859 2284 1194 2309 1121 0 335 1457 160 2450 958 885 1071 1007 706
1005 2129 2167 1186 2213 1221 335 0 1602 182 2264 1109 937 1080 927 995
798 964 1607 720 1532 411 1457 1602 0 1485 2054 500 712 704 999 1792
962 1961 2191 1142 2224 1122 160 182 1485 0 2330 985 859 1026 921 855
1586 3015 539 1494 684 1857 2450 2264 2054 2330 0 2057 1801 1607 1490 3133
515 1172 1707 564 1675 230 958 1109 500 985 2057 0 325 461 697 1357
215 1494 1507 339 1500 302 885 937 712 859 1801 325 0 209 375 1434
97 1581 1299 130 1291 319 1071 1080 704 1026 1607 461 209 0 295 1641
201 1855 1277 322 1303 605 1007 927 999 921 1490 697 375 295 0 1656
1617 1819 2922 1772 2928 1576 706 995 1792 855 3133 1357 1434 1641 1656 0
