0 1625 1396 576 820 590 833 553 1357 1405 147 154 500 1004 923 757
1625 0 1083 1623 2299 2106 794 1834 667 722 1691 1572 2113 2617 1428 1142
1396 1083 0 1010 1697 1987 979 1239 1477 1555 1361 1259 1727 2324 615 640
576 1623 1010 0 709 1102 945 233 1593 1659 463 426 734 1333 418 491
820 2299 1697 709 0 957 1554 477 2151 2206 688 782 443 847 1082 1195
590 2106 1987 1102 957 0 1324 980 1694 1720 649 733 518 570 1492 1348
833 794 979 945 1554 1324 0 1119 655 726 908 792 1325 1824 927 568
553 1834 1239 233 477 980 1119 0 1748 1810 410 438 543 1133 634 718
1357 667 1477 1593 2151 1694 655 1748 0 78 1470 1369 1853 2253 1570 1215
1405 722 1555 1659 2206 1720 726 1810 78 0 1522 1423 1898 2283 1645 1290
147 1691 1361 463 688 649 908 410 1470 1522 0 120 423 983 843 733
154 1572 1259 426 782 733 792 438 1369 1423 120 0 543 1100 769 625
500 2113 1727 734 443 518 1325 543 1853 1898 423 543 0 600 1152 1127
1004 2617 2324 1333 847 570 1824 1133 2253 2283 983 1100 600 0 1752 1713
923 1428 615 418 1082 1492 927 634 1570 1645 843 769 1152 1752 0 358
757 1142 640 491 1195 1348 568 718 1215 1290 733 625 1127 1713 358 0
