0 1329 593 1413 103 757 227 1539 767 677 0 430 840 147 1052 1026
1329 0 1730 1485 1353 1958 1354 2554 1321 1301 1329 1439 2056 1182 2211 2204
593 1730 0 1210 498 1027 789 947 607 551 593 964 1065 695 1297 477
1413 1485 1210 0 1331 2129 1624 1484 658 745 1413 1826 2193 1371 2423 1482
103 1353 498 1331 0 814 328 1445 679 589 103 530 890 203 1111 945
757 1958 1027 2129 814 0 623 1789 1471 1384 757 523 98 864 296 1206
227 1354 789 1624 328 623 0 1726 988 898 226 205 716 262 905 1185
1539 2554 947 1484 1445 1789 1726 0 1240 1253 1539 1883 1786 1639 1986 583
767 1321 607 658 679 1471 988 1240 0 89 768 1193 1536 750 1765 998
677 1301 551 745 589 1384 898 1253 89 0 678 1103 1450 663 1678 968
0 1329 593 1413 103 757 226 1539 768 678 0 430 839 147 1052 1026
430 1439 964 1826 530 523 205 1883 1193 1103 430 0 622 457 774 1324
840 2056 1065 2193 890 98 716 1786 1536 1450 839 622 0 952 232 1206
147 1182 695 1371 203 864 262 1639 750 663 147 457 952 0 1154 1148
1052 2211 1297 2423 1111 296 905 1986 1765 1678 1052 774 232 1154 0 1412
1026 2204 477 1482 945 1206 1185 583 998 968 1026 1324 1206 1148 1412 0
