0 446 568 1040 378 1685 502 13 1029 1292 712 83 761 132 395 1651
446 0 531 1475 75 1613 940 436 1430 1138 960 482 407 567 323 2097
568 531 0 1492 542 2125 841 572 1151 724 1277 518 452 587 223 1976
1040 1475 1492 0 1401 1998 659 1047 820 2161 853 1036 1795 946 1399 720
378 75 542 1401 0 1586 877 368 1378 1182 890 421 474 503 323 2029
1685 1613 2125 1998 1586 0 1995 1673 2543 2739 1192 1768 1951 1778 1902 2697
502 940 841 659 877 1995 0 513 564 1502 835 458 1189 373 780 1169
13 436 572 1047 368 1673 513 0 1042 1296 706 95 756 145 395 1661
1029 1430 1151 820 1378 2543 564 1042 0 1635 1360 964 1581 897 1190 916
1292 1138 724 2161 1182 2739 1502 1296 1635 0 1998 1241 794 1307 918 2539
712 960 1277 853 890 1192 835 706 1360 1998 0 777 1363 739 1082 1573
83 482 518 1036 421 1768 458 95 964 1241 777 0 759 90 369 1621
761 407 452 1795 474 1951 1189 756 1581 794 1363 759 0 849 408 2356
132 567 587 946 503 1778 373 145 897 1307 739 90 849 0 455 1532
395 323 223 1399 323 1902 780 395 1190 918 1082 369 408 455 0 1947
1651 2097 1976 720 2029 2697 1169 1661 916 2539 1573 1621 2356 1532 1947 0
