0 1102 1214 124 618 1597 1369 1220 1212 1525 293 671 268 1675 643 969
1102 0 2284 998 1304 1805 1321 2109 1348 1492 958 1725 1328 2476 568 1177
1214 2284 0 1335 1123 2407 2390 643 2179 2015 1464 895 960 1778 1856 1981
124 998 1335 0 698 1521 1265 1338 1119 1548 184 742 392 1687 520 874
618 1304 1123 698 0 2215 1956 806 1818 1016 881 1076 488 2189 1078 1572
1597 1805 2407 1521 2215 0 520 2709 463 3007 1345 1515 1796 1205 1378 686
1369 1321 2390 1265 1956 520 0 2570 230 2630 1081 1513 1612 1575 975 414
1220 2109 643 1338 806 2709 2570 0 2390 1466 1513 1254 960 2309 1818 2158
1212 1348 2179 1119 1818 463 230 2390 0 2559 936 1295 1441 1369 918 246
1525 1492 2015 1548 1016 3007 2630 1466 2559 0 1694 2087 1487 3183 1655 2321
293 958 1464 184 881 1345 1081 1513 936 1694 0 772 555 1604 418 690
671 1725 895 742 1076 1515 1513 1254 1295 2087 772 0 602 1124 1188 1115
268 1328 960 392 488 1796 1612 960 1441 1487 555 602 0 1703 906 1204
1675 2476 1778 1687 2189 1205 1575 2309 1369 3183 1604 1124 1703 0 1914 1388
643 568 1856 520 1078 1378 975 1818 918 1655 418 1188 906 1914 0 697
969 1177 1981 874 1572 686 414 2158 246 2321 690 1115 1204 1388 697 0
