0 1344 916 229 666 1244 13 275 1692 1136 1050 956 721 1350 704 1664
1344 0 1235 1216 1257 1106 1358 1616 794 1801 1479 650 644 1214 1795 424
916 1235 0 692 258 401 923 1030 1929 2007 1837 1319 981 470 1620 1319
229 1216 692 0 451 1014 238 433 1664 1329 1202 937 644 1121 931 1499
666 1257 258 451 0 640 672 772 1876 1779 1633 1209 871 723 1369 1419
1244 1106 401 1014 640 0 1253 1400 1877 2258 2043 1389 1082 127 1941 1064
13 1358 923 238 672 1253 0 261 1704 1135 1053 969 735 1359 697 1678
275 1616 1030 433 772 1400 261 0 1956 1203 1192 1223 997 1493 668 1924
1692 794 1929 1664 1876 1877 1704 1956 0 1595 1256 735 1028 1992 1850 1096
1136 1801 2007 1329 1779 2258 1135 1203 1595 0 343 1150 1271 2380 593 2222
1050 1479 1837 1202 1633 2043 1053 1192 1256 343 0 829 999 2168 728 1903
956 650 1319 937 1209 1389 969 1223 735 1150 829 0 340 1516 1211 1074
721 644 981 644 871 1082 735 997 1028 1271 999 340 0 1210 1164 1018
1350 1214 470 1121 723 127 1359 1493 1992 2380 2168 1516 1210 0 2051 1139
704 1795 1620 931 1369 1941 697 668 1850 593 728 1211 1164 2051 0 2183
1664 424 1319 1499 1419 1064 1678 1924 1096 2222 1903 1074 1018 1139 2183 0
