0 1382 1216 1607 306 730 824 1486 510 982 891 1258 1526 160 1148 805
1382 0 2595 225 1331 2045 2074 1676 977 2300 2102 2499 2817 1357 352 2089
1216 2595 0 2821 1360 763 892 2117 1655 468 784 680 628 1245 2361 816
1607 225 2821 0 1548 2264 2287 1823 1199 2524 2323 2719 3039 1582 531 2304
306 1331 1360 1548 0 717 745 1747 657 1212 1170 1515 1756 454 1041 757
730 2045 763 2264 717 0 172 2094 1241 856 1012 1198 1317 848 1757 103
824 2074 892 2287 745 172 0 2237 1328 1025 1185 1366 1470 958 1768 79
1486 1676 2117 1823 1747 2094 2237 0 1150 1653 1336 1601 1928 1326 1771 2192
510 977 1655 1199 657 1241 1328 1150 0 1327 1126 1523 1839 417 845 1314
982 2300 468 2524 1212 856 1025 1653 1327 0 317 342 545 953 2112 947
891 2102 784 2323 1170 1012 1185 1336 1126 317 0 396 722 814 1953 1113
1258 2499 680 2719 1515 1198 1366 1601 1523 342 396 0 341 1198 2346 1288
1526 2817 628 3039 1756 1317 1470 1928 1839 545 722 341 0 1489 2647 1391
160 1357 1245 1582 454 848 958 1326 417 953 814 1198 1489 0 1158 931
1148 352 2361 531 1041 1757 1768 1771 845 2112 1953 2346 2647 1158 0 1791
805 2089 816 2304 757 103 79 2192 1314 947 1113 1288 1391 931 1791 0
