0 319 914 842 602 654 1107 654 653 53 967 22 1173 273 242 1141
319 0 598 524 283 957 943 560 959 269 649 320 1181 102 336 857
914 598 0 79 319 1518 789 725 1557 866 189 917 1496 676 841 368
842 524 79 0 243 1454 813 700 1482 793 188 844 1426 599 781 434
602 283 319 243 0 1229 858 605 1239 552 372 603 1272 356 570 624
654 957 1518 1454 1229 0 1429 991 481 708 1601 663 1597 927 679 1664
1107 943 789 813 858 1429 0 465 1700 1091 979 1124 2110 1043 883 552
654 560 725 700 605 991 465 0 1235 645 888 673 1739 648 421 718
653 959 1557 1482 1239 481 1700 1235 0 695 1585 646 1195 884 826 1795
53 269 866 793 552 708 1091 645 695 0 915 50 1151 220 250 1102
967 649 189 188 372 1601 979 888 1585 915 0 966 1379 704 939 527
22 320 917 844 603 663 1124 673 646 50 966 0 1151 267 263 1150
1173 1181 1496 1426 1272 1597 2110 1739 1195 1151 1379 1151 0 1090 1398 1861
273 102 676 599 356 927 1043 648 884 220 704 267 1090 0 365 953
242 336 841 781 570 679 883 421 826 250 939 263 1398 365 0 998
1141 857 368 434 624 1664 552 718 1795 1102 527 1150 1861 953 998 0
