0 33 672 617 717 76 204 94 662 357 606 333 737 766 824 789 859 737 508 396 668 602 417 832 816 690 831 531 365 422 728 672 553 246 575 439 227 203 359 120 384 36 292 23 541 224 463 343 366 244 540 765 473 740 680 11 73 97 45 516 40 241 791 412 127 709 687 451 637 159 445 744 134 75 123 297 256 96
33 0 639 635 735 49 170 125 677 365 583 363 733 794 809 757 838 765 538 424 699 595 440 800 790 698 813 514 398 401 752 689 529 242 542 471 260 173 391 107 418 54 316 40 568 198 458 343 398 229 507 766 457 713 712 43 41 88 12 494 14 249 822 387 160 723 718 430 646 126 475 738 138 80 155 281 286 125
672 639 0 1159 1248 612 472 755 1084 849 547 963 864 1359 850 341 731 1321 1155 1000 1301 853 976 375 573 1102 795 638 1037 477 1268 1195 410 696 203 1094 897 483 1026 633 1055 684 915 675 1171 491 780 701 1023 562 147 968 536 333 1321 683 603 624 628 555 634 776 1424 486 797 1110 1309 556 990 515 1069 949 699 662 786 605 914 745
617 635 1159 0 99 625 737 614 1128 310 765 693 1327 988 737 1101 893 987 292 762 829 456 839 1131 969 236 799 622 507 1037 1052 61 1161 467 985 644 550 794 410 570 536 583 336 598 231 830 422 935 620 862 1066 1329 1091 1325 808 607 644 715 639 686 649 402 905 692 575 1180 873 646 1155 706 742 522 508 685 603 553 413 634
717 735 1248 99 0 724 834 712 1216 403 832 781 1424 1053 770 1174 938 1055 358 849 892 505 927 1202 1027 244 838 689 590 1137 1127 52 1260 561 1069 723 644 892 495 668 617 682 434 697 293 929 493 1033 704 961 1160 1424 1190 1422 869 707 743 814 738 759 749 500 960 774 673 1267 938 724 1246 804 823 546 607 784 700 642 509 732
76 49 612 625 724 0 140 170 725 341 533 409 767 842 762 714 788 812 551 472 743 554 489 757 741 671 764 465 431 416 802 676 536 205 503 512 297 169 414 66 452 73 319 67 576 205 417 382 440 254 486 806 477 708 755 82 21 126 38 444 58 227 866 338 199 771 763 380 692 97 521 696 116 127 199 233 303 172
204 170 472 737 834 140 0 293 779 435 472 524 746 949 740 595 733 917 688 577 864 582 579 639 659 748 729 441 568 344 892 784 439 279 373 640 431 96 554 170 588 212 452 204 710 145 457 397 567 235 348 804 417 588 878 213 132 187 158 397 168 334 987 277 331 820 880 342 725 44 636 718 237 215 324 245 443 289
94 125 755 614 712 170 293 0 593 391 696 239 715 672 902 883 946 644 461 304 574 663 332 926 908 718 913 614 285 454 639 672 594 311 667 346 142 274 298 205 300 108 277 106 502 282 525 321 273 270 618 729 493 795 586 88 167 138 138 604 125 280 697 504 47 642 593 539 581 250 351 805 194 98 31 380 215 20
662 677 1084 1128 1216 725 779 593 0 976 1248 435 406 418 1487 1337 1508 374 873 366 492 1257 289 1382 1437 1285 1490 1191 627 608 261 1189 712 903 1099 512 587 695 720 782 604 692 817 684 937 656 1118 396 513 560 940 317 561 922 532 664 710 607 686 1165 667 871 564 1050 606 51 459 1103 120 752 404 1398 787 598 583 958 728 579
357 365 849 310 403 341 435 391 976 0 507 563 1094 955 589 817 696 940 383 639 816 307 695 851 727 332 626 371 445 756 972 352 870 158 679 584 400 502 360 278 478 321 192 334 368 544 189 699 529 593 756 1118 818 1021 810 350 361 452 364 415 379 116 922 393 370 1026 851 363 972 409 651 438 227 432 395 245 276 410
606 583 547 765 832 533 472 696 1248 507 0 933 1197 1365 310 350 260 1339 889 1001 1250 347 1023 372 223 628 272 143 895 769 1334 781 806 428 345 1012 794 564 833 491 925 588 669 590 875 610 344 870 943 706 547 1267 848 846 1255 609 544 642 571 96 590 512 1368 197 711 1290 1277 161 1197 496 1042 411 521 657 720 325 723 702
333 363 963 693 781 409 524 239 435 563 933 0 689 432 1121 1119 1179 405 449 76 341 862 146 1162 1148 855 1139 843 201 578 413 754 722 528 896 145 162 482 286 442 185 346 389 346 509 472 728 358 96 415 819 662 587 941 358 328 405 343 375 840 360 472 464 743 222 487 355 774 469 482 112 999 417 309 213 612 297 238
737 733 864 1327 1424 767 746 715 406 1094 1197 689 0 822 1484 1177 1453 777 1127 651 872 1317 568 1218 1341 1427 1466 1187 886 431 667 1386 453 972 950 815 787 650 956 834 874 773 991 760 1183 600 1183 395 785 518 742 119 353 609 910 744 747 645 736 1136 718 978 960 1015 752 392 848 1086 289 741 718 1457 870 661 724 982 916 695
766 794 1359 988 1053 842 949 672 418 955 1365 432 822 0 1536 1545 1607 44 696 371 161 1263 383 1589 1580 1196 1561 1269 513 918 161 1044 1049 951 1317 371 575 894 607 874 479 779 764 778 760 874 1136 673 430 797 1212 735 896 1271 191 760 836 763 807 1270 791 884 158 1176 653 445 115 1205 533 909 322 1392 845 734 646 1041 680 669
824 809 850 737 770 762 740 902 1487 589 310 1121 1484 1536 0 590 191 1517 950 1195 1402 292 1234 594 346 528 80 300 1032 1064 1534 728 1112 593 651 1167 964 837 950 704 1065 797 781 804 915 885 402 1132 1106 975 857 1545 1141 1155 1398 824 778 885 800 349 820 652 1511 470 902 1533 1436 398 1452 753 1221 227 708 889 919 528 858 913
789 757 341 1101 1174 714 595 883 1337 817 350 1119 1177 1545 590 0 432 1512 1184 1173 1457 698 1171 44 259 978 520 487 1135 758 1481 1122 729 698 238 1227 1010 656 1094 701 1160 785 946 781 1181 687 681 941 1154 779 435 1271 830 673 1469 796 716 782 745 415 758 788 1580 428 913 1371 1475 456 1259 636 1231 750 754 811 913 587 979 881
859 838 731 893 938 788 733 946 1508 696 260 1179 1453 1607 191 432 0 1584 1074 1249 1485 436 1276 427 172 701 111 338 1120 1022 1586 892 1046 657 548 1246 1032 825 1048 741 1151 838 878 842 1048 871 508 1131 1180 966 768 1526 1101 1055 1485 861 801 901 827 344 846 732 1599 457 956 1550 1514 408 1458 756 1286 410 762 914 968 567 945 954
737 765 1321 987 1055 812 917 644 374 940 1339 405 777 44 1517 1512 1584 0 697 341 172 1247 345 1556 1553 1190 1540 1246 501 876 121 1044 1006 929 1283 358 553 860 598 848 468 752 751 750 761 838 1118 632 412 759 1173 691 853 1228 207 732 806 730 777 1245 760 865 195 1148 627 403 125 1179 488 878 297 1378 821 702 618 1017 664 640
508 538 1155 292 358 551 688 461 873 383 889 449 1127 696 950 1184 1074 697 0 508 537 657 591 1221 1111 514 997 755 248 916 769 347 1055 486 1016 368 346 711 172 522 269 485 242 497 65 732 566 756 361 732 1036 1110 953 1249 516 497 564 593 546 796 548 396 614 756 414 924 581 739 918 647 472 760 456 555 438 596 252 480
396 424 1000 762 849 472 577 304 366 639 1001 76 651 371 1195 1173 1249 341 508 0 302 938 85 1217 1213 930 1212 914 261 591 338 823 732 601 947 164 238 526 353 509 239 413 464 411 571 510 803 356 147 442 854 613 589 954 327 392 465 392 436 908 419 548 424 809 293 418 308 843 412 537 77 1075 489 362 281 682 373 299
668 699 1301 829 892 743 864 574 492 816 1250 341 872 161 1402 1457 1485 172 537 302 0 1123 349 1500 1470 1041 1432 1146 370 890 277 884 1029 828 1237 239 457 822 459 767 337 675 623 677 600 810 1000 649 308 745 1156 802 881 1252 40 661 741 684 712 1155 698 754 123 1068 546 531 47 1089 591 821 231 1248 729 650 544 925 544 575
602 595 853 456 505 554 582 663 1257 307 347 862 1317 1263 292 698 436 1247 657 938 1123 0 987 719 523 283 345 219 752 926 1274 457 1008 356 652 891 701 674 665 488 785 569 499 579 622 723 138 937 835 799 810 1360 999 1106 1116 598 574 680 589 301 609 390 1227 374 654 1306 1158 298 1239 579 955 142 471 674 675 337 582 678
417 440 976 839 927 489 579 332 289 695 1023 146 568 383 1234 1171 1276 345 591 85 349 987 0 1215 1229 997 1246 946 343 543 313 900 681 641 939 249 299 516 432 536 323 439 530 435 653 492 850 300 231 413 828 528 532 904 379 415 479 392 451 933 433 596 464 827 333 341 344 868 327 542 150 1126 525 369 315 712 439 322
832 800 375 1131 1202 757 639 926 1382 851 372 1162 1218 1589 594 44 427 1556 1221 1217 1500 719 1215 0 254 1001 521 513 1176 801 1526 1150 769 735 282 1269 1052 701 1134 743 1202 827 984 824 1216 731 709 986 1197 824 475 1313 872 706 1512 839 759 826 788 444 802 826 1623 465 956 1415 1518 488 1303 680 1274 764 795 855 955 624 1018 925
816 790 573 969 1027 741 659 908 1437 727 223 1148 1341 1580 346 259 172 1553 1111 1213 1470 523 1229 254 0 805 269 356 1118 911 1542 977 916 651 404 1232 1013 743 1057 705 1147 801 893 802 1094 784 554 1048 1162 881 627 1423 988 902 1475 820 750 840 778 320 796 736 1589 404 927 1476 1495 383 1376 690 1258 537 741 860 934 546 947 913
690 698 1102 236 244 671 748 718 1285 332 628 855 1427 1196 528 978 701 1190 514 930 1041 283 997 1001 805 0 598 492 693 1083 1243 208 1188 472 909 836 697 826 594 606 725 654 467 667 459 870 321 1031 798 925 1036 1447 1147 1320 1025 682 692 785 696 570 712 449 1127 615 690 1336 1083 550 1293 730 923 302 559 765 717 518 557 737
831 813 795 799 838 764 729 913 1490 626 272 1139 1466 1561 80 520 111 1540 997 1212 1432 345 1246 521 269 598 0 299 1063 1040 1550 794 1078 611 600 1194 986 824 985 711 1095 806 815 812 966 872 437 1125 1131 964 813 1532 1118 1108 1430 832 779 884 803 331 823 678 1543 452 918 1535 1464 388 1449 746 1242 301 722 892 933 534 888 923
531 514 638 622 689 465 441 614 1191 371 143 843 1187 1269 300 487 338 1246 755 914 1146 219 946 513 356 492 299 0 782 772 1253 638 833 318 436 907 694 538 713 411 813 506 545 512 737 587 201 832 841 676 607 1245 848 907 1147 532 480 586 504 82 524 394 1261 180 621 1236 1175 102 1153 453 948 314 425 593 634 234 608 624
365 398 1037 507 590 431 568 285 627 445 895 201 886 513 1032 1135 1120 501 248 261 370 752 343 1176 1118 693 1063 782 0 720 550 567 864 467 934 144 142 560 99 433 33 357 252 365 310 567 630 530 114 540 903 863 744 1073 366 355 436 423 410 798 403 388 479 724 241 679 406 734 669 524 234 879 383 382 255 571 174 298
422 401 477 1037 1137 416 344 454 608 756 769 578 431 918 1064 758 1022 876 916 591 890 926 543 801 911 1083 1040 772 720 0 808 1091 145 610 525 723 582 257 751 478 725 454 714 440 955 212 801 244 662 184 336 515 78 364 917 432 395 326 398 714 388 644 1007 594 502 632 887 669 513 354 667 1061 532 362 478 590 667 435
728 752 1268 1052 1127 802 892 639 261 972 1334 413 667 161 1534 1481 1586 121 769 338 277 1274 313 1526 1542 1243 1550 1253 550 808 0 1111 930 940 1247 408 573 825 649 845 519 748 788 744 834 797 1141 568 446 710 1120 576 776 1149 316 725 792 705 764 1243 746 885 316 1140 632 285 234 1178 379 856 322 1410 828 682 618 1019 698 632
672 689 1195 61 52 676 784 672 1189 352 781 754 1386 1044 728 1122 892 1044 347 823 884 457 900 1150 977 208 794 638 567 1091 1111 0 1213 510 1017 704 611 845 470 620 596 638 395 652 284 882 441 993 681 917 1108 1390 1146 1372 863 663 696 770 692 707 703 451 958 722 634 1241 929 671 1215 755 802 506 559 741 662 590 473 692
553 529 410 1161 1260 536 439 594 712 870 806 722 453 1049 1112 729 1046 1006 1055 732 1029 1008 681 769 916 1188 1078 833 864 145 930 1213 0 717 513 868 726 368 892 593 869 584 845 569 1092 332 891 380 807 325 295 558 154 223 1058 564 517 462 525 766 517 762 1145 652 642 729 1025 730 605 460 809 1136 653 499 619 679 804 576
246 242 696 467 561 205 279 311 903 158 428 528 972 951 593 698 657 929 486 601 828 356 641 735 651 472 611 318 467 610 940 510 717 0 537 588 375 353 406 138 497 213 249 223 488 397 217 585 522 459 599 1008 676 863 829 242 226 329 237 331 255 90 943 271 309 951 857 268 883 257 631 498 116 319 326 111 295 324
575 542 203 985 1069 503 373 667 1099 679 345 896 950 1317 651 238 548 1283 1016 947 1237 652 939 282 404 909 600 436 934 525 1247 1017 513 537 0 1013 801 423 906 504 956 577 774 571 1023 451 589 703 940 542 223 1040 598 508 1252 583 501 555 529 353 541 623 1361 296 702 1132 1252 359 1021 416 1008 745 565 587 697 434 790 662
439 471 1094 644 723 512 640 346 512 584 1012 145 815 371 1167 1227 1246 358 368 164 239 891 249 1269 1232 836 1194 907 144 723 408 704 868 588 1013 0 219 610 242 531 111 442 393 445 433 606 766 503 72 557 952 776 733 1086 244 431 512 469 484 916 472 516 357 831 313 562 269 850 571 596 107 1021 491 432 315 686 309 351
227 260 897 550 644 297 431 142 587 400 794 162 787 575 964 1010 1032 553 346 238 457 701 299 1052 1013 697 986 694 142 582 573 611 726 375 801 219 0 417 174 311 157 225 230 230 397 424 568 410 149 400 761 781 612 932 463 218 300 280 272 698 264 312 576 611 100 639 483 632 604 387 256 837 272 239 112 468 140 155
203 173 483 794 892 169 96 274 695 502 564 482 650 894 837 656 825 860 711 526 822 674 516 701 743 826 824 538 560 257 825 845 368 353 423 610 417 0 562 225 575 226 486 214 741 49 546 306 539 141 343 708 326 540 841 214 152 141 165 492 163 393 946 371 319 733 834 438 634 97 591 811 285 179 305 337 459 263
359 391 1026 410 495 414 554 298 720 360 833 286 956 607 950 1094 1048 598 172 353 459 665 432 1134 1057 594 985 713 99 751 649 470 892 406 906 242 174 562 0 401 130 342 169 352 226 578 548 584 210 567 898 942 784 1093 451 348 423 435 401 737 399 320 562 673 250 772 498 674 755 510 333 788 341 395 273 516 116 316
120 107 633 570 668 66 170 205 782 278 491 442 834 874 704 701 741 848 522 509 767 488 536 743 705 606 711 411 433 478 845 620 593 138 504 531 311 225 401 0 458 96 283 101 541 265 351 448 459 321 516 872 541 756 775 121 87 192 100 399 120 168 888 302 221 829 790 333 753 136 552 631 67 187 229 177 286 213
384 418 1055 536 617 452 588 300 604 478 925 185 874 479 1065 1160 1151 468 269 239 337 785 323 1202 1147 725 1095 813 33 725 519 596 869 497 956 111 157 575 130 458 0 379 286 385 333 579 663 527 92 547 918 847 746 1081 334 374 456 436 429 828 421 419 447 752 258 655 373 764 650 544 206 913 410 396 269 600 207 311
36 54 684 583 682 73 212 108 692 321 588 346 773 779 797 785 838 752 485 413 675 569 439 827 801 654 806 506 357 454 748 638 584 213 577 442 225 226 342 96 379 0 262 14 514 253 430 379 369 279 556 801 508 767 685 29 81 133 61 495 67 204 797 396 128 739 697 430 670 169 457 711 99 111 133 272 234 117
292 316 915 336 434 319 452 277 817 192 669 389 991 764 781 946 878 751 242 464 623 499 530 984 893 467 815 545 252 714 788 395 845 249 774 393 230 486 169 283 286 262 0 276 258 515 379 598 342 533 799 997 762 1027 617 281 335 387 322 573 328 159 729 520 238 869 659 512 830 413 466 627 216 354 266 360 91 298
23 40 675 598 697 67 204 106 684 334 590 346 760 778 804 781 842 750 497 411 677 579 435 824 802 667 812 512 365 440 744 652 569 223 571 445 230 214 352 101 385 14 276 0 527 239 440 366 373 264 545 788 493 753 688 20 71 119 48 499 52 218 799 398 132 731 698 433 659 159 457 721 111 98 133 277 246 112
541 568 1171 231 293 576 710 502 937 368 875 509 1183 760 915 1181 1048 761 65 571 600 622 653 1216 1094 459 966 737 310 955 834 284 1092 488 1023 433 397 741 226 541 333 514 258 527 0 765 542 806 423 771 1057 1169 996 1281 578 529 591 630 575 784 579 400 674 753 456 988 645 730 979 671 537 717 474 593 482 596 288 522
224 198 491 830 929 205 145 282 656 544 610 472 600 874 885 687 871 838 732 510 810 723 492 731 784 870 872 587 567 212 797 882 332 397 451 606 424 49 578 265 579 253 515 239 765 0 593 263 536 96 346 660 279 516 830 236 185 144 193 540 186 432 933 419 329 693 818 487 591 144 578 860 322 184 312 385 480 268
463 458 780 422 493 417 457 525 1118 189 344 728 1183 1136 402 681 508 1118 566 803 1000 138 850 709 554 321 437 201 630 801 1141 441 891 217 589 766 568 546 548 351 663 430 379 440 542 593 0 800 706 665 718 1223 872 1007 996 460 437 543 452 265 471 255 1109 294 517 1167 1034 233 1100 449 824 281 332 536 537 212 457 540
343 343 701 935 1033 382 397 321 396 699 870 358 395 673 1132 941 1131 632 756 356 649 937 300 986 1048 1031 1125 832 530 244 568 993 380 585 703 503 410 306 584 448 527 379 598 366 806 263 800 0 450 166 554 423 233 603 678 350 363 256 348 794 329 583 765 675 360 430 644 736 328 378 433 1079 477 268 332 610 528 300
366 398 1023 620 704 440 567 273 513 529 943 96 785 430 1106 1154 1180 412 361 147 308 835 231 1197 1162 798 1131 841 114 662 446 681 807 522 940 72 149 539 210 459 92 369 342 373 423 536 706 450 0 491 882 756 676 1023 315 358 439 398 411 847 399 454 428 760 241 564 334 781 558 523 125 967 421 360 243 617 253 279
244 229 562 862 961 254 235 270 560 593 706 415 518 797 975 779 966 759 732 442 745 799 413 824 881 925 964 676 540 184 710 917 325 459 542 557 400 141 567 321 547 279 533 264 771 96 665 166 491 0 415 569 229 534 768 254 233 146 229 633 214 478 867 512 317 597 749 577 494 223 515 939 366 179 294 464 483 251
540 507 147 1066 1160 486 348 618 940 756 547 819 742 1212 857 435 768 1173 1036 854 1156 810 828 475 627 1036 813 607 903 336 1120 1108 295 599 223 952 761 343 898 516 918 556 799 545 1057 346 718 554 882 415 0 840 401 300 1177 551 475 484 497 529 500 671 1278 435 662 967 1162 512 849 389 924 921 583 523 649 522 790 607
765 766 968 1329 1424 806 804 729 317 1118 1267 662 119 735 1545 1271 1526 691 1110 613 802 1360 528 1313 1423 1447 1532 1245 863 515 576 1390 558 1008 1040 776 781 708 942 872 847 801 997 788 1169 660 1223 423 756 569 840 0 441 726 842 771 786 680 771 1200 752 1003 881 1079 760 292 773 1146 212 793 673 1502 899 690 733 1031 916 710
473 457 536 1091 1190 477 417 493 561 818 848 587 353 896 1141 830 1101 853 953 589 881 999 532 872 988 1147 1118 848 744 78 776 1146 154 676 598 733 612 326 784 541 746 508 762 493 996 279 872 233 676 229 401 441 0 375 911 483 456 376 455 791 442 703 995 671 539 580 875 746 458 423 666 1135 592 407 514 662 708 473
740 713 333 1325 1422 708 588 795 922 1021 846 941 609 1271 1155 673 1055 1228 1249 954 1252 1106 904 706 902 1320 1108 907 1073 364 1149 1372 223 863 508 1086 932 540 1093 756 1081 767 1027 753 1281 516 1007 603 1023 534 300 726 375 0 1280 752 692 658 705 830 701 922 1368 733 843 933 1248 811 810 619 1031 1221 820 697 822 802 997 779
680 712 1321 808 869 755 878 586 532 810 1255 358 910 191 1398 1469 1485 207 516 327 40 1116 379 1512 1475 1025 1430 1147 366 917 316 863 1058 829 1252 244 463 841 451 775 334 685 617 688 578 830 996 678 315 768 1177 842 911 1280 0 672 753 701 724 1158 711 753 113 1075 556 571 82 1093 630 835 253 1239 734 666 556 929 541 589
11 43 683 607 707 82 213 88 664 350 609 328 744 760 824 796 861 732 497 392 661 598 415 839 820 682 832 532 355 432 725 663 564 242 583 431 218 214 348 121 374 29 281 20 529 236 460 350 358 254 551 771 483 752 672 0 82 107 55 518 51 233 784 416 118 711 681 453 640 169 440 741 129 82 116 298 245 93
73 41 603 644 743 21 132 167 710 361 544 405 747 836 778 716 801 806 564 465 741 574 479 759 750 692 779 480 436 395 792 696 517 226 501 512 300 152 423 87 456 81 335 71 591 185 437 363 439 233 475 786 456 692 753 82 0 107 29 457 46 248 864 348 200 755 759 393 674 88 517 715 136 113 197 250 315 166
97 88 624 715 814 126 187 138 607 452 642 343 645 763 885 782 901 730 593 392 684 680 392 826 840 785 884 586 423 326 705 770 462 329 555 469 280 141 435 192 436 133 387 119 630 144 543 256 398 146 484 680 376 658 701 107 107 0 91 558 73 336 808 444 185 650 697 496 567 150 453 822 225 40 167 358 342 124
45 12 628 639 738 38 158 138 686 364 571 375 736 807 800 745 827 777 546 436 712 589 451 788 778 696 803 504 410 398 764 692 525 237 529 484 272 165 401 100 429 61 322 48 575 193 452 348 411 229 497 771 455 705 724 55 29 91 0 483 20 249 835 375 172 732 730 419 654 114 488 731 137 88 168 272 295 137
516 494 555 686 759 444 397 604 1165 415 96 840 1136 1270 349 415 344 1245 796 908 1155 301 933 444 320 570 331 82 798 714 1243 707 766 331 353 916 698 492 737 399 828 495 573 499 784 540 265 794 847 633 529 1200 791 830 1158 518 457 558 483 0 502 416 1272 121 617 1208 1181 65 1119 416 948 394 425 570 627 229 627 611
40 14 634 649 749 58 168 125 667 379 590 360 718 791 820 758 846 760 548 419 698 609 433 802 796 712 823 524 403 388 746 703 517 255 541 472 264 163 399 120 421 67 328 52 579 186 471 329 399 214 500 752 442 701 711 51 46 73 20 502 0 263 821 394 163 712 716 438 634 124 472 751 152 68 156 292 296 122
241 249 776 402 500 227 334 280 871 116 512 472 978 884 652 788 732 865 396 548 754 390 596 826 736 449 678 394 388 644 885 451 762 90 623 516 312 393 320 168 419 204 159 218 400 432 255 583 454 478 671 1003 703 922 753 233 248 336 249 416 263 0 867 361 265 920 785 354 862 304 569 530 111 316 287 201 213 297
791 822 1424 905 960 866 987 697 564 922 1368 464 960 158 1511 1580 1599 195 614 424 123 1227 464 1623 1589 1127 1543 1261 479 1007 316 958 1145 943 1361 357 576 946 562 888 447 797 729 799 674 933 1109 765 428 867 1278 881 995 1368 113 784 864 808 835 1272 821 867 0 1188 668 596 120 1207 673 945 355 1348 848 773 667 1043 654 699
412 387 486 692 774 338 277 504 1050 393 197 743 1015 1176 470 428 457 1148 756 809 1068 374 827 465 404 615 452 180 724 594 1140 722 652 271 296 831 611 371 673 302 752 396 520 398 753 419 294 675 760 512 435 1079 671 733 1075 416 348 444 375 121 394 361 1188 0 523 1093 1092 79 1001 298 854 490 341 460 530 159 559 509
127 160 797 575 673 199 331 47 606 370 711 222 752 653 902 913 956 627 414 293 546 654 333 956 927 690 918 621 241 502 632 634 642 309 702 313 100 319 250 221 258 128 238 132 456 329 517 360 241 317 662 760 539 843 556 118 200 185 172 617 163 265 668 523 0 656 568 551 603 286 331 794 195 145 27 389 170 66
709 723 1110 1180 1267 771 820 642 51 1026 1290 487 392 445 1533 1371 1550 403 924 418 531 1306 341 1415 1476 1336 1535 1236 679 632 285 1241 729 951 1132 562 639 733 772 829 655 739 869 731 988 693 1167 430 564 597 967 292 580 933 571 711 755 650 732 1208 712 920 596 1093 656 0 496 1147 123 794 454 1447 835 643 633 1004 779 627
687 718 1309 873 938 763 880 593 459 851 1277 355 848 115 1436 1475 1514 125 581 308 47 1158 344 1518 1495 1083 1464 1175 406 887 234 929 1025 857 1252 269 483 834 498 790 373 697 659 698 645 818 1034 644 334 749 1162 773 875 1248 82 681 759 697 730 1181 716 785 120 1092 568 496 0 1116 563 838 243 1285 755 664 564 952 577 593
451 430 556 646 724 380 342 539 1103 363 161 774 1086 1205 398 456 408 1179 739 843 1089 298 868 488 383 550 388 102 734 669 1178 671 730 268 359 850 632 438 674 333 764 430 512 433 730 487 233 736 781 577 512 1146 746 811 1093 453 393 496 419 65 438 354 1207 79 551 1147 1116 0 1060 357 882 410 360 507 562 164 563 546
637 646 990 1155 1246 692 725 581 120 972 1197 469 289 533 1452 1259 1458 488 918 412 591 1239 327 1303 1376 1293 1449 1153 669 513 379 1215 605 883 1021 571 604 634 755 753 650 670 830 659 979 591 1100 328 558 494 849 212 458 810 630 640 674 567 654 1119 634 862 673 1001 603 123 563 1060 0 703 466 1381 768 566 577 925 744 564
159 126 515 706 804 97 44 250 752 409 496 482 741 909 753 636 756 878 647 537 821 579 542 680 690 730 746 453 524 354 856 755 460 257 416 596 387 97 510 136 544 169 413 159 671 144 449 378 523 223 389 793 423 619 835 169 88 150 114 416 124 304 945 298 286 794 838 357 703 0 594 717 201 175 281 242 400 246
445 475 1069 742 823 521 636 351 404 651 1042 112 718 322 1221 1231 1286 297 472 77 231 955 150 1274 1258 923 1242 948 234 667 322 802 809 631 1008 107 256 591 333 552 206 457 466 457 537 578 824 433 125 515 924 673 666 1031 253 440 517 453 488 948 472 569 355 854 331 454 243 882 466 594 0 1089 524 420 324 719 376 350
744 738 949 522 546 696 718 805 1398 438 411 999 1457 1392 227 750 410 1378 760 1075 1248 142 1126 764 537 302 301 314 879 1061 1410 506 1136 498 745 1021 837 811 788 631 913 711 627 721 717 860 281 1079 967 939 921 1502 1135 1221 1239 741 715 822 731 394 751 530 1348 490 794 1447 1285 410 1381 717 1089 0 613 817 816 475 714 820
134 138 699 508 607 116 237 194 787 227 521 417 870 845 708 754 762 821 456 489 729 471 525 795 741 559 722 425 383 532 828 559 653 116 565 491 272 285 341 67 410 99 216 111 474 322 332 477 421 366 583 899 592 820 734 129 136 225 137 425 152 111 848 341 195 835 755 360 768 201 524 613 0 209 210 196 225 208
75 80 662 685 784 127 215 98 598 432 657 309 661 734 889 811 914 702 555 362 650 674 369 855 860 765 892 593 382 362 682 741 499 319 587 432 239 179 395 187 396 111 354 98 593 184 536 268 360 179 523 690 407 697 666 82 113 40 88 570 68 316 773 460 145 643 664 507 566 175 420 817 209 0 127 360 304 84
123 155 786 603 700 199 324 31 583 395 720 213 724 646 919 913 968 618 438 281 544 675 315 955 934 717 933 634 255 478 618 662 619 326 697 315 112 305 273 229 269 133 266 133 482 312 537 332 243 294 649 733 514 822 556 116 197 167 168 627 156 287 667 530 27 633 564 562 577 281 324 816 210 127 0 401 197 43
297 281 605 553 642 233 245 380 958 245 325 612 982 1041 528 587 567 1017 596 682 925 337 712 624 546 518 534 234 571 590 1019 590 679 111 434 686 468 337 516 177 600 272 360 277 596 385 212 610 617 464 522 1031 662 802 929 298 250 358 272 229 292 201 1043 159 389 1004 952 164 925 242 719 475 196 360 401 0 403 389
256 286 914 413 509 303 443 215 728 276 723 297 916 680 858 979 945 664 252 373 544 582 439 1018 947 557 888 608 174 667 698 473 804 295 790 309 140 459 116 286 207 234 91 246 288 480 457 528 253 483 790 916 708 997 541 245 315 342 295 627 296 213 654 559 170 779 577 563 744 400 376 714 225 304 197 403 0 235
96 125 745 634 732 172 289 20 579 410 702 238 695 669 913 881 954 640 480 299 575 678 322 925 913 737 923 624 298 435 632 692 576 324 662 351 155 263 316 213 311 117 298 112 522 268 540 300 279 251 607 710 473 779 589 93 166 124 137 611 122 297 699 509 66 627 593 546 564 246 350 820 208 84 43 389 235 0
