0 1517 931 769 580 621 1361 361 624 120 410 1119 439 1229 732 381 95
1517 0 2150 801 957 1130 2755 1257 908 1633 1470 936 1844 295 2249 1146 1535
931 2150 0 1359 1394 1535 655 1277 1295 910 1330 1366 1135 1860 840 1223 843
769 801 1359 0 369 675 1954 631 159 890 878 505 1166 506 1488 463 765
580 957 1394 369 0 308 1913 305 232 688 541 869 889 684 1305 199 621
621 1130 1535 675 308 0 1978 260 540 691 362 1177 769 897 1264 346 698
1361 2755 655 1954 1913 1978 0 1721 1864 1287 1689 2016 1361 2461 856 1721 1297
361 1257 1277 631 305 260 1721 0 473 440 246 1096 587 989 1037 176 437
624 908 1295 159 232 540 1864 473 0 744 719 640 1009 614 1352 304 630
120 1633 910 890 688 691 1287 440 744 0 422 1232 340 1346 617 490 163
410 1470 1330 878 541 362 1689 246 719 422 0 1337 408 1215 922 419 506
1119 936 1366 505 869 1177 2016 1096 640 1232 1337 0 1554 717 1756 920 1076
439 1844 1135 1166 889 769 1361 587 1009 340 408 1554 0 1573 537 715 504
1229 295 1860 506 684 897 2461 989 614 1346 1215 717 1573 0 1960 865 1243
732 2249 840 1488 1305 1264 856 1037 1352 617 922 1756 537 1960 0 1108 723
381 1146 1223 463 199 346 1721 176 304 490 419 920 715 865 1108 0 425
95 1535 843 765 621 698 1297 437 630 163 506 1076 504 1243 723 425 0
