0 326 1620 75 1008 882 619 84 1679 1713 72 467 419 805 428 111
326 0 1937 374 927 1057 408 249 1396 2002 254 792 608 850 716 437
1620 1937 0 1596 2034 1719 2062 1703 3081 1281 1688 1198 1432 2022 1234 1509
75 374 1596 0 1082 808 691 125 1746 1645 133 421 468 747 438 102
1008 927 2034 1082 0 1891 560 1008 1102 2597 976 1308 752 1764 999 1043
882 1057 1719 808 1891 0 1454 890 2429 1125 919 759 1226 404 1065 859
619 408 2062 691 560 1454 0 579 1074 2330 559 1050 629 1257 845 702
84 249 1703 125 1008 890 579 0 1624 1767 36 543 477 774 509 194
1679 1396 3081 1746 1102 2429 1074 1624 0 3392 1612 2124 1669 2134 1905 1771
1713 2002 1281 1645 2597 1125 2330 1767 3392 0 1779 1298 1845 1530 1598 1627
72 254 1688 133 976 919 559 36 1612 1779 0 539 443 809 485 182
467 792 1198 421 1308 759 1050 543 2124 1298 539 0 561 907 336 360
419 608 1432 468 752 1226 629 477 1669 1845 443 561 0 1215 250 383
805 850 2022 747 1764 404 1257 774 2134 1530 809 907 1215 0 1131 834
428 716 1234 438 999 1065 845 509 1905 1598 485 336 250 1131 0 335
111 437 1509 102 1043 859 702 194 1771 1627 182 360 383 834 335 0
