0 550 472 894 755 609 240 587 218 185 775 345 617 568 1716 14 1612
550 0 685 1441 204 81 403 239 678 548 1133 880 1132 604 2177 541 2151
472 685 0 1114 852 689 336 537 314 287 455 501 618 191 1522 482 1831
894 1441 1114 0 1644 1503 1104 1470 851 971 989 625 550 1297 1279 902 726
755 204 852 1644 0 165 599 332 878 747 1307 1084 1333 739 2363 745 2350
609 81 689 1503 165 0 437 192 718 586 1143 928 1172 587 2198 601 2217
240 403 336 1104 599 437 0 366 281 148 749 499 734 362 1776 240 1829
587 239 537 1470 332 192 366 0 637 507 992 862 1080 407 2059 583 2194
218 678 314 851 878 718 281 637 0 132 557 228 454 466 1522 231 1577
185 548 287 971 747 586 148 507 132 0 636 355 586 391 1638 194 1697
775 1133 455 989 1307 1143 749 992 557 636 0 562 444 608 1071 789 1632
345 880 501 625 1084 928 499 862 228 355 562 0 276 676 1386 358 1350
617 1132 618 550 1333 1172 734 1080 454 586 444 276 0 809 1111 631 1232
568 604 191 1297 739 587 362 407 466 391 608 676 809 0 1679 574 2017
1716 2177 1522 1279 2363 2198 1776 2059 1522 1638 1071 1386 1111 1679 0 1730 1462
14 541 482 902 745 601 240 583 231 194 789 358 631 574 1730 0 1619
1612 2151 1831 726 2350 2217 1829 2194 1577 1697 1632 1350 1232 2017 1462 1619 0
