0 618 1040 1091 616 1233 1021 170 933 52 1244 589 682 850 1585 1448
618 0 1653 477 643 705 450 687 867 652 1839 651 835 1436 1887 1938
1040 1653 0 2115 1496 2182 2014 974 1757 1016 607 1319 1247 593 1743 832
1091 477 2115 0 1025 398 202 1141 1149 1128 2316 955 1131 1912 2263 2317
616 643 1496 1025 0 1337 1072 785 317 596 1463 1084 1230 1071 1249 2042
1233 705 2182 398 1337 0 265 1228 1508 1280 2476 892 1033 2084 2586 2235
1021 450 2014 202 1072 265 0 1042 1244 1063 2263 791 959 1865 2321 2158
170 687 974 1141 785 1228 1042 0 1102 205 1261 476 536 890 1725 1300
933 867 1757 1149 317 1508 1244 1102 0 910 1639 1385 1538 1273 1145 2347
52 652 1016 1128 596 1280 1063 205 910 0 1200 641 730 804 1535 1455
1244 1839 607 2316 1463 2476 2263 1261 1639 1200 0 1706 1687 405 1259 1428
589 651 1319 955 1084 892 791 476 1385 641 1706 0 184 1354 2174 1366
682 835 1247 1131 1230 1033 959 536 1538 730 1687 184 0 1362 2262 1205
850 1436 593 1912 1071 2084 1865 890 1273 804 405 1354 1362 0 1160 1395
1585 1887 1743 2263 1249 2586 2321 1725 1145 1535 1259 2174 2262 1160 0 2555
1448 1938 832 2317 2042 2235 2158 1300 2347 1455 1428 1366 1205 1395 2555 0
