0 1228 1053 413 535 577 1378 308 559 674 948 1302 726 216 268 207 505
1228 0 1613 815 901 654 2425 1490 810 1591 1703 2530 1423 1098 1493 1135 1178
1053 1613 0 1113 801 1158 2238 1259 889 1703 1991 1659 1779 1224 1133 881 1542
413 815 1113 0 338 164 1714 692 286 916 1126 1715 848 325 680 345 562
535 901 801 338 0 356 1913 842 94 1173 1415 1732 1151 578 776 342 872
577 654 1158 164 356 0 1864 856 271 1054 1243 1877 959 479 844 487 674
1378 2425 2238 1714 1913 1864 0 1074 1931 834 805 1017 1034 1388 1163 1579 1248
308 1490 1259 692 842 856 1074 0 867 454 749 1071 603 393 132 505 505
559 810 889 286 94 271 1931 867 0 1167 1397 1795 1125 567 814 386 842
674 1591 1703 916 1173 1054 834 454 1167 0 295 1259 253 601 587 879 413
948 1703 1991 1126 1415 1243 805 749 1397 295 0 1459 287 837 882 1146 568
1302 2530 1659 1715 1732 1877 1017 1071 1795 1259 1459 0 1510 1457 1040 1416 1543
726 1423 1779 848 1151 959 1034 603 1125 253 287 1510 0 579 730 909 286
216 1098 1224 325 578 479 1388 393 567 601 837 1457 579 0 423 342 318
268 1493 1133 680 776 844 1163 132 814 587 882 1040 730 423 0 433 602
207 1135 881 345 342 487 1579 505 386 879 1146 1416 909 342 433 0 660
505 1178 1542 562 872 674 1248 505 842 413 568 1543 286 318 602 660 0
