0 1162 1612 487 1143 1573 191 1385 975 1285 820 603 1275 1467 1315 1278
1162 0 1031 779 2305 1387 1261 223 1908 122 1546 605 2432 992 1073 217
1612 1031 0 1134 2597 527 1582 1024 1833 1023 1417 1085 2649 162 412 1220
487 779 1134 0 1583 1169 515 990 1136 895 807 175 1687 996 877 948
1143 2305 2597 1583 0 2378 1068 2528 970 2428 1272 1731 207 2437 2221 2414
1573 1387 527 1169 2378 0 1483 1445 1501 1416 1115 1200 2391 442 323 1598
191 1261 1582 515 1068 1483 0 1481 786 1382 638 667 1176 1429 1250 1399
1385 223 1024 990 2528 1445 1481 0 2108 100 1734 819 2653 1020 1150 238
975 1908 1833 1136 970 1501 786 2108 0 2018 418 1311 925 1672 1424 2084
1285 122 1023 895 2428 1416 1382 100 2018 0 1649 723 2554 1003 1112 198
820 1546 1417 807 1272 1115 638 1734 418 1649 0 975 1275 1255 1010 1736
603 605 1085 175 1731 1200 667 819 1311 723 975 0 1844 963 889 772
1275 2432 2649 1687 207 2391 1176 2653 925 2554 1275 1844 0 2487 2260 2553
1467 992 162 996 2437 442 1429 1020 1672 1003 1255 963 2487 0 256 1194
1315 1073 412 877 2221 323 1250 1150 1424 1112 1010 889 2260 256 0 1288
1278 217 1220 948 2414 1598 1399 238 2084 198 1736 772 2553 1194 1288 0
