0 90 780 366 532 472 595 819 594 564 412 679 702 428 64 468 237 629 807 488 235 299 431 852 850 144 811 381 58 78 237 74 452 724 693 154 434 632 77 190 140 52 60 746 439 323 133 151 331 15 416 829 555 769 667 195 10 662 825 623 595 208 366 863 270 61 38 541 509 194 714 705 661 574 853 691 543 851
90 0 853 309 575 555 686 796 629 521 329 672 618 519 140 421 180 683 813 424 220 267 516 900 919 227 793 439 149 125 162 143 425 814 735 188 360 580 86 256 71 140 97 758 359 239 149 97 311 89 418 888 636 732 586 105 81 575 906 535 616 278 280 847 356 45 108 607 502 270 768 756 576 484 807 744 518 812
780 853 0 1145 1048 331 567 913 1132 1326 1052 734 1288 564 718 893 852 1046 689 1269 990 790 386 329 92 638 1510 891 742 729 906 795 788 524 359 870 1213 1007 771 598 918 729 756 1351 1212 995 723 831 1077 773 1107 193 768 981 1439 953 790 1415 874 1264 531 793 1037 1554 526 808 749 910 700 586 1099 1113 1259 1250 1107 262 1278 1598
366 309 1145 0 524 828 866 1040 537 220 428 946 649 715 430 640 428 657 1099 126 178 534 781 1209 1216 506 526 476 403 429 371 353 683 1008 1044 296 115 767 395 555 238 416 402 574 160 367 459 379 150 375 271 1194 741 951 347 245 357 388 996 536 918 412 374 581 624 352 401 642 781 560 734 711 608 459 995 1052 255 510
532 575 1048 524 0 729 550 1349 84 518 873 1200 1142 485 564 995 755 134 1311 607 400 831 672 1247 1138 564 517 171 501 602 732 457 984 683 1120 386 638 1155 608 643 544 535 591 306 684 787 661 669 375 547 259 1175 342 1301 844 618 532 907 525 1037 1081 341 817 547 589 581 561 181 1034 614 210 190 1100 966 1381 1082 409 673
472 555 331 828 729 0 340 879 813 1000 809 692 1077 262 414 716 599 745 726 953 665 569 56 532 415 328 1179 566 426 436 642 474 628 386 440 544 905 863 481 311 613 419 461 1027 912 736 448 555 750 468 776 447 490 903 1140 659 482 1129 671 1030 499 461 781 1223 204 511 446 609 585 286 807 817 1042 1000 1022 374 947 1268
595 686 567 866 550 340 0 1204 629 975 1002 1021 1289 167 565 980 803 508 1066 987 687 812 308 847 659 489 1062 440 537 605 824 553 912 143 777 575 970 1141 644 527 716 552 619 853 994 915 646 731 741 601 707 737 218 1213 1211 786 604 1231 331 1218 836 454 960 1095 386 654 590 380 895 487 546 565 1249 1170 1326 702 890 1196
819 796 913 1040 1349 879 1204 0 1414 1257 645 187 664 1069 785 401 624 1436 256 1107 1013 528 898 665 900 802 1565 1189 848 747 673 892 370 1266 556 971 1015 319 743 729 851 814 759 1554 976 678 687 699 1098 803 1214 776 1284 134 1121 805 819 1033 1521 725 392 1012 685 1620 842 776 788 1328 322 767 1518 1514 663 771 230 651 1289 1537
594 629 1132 537 84 813 629 1414 0 496 913 1269 1172 569 632 1051 810 162 1384 605 438 891 756 1330 1222 639 449 252 569 667 781 521 1046 759 1201 444 648 1208 670 718 591 603 654 224 697 830 726 725 394 610 266 1259 417 1360 838 661 594 909 575 1065 1157 413 856 475 670 640 626 252 1101 690 213 184 1131 991 1436 1164 382 617
564 521 1326 220 518 1000 975 1257 496 0 629 1166 809 844 628 856 648 648 1319 168 337 754 948 1416 1403 694 323 543 589 635 590 533 903 1119 1254 455 255 974 605 753 450 609 608 444 306 579 670 597 249 575 275 1392 812 1163 357 465 556 447 1038 693 1135 548 580 377 800 561 601 679 1001 751 709 681 772 614 1200 1256 114 291
412 329 1052 428 873 809 1002 645 913 629 0 597 289 834 436 256 210 994 765 469 475 265 785 997 1098 516 949 758 470 398 177 473 343 1122 826 504 377 346 357 501 333 451 383 994 333 90 365 270 531 404 663 1030 965 539 484 256 405 412 1235 221 649 606 56 1004 637 351 412 930 462 534 1078 1062 248 197 570 872 684 898
679 672 734 946 1200 692 1021 187 1269 1166 597 0 698 890 637 342 518 1278 168 1029 892 412 713 515 730 640 1461 1035 699 602 576 749 265 1079 384 833 941 347 607 564 734 666 619 1425 908 606 545 579 982 663 1089 612 1109 250 1082 702 681 1007 1340 731 206 859 624 1515 667 645 644 1164 170 600 1359 1356 685 760 376 475 1184 1454
702 618 1288 649 1142 1077 1289 664 1172 809 289 698 0 1122 724 400 488 1267 861 641 741 509 1059 1176 1321 801 1130 1039 759 684 465 761 510 1407 1014 786 560 354 645 778 615 739 670 1222 506 379 646 558 779 693 911 1235 1254 531 539 537 694 431 1524 115 818 893 338 1182 917 640 701 1213 620 814 1350 1332 42 195 494 1077 890 1033
428 519 564 715 485 262 167 1069 569 844 834 890 1122 0 397 821 636 485 954 839 537 650 210 794 655 323 970 338 369 437 656 388 758 298 694 419 814 984 477 367 552 384 451 790 835 748 480 564 601 433 588 705 231 1067 1056 620 437 1071 452 1050 719 303 792 1009 231 487 422 349 753 326 545 556 1082 1003 1176 635 770 1086
64 140 718 430 564 414 565 785 632 628 436 637 724 397 0 455 242 652 758 552 297 281 376 789 786 87 870 404 62 43 259 114 424 687 631 204 495 622 79 125 200 29 53 795 498 351 101 166 392 55 471 765 548 745 726 245 73 715 814 653 540 227 395 922 216 98 31 553 469 131 736 729 684 610 836 627 605 915
468 421 893 640 995 716 980 401 1051 856 256 342 400 821 455 0 241 1098 510 706 629 174 709 779 922 505 1166 849 512 412 279 542 109 1078 614 608 615 166 392 453 466 481 414 1170 577 277 355 325 707 454 830 834 1000 315 740 411 466 665 1261 404 421 676 288 1221 593 414 447 1007 224 494 1182 1172 377 422 386 676 891 1137
237 180 852 428 755 599 803 624 810 648 210 518 488 636 242 241 0 861 672 518 390 106 575 830 903 313 945 614 288 199 63 309 258 918 659 368 434 400 166 292 227 262 191 932 410 142 158 86 473 224 592 846 788 554 617 184 232 572 1056 430 504 445 185 999 429 178 224 778 353 326 946 935 450 402 626 691 668 938
629 683 1046 657 134 745 508 1436 162 648 994 1278 1267 485 652 1098 861 0 1377 741 526 929 690 1275 1138 637 607 248 591 693 844 555 1077 627 1161 495 772 1261 706 714 661 624 686 364 818 906 753 774 508 644 394 1190 290 1397 978 737 632 1041 413 1165 1144 425 938 628 636 684 654 136 1116 681 85 78 1225 1095 1483 1112 536 779
807 813 689 1099 1311 726 1066 256 1384 1319 765 168 861 954 758 510 672 1377 0 1188 1031 565 758 414 664 746 1606 1141 819 729 732 873 427 1103 332 960 1101 507 740 667 879 786 748 1553 1071 769 676 725 1124 792 1223 534 1182 371 1249 854 811 1176 1394 898 236 971 790 1660 747 781 771 1256 318 698 1455 1456 851 928 484 428 1330 1610
488 424 1269 126 607 953 987 1107 605 168 469 1029 641 839 552 706 518 741 1188 0 302 624 907 1322 1339 630 491 584 527 548 456 479 764 1130 1155 422 92 815 511 676 354 539 520 596 139 428 571 482 252 496 347 1313 853 1007 238 344 479 304 1101 525 1019 536 423 544 749 469 522 743 870 683 812 787 604 445 1038 1168 256 430
235 220 990 178 400 665 687 1013 438 337 475 892 741 537 297 629 390 526 1031 302 0 485 615 1086 1066 358 578 314 253 311 351 196 643 829 928 122 285 779 291 420 163 275 287 542 317 392 357 314 95 248 201 1056 570 944 524 225 228 555 830 638 827 234 418 630 464 249 273 487 722 415 609 590 699 569 1009 923 308 619
299 267 790 534 831 569 812 528 891 754 265 412 509 650 281 174 106 929 565 624 485 0 555 739 832 331 1048 680 339 238 168 374 158 916 567 446 539 340 222 285 324 308 242 1026 513 226 181 171 573 284 686 766 826 470 713 289 298 660 1088 474 403 504 261 1103 426 250 275 835 247 324 1013 1004 476 462 555 608 771 1044
431 516 386 781 672 56 308 898 756 948 785 713 1059 210 376 709 575 690 758 907 615 555 0 585 472 289 1123 509 382 401 614 427 627 374 485 493 862 862 446 283 571 378 425 970 870 709 420 525 698 428 721 503 441 914 1098 622 441 1091 635 1006 527 407 754 1167 160 474 407 555 595 253 754 763 1022 973 1031 425 893 1214
852 900 329 1209 1247 532 847 665 1330 1416 997 515 1176 794 789 779 830 1275 414 1322 1086 739 585 0 272 733 1651 1078 835 781 893 893 671 834 171 981 1249 846 813 665 971 810 808 1534 1235 964 751 843 1181 840 1244 139 1021 763 1447 980 860 1399 1172 1182 358 939 1000 1700 663 857 815 1140 556 674 1339 1349 1155 1189 885 166 1392 1704
850 919 92 1216 1138 415 659 900 1222 1403 1098 730 1321 655 786 922 903 1138 664 1339 1066 832 472 272 0 710 1595 980 815 794 960 869 814 611 345 948 1279 1024 835 663 986 800 821 1440 1276 1045 783 889 1155 842 1190 134 860 980 1501 1015 859 1471 963 1304 534 875 1086 1639 604 874 817 1002 717 656 1191 1206 1294 1295 1106 256 1358 1678
144 227 638 506 564 328 489 802 639 694 516 640 801 323 87 505 313 637 746 630 358 331 289 733 710 0 918 396 105 118 339 161 457 606 583 248 578 670 162 79 284 91 138 819 583 433 157 246 451 140 511 698 497 776 811 333 154 802 756 735 518 225 478 967 128 185 118 526 480 58 718 715 762 695 875 568 660 976
811 793 1510 526 517 1179 1062 1565 449 323 949 1461 1130 970 870 1166 945 607 1606 491 578 1048 1123 1651 1595 918 0 632 818 889 892 760 1203 1198 1499 670 579 1292 869 989 727 846 865 261 629 893 935 881 483 825 408 1606 859 1478 639 761 805 743 1020 1014 1405 720 898 54 998 827 849 698 1292 976 633 601 1094 934 1519 1486 276 199
381 439 891 476 171 566 440 1189 252 543 758 1035 1039 338 404 849 614 248 1141 584 314 680 509 1078 980 396 632 0 343 444 601 306 828 582 948 254 590 1013 458 474 424 375 437 460 628 668 504 528 331 396 269 1010 271 1148 820 502 383 863 519 942 911 177 704 670 418 436 405 174 871 444 333 325 996 877 1235 912 452 757
58 149 742 403 501 426 537 848 569 589 470 699 759 369 62 512 288 591 819 527 253 339 382 835 815 105 818 343 0 101 294 58 485 665 680 148 479 677 122 170 191 33 98 735 489 381 161 205 346 66 415 803 500 805 716 252 67 715 769 682 599 166 424 869 222 119 65 495 532 162 675 668 718 633 895 671 557 872
78 125 729 429 602 436 605 747 667 635 398 602 684 437 43 412 199 693 729 548 311 238 401 781 794 118 889 444 101 0 221 146 383 724 619 231 485 578 44 131 193 69 27 824 483 314 59 128 407 63 495 765 592 703 710 225 83 693 858 616 517 267 359 941 244 79 42 596 434 149 777 769 644 576 793 623 619 924
237 162 906 371 732 642 824 673 781 590 177 576 465 656 259 279 63 844 732 456 351 168 614 893 960 339 892 601 294 221 0 303 312 945 722 348 371 427 179 331 190 273 205 892 346 94 194 93 428 228 552 907 793 594 554 132 231 512 1063 395 568 439 139 947 462 176 235 769 414 361 929 916 425 358 657 752 616 878
74 143 795 353 457 474 553 892 521 533 473 749 761 388 114 542 309 555 873 479 196 374 427 893 869 161 760 306 58 146 303 0 526 687 739 90 438 706 151 228 163 87 133 680 452 382 204 222 289 89 357 860 492 844 678 234 77 684 763 677 655 136 423 810 270 131 104 469 580 220 639 630 720 623 928 729 499 814
452 425 788 683 984 628 912 370 1046 903 343 265 510 758 424 109 258 1077 427 764 643 158 627 671 814 457 1203 828 485 383 312 526 0 1001 505 602 675 235 375 394 482 453 392 1184 643 341 324 329 730 436 844 725 953 320 824 441 451 756 1207 511 314 651 363 1257 527 407 423 977 119 435 1161 1153 486 523 419 567 926 1190
724 814 524 1008 683 386 143 1266 759 1119 1122 1079 1407 298 687 1078 918 627 1103 1130 829 916 374 834 611 606 1198 582 665 724 945 687 1001 0 792 715 1110 1234 766 632 850 677 741 982 1133 1038 760 852 885 728 850 710 342 1288 1352 917 733 1369 353 1341 883 595 1083 1230 490 780 714 507 969 594 652 675 1368 1297 1405 707 1034 1338
693 735 359 1044 1120 440 777 556 1201 1254 826 384 1014 694 631 614 659 1161 332 1155 928 567 485 171 345 583 1499 948 680 619 722 739 505 792 0 828 1081 694 649 510 806 654 645 1396 1065 793 585 674 1023 680 1094 230 926 635 1277 812 700 1228 1107 1014 198 798 828 1550 530 693 655 1029 394 525 1230 1236 991 1019 760 96 1236 1544
154 188 870 296 386 544 575 971 444 455 504 833 786 419 204 608 368 495 960 422 122 446 493 981 948 248 670 254 148 231 348 90 602 715 828 0 395 768 227 318 171 177 214 592 419 414 287 282 206 170 267 944 480 916 636 249 152 657 748 693 745 122 450 721 344 195 189 426 664 306 580 568 744 632 994 817 413 731
434 360 1213 115 638 905 970 1015 648 255 377 941 560 814 495 615 434 772 1101 92 285 539 862 1249 1279 578 579 590 479 485 371 438 675 1110 1081 395 0 723 445 615 294 486 457 665 53 338 502 406 265 439 382 1246 853 915 241 269 424 273 1110 444 938 515 331 633 702 405 464 758 783 627 848 824 521 365 946 1099 330 522
632 580 1007 767 1155 863 1141 319 1208 974 346 347 354 984 622 166 400 1261 507 815 779 340 862 846 1024 670 1292 1013 677 578 427 706 235 1234 694 768 723 0 557 616 617 647 579 1317 679 400 521 486 851 618 978 923 1166 198 806 555 629 715 1427 406 495 840 394 1347 755 576 612 1173 307 657 1346 1335 348 452 230 770 1022 1244
77 86 771 395 608 481 644 743 670 605 357 607 645 477 79 392 166 706 740 511 291 222 446 813 835 162 869 458 122 44 179 151 375 766 649 227 445 557 0 174 157 96 25 817 441 272 66 87 386 62 482 802 622 692 667 181 76 649 890 574 536 283 316 922 289 43 57 616 437 194 791 782 605 532 776 657 596 896
190 256 598 555 643 311 527 729 718 753 501 564 778 367 125 453 292 714 667 676 420 285 283 665 663 79 989 474 170 131 331 228 394 632 510 318 615 616 174 0 322 145 158 897 614 425 137 243 515 180 584 639 560 709 841 355 198 822 812 722 439 304 471 1039 141 210 154 600 407 40 794 792 741 690 813 503 727 1039
140 71 918 238 544 613 716 851 591 450 333 734 615 552 200 466 227 661 879 354 163 324 571 971 986 284 727 424 191 193 190 163 482 850 806 171 294 617 157 322 0 193 165 705 299 244 221 154 248 145 364 958 645 780 527 78 130 524 915 523 686 282 279 781 410 114 169 598 565 332 746 731 573 464 847 815 451 741
52 140 729 416 535 419 552 814 603 609 451 666 739 384 29 481 262 624 786 539 275 308 378 810 800 91 846 375 33 69 273 87 453 677 654 177 486 647 96 145 193 0 71 767 492 363 129 182 370 51 444 783 526 773 720 246 62 714 793 666 568 198 407 897 217 103 38 526 498 144 707 701 699 620 863 648 582 894
60 97 756 402 591 461 619 759 654 608 383 619 670 451 53 414 191 686 748 520 287 242 425 808 821 138 865 437 98 27 205 133 392 741 645 214 457 579 25 158 165 71 0 806 456 297 73 112 383 44 474 792 597 711 683 199 62 668 864 600 539 262 341 918 266 52 33 593 449 174 770 762 630 557 797 650 595 898
746 758 1351 574 306 1027 853 1554 224 444 994 1425 1222 790 795 1170 932 364 1553 596 542 1026 970 1534 1440 819 261 460 735 824 892 680 1184 982 1396 592 665 1317 817 897 705 767 806 0 718 920 879 855 465 762 340 1470 639 1486 801 762 744 891 770 1108 1334 598 938 270 870 780 782 475 1255 875 377 345 1182 1030 1547 1367 340 454
439 359 1212 160 684 912 994 976 697 306 333 908 506 835 498 577 410 818 1071 139 317 513 870 1235 1276 583 629 628 489 483 346 452 643 1133 1065 419 53 679 441 614 299 492 456 718 0 302 494 393 309 443 431 1238 887 873 228 260 429 238 1147 391 915 540 290 683 710 404 466 798 754 629 895 871 468 312 899 1087 383 565
323 239 995 367 787 736 915 678 830 579 90 606 379 748 351 277 142 906 769 428 392 226 709 964 1045 433 893 668 381 314 94 382 341 1038 793 414 338 400 272 425 244 363 297 920 302 0 288 186 455 315 585 987 875 584 488 169 315 434 1145 302 627 516 45 948 557 262 325 840 455 456 990 975 337 264 630 830 622 859
133 149 723 459 661 448 646 687 726 670 365 545 646 480 101 355 158 753 676 571 357 181 420 751 783 157 935 504 161 59 194 204 324 760 585 287 502 521 66 137 221 129 73 879 494 288 0 108 452 117 547 744 646 644 717 233 135 691 910 586 469 327 333 988 271 109 100 655 376 168 837 829 608 552 735 597 663 962
151 97 831 379 669 555 731 699 725 597 270 579 558 564 166 325 86 774 725 482 314 171 525 843 889 246 881 528 205 128 93 222 329 852 674 282 406 486 87 243 154 182 112 855 393 186 108 0 402 140 515 845 706 635 613 137 146 584 975 488 539 359 231 935 370 91 143 691 410 271 859 848 518 449 711 694 605 889
331 311 1077 150 375 750 741 1098 394 249 531 982 779 601 392 707 473 508 1124 252 95 573 698 1181 1155 451 483 331 346 407 428 289 730 885 1023 206 265 851 386 515 248 370 383 465 309 455 452 402 0 344 132 1149 600 1023 489 297 324 538 849 670 922 300 475 536 551 343 369 494 813 509 586 563 738 596 1082 1018 212 525
15 89 773 375 547 468 601 803 610 575 404 663 693 433 55 454 224 644 792 496 248 284 428 840 842 140 825 396 66 63 228 89 436 728 680 170 439 618 62 180 145 51 44 762 443 315 117 140 344 0 431 819 566 754 671 194 20 663 835 617 580 222 359 877 268 53 25 554 494 187 729 720 652 569 839 680 557 863
416 418 1107 271 259 776 707 1214 266 275 663 1089 911 588 471 830 592 394 1223 347 201 686 721 1244 1190 511 408 269 415 495 552 357 844 850 1094 267 382 978 482 584 364 444 474 340 431 585 547 515 132 431 0 1198 537 1145 584 422 412 648 765 802 1011 314 606 456 590 443 453 406 918 570 467 442 870 727 1208 1078 183 498
829 888 193 1194 1175 447 737 776 1259 1392 1030 612 1235 705 765 834 846 1190 534 1313 1056 766 503 139 134 698 1606 1010 803 765 907 860 725 710 230 944 1246 923 802 639 958 783 792 1470 1238 987 744 845 1149 819 1198 0 924 863 1458 978 838 1419 1055 1228 427 886 1025 1653 608 844 793 1054 620 640 1249 1261 1211 1227 987 159 1357 1674
555 636 768 741 342 490 218 1284 417 812 965 1109 1254 231 548 1000 788 290 1182 853 570 826 441 1021 860 497 859 271 500 592 793 492 953 342 926 480 853 1166 622 560 645 526 597 639 887 875 646 706 600 566 537 924 0 1269 1088 722 562 1125 270 1168 946 363 916 889 442 617 564 164 963 520 331 349 1212 1110 1372 865 716 1007
769 732 981 951 1301 903 1213 134 1360 1163 539 250 531 1067 745 315 554 1397 371 1007 944 470 914 763 980 776 1478 1148 805 703 594 844 320 1288 635 916 915 198 692 709 780 773 711 1486 873 584 644 635 1023 754 1145 863 1269 0 1004 726 768 912 1518 598 450 971 584 1533 836 720 742 1297 318 749 1481 1473 533 649 126 724 1204 1437
667 586 1439 347 844 1140 1211 1121 838 357 484 1082 539 1056 726 740 617 978 1249 238 524 713 1098 1447 1501 811 639 820 716 710 554 678 824 1352 1277 636 241 806 667 841 527 720 683 801 228 488 717 613 489 671 584 1458 1088 1004 0 486 657 110 1339 431 1116 756 461 685 938 631 694 981 941 857 1048 1021 512 362 1004 1305 468 507
195 105 953 245 618 659 786 805 661 465 256 702 537 620 245 411 184 737 854 344 225 289 622 980 1015 333 761 502 252 225 132 234 441 917 812 249 269 555 181 355 78 246 199 762 260 169 233 137 297 194 422 978 722 726 486 0 185 469 992 446 675 359 201 816 461 148 214 675 536 373 821 805 495 388 786 829 484 756
10 81 790 357 532 482 604 819 594 556 405 681 694 437 73 466 232 632 811 479 228 298 441 860 859 154 805 383 67 83 231 77 451 733 700 152 424 629 76 198 130 62 62 744 429 315 135 146 324 20 412 838 562 768 657 185 0 652 831 615 600 212 358 857 280 55 45 545 511 203 716 707 653 565 851 700 536 844
662 575 1415 388 907 1129 1231 1033 909 447 412 1007 431 1071 715 665 572 1041 1176 304 555 660 1091 1399 1471 802 743 863 715 693 512 684 756 1369 1228 657 273 715 649 822 524 714 668 891 238 434 691 584 538 663 648 1419 1125 912 110 469 652 0 1383 327 1058 779 400 791 931 618 684 1031 875 843 1115 1089 407 264 906 1264 553 617
825 906 874 996 525 671 331 1521 575 1038 1235 1340 1524 452 814 1261 1056 413 1394 1101 830 1088 635 1172 963 756 1020 519 769 858 1063 763 1207 353 1107 748 1110 1427 890 812 915 793 864 770 1147 1145 910 975 849 835 765 1055 270 1518 1339 992 831 1383 0 1438 1162 632 1186 1039 682 887 832 359 1205 772 395 425 1483 1379 1625 1032 932 1192
623 535 1264 536 1037 1030 1218 725 1065 693 221 731 115 1050 653 404 430 1165 898 525 638 474 1006 1182 1304 735 1014 942 682 616 395 677 511 1341 1014 693 444 406 574 722 523 666 600 1108 391 302 586 488 670 617 802 1228 1168 598 431 446 615 327 1438 0 825 805 258 1066 857 563 627 1117 628 755 1247 1228 82 79 580 1069 775 920
595 616 531 918 1081 499 836 392 1157 1135 649 206 818 719 540 421 504 1144 236 1019 827 403 527 358 534 518 1405 911 599 517 568 655 314 883 198 745 938 495 536 439 686 568 539 1334 915 627 469 539 922 580 1011 427 946 450 1116 675 600 1058 1162 825 0 743 658 1457 511 579 557 1021 198 467 1221 1222 797 836 576 278 1133 1427
208 278 793 412 341 461 454 1012 413 548 606 859 893 303 227 676 445 425 971 536 234 504 407 939 875 225 720 177 166 267 439 136 651 595 798 122 515 840 283 304 282 198 262 598 540 516 327 359 300 222 314 886 363 971 756 359 212 779 632 805 743 0 555 767 278 267 229 332 694 278 509 502 851 747 1060 772 487 807
366 280 1037 374 817 781 960 685 856 580 56 624 338 792 395 288 185 938 790 423 418 261 754 1000 1086 478 898 704 424 359 139 423 363 1083 828 450 331 394 316 471 279 407 341 938 290 45 333 231 475 359 606 1025 916 584 461 201 358 400 1186 258 658 555 0 953 602 305 369 877 479 501 1022 1006 296 219 621 868 630 853
863 847 1554 581 547 1223 1095 1620 475 377 1004 1515 1182 1009 922 1221 999 628 1660 544 630 1103 1167 1700 1639 967 54 670 869 941 947 810 1257 1230 1550 721 633 1347 922 1039 781 897 918 270 683 948 988 935 536 877 456 1653 889 1533 685 816 857 791 1039 1066 1457 767 953 0 1044 880 901 726 1346 1026 647 616 1147 987 1574 1534 331 220
270 356 526 624 589 204 386 842 670 800 637 667 917 231 216 593 429 636 747 749 464 426 160 663 604 128 998 418 222 244 462 270 527 490 530 344 702 755 289 141 410 217 266 870 710 557 271 370 551 268 590 608 442 836 938 461 280 931 682 857 511 278 602 1044 0 314 247 510 523 103 711 714 879 820 944 496 754 1074
61 45 808 352 581 511 654 776 640 561 351 645 640 487 98 414 178 684 781 469 249 250 474 857 874 185 827 436 119 79 176 131 407 780 693 195 405 576 43 210 114 103 52 780 404 262 109 91 343 53 443 844 617 720 631 148 55 618 887 563 579 267 305 880 314 0 67 600 475 225 769 758 599 516 800 700 553 852
38 108 749 401 561 446 590 788 626 601 412 644 701 422 31 447 224 654 771 522 273 275 407 815 817 118 849 405 65 42 235 104 423 714 655 189 464 612 57 154 169 38 33 782 466 325 100 143 369 25 453 793 564 742 694 214 45 684 832 627 557 229 369 901 247 67 0 560 476 163 738 730 660 582 830 654 581 889
541 607 910 642 181 609 380 1328 252 679 930 1164 1213 349 553 1007 778 136 1256 743 487 835 555 1140 1002 526 698 174 495 596 769 469 977 507 1029 426 758 1173 616 600 598 526 593 475 798 840 655 691 494 554 406 1054 164 1297 981 675 545 1031 359 1117 1021 332 877 726 510 600 560 0 1006 564 201 208 1170 1052 1390 978 575 852
509 502 700 781 1034 585 895 322 1101 1001 462 170 620 753 469 224 353 1116 318 870 722 247 595 556 717 480 1292 871 532 434 414 580 119 969 394 664 783 307 437 407 565 498 449 1255 754 455 376 410 813 494 918 620 963 318 941 536 511 875 1205 628 198 694 479 1346 523 475 476 1006 0 445 1198 1194 599 643 437 464 1016 1291
194 270 586 560 614 286 487 767 690 751 534 600 814 326 131 494 326 681 698 683 415 324 253 674 656 58 976 444 162 149 361 220 435 594 525 306 627 657 194 40 332 144 174 875 629 456 168 271 509 187 570 640 520 749 857 373 203 843 772 755 467 278 501 1026 103 225 163 564 445 0 760 759 776 720 854 510 719 1034
714 768 1099 734 210 807 546 1518 213 709 1078 1359 1350 545 736 1182 946 85 1455 812 609 1013 754 1339 1191 718 633 333 675 777 929 639 1161 652 1230 580 848 1346 791 794 746 707 770 377 895 990 837 859 586 729 467 1249 331 1481 1048 821 716 1115 395 1247 1221 509 1022 647 711 769 738 201 1198 760 0 31 1308 1176 1568 1178 596 815
705 756 1113 711 190 817 565 1514 184 681 1062 1356 1332 556 729 1172 935 78 1456 787 590 1004 763 1349 1206 715 601 325 668 769 916 630 1153 675 1236 568 824 1335 782 792 731 701 762 345 871 975 829 848 563 720 442 1261 349 1473 1021 805 707 1089 425 1228 1222 502 1006 616 714 758 730 208 1194 759 31 0 1290 1156 1558 1187 567 783
661 576 1259 608 1100 1042 1249 663 1131 772 248 685 42 1082 684 377 450 1225 851 604 699 476 1022 1155 1294 762 1094 996 718 644 425 720 486 1368 991 744 521 348 605 741 573 699 630 1182 468 337 608 518 738 652 870 1211 1212 533 512 495 653 407 1483 82 797 851 296 1147 879 599 660 1170 599 776 1308 1290 0 159 506 1052 851 1002
574 484 1250 459 966 1000 1170 771 991 614 197 760 195 1003 610 422 402 1095 928 445 569 462 973 1189 1295 695 934 877 633 576 358 623 523 1297 1019 632 365 452 532 690 464 620 557 1030 312 264 552 449 596 569 727 1227 1110 649 362 388 565 264 1379 79 836 747 219 987 820 516 582 1052 643 720 1176 1156 159 0 642 1068 696 843
853 807 1107 995 1381 1022 1326 230 1436 1200 570 376 494 1176 836 386 626 1483 484 1038 1009 555 1031 885 1106 875 1519 1235 895 793 657 928 419 1405 760 994 946 230 776 813 847 863 797 1547 899 630 735 711 1082 839 1208 987 1372 126 1004 786 851 906 1625 580 576 1060 621 1574 944 800 830 1390 437 854 1568 1558 506 642 0 850 1251 1463
691 744 262 1052 1082 374 702 651 1164 1256 872 475 1077 635 627 676 691 1112 428 1168 923 608 425 166 256 568 1486 912 671 623 752 729 567 707 96 817 1099 770 657 503 815 648 650 1367 1087 830 597 694 1018 680 1078 159 865 724 1305 829 700 1264 1032 1069 278 772 868 1534 496 700 654 978 464 510 1178 1187 1052 1068 850 0 1229 1542
543 518 1278 255 409 947 890 1289 382 114 684 1184 890 770 605 891 668 536 1330 256 308 771 893 1392 1358 660 276 452 557 619 616 499 926 1034 1236 413 330 1022 596 727 451 582 595 340 383 622 663 605 212 557 183 1357 716 1204 468 484 536 553 932 775 1133 487 630 331 754 553 581 575 1016 719 596 567 851 696 1251 1229 0 320
851 812 1598 510 673 1268 1196 1537 617 291 898 1454 1033 1086 915 1137 938 779 1610 430 619 1044 1214 1704 1678 976 199 757 872 924 878 814 1190 1338 1544 731 522 1244 896 1039 741 894 898 454 565 859 962 889 525 863 498 1674 1007 1437 507 756 844 617 1192 920 1427 807 853 220 1074 852 889 852 1291 1034 815 783 1002 843 1463 1542 320 0
