0 1264 476 1226 617 258 1656 1343 1460 146 493 427 654 119 807 1147
1264 0 1529 2488 1831 1518 2887 1688 2673 1410 793 935 1795 1378 1940 2343
476 1529 0 1155 799 377 1377 1806 1155 417 750 869 270 478 411 1259
1226 2488 1155 0 700 983 710 1882 680 1083 1716 1584 939 1110 903 461
617 1831 799 700 0 454 1303 1284 1169 503 1102 903 748 499 835 530
258 1518 377 983 454 0 1398 1460 1206 113 734 676 453 169 595 963
1656 2887 1377 710 1303 1398 0 2562 233 1512 2093 2071 1107 1561 980 1171
1343 1688 1806 1882 1284 1460 2562 0 2449 1391 1467 1101 1908 1328 2038 1471
1460 2673 1155 680 1169 1206 233 2449 0 1319 1881 1882 884 1372 752 1132
146 1410 417 1083 503 113 1512 1391 1319 0 633 563 544 65 692 1029
493 793 750 1716 1102 734 2093 1467 1881 633 0 372 1009 613 1158 1631
427 935 869 1584 903 676 2071 1101 1882 563 372 0 1077 510 1231 1407
654 1795 270 939 748 453 1107 1908 884 544 1009 1077 0 609 154 1123
119 1378 478 1110 499 169 1561 1328 1372 65 613 510 609 0 757 1028
807 1940 411 903 835 595 980 2038 752 692 1158 1231 154 757 0 1148
1147 2343 1259 461 530 963 1171 1471 1132 1029 1631 1407 1123 1028 1148 0
