0 1471 1334 859 1579 608 305 1099 571 657 1650 867 1444 913 1311 228
1471 0 137 1990 1986 874 1507 2342 2042 1765 2323 1652 2543 1666 2631 1545
1334 137 0 1861 1896 736 1375 2218 1905 1641 2221 1531 2429 1558 2497 1410
859 1990 1861 0 984 1183 1143 1653 835 1426 880 430 2051 1746 673 1046
1579 1986 1896 984 0 1512 1882 2578 1783 2233 422 718 2964 2476 1478 1806
608 874 736 1183 1512 0 724 1610 1178 1063 1733 942 1894 1131 1785 729
305 1507 1375 1143 1882 724 0 886 631 370 1954 1172 1191 610 1516 99
1099 2342 2218 1653 2578 1610 886 0 818 577 2533 1868 400 797 1672 900
571 2042 1905 835 1783 1178 631 818 0 723 1715 1094 1218 1095 955 548
657 1765 1641 1426 2233 1063 370 577 723 0 2275 1517 831 374 1678 429
1650 2323 2221 880 422 1733 1954 2533 1715 2275 0 811 2931 2564 1196 1865
867 1652 1531 430 718 942 1172 1868 1094 1517 811 0 2250 1775 1096 1092
1444 2543 2429 2051 2964 1894 1191 400 1218 831 2931 2250 0 890 2060 1227
913 1666 1558 1746 2476 1131 610 797 1095 374 2564 1775 890 0 2046 702
1311 2631 2497 673 1478 1785 1516 1672 955 1678 1196 1096 2060 2046 0 1418
228 1545 1410 1046 1806 729 99 900 548 429 1865 1092 1227 702 1418 0
