0 1118 1681 1493 847 79 790 1281 313 473 359 867 1129 1073 1157 154 716
1118 0 1696 776 1789 1067 1569 1670 978 1591 1477 288 1263 1261 1302 969 515
1681 1696 0 1123 1445 1723 2471 581 1380 1900 1841 1748 556 2610 2683 1603 1345
1493 776 1123 0 1842 1481 2159 1347 1217 1923 1818 981 919 1995 2046 1346 796
847 1789 1445 1842 0 927 1417 874 821 664 685 1606 1050 1889 1973 926 1282
79 1067 1723 1481 927 0 754 1341 343 527 413 808 1168 999 1083 137 693
790 1569 2471 2159 1417 754 0 2049 1097 757 736 1281 1919 680 746 884 1368
1281 1670 581 1347 874 1341 2049 0 1028 1398 1357 1624 435 2313 2393 1248 1201
313 978 1380 1217 821 343 1097 1028 0 705 601 784 825 1285 1365 225 494
473 1591 1900 1923 664 527 757 1398 705 0 114 1336 1388 1298 1380 625 1175
359 1477 1841 1818 685 413 736 1357 601 114 0 1222 1317 1229 1313 511 1063
867 288 1748 981 1606 808 1281 1624 784 1336 1222 0 1256 1014 1064 727 424
1129 1263 556 919 1050 1168 1919 435 825 1388 1317 1256 0 2061 2136 1047 835
1073 1261 2610 1995 1889 999 680 2313 1285 1298 1229 1014 2061 0 84 1069 1302
1157 1302 2683 2046 1973 1083 746 2393 1365 1380 1313 1064 2136 84 0 1151 1368
154 969 1603 1346 926 137 884 1248 225 625 511 727 1047 1069 1151 0 564
716 515 1345 796 1282 693 1368 1201 494 1175 1063 424 835 1302 1368 564 0
