0 886 848 193 1252 411 109 1269 106 920 173 1050 1123 797 805 110
886 0 635 949 2137 500 786 1519 804 827 962 1541 1324 1428 1565 974
848 635 0 771 1925 720 810 896 836 1329 800 996 701 979 1194 870
193 949 771 0 1205 531 273 1084 283 1101 31 857 946 610 649 125
1252 2137 1925 1205 0 1659 1357 1737 1344 1979 1186 1326 1729 1084 811 1162
411 500 720 531 1659 0 303 1419 315 656 532 1307 1240 1111 1180 514
109 786 810 273 1357 303 0 1313 26 828 262 1122 1155 883 908 218
1269 1519 896 1084 1737 1419 1313 0 1333 2075 1112 412 195 679 940 1206
106 804 836 283 1344 315 26 1333 0 819 269 1136 1177 893 910 216
920 827 1329 1101 1979 656 828 2075 819 0 1089 1939 1896 1711 1718 1027
173 962 800 31 1186 532 262 1112 269 1089 0 878 975 625 650 95
1050 1541 996 857 1326 1307 1122 412 1136 1939 878 0 449 305 539 963
1123 1324 701 946 1729 1240 1155 195 1177 1896 975 449 0 645 917 1070
797 1428 979 610 1084 1111 883 679 893 1711 625 305 645 0 272 699
805 1565 1194 649 811 1180 908 940 910 1718 650 539 917 272 0 695
110 974 870 125 1162 514 218 1206 216 1027 95 963 1070 699 695 0
