0 155 192 1265 1285 468 933 1170 87 959 1699 724 1236 390 1528 1312 560
155 0 91 1295 1408 619 873 1254 134 836 1778 643 1122 414 1680 1182 637
192 91 0 1212 1369 658 955 1336 126 887 1862 556 1179 504 1715 1120 576
1265 1295 1212 0 915 1416 2168 2309 1198 2042 2820 905 2338 1654 2072 1412 738
1285 1408 1369 915 0 1102 2175 1894 1273 2242 2328 1438 2521 1575 1280 2108 826
468 619 658 1416 1102 0 1115 893 535 1301 1405 1136 1541 530 1061 1770 691
933 873 955 2168 2175 1115 0 1014 982 458 1400 1411 517 600 1972 1668 1492
1170 1254 1336 2309 1894 893 1014 0 1257 1437 529 1891 1528 862 1136 2402 1577
87 134 126 1198 1273 535 982 1257 0 969 1786 638 1254 466 1590 1236 513
959 836 887 2042 2242 1301 458 1437 969 0 1853 1184 296 785 2282 1279 1464
1699 1778 1862 2820 2328 1405 1400 529 1786 1853 0 2418 1881 1378 1331 2910 2095
724 643 556 905 1438 1136 1411 1891 638 1184 2418 0 1473 1056 2134 694 654
1236 1122 1179 2338 2521 1541 517 1528 1254 296 1881 1473 0 1012 2471 1497 1755
390 414 504 1654 1575 530 600 862 466 785 1378 1056 1012 0 1505 1540 936
1528 1680 1715 2072 1280 1061 1972 1136 1590 2282 1331 2134 2471 1505 0 2805 1536
1312 1182 1120 1412 2108 1770 1668 2402 1236 1279 2910 694 1497 1540 2805 0 1348
560 637 576 738 826 691 1492 1577 513 1464 2095 654 1755 936 1536 1348 0
