0 21 12 1405 1125 488 1123 1337 648 1680 1452 39 1682 3 494 1216
21 0 18 1419 1109 484 1130 1336 626 1702 1438 40 1670 25 476 1201
12 18 0 1417 1128 497 1115 1347 639 1685 1455 48 1669 13 495 1203
1405 1419 1417 0 1746 1163 2203 958 1940 1474 1822 1382 3082 1404 1525 2620
1125 1109 1128 1746 0 779 2185 975 891 2664 364 1092 2182 1128 639 1653
488 484 497 1163 779 0 1608 861 794 1885 1045 449 2059 490 361 1549
1123 1130 1115 2203 2185 1608 0 2429 1393 1570 2536 1162 1338 1121 1553 1222
1337 1336 1347 958 975 861 2429 0 1564 2272 923 1298 2888 1338 1116 2363
648 626 639 1940 891 794 1393 1564 0 2312 1255 645 1336 651 454 804
1680 1702 1685 1474 2664 1885 1570 2272 2312 0 2899 1694 2868 1676 2125 2605
1452 1438 1455 1822 364 1045 2536 923 1255 2899 0 1416 2530 1454 983 2005
39 40 48 1382 1092 449 1162 1298 645 1694 1416 0 1709 41 464 1237
1682 1670 1669 3082 2182 2059 1338 2888 1336 2868 2530 1709 0 1683 1772 533
3 25 13 1404 1128 490 1121 1338 651 1676 1454 41 1683 0 497 1217
494 476 495 1525 639 361 1553 1116 454 2125 983 464 1772 497 0 1246
1216 1201 1203 2620 1653 1549 1222 2363 804 2605 2005 1237 533 1217 1246 0
