0 223 37 401 648 254 196 512 666 77 600 334 89 650 411 295 335 626 854 28 721 25 180 489 250 444 753 551 718 73 211 562 342 798 371 743 518 508 817 117 262 498 305 145 458 287 396 536 461 594 68 19 487 785 73 674 121 621 663 70 738 577 45 513 702 754 282 348 688 735 399 222 499 667 136 430 831 402
223 0 213 281 437 171 347 295 772 260 802 212 238 848 460 476 231 637 993 200 497 249 242 532 82 618 543 765 614 281 74 590 564 680 163 930 647 650 647 210 483 706 260 168 677 497 501 480 266 630 161 228 704 894 296 490 228 843 761 164 803 469 255 661 891 935 109 430 717 652 392 419 662 523 334 314 610 530
37 213 0 368 627 270 233 507 638 115 595 348 125 643 376 330 303 589 890 52 707 55 211 524 228 428 731 577 740 107 189 526 350 763 351 775 555 545 787 147 284 496 269 111 481 315 365 562 463 629 78 23 511 823 87 681 84 640 701 83 706 542 81 549 733 787 285 384 723 699 429 255 534 634 171 447 824 440
401 281 368 0 345 453 584 425 631 472 816 483 465 849 309 696 65 408 1247 396 486 423 506 812 200 597 427 936 864 474 223 384 664 405 193 1143 904 900 422 456 643 744 127 257 836 682 409 755 462 911 375 392 868 1162 448 668 308 981 1032 383 610 188 446 907 1102 1156 376 700 999 370 674 623 898 265 538 576 652 785
648 437 627 345 0 551 782 297 967 696 1153 528 676 1189 652 912 385 705 1406 630 165 674 667 901 399 938 106 1199 781 713 438 701 967 463 278 1365 1064 1073 301 645 911 1074 464 533 1107 932 754 759 394 981 594 648 1136 1288 715 499 599 1268 1153 598 922 378 686 1086 1327 1368 454 836 1052 527 746 855 1093 305 770 573 344 950
254 171 270 453 551 0 263 319 898 237 851 80 204 902 605 393 402 796 854 226 567 271 137 366 253 698 657 707 473 270 239 744 577 847 308 830 512 523 797 158 459 747 423 293 635 449 623 315 237 461 192 271 655 742 320 429 329 807 607 187 947 639 257 537 794 828 97 284 547 823 222 362 550 686 295 176 635 401
196 347 233 584 782 263 0 580 823 118 658 333 119 712 600 132 520 817 662 191 821 183 125 318 405 558 889 443 634 133 370 752 362 987 510 583 322 315 987 137 220 550 499 336 375 191 566 429 500 420 209 213 393 589 196 677 317 548 468 202 914 766 154 322 544 587 344 169 514 930 277 106 317 847 88 396 899 206
512 295 507 425 297 319 580 0 1029 530 1098 266 500 1143 703 712 418 833 1148 486 255 536 455 626 320 909 387 1023 490 557 347 805 855 717 236 1147 816 832 592 459 759 1002 486 457 945 760 771 465 103 696 444 520 968 1017 585 244 522 1116 883 445 1030 562 535 848 1112 1143 239 588 762 745 472 674 866 546 598 284 321 711
666 772 638 631 967 898 823 1029 0 728 439 968 752 428 327 845 616 310 1363 690 1117 663 847 1141 716 307 1030 871 1372 699 701 277 570 733 795 1139 1092 1065 910 783 687 461 543 610 777 756 275 1200 1032 1244 712 647 810 1355 632 1256 569 820 1259 719 158 620 690 1058 1098 1172 879 993 1338 600 1065 771 1018 744 736 1072 1284 1001
77 260 115 472 696 237 118 530 728 0 618 317 33 671 486 225 407 702 778 76 754 68 127 417 305 485 802 504 677 34 267 638 339 872 419 678 440 431 882 78 229 512 381 219 418 236 462 485 465 522 103 95 444 707 98 666 199 587 585 98 808 651 38 437 638 687 291 274 616 812 341 159 426 736 73 404 851 324
600 802 595 816 1153 851 658 1098 439 618 0 932 651 55 551 609 768 683 1016 629 1268 581 743 952 788 222 1243 495 1289 584 755 620 297 1075 905 756 820 782 1202 696 446 107 691 645 427 503 430 1087 1059 1041 668 587 451 1050 531 1275 578 407 985 670 597 899 594 769 720 795 881 811 1125 954 935 563 717 1026 581 1022 1406 764
334 212 348 483 528 80 333 266 968 317 932 0 284 983 666 459 440 849 885 305 521 351 210 373 291 776 630 776 405 351 286 801 657 863 315 883 550 566 793 239 537 828 473 359 708 523 693 272 172 457 270 350 727 761 400 349 401 881 625 266 1010 665 338 582 849 878 107 321 535 851 219 436 601 697 373 104 572 445
89 238 125 465 676 204 119 500 752 33 651 284 0 703 501 239 401 714 781 76 729 88 97 399 290 515 782 528 646 67 253 651 372 868 400 694 440 434 870 45 259 545 382 219 445 261 483 456 434 505 90 109 470 704 127 634 209 615 579 83 827 648 63 441 654 701 261 259 599 813 314 180 434 728 98 371 822 322
650 848 643 849 1189 902 712 1143 428 671 55 983 703 0 573 664 804 690 1064 679 1308 631 796 1007 831 252 1277 542 1343 636 799 631 352 1091 946 799 874 836 1226 748 501 162 726 689 478 558 454 1141 1107 1096 717 636 501 1101 582 1324 622 446 1038 720 587 923 645 823 765 840 929 866 1180 968 990 618 770 1051 635 1074 1449 819
411 460 376 309 652 605 600 703 327 486 551 666 501 573 0 666 289 218 1227 427 795 418 585 900 396 329 726 809 1072 467 385 151 495 529 468 1057 911 893 653 520 545 503 217 311 704 607 120 918 711 1006 437 392 739 1181 407 933 293 811 1066 445 343 349 448 893 1014 1080 569 760 1099 418 798 585 865 477 521 770 959 802
295 476 330 696 912 393 132 712 845 225 609 459 239 664 666 0 631 885 564 301 954 275 256 344 529 555 1019 317 718 222 492 816 315 1094 638 454 249 227 1108 266 168 503 599 441 262 105 610 508 629 431 327 307 274 518 265 796 406 431 414 321 953 873 250 226 415 462 477 212 518 1027 360 81 204 961 159 511 1029 159
335 231 303 65 385 402 520 418 616 407 768 440 401 804 289 631 0 422 1183 331 514 358 446 756 150 552 475 871 832 409 166 387 603 467 181 1078 840 836 487 394 578 691 79 191 771 617 375 711 441 857 311 326 804 1100 383 656 243 918 971 319 612 248 380 843 1036 1090 333 639 946 423 622 557 833 331 472 538 672 722
626 637 589 408 705 796 817 833 310 702 683 849 714 690 218 885 422 0 1444 639 865 634 793 1112 561 481 752 1012 1250 684 562 71 694 423 599 1266 1129 1111 605 730 759 663 376 511 908 823 297 1112 863 1217 644 607 943 1400 625 1075 505 999 1284 652 219 332 664 1111 1224 1292 745 974 1310 290 1001 803 1083 447 740 951 1041 1020
854 993 890 1247 1406 854 662 1148 1363 778 1016 885 781 1064 1227 564 1183 1444 0 853 1404 836 751 529 1062 1056 1511 522 895 782 1029 1374 792 1650 1153 289 345 347 1641 792 688 936 1159 998 595 622 1159 740 1047 493 871 868 567 167 829 1124 969 636 277 864 1490 1429 809 341 311 244 952 570 485 1589 677 645 361 1508 720 873 1425 463
28 200 52 396 630 226 191 486 690 76 629 305 76 679 427 301 331 639 853 0 698 50 159 473 234 472 735 568 691 83 195 577 369 797 352 752 514 507 808 94 282 527 307 144 478 302 418 511 433 578 41 45 505 780 100 645 134 642 656 41 758 575 55 513 711 762 254 335 672 738 376 231 502 660 144 402 805 397
721 497 707 486 165 567 821 255 1117 754 1268 521 729 1308 795 954 514 865 1404 698 0 746 698 881 485 1061 185 1257 687 777 522 857 1057 621 364 1397 1071 1086 437 691 980 1182 593 628 1173 990 889 707 357 947 658 724 1199 1272 792 385 697 1340 1138 661 1081 542 752 1102 1361 1395 477 842 1007 692 728 908 1117 469 827 536 179 965
25 249 55 423 674 271 183 536 663 68 581 351 88 631 418 275 358 634 836 50 746 0 185 485 275 431 779 526 729 53 236 570 318 819 396 720 503 491 841 124 236 478 324 166 433 262 395 543 483 590 91 32 462 771 50 694 134 595 651 92 740 597 29 495 678 732 304 342 684 753 403 199 479 689 116 445 856 388
180 242 211 506 667 137 125 455 847 127 743 210 97 796 585 256 446 793 751 159 698 185 0 319 312 612 774 569 550 161 283 733 456 911 403 700 405 408 889 64 328 636 442 285 498 312 576 358 375 424 149 200 518 656 224 558 291 671 525 140 917 693 160 420 663 701 221 193 516 868 218 225 425 761 167 283 773 288
489 532 524 812 901 366 318 626 1141 417 952 373 399 1007 900 344 756 1112 529 473 881 485 319 0 612 874 1002 604 418 443 589 1050 655 1212 675 602 240 275 1162 381 506 845 760 604 585 449 880 223 523 105 468 509 586 391 510 599 607 739 257 460 1226 1000 456 296 579 582 460 148 199 1180 154 392 342 1053 406 345 895 204
250 82 228 200 399 253 405 320 716 305 788 291 290 831 396 529 150 561 1062 234 485 275 312 612 0 591 503 802 688 318 39 518 573 601 123 983 716 716 581 270 512 698 186 143 708 536 452 561 315 711 201 248 738 968 315 539 212 869 837 207 736 388 289 726 943 991 185 504 799 570 474 464 723 448 377 390 617 598
444 618 428 597 938 698 558 909 307 485 222 776 515 252 329 555 552 481 1056 472 1061 431 612 874 591 0 1025 566 1160 452 561 414 264 856 701 833 797 766 979 555 390 182 474 452 470 459 209 970 882 973 506 427 504 1054 387 1104 389 528 965 510 446 676 452 759 792 865 709 726 1065 739 824 487 715 803 471 874 1206 714
753 543 731 427 106 657 889 387 1030 802 1243 630 782 1277 726 1019 475 752 1511 735 185 779 774 1002 503 1025 0 1304 857 819 542 758 1067 451 383 1472 1169 1179 253 752 1015 1167 552 634 1212 1037 834 852 488 1079 699 751 1241 1391 818 563 699 1371 1255 704 972 419 791 1192 1434 1475 559 941 1148 540 847 961 1200 319 876 669 347 1056
551 765 577 936 1199 707 443 1023 871 504 495 776 528 542 809 317 871 1012 522 568 1257 526 569 604 802 566 1304 0 1012 485 763 940 317 1306 921 267 395 353 1359 566 293 422 819 683 105 267 714 804 944 661 605 555 69 573 491 1113 628 139 538 601 1012 1091 512 334 228 303 784 508 727 1216 664 349 278 1198 431 827 1342 401
718 614 740 864 781 473 634 490 1372 677 1289 405 646 1343 1072 718 832 1250 895 691 687 729 550 418 688 1160 857 1012 0 711 689 1204 996 1204 675 1017 657 693 1081 605 854 1182 874 764 978 814 1096 210 412 407 662 736 985 732 773 306 803 1142 623 656 1415 1030 709 714 996 994 504 508 414 1218 360 736 759 1032 708 301 621 612
73 281 107 474 713 270 133 557 699 34 584 351 67 636 467 222 409 684 782 83 777 53 161 443 318 452 819 485 711 0 279 619 306 871 435 670 450 438 890 112 203 478 377 218 396 218 436 518 495 547 120 85 423 719 67 699 187 563 600 116 783 650 28 442 629 681 320 297 641 806 372 149 426 740 63 438 878 336
211 74 189 223 438 239 370 347 701 267 755 286 253 799 385 492 166 562 1029 195 522 236 283 589 39 561 542 763 689 279 0 515 535 628 162 946 684 683 616 236 473 663 186 110 669 497 432 552 332 690 164 209 698 939 276 557 177 829 808 170 728 411 251 692 905 954 184 476 779 590 456 426 687 479 339 389 650 566
562 590 526 384 701 744 752 805 277 638 620 801 651 631 151 816 387 71 1374 577 857 570 733 1050 518 414 758 940 1204 619 515 0 623 467 568 1195 1061 1043 633 669 688 596 331 455 836 752 226 1060 827 1156 585 543 872 1332 558 1043 443 929 1218 593 226 343 599 1042 1152 1220 699 911 1249 338 944 734 1013 466 673 904 1030 953
342 564 350 664 967 577 362 855 570 339 297 657 372 352 495 315 603 694 792 369 1057 318 456 655 573 264 1067 317 996 306 535 623 0 1007 696 577 543 510 1083 418 149 190 539 434 215 211 396 792 800 747 410 335 250 794 269 1006 368 321 711 410 702 798 323 500 536 607 623 514 834 908 640 266 454 914 290 740 1173 474
798 680 763 405 463 847 987 717 733 872 1075 863 868 1091 529 1094 467 423 1650 797 621 819 911 1212 601 856 451 1306 1204 871 628 467 1007 0 548 1532 1308 1303 220 861 1019 1032 495 653 1202 1068 648 1131 792 1309 779 786 1236 1567 836 949 691 1328 1436 787 623 221 844 1310 1489 1548 760 1104 1394 134 1069 1017 1298 171 935 944 795 1190
371 163 351 193 278 308 510 236 795 419 905 315 400 946 468 638 181 599 1153 352 364 396 403 675 123 701 383 921 675 435 162 568 696 548 0 1093 808 812 489 373 633 817 252 264 829 654 544 583 269 767 316 370 858 1048 438 476 332 991 914 321 793 356 408 823 1054 1098 215 586 849 544 526 578 826 382 492 397 505 691
743 930 775 1143 1365 830 583 1147 1139 678 756 883 694 799 1057 454 1078 1266 289 752 1397 720 700 602 983 833 1472 267 1017 670 946 1195 577 1532 1093 0 362 331 1560 720 515 688 1037 886 363 463 970 825 1055 617 782 752 329 398 697 1185 841 357 427 775 1278 1312 699 311 42 44 921 568 651 1452 715 521 282 1409 608 906 1454 441
518 647 555 904 1064 512 322 816 1092 440 820 550 440 874 911 249 840 1129 345 514 1071 503 405 240 716 797 1169 395 657 450 684 1061 543 1308 808 362 0 42 1295 448 407 721 822 659 407 337 859 463 718 271 529 534 396 270 504 828 637 535 168 521 1202 1088 474 62 339 344 610 229 331 1253 359 328 117 1163 391 555 1109 118
508 650 545 900 1073 523 315 832 1065 431 782 566 434 836 893 227 836 1111 347 507 1086 491 408 275 716 766 1179 353 693 438 683 1043 510 1303 812 331 42 0 1297 446 378 685 813 651 367 308 837 496 736 312 524 522 355 291 488 854 625 492 202 517 1178 1082 463 21 305 317 619 244 373 1244 384 308 75 1161 376 578 1130 122
817 647 787 422 301 797 987 592 910 882 1202 793 870 1226 653 1108 487 605 1641 808 437 841 889 1162 581 979 253 1359 1081 890 616 633 1083 220 489 1560 1295 1297 0 852 1065 1143 544 677 1259 1103 772 1044 684 1250 780 810 1291 1538 870 801 731 1402 1404 787 819 303 861 1307 1519 1570 701 1075 1328 339 1010 1039 1304 175 952 855 600 1177
117 210 147 456 645 158 137 459 783 78 696 239 45 748 520 266 394 730 792 94 691 124 64 381 270 555 752 566 605 112 236 669 418 861 373 720 448 446 852 0 303 591 384 224 486 301 512 419 389 486 87 136 509 706 168 588 227 657 578 79 853 642 104 455 681 725 219 249 580 812 282 216 453 716 140 326 780 329
262 483 284 643 911 459 220 759 687 229 446 537 259 501 545 168 578 759 688 282 980 236 328 506 512 390 1015 293 854 203 473 688 149 1019 633 515 407 378 1065 303 0 339 528 390 196 69 470 647 693 598 322 263 226 668 198 886 335 359 575 319 804 802 228 371 473 536 521 365 686 936 495 118 333 905 164 611 1081 327
498 706 496 744 1074 747 550 1002 461 512 107 828 545 162 503 503 691 663 936 527 1182 478 636 845 698 182 1167 422 1182 478 663 596 190 1032 817 688 721 685 1143 591 339 0 617 554 341 398 385 979 959 935 567 486 369 959 428 1172 486 358 887 568 612 844 489 673 650 725 780 704 1021 918 827 456 622 969 473 917 1313 660
305 260 269 127 464 423 499 486 543 381 691 473 382 726 217 599 79 376 1159 307 593 324 442 760 186 474 552 819 874 377 186 331 539 495 252 1037 822 813 544 384 528 617 0 162 717 573 297 738 498 863 297 292 750 1086 340 718 195 858 961 305 551 275 350 818 995 1052 369 634 954 431 636 522 803 378 440 574 749 704
145 168 111 257 533 293 336 457 610 219 645 359 219 689 311 441 191 511 998 144 628 166 285 604 143 452 634 683 764 218 110 455 434 653 264 886 659 651 677 224 390 554 162 0 585 426 336 606 434 708 136 134 617 924 193 659 68 739 799 145 654 432 190 657 844 899 270 473 801 593 490 366 644 522 282 463 760 542
458 677 481 836 1107 635 375 945 777 418 427 708 445 478 704 262 771 908 595 478 1173 433 498 585 708 470 1212 105 978 396 669 836 215 1202 829 363 407 367 1259 486 196 341 717 585 0 186 610 768 872 657 516 460 35 623 394 1053 528 172 565 513 915 988 422 351 322 394 706 470 731 1111 621 273 296 1096 347 769 1267 382
287 497 315 682 932 449 191 760 756 236 503 523 261 558 607 105 617 823 622 302 990 262 312 449 536 459 1037 267 814 218 497 752 211 1068 654 463 337 308 1103 301 69 398 573 426 186 0 537 605 686 537 338 293 208 598 234 869 377 358 505 333 873 848 246 302 421 481 520 313 623 990 454 87 264 947 163 588 1081 262
396 501 365 409 754 623 566 771 275 462 430 693 483 454 120 610 375 297 1159 418 889 395 576 880 452 209 834 714 1096 436 432 226 396 648 544 970 859 837 772 512 470 385 297 336 610 537 0 927 764 984 438 376 646 1128 370 989 294 704 1021 445 347 468 423 834 928 996 606 734 1078 533 795 530 801 596 481 797 1046 757
536 480 562 755 759 315 429 465 1200 485 1087 272 456 1141 918 508 711 1112 740 511 707 543 358 223 561 970 852 804 210 518 552 1060 792 1131 583 825 463 496 1044 419 647 979 738 606 768 605 927 0 364 251 488 555 775 588 583 385 634 932 463 481 1259 936 519 517 801 806 378 298 300 1123 152 529 558 963 507 189 694 406
461 266 463 462 394 237 500 103 1032 465 1059 172 434 1107 711 629 441 863 1047 433 357 483 375 523 315 882 488 944 412 495 332 827 800 792 269 1055 718 736 684 389 693 959 498 434 872 686 764 364 0 593 392 472 893 915 533 224 493 1044 780 391 1049 620 477 753 1022 1049 178 492 660 807 370 599 773 621 529 182 400 616
594 630 629 911 981 461 420 696 1244 522 1041 457 505 1096 1006 431 857 1217 493 578 947 590 424 105 711 973 1079 661 407 547 690 1156 747 1309 767 617 271 312 1250 486 598 935 863 708 657 537 984 251 593 0 573 614 653 337 614 636 713 799 216 564 1331 1099 561 333 601 591 552 251 94 1280 241 487 386 1148 508 412 945 278
68 161 78 375 594 192 209 444 712 103 668 270 90 717 437 327 311 644 871 41 658 91 149 468 201 506 699 605 662 120 164 585 410 779 316 782 529 524 780 87 322 567 297 136 516 338 438 488 392 573 0 81 543 791 141 606 146 682 664 8 774 558 94 532 741 790 214 337 666 726 361 263 525 638 176 369 764 411
19 228 23 392 648 271 213 520 647 95 587 350 109 636 392 307 326 607 868 45 724 32 200 509 248 427 751 555 736 85 209 543 335 786 370 752 534 522 810 136 263 486 292 134 460 293 376 555 472 614 81 0 490 802 67 687 104 620 681 84 719 565 59 527 710 764 294 367 708 721 419 231 511 657 148 447 838 419
487 704 511 868 1136 655 393 968 810 444 451 727 470 501 739 274 804 943 567 505 1199 462 518 586 738 504 1241 69 985 423 698 872 250 1236 858 329 396 355 1291 509 226 369 750 617 35 208 646 775 893 653 543 490 0 601 424 1069 560 157 551 539 949 1021 450 338 288 361 729 477 724 1146 631 294 282 1129 372 785 1289 381
785 894 823 1162 1288 742 589 1017 1355 707 1050 761 704 1101 1181 518 1100 1400 167 780 1272 771 656 391 968 1054 1391 573 732 719 939 1332 794 1567 1048 398 270 291 1538 706 668 959 1086 924 623 598 1128 588 915 337 791 802 601 0 774 973 906 704 135 783 1470 1348 743 296 405 357 839 464 319 1517 545 598 339 1416 661 736 1280 383
73 296 87 448 715 320 196 585 632 98 531 400 127 582 407 265 383 625 829 100 792 50 224 510 315 387 818 491 773 67 276 558 269 836 438 697 504 488 870 168 198 428 340 193 394 234 370 583 533 614 141 67 424 774 0 744 144 553 659 142 717 615 64 490 655 711 355 363 708 763 439 184 469 713 114 493 904 394
674 490 681 668 499 429 677 244 1256 666 1275 349 634 1324 933 796 656 1075 1124 645 385 694 558 599 539 1104 563 1113 306 699 557 1043 1006 949 476 1185 828 854 801 588 886 1172 718 659 1053 869 989 385 224 636 606 687 1069 973 744 0 716 1225 847 604 1267 805 684 874 1156 1172 396 620 675 986 470 782 906 780 723 286 319 746
121 228 84 308 599 329 317 522 569 199 578 401 209 622 293 406 243 505 969 134 697 134 291 607 212 389 699 628 803 187 177 443 368 691 332 841 637 625 731 227 335 486 195 68 528 377 294 634 493 713 146 104 560 906 144 716 0 677 785 154 627 471 163 628 799 856 322 469 806 620 507 327 610 571 248 504 828 523
621 843 640 981 1268 807 548 1116 820 587 407 881 615 446 811 431 918 999 636 642 1340 595 671 739 869 528 1371 139 1142 563 829 929 321 1328 991 357 535 492 1402 657 359 358 858 739 172 358 704 932 1044 799 682 620 157 704 553 1225 677 0 676 679 970 1120 587 473 326 399 877 634 866 1228 788 445 417 1235 517 941 1438 534
663 761 701 1032 1153 607 468 883 1259 585 985 625 579 1038 1066 414 971 1284 277 656 1138 651 525 257 837 965 1255 538 623 600 808 1218 711 1436 914 427 168 202 1404 578 575 887 961 799 565 505 1021 463 780 216 664 681 551 135 659 847 785 676 0 655 1366 1219 622 215 419 394 704 332 227 1391 410 491 269 1284 545 603 1150 264
70 164 83 383 598 187 202 445 719 98 670 266 83 720 445 321 319 652 864 41 661 92 140 460 207 510 704 601 656 116 170 593 410 787 321 775 521 517 787 79 319 568 305 145 513 333 445 481 391 564 8 84 539 783 142 604 154 679 655 0 781 566 91 524 735 783 213 328 657 735 353 257 518 645 171 364 765 403
738 803 706 610 922 947 914 1030 158 808 597 1010 827 587 343 953 612 219 1490 758 1081 740 917 1226 736 446 972 1012 1415 783 728 226 702 623 793 1278 1202 1178 819 853 804 612 551 654 915 873 347 1259 1049 1331 774 719 949 1470 717 1267 627 970 1366 781 0 552 769 1174 1237 1309 912 1080 1425 490 1134 875 1137 666 828 1114 1255 1103
577 469 542 188 378 639 766 562 620 651 899 665 648 923 349 873 248 332 1429 575 542 597 693 1000 388 676 419 1091 1030 650 411 343 798 221 356 1312 1088 1082 303 642 802 844 275 432 988 848 468 936 620 1099 558 565 1021 1348 615 805 471 1120 1219 566 552 0 622 1088 1270 1327 559 887 1186 188 861 796 1076 128 714 753 721 970
45 255 81 446 686 257 154 535 690 38 594 338 63 645 448 250 380 664 809 55 752 29 160 456 289 452 791 512 709 28 251 599 323 844 408 699 474 463 861 104 228 489 350 190 422 246 423 519 477 561 94 59 450 743 64 684 163 587 622 91 769 622 0 468 658 710 300 312 655 780 377 177 454 711 91 429 856 360
513 661 549 907 1086 537 322 848 1058 437 769 582 441 823 893 226 843 1111 341 513 1102 495 420 296 726 759 1192 334 714 442 692 1042 500 1310 823 311 62 21 1307 455 371 673 818 657 351 302 834 517 753 333 532 527 338 296 490 874 628 473 215 524 1174 1088 468 0 284 298 633 261 393 1248 403 308 56 1170 380 596 1148 136
702 891 733 1102 1327 794 544 1112 1098 638 720 849 654 765 1014 415 1036 1224 311 711 1361 678 663 579 943 792 1434 228 996 629 905 1152 536 1489 1054 42 339 305 1519 681 473 650 995 844 322 421 928 801 1022 601 741 710 288 405 655 1156 799 326 419 735 1237 1270 658 284 0 75 884 537 641 1409 686 480 250 1367 567 875 1421 410
754 935 787 1156 1368 828 587 1143 1172 687 795 878 701 840 1080 462 1090 1292 244 762 1395 732 701 582 991 865 1475 303 994 681 954 1220 607 1548 1098 44 344 317 1570 725 536 725 1052 899 394 481 996 806 1049 591 790 764 361 357 711 1172 856 399 394 783 1309 1327 710 298 75 0 921 559 620 1471 702 532 277 1421 618 895 1446 433
282 109 285 376 454 97 344 239 879 291 881 107 261 929 569 477 333 745 952 254 477 304 221 460 185 709 559 784 504 320 184 699 623 760 215 921 610 619 701 219 521 780 369 270 706 520 606 378 178 552 214 294 729 839 355 396 322 877 704 213 912 559 300 633 884 921 0 382 634 745 311 435 644 596 359 205 560 497
348 430 384 700 836 284 169 588 993 274 811 321 259 866 760 212 639 974 570 335 842 342 193 148 504 726 941 508 508 297 476 911 514 1104 586 568 229 244 1075 249 365 704 634 473 470 313 734 298 492 251 337 367 477 464 363 620 469 634 332 328 1080 887 312 261 537 559 382 0 344 1061 156 248 286 952 258 338 887 126
688 717 723 999 1052 547 514 762 1338 616 1125 535 599 1180 1099 518 946 1310 485 672 1007 684 516 199 799 1065 1148 727 414 641 779 1249 834 1394 849 651 331 373 1328 580 686 1021 954 801 731 623 1078 300 660 94 666 708 724 319 708 675 806 866 227 657 1425 1186 655 393 641 620 634 344 0 1369 325 578 448 1231 601 478 991 361
735 652 699 370 527 823 930 745 600 812 954 851 813 968 418 1027 423 290 1589 738 692 753 868 1180 570 739 540 1216 1218 806 590 338 908 134 544 1452 1253 1244 339 812 936 918 431 593 1111 990 533 1123 807 1280 726 721 1146 1517 763 986 620 1228 1391 735 490 188 780 1248 1409 1471 745 1061 1369 0 1045 947 1231 223 869 941 871 1136
399 392 429 674 746 222 277 472 1065 341 935 219 314 990 798 360 622 1001 677 376 728 403 218 154 474 824 847 664 360 372 456 944 640 1069 526 715 359 384 1010 282 495 827 636 490 621 454 795 152 370 241 361 419 631 545 439 470 507 788 410 353 1134 861 377 403 686 702 311 156 325 1045 0 377 436 907 357 197 751 277
222 419 255 623 855 362 106 674 771 159 563 436 180 618 585 81 557 803 645 231 908 199 225 392 464 487 961 349 736 149 426 734 266 1017 578 521 328 308 1039 216 118 456 522 366 273 87 530 529 599 487 263 231 294 598 184 782 327 445 491 257 875 796 177 308 480 532 435 248 578 947 377 0 284 888 86 502 995 230
499 662 534 898 1093 550 317 866 1018 426 717 601 434 770 865 204 833 1083 361 502 1117 479 425 342 723 715 1200 278 759 426 687 1013 454 1298 826 282 117 75 1304 453 333 622 803 644 296 264 801 558 773 386 525 511 282 339 469 906 610 417 269 518 1137 1076 454 56 250 277 644 286 448 1231 436 284 0 1162 363 624 1171 160
667 523 634 265 305 686 847 546 744 736 1026 697 728 1051 477 961 331 447 1508 660 469 689 761 1053 448 803 319 1198 1032 740 479 466 914 171 382 1409 1163 1161 175 716 905 969 378 522 1096 947 596 963 621 1148 638 657 1129 1416 713 780 571 1235 1284 645 666 128 711 1170 1367 1421 596 952 1231 223 907 888 1162 0 803 775 647 1045
136 334 171 538 770 295 88 598 736 73 581 373 98 635 521 159 472 740 720 144 827 116 167 406 377 471 876 431 708 63 339 673 290 935 492 608 391 376 952 140 164 473 440 282 347 163 481 507 529 508 176 148 372 661 114 723 248 517 545 171 828 714 91 380 567 618 359 258 601 869 357 86 363 803 0 450 920 280
430 314 447 576 573 176 396 284 1072 404 1022 104 371 1074 770 511 538 951 873 402 536 445 283 345 390 874 669 827 301 438 389 904 740 944 397 906 555 578 855 326 611 917 574 463 769 588 797 189 182 412 369 447 785 736 493 286 504 941 603 364 1114 753 429 596 875 895 205 338 478 941 197 502 624 775 450 0 554 464
831 610 824 652 344 635 899 321 1284 851 1406 572 822 1449 959 1029 672 1041 1425 805 179 856 773 895 617 1206 347 1342 621 878 650 1030 1173 795 505 1454 1109 1130 600 780 1081 1313 749 760 1267 1081 1046 694 400 945 764 838 1289 1280 904 319 828 1438 1150 765 1255 721 856 1148 1421 1446 560 887 991 871 751 995 1171 647 920 554 0 1013
402 530 440 785 950 401 206 711 1001 324 764 445 322 819 802 159 722 1020 463 397 965 388 288 204 598 714 1056 401 612 336 566 953 474 1190 691 441 118 122 1177 329 327 660 704 542 382 262 757 406 616 278 411 419 381 383 394 746 523 534 264 403 1103 970 360 136 410 433 497 126 361 1136 277 230 160 1045 280 464 1013 0
