0 873 2 1291 1500 481 1182 998 1143 1667 1570 856 923 1711 270 940
873 0 874 2164 1269 1354 373 142 619 2537 778 33 1580 2584 1021 967
2 874 0 1290 1502 481 1182 998 1142 1666 1569 856 925 1710 272 938
1291 2164 1290 0 2462 813 2457 2288 2331 399 2825 2146 1122 419 1203 1885
1500 1269 1502 2462 0 1774 1551 1209 1887 2858 1863 1296 1397 2827 1378 2151
481 1354 481 813 1774 0 1661 1475 1586 1198 2043 1337 732 1232 413 1256
1182 373 1182 2457 1551 1661 0 355 415 2814 406 370 1948 2876 1365 962
998 142 998 2288 1209 1475 355 0 687 2665 735 173 1655 2708 1126 1092
1143 619 1142 2331 1887 1586 415 687 0 2656 556 594 2020 2740 1381 605
1667 2537 1666 399 2858 1198 2814 2665 2656 0 3169 2517 1501 171 1597 2166
1570 778 1569 2825 1863 2043 406 735 556 3169 0 776 2355 3241 1765 1159
856 33 856 2146 1296 1337 370 173 594 2517 776 0 1579 2566 1011 933
923 1580 925 1122 1397 732 1948 1655 2020 1501 2355 1579 0 1447 656 1860
1711 2584 1710 419 2827 1232 2876 2708 2740 171 3241 2566 1447 0 1614 2272
270 1021 272 1203 1378 413 1365 1126 1381 1597 1765 1011 656 1614 0 1210
940 967 938 1885 2151 1256 962 1092 605 2166 1159 933 1860 2272 1210 0
