0 484 230 1612 1114 1563 126 370 1460 1355 822 917 758 35 100 992 870
484 0 523 1475 1598 2018 449 234 1112 1805 741 556 1095 518 530 561 1116
230 523 0 1818 1145 1503 119 510 1322 1480 618 811 586 246 327 925 1095
1612 1475 1818 0 2333 2961 1699 1336 2391 2098 2216 1929 2366 1616 1545 1817 1135
1114 1598 1145 2333 0 661 1166 1455 2432 620 1645 1954 939 1081 1083 2070 1208
1563 2018 1503 2961 661 0 1569 1932 2622 1204 1820 2237 1040 1537 1568 2390 1856
126 449 119 1699 1166 1569 0 400 1352 1452 696 819 694 152 227 910 996
370 234 510 1336 1455 1932 400 0 1346 1604 907 788 1094 395 373 792 882
1460 1112 1322 2391 2432 2622 1352 1346 0 2801 805 559 1585 1494 1547 589 2228
1355 1805 1480 2098 620 1204 1452 1604 2801 0 2069 2270 1474 1320 1283 2345 993
822 741 618 2216 1645 1820 696 907 805 2069 0 497 781 848 923 685 1687
917 556 811 1929 1954 2237 819 788 559 2270 497 0 1207 952 998 189 1669
758 1095 586 2366 939 1040 694 1094 1585 1474 781 1207 0 751 821 1370 1478
35 518 246 1616 1081 1537 152 395 1494 1320 848 952 751 0 81 1027 849
100 530 327 1545 1083 1568 227 373 1547 1283 923 998 821 81 0 1062 769
992 561 925 1817 2070 2390 910 792 589 2345 685 189 1370 1027 1062 0 1671
870 1116 1095 1135 1208 1856 996 882 2228 993 1687 1669 1478 849 769 1671 0
