0 887 56 1705 1155 1255 1586 250 1228 496 866 1437 994 189 1497 1547
887 0 835 2591 787 2102 943 960 1398 611 612 1056 1296 1053 2355 1064
56 835 0 1755 1134 1294 1554 242 1198 442 843 1385 970 245 1553 1525
1705 2591 1755 0 2687 685 3187 1673 2218 2092 2441 2859 1987 1549 605 3060
1155 787 1134 2687 0 2372 514 1361 2103 1211 291 1843 1947 1220 2288 393
1255 2102 1294 685 2372 0 2834 1142 1538 1539 2094 2213 1316 1153 987 2764
1586 943 1554 3187 514 2834 0 1759 2341 1513 748 1908 2232 1683 2802 295
250 960 242 1673 1361 1142 1759 0 993 420 1070 1298 751 366 1556 1750
1228 1398 1198 2218 2103 1538 2341 993 0 902 1838 801 261 1359 2333 2441
496 611 442 2092 1211 1539 1513 420 902 0 938 944 736 684 1963 1568
866 612 843 2441 291 2094 748 1070 1838 938 0 1651 1671 941 2077 682
1437 1056 1385 2859 1843 2213 1908 1298 801 944 1651 0 927 1620 2843 2090
994 1296 970 1987 1947 1316 2232 751 261 736 1671 927 0 1112 2078 2304
189 1053 245 1549 1220 1153 1683 366 1359 684 941 1620 1112 0 1312 1613
1497 2355 1553 605 2288 987 2802 1556 2333 1963 2077 2843 2078 1312 0 2635
1547 1064 1525 3060 393 2764 295 1750 2441 1568 682 2090 2304 1613 2635 0
