0 1396 532 136 1639 1701 974 1716 1144 276 540 975 397 1412 1091 1569 28
1396 0 890 1491 1840 2587 1221 340 2427 1451 1896 612 1713 2218 2155 2950 1372
532 890 0 650 1447 1857 965 1196 1547 679 1006 630 823 1731 1510 2101 505
136 1491 650 0 1763 1763 944 1817 1135 184 520 1030 419 1292 958 1461 164
1639 1840 1447 1763 0 1110 2412 1924 1670 1912 1631 1995 1509 3051 2712 2749 1617
1701 2587 1857 1763 1110 0 2669 2777 958 1948 1340 2487 1353 2952 2519 2086 1695
974 1221 965 944 2412 2669 0 1543 2072 772 1459 617 1359 1007 1049 2101 977
1716 340 1196 1817 1924 2777 1543 0 2705 1787 2200 945 2013 2547 2495 3279 1692
1144 2427 1547 1135 1670 958 2072 2705 0 1300 615 2107 752 2103 1649 1143 1155
276 1451 679 184 1912 1948 772 1787 1300 0 687 938 602 1139 845 1507 296
540 1896 1006 520 1631 1340 1459 2200 615 687 0 1515 190 1612 1189 1192 555
975 612 630 1030 1995 2487 617 945 2107 938 1515 0 1356 1606 1557 2440 960
397 1713 823 419 1509 1353 1359 2013 752 602 190 1356 0 1633 1237 1372 405
1412 2218 1731 1292 3051 2952 1007 2547 2103 1139 1612 1606 1633 0 459 1577 1434
1091 2155 1510 958 2712 2519 1049 2495 1649 845 1189 1557 1237 459 0 1174 1117
1569 2950 2101 1461 2749 2086 2101 3279 1143 1507 1192 2440 1372 1577 1174 0 1596
28 1372 505 164 1617 1695 977 1692 1155 296 555 960 405 1434 1117 1596 0
