0 845 1061 771 770 1224 1674 307 1196 811 1670 109 520 1715 1268 1325
845 0 1666 1599 1594 469 1464 839 2019 1230 1535 830 1274 1921 1954 760
1061 1666 0 706 678 1825 2735 862 801 480 2726 984 576 2673 329 1685
771 1599 706 0 28 1920 2291 804 425 878 2252 770 384 2066 702 1921
770 1594 678 28 0 1909 2305 792 426 853 2267 765 366 2088 678 1905
1224 469 1825 1920 1909 0 1831 1117 2320 1349 1922 1177 1557 2370 2142 383
1674 1464 2735 2291 2305 1831 0 1918 2672 2441 146 1758 2175 870 2918 2195
307 839 862 804 792 1117 1918 0 1204 526 1929 198 443 2017 1124 1134
1196 2019 801 425 426 2320 2672 1204 0 1148 2621 1190 762 2357 608 2288
811 1230 480 878 853 1349 2441 526 1148 0 2455 708 538 2522 806 1207
1670 1535 2726 2252 2267 1922 146 1929 2621 2455 0 1760 2159 725 2895 2278
109 830 984 770 765 1177 1758 198 1190 708 1760 0 472 1822 1211 1252
520 1274 576 384 366 1557 2175 443 762 538 2159 472 0 2102 749 1539
1715 1921 2673 2066 2088 2370 870 2017 2357 2522 725 1822 2102 0 2763 2679
1268 1954 329 702 678 2142 2918 1124 608 806 2895 1211 749 2763 0 2013
1325 760 1685 1921 1905 383 2195 1134 2288 1207 2278 1252 1539 2679 2013 0
