0 1706 1230 526 1046 970 1366 498 1600 1686 129 1718 108 528 179 124
1706 0 2850 1259 2660 1661 1926 1896 2313 1642 1577 2424 1813 1889 1847 1582
1230 2850 0 1757 190 2053 1584 1431 2453 2822 1351 1566 1147 975 1175 1337
526 1259 1757 0 1572 693 1576 644 1429 1264 407 2012 616 952 619 424
1046 2660 190 1572 0 1896 1448 1278 2332 2661 1166 1482 967 788 1002 1151
970 1661 2053 693 1896 0 2246 623 741 770 921 2653 992 1496 922 945
1366 1926 1584 1576 1448 2246 0 1865 2943 2819 1357 500 1414 917 1514 1335
498 1896 1431 644 1278 623 1865 0 1129 1393 533 2203 462 999 367 551
1600 2313 2453 1429 2332 741 2943 1129 0 876 1588 3318 1586 2122 1494 1611
1686 1642 2822 1264 2661 770 2819 1393 876 0 1608 3272 1729 2190 1671 1631
129 1577 1351 407 1166 921 1357 533 1588 1608 0 1737 236 582 284 23
1718 2424 1566 2012 1482 2653 500 2203 3318 3272 1737 0 1740 1205 1838 1714
108 1813 1147 616 967 992 1414 462 1586 1729 236 1740 0 536 100 232
528 1889 975 952 788 1496 917 999 2122 2190 582 1205 536 0 632 559
179 1847 1175 619 1002 922 1514 367 1494 1671 284 1838 100 632 0 289
124 1582 1337 424 1151 945 1335 551 1611 1631 23 1714 232 559 289 0
