0 680 808 1528 78 1075 700 1246 885 781 835 84 1187 850 44 1579
680 0 1366 1265 708 854 1381 1165 834 1053 187 615 523 175 657 1743
808 1366 0 1575 738 1232 597 2024 1677 1469 1549 891 1887 1501 799 2224
1528 1265 1575 0 1482 455 2007 2430 2091 2223 1367 1533 1453 1199 1484 2979
78 708 738 1482 0 1032 680 1323 962 855 871 154 1223 873 60 1653
1075 854 1232 455 1032 0 1594 2009 1660 1770 987 1078 1153 828 1031 2534
700 1381 597 2007 680 1594 0 1658 1364 1042 1533 770 1884 1550 725 1714
1246 1165 2024 2430 1323 2009 1658 0 369 627 1086 1173 1194 1252 1271 693
885 834 1677 2091 962 1660 1364 369 0 429 791 809 984 948 907 917
781 1053 1469 2223 855 1770 1042 627 429 0 1080 736 1345 1206 819 797
835 187 1549 1367 871 987 1533 1086 791 1080 0 762 352 169 817 1708
84 615 891 1533 154 1078 770 1173 809 736 762 0 1114 788 97 1532
1187 523 1887 1453 1223 1153 1884 1194 984 1345 352 1114 0 394 1169 1869
850 175 1501 1199 873 828 1550 1252 948 1206 169 788 394 0 825 1864
44 657 799 1484 60 1031 725 1271 907 819 817 97 1169 825 0 1617
1579 1743 2224 2979 1653 2534 1714 693 917 797 1708 1532 1869 1864 1617 0
