0 1265 756 314 651 25 1607 1392 366 718 952 1554 1422 163 1489 1494 1445
1265 0 1879 991 1727 1281 1056 2566 1421 820 1572 2778 1501 1105 1957 469 737
756 1879 0 1058 1074 759 1826 686 462 1472 693 1405 1332 897 1094 2192 1792
314 991 1058 0 769 320 1511 1705 626 416 1121 1789 1474 161 1650 1184 1298
651 1727 1074 769 0 626 2246 1481 918 954 1533 1085 2061 733 2053 1808 2058
25 1281 759 320 626 0 1632 1389 381 719 973 1533 1446 176 1509 1503 1469
1607 1056 1826 1511 2246 1632 0 2441 1502 1623 1202 3107 720 1513 1292 1510 319
1392 2566 686 1705 1481 1389 2441 0 1145 2107 1243 1252 1848 1548 1434 2867 2446
366 1421 462 626 918 381 1502 1145 0 1041 617 1608 1167 469 1145 1731 1411
718 820 1472 416 954 719 1623 2107 1041 0 1496 2036 1752 576 2010 856 1352
952 1572 693 1121 1533 973 1202 1243 617 1496 0 2089 639 995 536 1984 1247
1554 2778 1405 1789 1085 1533 3107 1252 1608 2036 2089 0 2720 1696 2486 2892 2986
1422 1501 1332 1474 2061 1446 720 1848 1167 1752 639 2720 0 1400 572 1966 909
163 1105 897 161 733 176 1513 1548 469 576 995 1696 1400 0 1530 1331 1328
1489 1957 1094 1650 2053 1509 1292 1434 1145 2010 536 2486 572 1530 0 2403 1457
1494 469 2192 1184 1808 1503 1510 2867 1731 856 1984 2892 1966 1331 2403 0 1191
1445 737 1792 1298 2058 1469 319 2446 1411 1352 1247 2986 909 1328 1457 1191 0
