0 1305 1310 1489 1517 791 788 786 1365 524 484 480 161 745 1712 392 991
1305 0 2588 2771 2726 1308 1220 2026 2509 872 1179 1463 1177 768 2939 1676 1845
1310 2588 0 780 1139 1872 1919 956 547 1727 1675 1450 1415 1895 1170 1030 1138
1489 2771 780 0 399 1717 1791 756 1323 2005 1650 1362 1641 2216 389 1100 1772
1517 2726 1139 399 0 1549 1632 730 1664 2041 1556 1265 1678 2263 221 1131 2004
791 1308 1872 1717 1549 0 90 990 2077 1021 320 423 856 1208 1770 858 1783
788 1220 1919 1791 1632 90 0 1056 2103 972 305 469 836 1149 1854 895 1776
786 2026 956 756 730 990 1056 0 1320 1311 894 609 947 1532 928 402 1403
1365 2509 547 1323 1664 2077 2103 1320 0 1640 1818 1662 1414 1755 1713 1228 773
524 872 1727 2005 2041 1021 972 1311 1640 0 723 899 365 224 2236 915 1027
484 1179 1675 1650 1556 320 305 894 1818 723 0 291 536 925 1773 645 1471
480 1463 1450 1362 1265 423 469 609 1662 899 291 0 606 1119 1482 436 1440
161 1177 1415 1641 1678 856 836 947 1414 365 536 606 0 585 1871 550 949
745 768 1895 2216 2263 1208 1149 1532 1755 224 925 1119 585 0 2456 1134 1076
1712 2939 1170 389 221 1770 1854 928 1713 2236 1773 1482 1871 2456 0 1321 2127
392 1676 1030 1100 1131 858 895 402 1228 915 645 436 550 1134 1321 0 1100
991 1845 1138 1772 2004 1783 1776 1403 773 1027 1471 1440 949 1076 2127 1100 0
