0 401 1192 472 1013 370 1414 907 373 1311 1112 487 399 73 1098 1157
401 0 1547 550 1216 771 1816 900 751 1712 1513 796 235 339 744 791
1192 1547 0 1123 1708 903 700 1249 1061 606 723 757 1401 1229 2283 2109
472 550 1123 0 1482 661 1565 435 770 1451 1325 399 329 426 1272 988
1013 1216 1708 1482 0 942 1456 1917 768 1414 1143 1338 1360 1071 1469 1976
370 771 903 661 942 0 1045 1060 180 943 743 401 736 435 1445 1510
1414 1816 700 1565 1456 1045 0 1822 1111 115 336 1168 1751 1477 2474 2522
907 900 1249 435 1917 1060 1822 0 1191 1708 1637 706 666 858 1532 996
373 751 1061 770 768 180 1111 1191 0 1020 787 570 771 447 1362 1527
1311 1712 606 1451 1414 943 115 1708 1020 0 272 1053 1641 1372 2379 2411
1112 1513 723 1325 1143 743 336 1637 787 272 0 943 1471 1179 2149 2247
487 796 757 399 1338 401 1168 706 570 1053 943 0 644 502 1539 1379
399 235 1401 329 1360 736 1751 666 771 1641 1471 644 0 325 943 776
73 339 1229 426 1071 435 1477 858 447 1372 1179 502 325 0 1055 1084
1098 744 2283 1272 1469 1445 2474 1532 1362 2379 2149 1539 943 1055 0 828
1157 791 2109 988 1976 1510 2522 996 1527 2411 2247 1379 776 1084 828 0
