0 437 1520 33 188 1332 1432 256 851 864 1167 105 1638 1061 1230 1284
437 0 1802 423 588 1582 1046 595 1284 447 987 351 1575 686 1177 1172
1520 1802 0 1504 1336 2452 2836 1267 1408 2229 1545 1529 3118 2487 2720 2794
33 423 1504 0 181 1366 1430 237 872 856 1134 79 1663 1060 1254 1305
188 588 1336 181 0 1396 1610 105 755 1030 1153 239 1803 1241 1397 1461
1332 1582 2452 1366 1396 0 2020 1501 1056 1765 2495 1423 1134 1748 976 1148
1432 1046 2836 1430 1610 2020 0 1634 2192 607 1667 1373 1321 370 1124 979
256 595 1267 237 105 1501 1634 0 822 1041 1063 268 1892 1268 1484 1541
851 1284 1408 872 755 1056 2192 822 0 1682 1868 951 1921 1828 1578 1708
864 447 2229 856 1030 1765 607 1041 1682 0 1163 790 1442 278 1098 1028
1167 987 1545 1134 1153 2495 1667 1063 1868 1163 0 1072 2545 1431 2157 2133
105 351 1529 79 239 1423 1373 268 951 790 1072 0 1668 1005 1259 1300
1638 1575 3118 1663 1803 1134 1321 1892 1921 1442 2545 1668 0 1250 409 415
1061 686 2487 1060 1241 1748 370 1268 1828 278 1431 1005 1250 0 954 850
1230 1177 2720 1254 1397 976 1124 1484 1578 1098 2157 1259 409 954 0 171
1284 1172 2794 1305 1461 1148 979 1541 1708 1028 2133 1300 415 850 171 0
