0 192 790 664 738 767 241 56 977 1111 824 706 345 865 1340 435
192 0 818 818 563 960 326 208 1090 1273 977 791 188 1044 1221 443
790 818 0 591 1274 1078 1030 734 491 896 1462 1473 991 887 2010 1222
664 818 591 0 1381 505 827 621 394 456 991 1140 1000 307 2001 1043
738 563 1274 1381 0 1482 716 768 1628 1836 1335 1000 393 1603 759 627
767 960 1078 505 1482 0 781 759 861 647 575 866 1093 338 1943 955
241 326 1030 827 716 781 0 297 1177 1246 664 473 356 964 1192 216
56 208 734 621 768 759 297 0 925 1072 856 757 379 835 1388 492
977 1090 491 394 1628 861 1177 925 0 438 1382 1528 1278 560 2309 1393
1111 1273 896 456 1836 647 1246 1072 438 0 1222 1476 1452 316 2436 1456
824 977 1462 991 1335 575 664 856 1382 1222 0 408 1017 910 1577 709
706 791 1473 1140 1000 866 473 757 1528 1476 408 0 757 1162 1169 392
345 188 991 1000 393 1093 356 379 1278 1452 1017 757 0 1210 1034 370
865 1044 887 307 1603 338 964 835 560 316 910 1162 1210 0 2157 1168
1340 1221 2010 2001 759 1943 1192 1388 2309 2436 1577 1169 1034 2157 0 992
435 443 1222 1043 627 955 216 492 1393 1456 709 392 370 1168 992 0
