0 1703 93 758 1445 1635 1593 401 1511 1244 631 626 355 1712 1251 1169
1703 0 1755 2146 336 1995 2985 2016 1861 523 1744 2174 1353 1716 1565 2115
93 1755 0 666 1486 1576 1501 427 1602 1283 562 657 423 1671 1209 1089
758 2146 666 0 1827 1192 876 956 2267 1626 410 1150 1006 1427 1014 555
1445 336 1486 1827 0 1673 2656 1788 1868 206 1421 1967 1109 1415 1233 1778
1635 1995 1576 1192 1673 0 1526 1991 2992 1551 1019 2217 1628 387 481 661
1593 2985 1501 876 2656 1526 0 1664 3056 2462 1247 1792 1876 1885 1616 961
401 2016 427 956 1788 1991 1664 0 1401 1595 972 229 680 2098 1636 1459
1511 1861 1602 2267 1868 2992 3056 1401 0 1789 2095 1333 1376 2932 2528 2653
1244 523 1283 1626 206 1551 2462 1595 1789 0 1222 1780 915 1329 1091 1600
631 1744 562 410 1421 1019 1247 972 2095 1222 0 1198 736 1156 702 557
626 2174 657 1150 1967 2217 1792 229 1333 1780 1198 0 872 2328 1866 1671
355 1353 423 1006 1109 1628 1876 680 1376 915 736 872 0 1622 1183 1291
1712 1716 1671 1427 1415 387 1885 2098 2932 1329 1156 2328 1622 0 461 962
1251 1565 1209 1014 1233 481 1616 1636 2528 1091 702 1866 1183 461 0 655
1169 2115 1089 555 1778 661 961 1459 2653 1600 557 1671 1291 962 655 0
