0 12 1394 332 753 1286 821 543 1273 461 613 1336 390 1571 1240 1308
12 0 1382 339 752 1276 808 554 1260 449 603 1348 377 1580 1229 1298
1394 1382 0 1674 1805 1433 643 1934 383 1145 1186 2729 1008 2911 1116 331
332 339 1674 0 508 1269 1060 294 1503 592 679 1070 670 1251 1309 1621
753 752 1805 508 0 941 1162 684 1537 672 624 1233 922 1195 1098 1843
1286 1276 1433 1269 941 0 967 1540 1057 850 680 2175 1119 2093 327 1635
821 808 643 1060 1162 967 0 1336 452 503 548 2129 437 2277 723 717
543 554 1934 294 684 1540 1336 0 1785 884 973 795 925 1051 1599 1850
1273 1260 383 1503 1537 1057 452 1785 0 923 915 2574 888 2695 736 655
461 449 1145 592 672 850 503 884 923 0 172 1658 306 1776 779 1171
613 603 1186 679 624 680 548 973 915 172 0 1718 468 1787 638 1255
1336 1348 2729 1070 1233 2175 2129 795 2574 1658 1718 0 1721 518 2305 2635
390 377 1008 670 922 1119 437 925 888 306 468 1721 0 1919 984 956
1571 1580 2911 1251 1195 2093 2277 1051 2695 1776 1787 518 1919 0 2289 2873
1240 1229 1116 1309 1098 327 723 1599 736 779 638 2305 984 2289 0 1340
1308 1298 331 1621 1843 1635 717 1850 655 1171 1255 2635 956 2873 1340 0
