0 282 80 1399 1087 1010 1234 781 941 1130 1032 1013 1051 368 388 1052
282 0 362 1119 939 748 1433 849 1026 995 799 1062 1002 650 263 844
80 362 0 1479 1143 1084 1178 786 938 1172 1099 1020 1072 288 446 1121
1399 1119 1479 0 1001 649 2452 1573 1728 1312 831 1667 1579 1765 1182 723
1087 939 1143 1001 0 1213 2320 730 831 1779 1384 729 1889 1343 1182 281
1010 748 1084 649 1213 0 1863 1497 1676 673 195 1668 929 1364 673 962
1234 1433 1178 2452 2320 1863 0 1872 1974 1453 1752 2093 1124 1036 1280 2273
781 849 786 1573 730 1497 1872 0 180 1844 1604 233 1820 837 1096 909
941 1026 938 1728 831 1676 1974 180 0 2021 1784 143 1988 948 1271 1043
1130 995 1172 1312 1779 673 1453 1844 2021 0 481 2057 339 1377 755 1567
1032 799 1099 831 1384 195 1752 1604 1784 481 0 1789 757 1365 659 1143
1013 1062 1020 1667 729 1668 2093 233 143 2057 1789 0 2046 1061 1316 962
1051 1002 1072 1579 1889 929 1124 1820 1988 339 757 2046 0 1218 739 1714
368 650 288 1765 1343 1364 1036 837 948 1377 1365 1061 1218 0 706 1363
388 263 446 1182 1182 673 1280 1096 1271 755 659 1316 739 706 0 1053
1052 844 1121 723 281 962 2273 909 1043 1567 1143 962 1714 1363 1053 0
