0 1101 254 1637 100 97 397 839 228 784 320 1450 318 1206 309 298
1101 0 1093 2134 1157 1030 1289 421 947 1422 801 489 1370 1369 1408 1367
254 1093 0 1398 350 318 209 923 161 542 311 1366 530 955 398 312
1637 2134 1398 0 1713 1714 1246 2184 1527 856 1632 2090 1800 804 1559 1459
100 1157 350 1713 0 127 467 865 326 866 400 1525 228 1304 287 313
97 1030 318 1714 127 0 484 749 239 859 281 1399 351 1249 395 394
397 1289 209 1246 467 484 0 1133 371 408 520 1529 577 920 367 256
839 421 923 2184 865 749 1133 0 762 1379 614 906 1049 1497 1145 1134
228 947 161 1527 326 239 371 762 0 674 151 1252 545 1014 484 424
784 1422 542 856 866 859 408 1379 674 0 791 1535 984 582 761 652
320 801 311 1632 400 281 520 614 151 791 0 1130 628 1059 613 566
1450 489 1366 2090 1525 1399 1529 906 1252 1535 1130 0 1751 1286 1736 1672
318 1370 530 1800 228 351 577 1049 545 984 628 1751 0 1476 245 340
1206 1369 955 804 1304 1249 920 1497 1014 582 1059 1286 1476 0 1287 1177
309 1408 398 1559 287 395 367 1145 484 761 613 1736 245 1287 0 110
298 1367 312 1459 313 394 256 1134 424 652 566 1672 340 1177 110 0
