0 1711 1330 1599 676 1319 1343 1254 863 118 698 344 769 1681 279 342
1711 0 2880 3299 2196 2898 2782 688 2393 1623 2410 1776 2195 3189 1522 2029
1330 2880 0 1205 1486 80 265 2260 491 1359 893 1543 1630 1909 1608 999
1599 3299 1205 0 1185 1124 1463 2842 1321 1702 916 1547 1263 859 1779 1329
676 2196 1486 1185 0 1439 1613 1866 1165 793 594 431 145 1027 706 680
1319 2898 80 1124 1439 0 344 2287 504 1355 845 1517 1582 1834 1595 983
1343 2782 265 1463 1613 344 0 2136 483 1349 1037 1601 1758 2135 1621 1041
1254 688 2260 2842 1866 2287 2136 0 1786 1144 1926 1437 1907 2893 1160 1518
863 2393 491 1321 1165 504 483 1786 0 879 634 1119 1309 1835 1143 559
118 1623 1359 1702 793 1355 1349 1144 879 0 793 437 881 1800 292 408
698 2410 893 916 594 845 1037 1926 634 793 0 748 737 1225 919 413
344 1776 1543 1547 431 1517 1601 1437 1119 437 748 0 476 1457 276 560
769 2195 1630 1263 145 1582 1758 1907 1309 881 737 476 0 998 750 814
1681 3189 1909 859 1027 1834 2135 2893 1835 1800 1225 1457 998 0 1733 1563
279 1522 1608 1779 706 1595 1621 1160 1143 292 919 276 750 1733 0 613
342 2029 999 1329 680 983 1041 1518 559 408 413 560 814 1563 613 0
