0 1388 767 1559 709 1381 978 328 1048 842 1466 887 1654 509 15 704
1388 0 1234 1256 1020 1964 2094 1603 1749 1931 2305 1854 2909 1232 1400 1592
767 1234 0 1981 1191 791 908 1094 1766 1609 1077 640 2360 258 782 1438
1559 1256 1981 0 853 2767 2533 1512 1023 1466 2968 2401 2383 1811 1559 1151
709 1020 1191 853 0 1952 1680 732 748 926 2123 1551 1916 987 711 576
1381 1964 791 2767 1952 0 776 1658 2429 2160 437 589 2683 964 1391 2084
978 2094 908 2533 1680 776 0 1136 1937 1567 588 281 1934 862 980 1599
328 1603 1094 1512 732 1658 1136 0 802 518 1682 1117 1350 836 313 462
1048 1749 1766 1023 748 2429 1937 802 0 488 2483 1913 1360 1518 1038 346
842 1931 1609 1466 926 2160 1567 518 488 0 2142 1598 991 1351 827 356
1466 2305 1077 2968 2123 437 588 1682 2483 2142 0 578 2504 1170 1472 2138
887 1854 640 2401 1551 589 281 1117 1913 1598 578 0 2097 640 894 1567
1654 2909 2360 2383 1916 2683 1934 1350 1360 991 2504 2097 0 2119 1639 1347
509 1232 258 1811 987 964 862 836 1518 1351 1170 640 2119 0 524 1185
15 1400 782 1559 711 1391 980 313 1038 827 1472 894 1639 524 0 693
704 1592 1438 1151 576 2084 1599 462 346 356 2138 1567 1347 1185 693 0
