0 968 1046 1370 794 389 197 1095 970 860 180 1167 198 150 573 1463
968 0 1884 1830 948 598 772 1990 1500 1098 941 2006 785 820 670 1337
1046 1884 0 2097 1130 1306 1215 1261 645 1035 1199 122 1152 1179 1244 2467
1370 1830 2097 0 2149 1579 1398 1028 2294 2229 1209 2184 1486 1379 1867 944
794 948 1130 2149 0 621 756 1811 586 150 941 1236 664 771 335 2044
389 598 1306 1579 621 0 218 1473 1027 742 430 1429 193 261 296 1427
197 772 1215 1398 756 218 0 1256 1051 853 213 1338 96 47 472 1360
1095 1990 1261 1028 1811 1473 1256 0 1685 1822 1057 1314 1291 1211 1661 1772
970 1500 645 2294 586 1027 1051 1685 0 453 1150 725 958 1037 832 2411
860 1098 1035 2229 150 742 853 1822 453 0 1020 1135 757 860 471 2170
180 941 1199 1209 941 430 213 1057 1150 1020 0 1318 284 179 679 1288
1167 2006 122 2184 1236 1429 1338 1314 725 1135 1318 0 1275 1301 1362 2580
198 785 1152 1486 664 193 96 1291 958 757 284 1275 0 106 396 1454
150 820 1179 1379 771 261 47 1211 1037 860 179 1301 106 0 500 1374
573 670 1244 1867 335 296 472 1661 832 471 679 1362 396 500 0 1709
1463 1337 2467 944 2044 1427 1360 1772 2411 2170 1288 2580 1454 1374 1709 0
