0 1335 708 1089 1041 1359 147 1193 905 237 1711 882 1121 340 1523 239
1335 0 1487 1273 2230 2198 1247 2519 1967 1569 2722 1199 2069 1217 1633 1214
708 1487 0 542 1610 747 823 1302 506 798 2333 1534 1797 425 2193 523
1089 1273 542 0 2092 1006 1153 1842 999 1252 2793 1742 2209 748 2390 852
1041 2230 1610 2092 0 1992 1048 969 1484 842 735 1213 470 1363 1521 1274
1359 2198 747 1006 1992 0 1498 1296 513 1347 2723 2235 2304 1152 2883 1235
147 1247 823 1153 1048 1498 0 1309 1050 333 1681 739 1065 420 1385 312
1193 2519 1302 1842 969 1296 1309 0 897 976 1599 1875 1420 1335 2367 1312
905 1967 506 999 1484 513 1050 897 0 852 2217 1787 1791 785 2418 839
237 1569 798 1252 842 1347 333 976 852 0 1544 979 1000 523 1579 442
1711 2722 2333 2793 735 2723 1681 1599 2217 1544 0 1553 654 2049 1548 1950
882 1199 1534 1742 1213 2235 739 1875 1787 979 1553 0 918 1110 660 1012
1121 2069 1797 2209 470 2304 1065 1420 1791 1000 654 918 0 1462 1080 1357
340 1217 425 748 1363 1152 420 1335 785 523 2049 1110 1462 0 1769 108
1523 1633 2193 2390 1521 2883 1385 2367 2418 1579 1548 660 1080 1769 0 1670
239 1214 523 852 1274 1235 312 1312 839 442 1950 1012 1357 108 1670 0
