0 1712 232 106 1297 977 1365 1306 490 1252 123 172 1108 78 816 396
1712 0 1482 1798 2935 804 2849 1640 1639 1006 1796 1554 2219 1753 2424 1384
232 1482 0 316 1496 747 1557 1193 508 1095 317 122 1147 272 998 257
106 1798 316 0 1193 1047 1354 1289 579 1358 29 277 1031 45 710 502
1297 2935 1496 1193 0 2138 1534 1842 1667 2540 1184 1469 1081 1232 511 1692
977 804 747 1047 2138 0 2265 1004 1076 977 1039 847 1439 1001 1627 750
1365 2849 1557 1354 1534 2265 0 2633 1215 2002 1378 1439 2178 1387 1465 1517
1306 1640 1193 1289 1842 1004 2633 0 1700 1957 1263 1309 796 1263 1419 1394
490 1639 508 579 1667 1076 1215 1700 0 914 605 401 1597 567 1240 336
1252 1006 1095 1358 2540 977 2002 1957 914 0 1373 1084 2198 1324 2068 858
123 1796 317 29 1184 1039 1378 1263 605 1373 0 289 1002 49 696 515
172 1554 122 277 1469 847 1439 1309 401 1084 289 0 1215 240 985 226
1108 2219 1147 1031 1081 1439 2178 796 1597 2198 1002 1215 0 1034 755 1404
78 1753 272 45 1232 1001 1387 1263 567 1324 49 240 1034 0 745 466
816 2424 998 710 511 1627 1465 1419 1240 2068 696 985 755 745 0 1211
396 1384 257 502 1692 750 1517 1394 336 858 515 226 1404 466 1211 0
