0 54 186 688 1390 296 482 465 1566 1499 123 1705 190 1592 481 873
54 0 170 706 1378 313 433 470 1511 1445 69 1735 136 1625 457 867
186 170 0 565 1540 480 355 641 1510 1467 178 1890 186 1776 295 697
688 706 565 0 2078 954 777 1138 1931 1930 738 2213 750 2076 498 387
1390 1378 1540 2078 0 1136 1566 950 1737 1543 1362 1245 1376 1272 1774 2225
296 313 480 954 1136 0 708 185 1639 1537 343 1427 401 1324 770 1168
482 433 355 777 1566 708 0 812 1177 1158 377 2131 310 2031 287 722
465 470 641 1138 950 185 812 0 1613 1491 482 1324 525 1236 920 1337
1566 1511 1510 1931 1737 1639 1177 1613 0 205 1442 2801 1378 2757 1434 1746
1499 1445 1467 1930 1543 1537 1158 1491 205 0 1377 2636 1318 2599 1432 1785
123 69 178 738 1362 343 377 482 1442 1377 0 1771 69 1665 438 868
1705 1735 1890 2213 1245 1427 2131 1324 2801 2636 1771 0 1828 158 2186 2526
190 136 186 750 1376 401 310 525 1378 1318 69 1828 0 1725 404 849
1592 1625 1776 2076 1272 1324 2031 1236 2757 2599 1665 158 1725 0 2071 2398
481 457 295 498 1774 770 287 920 1434 1432 438 2186 404 2071 0 458
873 867 697 387 2225 1168 722 1337 1746 1785 868 2526 849 2398 458 0
