0 948 977 501 94 1085 1594 1043 223 504 1363 777 538 678 40 207
948 0 761 1176 960 2020 1436 1377 903 463 1204 682 1350 1176 982 918
977 761 0 825 1052 1978 711 1859 1100 824 466 201 1514 1547 984 1101
501 1176 825 0 592 1191 1260 1538 724 849 1065 672 933 1170 472 708
94 960 1052 592 0 1060 1682 949 141 502 1449 851 463 584 120 121
1085 2020 1978 1191 1060 0 2444 1356 1126 1558 2256 1794 740 1126 1058 1108
1594 1436 711 1260 1682 2444 0 2553 1758 1532 245 885 2125 2224 1589 1754
1043 1377 1859 1538 949 1356 2553 0 830 1046 2309 1670 728 368 1068 841
223 903 1100 724 141 1126 1758 830 0 440 1519 900 456 473 257 22
504 463 824 849 502 1558 1532 1046 440 0 1286 650 891 772 542 455
1363 1204 466 1065 1449 2256 245 2309 1519 1286 0 640 1898 1983 1361 1517
777 682 201 672 851 1794 885 1670 900 650 640 0 1313 1351 785 900
538 1350 1514 933 463 740 2125 728 456 891 1898 1313 0 411 537 445
678 1176 1547 1170 584 1126 2224 368 473 772 1983 1351 411 0 701 482
40 982 984 472 120 1058 1589 1068 257 542 1361 785 537 701 0 239
207 918 1101 708 121 1108 1754 841 22 455 1517 900 445 482 239 0
