0 397 87 132 304 841 717 378 87 411 506 711 109 535 803 295 680 661 484 682 524 699 778 80 68 295 554 394 601 733 214 472 295 307 84 434 444 725 470 521 846 531 412 360 203 433 651 433 690 658 37 375 526 476 101 9 507 849 659 729 623 49 7 213 586 860 637 546 735 359 760 733 329 557 849 561 90 11
397 0 478 264 511 1075 954 115 483 462 539 808 466 803 795 445 719 381 269 292 766 480 673 444 382 304 607 297 998 1109 504 209 683 674 319 815 816 415 824 345 451 681 96 478 445 570 900 42 1069 883 431 645 617 149 452 395 903 748 470 534 969 401 389 573 520 484 705 909 1076 468 1047 1020 638 913 1223 776 439 391
87 478 0 214 346 775 723 465 55 413 570 753 130 538 862 288 665 714 571 766 535 784 791 112 143 329 612 478 520 645 242 532 208 272 171 380 356 812 435 562 929 495 498 419 253 409 586 512 602 669 50 315 577 545 131 86 433 921 743 763 587 117 93 132 660 929 688 459 700 420 684 721 259 470 794 579 65 90
132 264 214 0 344 900 788 257 220 378 490 728 217 615 786 291 660 547 387 552 592 612 714 190 134 224 549 320 733 854 289 353 421 426 64 561 562 614 585 425 715 547 287 365 248 438 714 300 812 723 166 438 533 348 203 130 639 802 579 638 736 145 125 320 540 730 641 660 848 360 840 824 411 667 975 619 183 126
304 511 346 344 0 1118 450 423 294 707 246 408 216 291 523 598 982 868 419 727 257 561 1057 236 240 567 273 299 675 888 110 673 477 274 290 409 635 657 364 765 889 834 463 101 101 737 929 554 840 382 319 662 232 645 216 313 551 609 508 978 486 254 307 470 368 992 342 742 583 109 1013 509 603 761 763 276 388 313
841 1075 775 900 1118 0 1411 1132 824 629 1345 1516 902 1235 1638 632 504 1021 1282 1338 1255 1511 759 887 909 770 1387 1219 762 556 1008 962 669 935 903 926 551 1487 1037 862 1464 403 1147 1194 1028 508 189 1084 571 1377 813 466 1350 1029 905 834 820 1690 1480 906 1144 885 842 647 1426 1317 1460 482 1232 1195 173 1350 515 454 1176 1310 750 835
717 954 723 788 450 1411 0 855 668 1127 485 318 609 185 528 1008 1388 1318 800 1133 195 845 1494 637 667 1004 435 694 747 1016 505 1123 745 482 729 494 863 994 380 1213 1283 1212 893 478 540 1131 1236 996 971 72 718 1009 388 1093 616 726 635 708 789 1426 334 672 723 809 608 1424 383 952 339 489 1270 148 937 978 567 178 782 728
378 115 465 257 423 1132 855 0 457 542 426 695 422 713 680 501 811 495 164 317 672 389 784 405 344 375 494 182 972 1110 435 323 673 620 294 764 818 360 759 456 483 751 40 376 372 638 951 151 1067 783 415 683 506 265 408 379 868 640 370 649 897 367 371 578 405 570 591 917 1001 366 1088 930 664 925 1162 677 440 375
87 483 55 220 294 824 668 457 0 463 523 700 78 484 813 340 719 745 549 766 480 755 839 67 116 368 562 449 516 664 188 557 223 228 165 348 380 794 392 599 931 551 492 371 205 463 635 520 619 614 61 368 526 564 82 91 420 878 711 804 545 90 95 177 619 947 636 486 658 373 727 670 309 500 764 524 114 96
411 462 413 378 707 629 1127 542 463 0 868 1104 518 944 1162 126 282 427 705 709 934 931 379 490 467 168 927 675 822 819 625 333 513 684 418 775 564 877 844 252 836 225 547 742 605 125 473 464 793 1069 410 292 910 400 511 402 780 1163 911 392 995 458 406 384 907 713 1019 616 1107 737 637 1134 338 607 1173 972 349 400
506 539 570 490 246 1345 485 426 523 868 0 269 445 407 297 778 1150 920 327 660 350 369 1179 458 437 708 68 244 914 1134 353 740 721 514 460 638 880 509 570 860 803 1029 457 152 318 924 1155 577 1086 414 532 881 96 689 441 514 788 363 313 1065 657 460 506 700 138 970 165 988 733 150 1250 599 829 1006 942 323 597 514
711 808 753 728 408 1516 318 695 700 1104 269 0 623 356 210 1002 1384 1189 589 917 306 567 1435 644 645 952 201 513 963 1216 512 1006 856 602 685 682 1003 733 582 1122 1050 1242 726 363 507 1143 1330 846 1168 269 727 1068 196 957 624 720 838 391 517 1330 606 661 713 872 344 1234 105 1106 643 368 1400 463 1006 1128 870 248 796 720
109 466 130 217 216 902 609 422 78 518 445 623 0 426 735 400 783 762 496 738 416 692 888 29 84 404 484 389 554 723 112 569 287 210 153 348 447 743 369 628 904 622 460 293 127 531 713 506 677 551 110 446 448 565 14 118 446 803 646 838 520 72 116 255 545 943 558 554 632 295 804 624 387 569 759 456 178 121
535 803 538 615 291 1235 185 713 484 944 407 356 426 0 555 823 1203 1155 686 1010 58 776 1314 455 489 826 379 571 613 873 327 959 566 301 554 338 693 905 230 1040 1168 1027 753 347 369 946 1057 846 826 141 534 824 322 935 434 544 491 710 720 1253 259 491 541 624 545 1283 371 788 325 359 1100 217 753 812 539 109 598 547
803 795 862 786 523 1638 528 680 813 1162 297 210 735 555 0 1075 1444 1170 539 835 500 438 1458 750 734 999 250 504 1146 1387 633 1004 998 763 758 863 1153 613 771 1133 945 1327 702 443 609 1221 1448 827 1339 479 827 1176 292 943 732 811 1019 189 399 1330 811 755 803 991 276 1164 193 1259 853 443 1536 674 1122 1279 1079 446 893 811
295 445 288 291 598 632 1008 501 340 126 778 1002 400 823 1075 0 384 510 656 720 816 885 506 372 358 146 833 607 708 732 509 373 392 558 318 648 460 855 718 336 862 257 515 643 496 146 455 458 700 951 290 214 811 424 394 286 659 1093 858 506 868 344 292 261 831 778 922 525 980 640 605 1010 238 520 1049 856 225 285
680 719 665 660 982 504 1388 811 719 282 1150 1384 783 1203 1444 384 0 545 975 926 1199 1198 258 756 742 447 1209 954 968 886 894 545 706 923 698 990 698 1126 1075 414 1025 212 810 1022 881 258 427 711 874 1333 673 426 1191 621 778 671 959 1442 1182 405 1220 729 676 597 1187 838 1300 708 1328 1018 588 1380 498 690 1359 1240 606 670
661 381 714 547 868 1021 1318 495 745 427 920 1189 762 1155 1170 510 545 0 631 435 1125 806 376 733 682 393 988 677 1207 1240 834 195 882 968 612 1093 969 680 1130 175 494 627 468 851 785 549 889 344 1210 1249 683 714 997 231 749 655 1141 1102 812 190 1283 689 654 750 893 296 1086 1034 1394 842 1056 1368 748 1028 1508 1142 653 651
484 269 571 387 419 1282 800 164 549 705 327 589 496 686 539 656 975 631 0 334 636 229 943 488 433 537 392 119 1047 1214 471 477 773 665 403 810 927 248 781 614 483 910 172 339 407 797 1098 294 1169 727 521 825 420 410 483 488 933 479 206 798 904 460 480 696 264 644 483 1031 998 328 1227 897 798 1041 1182 627 562 485
682 292 766 552 727 1338 1133 317 766 709 660 917 738 1010 835 720 926 435 334 0 963 414 806 719 658 574 723 440 1283 1401 752 383 973 937 601 1082 1108 258 1075 512 165 935 278 663 688 829 1172 266 1361 1060 718 928 754 310 724 682 1183 723 439 625 1210 679 675 865 578 329 812 1201 1310 651 1325 1224 927 1204 1478 958 730 678
524 766 535 592 257 1255 195 672 480 934 350 306 416 58 500 816 1199 1125 636 963 0 719 1299 444 472 809 321 523 657 913 310 930 585 320 533 378 720 851 275 1017 1120 1029 712 300 344 944 1074 809 866 134 526 832 264 902 423 532 533 652 663 1230 317 477 529 631 487 1243 314 818 382 312 1125 261 763 841 598 59 592 535
699 480 784 612 561 1511 845 389 755 931 369 567 692 776 438 885 1198 806 229 414 719 0 1145 689 642 764 410 305 1229 1416 642 679 978 832 622 970 1136 174 920 819 508 1138 387 463 583 1025 1326 495 1369 776 735 1051 460 605 681 704 1108 309 56 986 1021 668 695 913 236 742 472 1241 1101 453 1452 967 1020 1254 1306 691 781 701
778 673 791 714 1057 759 1494 784 839 379 1179 1435 888 1314 1458 506 258 376 943 806 1299 1145 0 858 827 491 1244 954 1179 1128 988 467 886 1063 767 1154 911 1040 1224 328 870 445 770 1074 959 437 683 651 1111 1432 783 629 1238 539 879 769 1151 1422 1141 192 1375 822 772 761 1186 641 1341 939 1487 1067 846 1510 692 924 1548 1331 726 767
80 444 112 190 236 887 637 405 67 490 458 644 29 455 750 372 756 733 488 719 444 689 858 0 61 374 499 384 567 727 137 541 288 236 127 372 446 734 397 599 885 599 443 307 141 505 698 483 682 579 84 427 465 539 21 88 463 811 645 808 549 44 86 242 552 919 576 553 661 308 793 653 371 566 785 483 153 91
68 382 143 134 240 909 667 344 116 467 437 645 84 489 734 358 742 682 433 658 472 642 827 61 0 337 486 336 628 780 162 488 339 294 69 432 495 678 451 553 823 598 381 292 138 498 719 422 735 605 97 444 458 481 70 76 524 782 600 765 602 26 69 275 519 859 569 600 713 291 825 694 396 612 844 505 159 76
295 304 329 224 567 770 1004 375 368 168 708 952 404 826 999 146 447 393 537 574 809 764 491 374 337 0 769 507 814 866 499 233 489 596 276 710 584 719 760 233 715 378 383 589 468 265 599 314 832 941 307 359 756 278 394 287 748 996 743 436 913 335 288 357 740 642 863 659 1026 584 751 1028 373 657 1122 840 265 283
554 607 612 549 273 1387 435 494 562 927 68 201 484 379 250 833 1209 988 392 723 321 410 1244 499 486 769 0 312 921 1151 383 808 750 527 514 641 907 560 563 926 863 1082 525 194 358 978 1198 645 1103 366 577 926 57 757 481 563 794 349 355 1132 636 506 555 740 173 1036 98 1014 703 195 1286 557 871 1033 919 284 644 562
394 297 478 320 299 1219 694 182 449 675 244 513 389 571 504 607 954 677 119 440 523 305 954 384 336 507 312 0 935 1112 354 502 673 548 319 692 830 364 661 629 596 864 212 223 290 752 1032 333 1066 622 429 755 328 447 377 399 819 488 265 828 785 362 391 608 234 733 409 935 879 211 1151 784 719 948 1062 518 478 397
601 998 520 733 675 762 747 972 516 822 914 963 554 613 1146 708 968 1207 1047 1283 657 1229 1179 567 628 814 921 935 0 270 586 1039 325 401 682 282 270 1296 383 1039 1447 755 1009 776 646 742 634 1033 228 740 566 550 867 1061 567 602 126 1270 1178 1213 425 604 608 456 1043 1445 953 286 489 784 594 645 487 313 416 717 568 606
733 1109 645 854 888 556 1016 1110 664 819 1134 1216 723 873 1387 732 886 1240 1214 1401 913 1416 1128 727 780 866 1151 1112 270 0 786 1100 440 624 817 535 292 1457 644 1065 1559 683 1141 987 837 711 482 1137 48 1005 696 527 1100 1139 734 732 382 1496 1369 1204 695 754 739 536 1254 1508 1194 206 755 993 384 915 494 212 646 973 672 735
214 504 242 289 110 1008 505 435 188 625 353 512 112 327 633 509 894 834 471 752 310 642 988 137 162 499 383 354 586 786 0 638 368 194 226 339 527 718 323 713 917 735 476 202 64 643 820 546 739 444 221 556 342 622 116 223 467 716 591 926 465 167 219 361 467 988 451 634 572 207 903 535 495 652 726 346 290 225
472 209 532 353 673 962 1123 323 557 333 740 1006 569 959 1004 373 545 195 477 383 930 679 467 541 488 233 808 502 1039 1100 638 0 713 777 418 906 817 585 938 141 502 558 305 661 589 457 805 184 1065 1055 496 587 812 76 556 466 964 956 674 326 1090 497 464 585 729 409 906 893 1201 652 966 1173 606 891 1321 948 474 462
295 683 208 421 477 669 745 673 223 513 721 856 287 566 998 392 706 882 773 973 585 978 886 288 339 489 750 673 325 440 368 713 0 265 379 287 160 1017 385 717 1135 502 706 569 409 456 491 716 396 708 258 284 706 737 297 294 266 1083 933 898 519 313 301 132 830 1120 810 267 624 574 544 701 210 284 662 640 246 298
307 674 272 426 274 935 482 620 228 684 514 602 210 301 763 558 923 968 665 937 320 832 1063 236 294 596 527 548 401 624 194 777 265 0 363 145 402 912 163 827 1103 736 659 376 258 665 756 715 576 442 289 527 475 775 224 313 277 874 780 1032 317 281 314 330 642 1153 571 503 430 384 805 456 455 526 549 376 337 317
84 319 171 64 290 903 729 294 165 418 460 685 153 554 758 318 698 612 403 601 533 622 767 127 69 276 514 319 682 817 226 418 379 363 0 499 527 641 521 486 765 569 328 324 191 463 714 357 774 665 121 437 493 412 139 85 584 789 584 699 672 82 78 293 525 791 603 629 783 321 831 762 399 638 912 563 159 82
434 815 380 561 409 926 494 764 348 775 638 682 348 338 863 648 990 1093 810 1082 378 970 1154 372 432 710 641 692 282 535 339 906 287 145 499 0 374 1056 114 943 1248 789 804 509 403 735 760 855 488 474 409 572 586 909 362 439 156 990 918 1142 231 416 442 395 771 1291 670 458 338 518 778 424 497 484 415 438 444 443
444 816 356 562 635 551 863 818 380 564 880 1003 447 693 1153 460 698 969 927 1108 720 1136 911 446 495 584 907 830 270 292 527 817 160 402 527 374 0 1169 486 796 1267 485 849 729 569 475 392 846 252 835 407 281 861 852 456 441 280 1243 1092 956 595 468 449 243 990 1226 964 107 688 733 407 799 226 125 671 778 379 445
725 415 812 614 657 1487 994 360 794 877 509 733 743 905 613 855 1126 680 248 258 851 174 1040 734 678 719 560 364 1296 1457 718 585 1017 912 641 1056 1169 0 1022 725 334 1097 339 568 654 985 1308 415 1413 923 762 1043 605 508 731 727 1182 478 217 868 1138 704 719 933 391 579 633 1270 1226 557 1448 1107 1024 1279 1419 831 796 724
470 824 435 585 364 1037 380 759 392 844 570 582 369 230 771 718 1075 1130 781 1075 275 920 1224 397 451 760 563 661 383 644 323 938 385 163 521 114 486 1022 0 991 1239 881 799 458 386 818 869 865 597 362 453 666 506 932 382 477 261 910 865 1196 153 441 477 478 707 1307 580 572 266 468 892 316 591 598 403 334 500 480
521 345 562 425 765 862 1213 456 599 252 860 1122 628 1040 1133 336 414 175 614 512 1017 819 328 599 553 233 926 629 1039 1065 713 141 717 827 486 943 796 725 991 0 613 461 441 766 673 376 720 324 1035 1146 538 538 925 217 617 514 979 1093 814 213 1144 556 514 584 860 462 1024 859 1257 759 886 1248 573 852 1356 1042 498 510
846 451 929 715 889 1464 1283 483 931 836 803 1050 904 1168 945 862 1025 494 483 165 1120 508 870 885 823 715 863 596 1447 1559 917 502 1135 1103 765 1248 1267 334 1239 613 0 1060 444 820 853 959 1306 421 1519 1211 881 1074 899 439 890 845 1348 810 546 679 1373 844 839 1023 706 280 946 1356 1473 808 1464 1381 1079 1359 1643 1111 890 841
531 681 495 547 834 403 1212 751 551 225 1029 1242 622 1027 1327 257 212 627 910 935 1029 1138 445 599 598 378 1082 864 755 683 735 558 502 736 569 789 485 1097 881 461 1060 0 761 889 734 113 262 687 667 1162 515 218 1056 625 620 522 749 1350 1114 541 1020 580 529 405 1088 922 1167 498 1127 887 430 1191 292 481 1149 1075 446 522
412 96 498 287 463 1147 893 40 492 547 457 726 460 753 702 515 810 468 172 278 712 387 770 443 381 383 525 212 1009 1141 476 305 706 659 328 804 849 339 799 441 444 761 0 415 413 648 968 124 1099 821 448 704 540 241 446 412 906 652 374 628 938 404 405 608 426 531 622 947 1042 404 1109 970 689 953 1203 715 470 408
360 478 419 365 101 1194 478 376 371 742 152 363 293 347 443 643 1022 851 339 663 300 463 1074 307 292 589 194 223 776 987 202 661 569 376 324 509 729 568 458 766 820 889 415 0 166 787 1005 520 939 406 383 732 168 622 289 369 652 513 409 978 569 312 361 548 267 946 278 836 659 11 1098 561 678 854 850 300 450 369
203 445 253 248 101 1028 540 372 205 605 318 507 127 369 609 496 881 785 407 688 344 583 959 141 138 468 358 290 646 837 64 589 409 258 191 403 569 654 386 673 853 734 413 166 0 636 839 487 790 474 221 568 324 568 123 212 528 676 534 886 526 153 206 382 421 929 435 676 631 168 932 583 513 693 790 372 289 213
433 570 409 438 737 508 1131 638 463 125 924 1143 531 946 1221 146 258 549 797 829 944 1025 437 505 498 265 978 752 742 711 643 457 456 665 463 735 475 985 818 376 959 113 648 787 636 0 348 577 688 1078 421 193 955 522 527 424 717 1239 1001 492 963 482 430 340 978 838 1065 512 1073 784 511 1122 255 500 1116 987 353 423
651 900 586 714 929 189 1236 951 635 473 1155 1330 713 1057 1448 455 427 889 1098 1172 1074 1326 683 698 719 599 1198 1032 634 482 820 805 491 756 714 760 392 1308 869 720 1306 262 968 1005 839 348 0 913 481 1199 623 277 1162 867 716 644 671 1501 1293 800 986 696 652 459 1237 1182 1271 347 1080 1006 168 1185 326 322 1049 1128 561 645
433 42 512 300 554 1084 996 151 520 464 577 846 506 846 827 458 711 344 294 266 809 495 651 483 422 314 645 333 1033 1137 546 184 716 715 357 855 846 415 865 324 421 687 124 520 487 577 913 0 1098 925 466 663 657 116 492 431 940 772 490 504 1011 440 425 602 551 442 743 936 1118 510 1063 1063 661 939 1264 818 470 427
690 1069 602 812 840 571 971 1067 619 793 1086 1168 677 826 1339 700 874 1210 1169 1361 866 1369 1111 682 735 832 1103 1066 228 48 739 1065 396 576 774 488 252 1413 597 1035 1519 667 1099 939 790 688 481 1098 0 959 653 500 1052 1103 688 688 336 1448 1323 1180 653 709 696 496 1206 1475 1146 177 716 946 398 873 462 188 616 926 631 692
658 883 669 723 382 1377 72 783 614 1069 414 269 551 141 479 951 1333 1249 727 1060 134 776 1432 579 605 941 366 622 740 1005 444 1055 708 442 665 474 835 923 362 1146 1211 1162 821 406 474 1078 1199 925 959 0 661 963 318 1023 557 667 622 654 721 1360 347 611 663 762 539 1352 321 928 374 417 1242 198 892 953 602 106 727 669
37 431 50 166 319 813 718 415 61 410 532 727 110 534 827 290 673 683 521 718 526 735 783 84 97 307 577 429 566 696 221 496 258 289 121 409 407 762 453 538 881 515 448 383 221 421 623 466 653 661 0 349 546 505 105 36 475 879 694 743 606 72 43 178 617 889 657 509 719 383 727 726 299 520 825 567 68 40
375 645 315 438 662 466 1009 683 368 292 881 1068 446 824 1176 214 426 714 825 928 832 1051 629 427 444 359 926 755 550 527 556 587 284 527 437 572 281 1043 666 538 1074 218 704 732 568 193 277 663 500 963 349 0 893 638 447 368 533 1224 1018 680 803 421 376 201 960 990 1004 323 909 733 404 979 74 315 933 882 285 369
526 617 577 533 232 1350 388 506 526 910 96 196 448 322 292 811 1191 997 420 754 264 460 1238 465 458 756 57 328 867 1100 342 812 706 475 493 586 861 605 506 925 899 1056 540 168 324 955 1162 657 1052 318 546 893 0 766 446 534 740 404 405 1134 578 477 527 703 225 1061 111 967 647 173 1245 506 835 987 861 231 614 534
476 149 545 348 645 1029 1093 265 564 400 689 957 565 935 943 424 621 231 410 310 902 605 539 539 481 278 757 447 1061 1139 622 76 737 775 412 909 852 508 932 217 439 625 241 622 568 522 867 116 1103 1023 505 638 766 0 551 472 979 888 603 388 1082 494 468 613 667 384 855 933 1192 612 1025 1151 649 933 1323 916 492 468
101 452 131 203 216 905 616 408 82 511 441 624 14 434 732 394 778 749 483 724 423 681 879 21 70 394 481 377 567 734 116 556 297 224 139 362 456 731 382 617 890 620 446 289 123 527 716 492 688 557 105 447 446 551 0 109 460 796 636 827 533 60 106 259 538 929 557 563 645 291 809 634 390 578 773 462 174 112
9 395 86 130 313 834 726 379 91 402 514 720 118 544 811 286 671 655 488 682 532 704 769 88 76 287 563 399 602 732 223 466 294 313 85 439 441 727 477 514 845 522 412 369 212 424 644 431 688 667 36 368 534 472 109 0 510 856 664 722 630 58 8 209 593 856 645 543 742 368 754 742 323 553 855 570 83 4
507 903 433 639 551 820 635 868 420 780 788 838 446 491 1019 659 959 1141 933 1183 533 1108 1151 463 524 748 794 819 126 382 467 964 266 277 584 156 280 1182 261 979 1348 749 906 652 528 717 671 940 336 622 475 533 740 979 460 510 0 1144 1057 1165 328 503 514 398 918 1363 826 339 411 661 662 544 462 366 400 593 489 514
849 748 921 802 609 1690 708 640 878 1163 363 391 803 710 189 1093 1442 1102 479 723 652 309 1422 811 782 996 349 488 1270 1496 716 956 1083 874 789 990 1243 478 910 1093 810 1350 652 513 676 1239 1501 772 1448 654 879 1224 404 888 796 856 1144 0 290 1275 969 806 848 1054 264 1052 339 1350 1022 509 1605 851 1178 1368 1246 604 940 855
659 470 743 579 508 1480 789 370 711 911 313 517 646 720 399 858 1182 812 206 439 663 56 1141 645 600 743 355 265 1178 1369 591 674 933 780 584 918 1092 217 865 814 546 1114 374 409 534 1001 1293 490 1323 721 694 1018 405 603 636 664 1057 290 0 989 966 626 656 873 181 769 419 1198 1045 399 1416 911 984 1211 1250 635 744 662
729 534 763 638 978 906 1426 649 804 392 1065 1330 838 1253 1330 506 405 190 798 625 1230 986 192 808 765 436 1132 828 1213 1204 926 326 898 1032 699 1142 956 868 1196 213 679 541 628 978 886 492 800 504 1180 1360 743 680 1134 388 827 722 1165 1275 989 0 1349 767 722 766 1054 449 1230 1003 1462 969 968 1460 730 992 1551 1255 698 718
623 969 587 736 486 1144 334 897 545 995 657 606 520 259 811 868 1220 1283 904 1210 317 1021 1375 549 602 913 636 785 425 695 465 1090 519 317 672 231 595 1138 153 1144 1373 1020 938 569 526 963 986 1011 653 347 606 803 578 1082 533 630 328 969 966 1349 0 593 630 622 796 1453 630 666 112 580 989 219 728 693 284 366 653 634
49 401 117 145 254 885 672 367 90 458 460 661 72 491 755 344 729 689 460 679 477 668 822 44 26 335 506 362 604 754 167 497 313 281 82 416 468 704 441 556 844 580 404 312 153 482 696 440 709 611 72 421 477 494 60 58 503 806 626 767 593 0 52 249 544 874 588 573 705 312 800 693 371 585 829 513 137 59
7 389 93 125 307 842 723 371 95 406 506 713 116 541 803 292 676 654 480 675 529 695 772 86 69 288 555 391 608 739 219 464 301 314 78 442 449 719 477 514 839 529 405 361 206 430 652 425 696 663 43 376 527 468 106 8 514 848 656 722 630 52 0 217 585 852 638 551 743 360 762 740 331 561 857 565 91 7
213 573 132 320 470 647 809 578 177 384 700 872 255 624 991 261 597 750 696 865 631 913 761 242 275 357 740 608 456 536 361 585 132 330 293 395 243 933 478 584 1023 405 608 548 382 340 459 602 496 762 178 201 703 613 259 209 398 1054 873 766 622 249 217 0 792 993 812 339 732 550 551 786 134 346 789 681 137 212
586 520 660 540 368 1426 608 405 619 907 138 344 545 545 276 831 1187 893 264 578 487 236 1186 552 519 740 173 234 1043 1254 467 729 830 642 525 771 990 391 707 860 706 1088 426 267 421 978 1237 551 1206 539 617 960 225 667 538 593 918 264 181 1054 796 544 585 792 0 901 242 1098 870 260 1344 730 915 1114 1080 456 676 591
860 484 929 730 992 1317 1424 570 947 713 970 1234 943 1283 1164 778 838 296 644 329 1243 742 641 919 859 642 1036 733 1445 1508 988 409 1120 1153 791 1291 1226 579 1307 462 280 922 531 946 929 838 1182 442 1475 1352 889 990 1061 384 929 856 1363 1052 769 449 1453 874 852 993 901 0 1128 1301 1560 935 1348 1500 1014 1298 1703 1246 876 851
637 705 688 641 342 1460 383 591 636 1019 165 105 558 371 193 922 1300 1086 483 812 314 472 1341 576 569 863 98 409 953 1194 451 906 810 571 603 670 964 633 580 1024 946 1167 622 278 435 1065 1271 743 1146 321 657 1004 111 855 557 645 826 339 419 1230 630 588 638 812 242 1128 0 1069 683 282 1352 519 945 1090 906 264 725 645
546 909 459 660 742 482 952 917 486 616 988 1106 554 788 1259 525 708 1034 1031 1201 818 1241 939 553 600 659 1014 935 286 206 634 893 267 503 629 458 107 1270 572 859 1356 498 947 836 676 512 347 936 177 928 509 323 967 933 563 543 339 1350 1198 1003 666 573 551 339 1098 1301 1069 0 750 841 323 877 287 27 703 876 476 546
735 1076 700 848 583 1232 339 1001 658 1107 733 643 632 325 853 980 1328 1394 998 1310 382 1101 1487 661 713 1026 703 879 489 755 572 1201 624 430 783 338 688 1226 266 1257 1473 1127 1042 659 631 1073 1080 1118 716 374 719 909 647 1192 645 742 411 1022 1045 1462 112 705 743 732 870 1560 683 750 0 671 1072 196 834 777 228 421 766 746
359 468 420 360 109 1195 489 366 373 737 150 368 295 359 443 640 1018 842 328 651 312 453 1067 308 291 584 195 211 784 993 207 652 574 384 321 518 733 557 468 759 808 887 404 11 168 784 1006 510 946 417 383 733 173 612 291 368 661 509 399 969 580 312 360 550 260 935 282 841 671 0 1100 573 679 858 862 311 449 367
760 1047 684 840 1013 173 1270 1088 727 637 1250 1400 804 1100 1536 605 588 1056 1227 1325 1125 1452 846 793 825 751 1286 1151 594 384 903 966 544 805 831 778 407 1448 892 886 1464 430 1109 1098 932 511 168 1063 398 1242 727 404 1245 1025 809 754 662 1605 1416 968 989 800 762 551 1344 1348 1352 323 1072 1100 0 1200 432 296 1006 1182 672 756
733 1020 721 824 509 1350 148 930 670 1134 599 463 624 217 674 1010 1380 1368 897 1224 261 967 1510 653 694 1028 557 784 645 915 535 1173 701 456 762 424 799 1107 316 1248 1381 1191 970 561 583 1122 1185 1063 873 198 726 979 506 1151 634 742 544 851 911 1460 219 693 740 786 730 1500 519 877 196 573 1200 0 905 904 421 276 785 745
329 638 259 411 603 515 937 664 309 338 829 1006 387 753 1122 238 498 748 798 927 763 1020 692 371 396 373 871 719 487 494 495 606 210 455 399 497 226 1024 591 573 1079 292 689 678 513 255 326 661 462 892 299 74 835 649 390 323 462 1178 984 730 728 371 331 134 915 1014 945 287 834 679 432 905 0 284 862 814 241 324
557 913 470 667 761 454 978 925 500 607 1006 1128 569 812 1279 520 690 1028 1041 1204 841 1254 924 566 612 657 1033 948 313 212 652 891 284 526 638 484 125 1279 598 852 1359 481 953 854 693 500 322 939 188 953 520 315 987 933 578 553 366 1368 1211 992 693 585 561 346 1114 1298 1090 27 777 858 296 904 284 0 729 900 484 556
849 1223 794 975 763 1176 567 1162 764 1173 942 870 759 539 1079 1049 1359 1508 1182 1478 598 1306 1548 785 844 1122 919 1062 416 646 726 1321 662 549 912 415 671 1419 403 1356 1643 1149 1203 850 790 1116 1049 1264 616 602 825 933 861 1323 773 855 400 1246 1250 1551 284 829 857 789 1080 1703 906 703 228 862 1006 421 862 729 0 642 857 859
561 776 579 619 276 1310 178 677 524 972 323 248 456 109 446 856 1240 1142 627 958 59 691 1331 483 505 840 284 518 717 973 346 948 640 376 563 438 778 831 334 1042 1111 1075 715 300 372 987 1128 818 926 106 567 882 231 916 462 570 593 604 635 1255 366 513 565 681 456 1246 264 876 421 311 1182 276 814 900 642 0 634 572
90 439 65 183 388 750 782 440 114 349 597 796 178 598 893 225 606 653 562 730 592 781 726 153 159 265 644 478 568 672 290 474 246 337 159 444 379 796 500 498 890 446 470 450 289 353 561 470 631 727 68 285 614 492 174 83 489 940 744 698 653 137 91 137 676 876 725 476 766 449 672 785 241 484 857 634 0 84
11 391 90 126 313 835 728 375 96 400 514 720 121 547 811 285 670 651 485 678 535 701 767 91 76 283 562 397 606 735 225 462 298 317 82 443 445 724 480 510 841 522 408 369 213 423 645 427 692 669 40 369 534 468 112 4 514 855 662 718 634 59 7 212 591 851 645 546 746 367 756 745 324 556 859 572 84 0
