0 352 551 1234 1526 1544 1231 287 758 1234 676 1034 854 237 128 1172 767
352 0 200 912 1853 1241 1581 481 1104 1522 486 793 1197 238 477 1522 1110
551 200 0 758 2049 1067 1776 663 1304 1708 444 722 1397 418 674 1719 1301
1234 912 758 0 2556 1158 2452 1200 1911 2138 1117 416 1989 1017 1361 2386 2000
1526 1853 2049 2556 0 3069 825 1398 793 469 2175 2196 692 1635 1429 773 1066
1544 1241 1067 1158 3069 0 2643 1723 2288 2763 914 1473 2387 1478 1641 2606 2165
1231 1581 1776 2452 825 2643 0 1272 599 1004 1731 2187 571 1435 1104 84 482
287 481 663 1200 1398 1723 1272 0 711 1044 917 915 789 245 331 1200 862
758 1104 1304 1911 793 2288 599 711 0 645 1386 1613 100 913 649 518 393
1234 1522 1708 2138 469 2763 1004 1044 645 0 1909 1760 570 1289 1165 926 1025
676 486 444 1117 2175 914 1731 917 1386 1909 0 1161 1486 700 751 1693 1251
1034 793 722 416 2196 1473 2187 915 1613 1760 1161 0 1680 797 1153 2114 1768
854 1197 1397 1989 692 2387 571 789 100 570 1486 1680 0 1000 747 487 454
237 238 418 1017 1635 1478 1435 245 913 1289 700 797 1000 0 356 1370 986
128 477 674 1361 1429 1641 1104 331 649 1165 751 1153 747 356 0 1045 639
1172 1522 1719 2386 773 2606 84 1200 518 926 1693 2114 487 1370 1045 0 441
767 1110 1301 2000 1066 2165 482 862 393 1025 1251 1768 454 986 639 441 0
