0 157 902 428 1255 1681 1145 1185 1056 154 843 681 12 1673 999 342
157 0 981 414 1162 1526 1301 1213 1207 301 689 793 148 1654 841 349
902 981 0 646 1200 2322 1222 442 791 780 1559 1328 898 1075 1626 1236
428 414 646 0 881 1690 1373 805 1127 417 913 1083 416 1248 988 751
1255 1162 1200 881 0 1513 2237 960 1920 1290 1127 1937 1242 852 1019 1498
1681 1526 2322 1690 1513 0 2796 2312 2732 1827 838 2120 1674 2366 704 1596
1145 1301 1222 1373 2237 2796 0 1664 490 1027 1963 773 1155 2297 2137 1211
1185 1213 442 805 960 2312 1664 0 1222 1100 1649 1718 1177 635 1659 1527
1056 1207 791 1127 1920 2732 490 1222 0 906 1897 1002 1062 1856 2036 1255
154 301 780 417 1290 1827 1027 1100 906 0 990 669 158 1627 1137 458
843 689 1559 913 1127 838 1963 1649 1897 990 0 1325 836 1887 211 786
681 793 1328 1083 1937 2120 773 1718 1002 669 1325 0 694 2284 1525 540
12 148 898 416 1242 1674 1155 1177 1062 158 836 694 0 1663 990 350
1673 1654 1075 1248 852 2366 2297 635 1856 1627 1887 2284 1663 0 1825 1998
999 841 1626 988 1019 704 2137 1659 2036 1137 211 1525 990 1825 0 984
342 349 1236 751 1498 1596 1211 1527 1255 458 786 540 350 1998 984 0
