0 571 1010 281 1419 1321 215 1539 1031 634 1323 269 198 581 1253 997
571 0 1138 684 1516 941 783 1948 1246 1184 1602 810 760 575 1009 1564
1010 1138 0 1290 409 2079 1089 2430 190 1003 2310 905 969 1532 722 1338
281 684 1290 0 1697 1219 275 1296 1300 739 1044 455 369 413 1510 1026
1419 1516 409 1697 0 2451 1487 2803 436 1339 2710 1299 1368 1938 848 1623
1321 941 2079 1219 2451 0 1465 2036 2186 1938 1528 1589 1511 809 1828 2245
215 783 1089 275 1487 1465 0 1376 1071 473 1222 195 119 676 1426 802
1539 1948 2430 1296 2803 2036 1376 0 2368 1482 536 1535 1488 1435 2792 1357
1031 1246 190 1300 436 2186 1071 2368 0 904 2290 878 953 1584 912 1206
634 1184 1003 739 1339 1938 473 1482 904 0 1494 374 436 1148 1554 402
1323 1602 2310 1044 2710 1528 1222 536 2290 1494 0 1412 1342 1039 2541 1514
269 810 905 455 1299 1589 195 1535 878 374 1412 0 86 829 1304 759
198 760 969 369 1368 1511 119 1488 953 436 1342 86 0 744 1326 804
581 575 1532 413 1938 809 676 1435 1584 1148 1039 829 744 0 1566 1437
1253 1009 722 1510 848 1828 1426 2792 912 1554 2541 1304 1326 1566 0 1941
997 1564 1338 1026 1623 2245 802 1357 1206 402 1514 759 804 1437 1941 0
