0 1150 955 648 720 1576 388 1206 1338 721 1731 785 234 1224 562 217 238
1150 0 1989 1253 1147 2651 976 1107 2489 1863 2865 1921 1297 2335 1105 936 944
955 1989 0 1488 1609 665 1013 2137 837 456 1356 397 735 1106 1461 1114 1190
648 1253 1488 0 158 2013 971 697 1555 1109 1784 1187 862 1236 154 691 553
720 1147 1609 158 0 2153 998 547 1711 1247 1941 1325 947 1394 157 715 575
1576 2651 665 2013 2153 0 1676 2698 723 905 1142 828 1374 1190 2020 1756 1814
388 976 1013 971 998 1676 0 1389 1595 949 2037 993 378 1563 849 283 423
1206 1107 2137 697 547 2698 1389 0 2250 1792 2444 1870 1440 1904 679 1130 1004
1338 2489 837 1555 1711 723 1595 2250 0 646 519 610 1221 482 1612 1553 1555
721 1863 456 1109 1247 905 949 1792 646 0 1111 78 577 724 1115 928 952
1731 2865 1356 1784 1941 1142 2037 2444 519 1111 0 1094 1659 548 1877 1947 1920
785 1921 397 1187 1325 828 993 1870 610 78 1094 0 628 742 1192 988 1019
234 1297 735 862 947 1374 378 1440 1221 577 1659 628 0 1191 790 382 457
1224 2335 1106 1236 1394 1190 1563 1904 482 724 548 742 1191 0 1329 1437 1395
562 1105 1461 154 157 2020 849 679 1612 1115 1877 1192 790 1329 0 565 425
217 936 1114 691 715 1756 283 1130 1553 928 1947 988 382 1437 565 0 140
238 944 1190 553 575 1814 423 1004 1555 952 1920 1019 457 1395 425 140 0
