0 950 1073 504 1464 22 701 1410 1151 1710 1453 1468 196 438 1334 1521
950 0 1557 565 604 931 337 2285 1951 1078 2398 2332 780 1370 2117 2415
1073 1557 0 1447 2162 1066 1223 2034 686 2587 1502 2108 1035 932 759 1250
504 565 1447 0 981 493 497 1727 1643 1210 1934 1771 426 939 1824 2024
1464 604 2162 981 0 1449 941 2655 2537 587 2913 2689 1326 1902 2708 2975
22 931 1066 493 1449 0 680 1432 1157 1701 1471 1490 174 452 1340 1534
701 337 1223 497 941 680 0 2099 1621 1380 2113 2152 509 1087 1784 2100
1410 2285 2034 1727 2655 1432 2099 0 1546 2643 934 74 1607 1174 1663 1354
1151 1951 686 1643 2537 1157 1621 1546 0 2853 842 1620 1230 771 185 565
1710 1078 2587 1210 587 1701 1380 2643 2853 0 3080 2662 1626 2136 3033 3220
1453 2398 1502 1934 2913 1471 2113 934 842 3080 0 998 1618 1028 880 439
1468 2332 2108 1771 2689 1490 2152 74 1620 2662 998 0 1664 1243 1737 1421
196 780 1035 426 1326 174 509 1607 1230 1626 1618 1664 0 590 1408 1649
438 1370 932 939 1902 452 1087 1174 771 2136 1028 1243 590 0 955 1085
1334 2117 759 1824 2708 1340 1784 1663 185 3033 880 1737 1408 955 0 521
1521 2415 1250 2024 2975 1534 2100 1354 565 3220 439 1421 1649 1085 521 0
