0 17 69 147 445 798 276 198 191 32 93 520 823 23 420 392 395 226 169 28 607 652 18 699 114 650 17 144 566 156 727 398 818 29 426 614 857 11 814 7 656 477 408 22 136 34 259 811 192 158 35 273 33 769 615 690 540 500 78 785 767 792 801 40 665 758 331 778 311 299 844 823 380 95 479 193 129 32
17 0 52 137 436 816 283 211 173 16 101 506 816 17 430 407 384 225 184 35 602 658 35 712 111 662 30 145 583 139 745 381 801 15 443 596 870 6 816 14 661 476 394 33 143 40 276 794 175 175 28 284 48 779 605 702 556 509 67 796 751 797 809 58 680 748 337 767 305 282 839 840 370 81 497 180 138 42
69 52 0 104 430 867 321 241 123 44 122 478 814 61 447 440 342 247 223 70 608 692 86 760 136 687 82 143 635 87 793 340 749 40 489 550 919 58 806 67 660 459 346 84 184 72 323 752 142 227 64 330 93 795 597 724 591 523 76 841 698 828 847 107 718 707 374 755 277 231 844 890 359 75 544 132 160 92
147 137 104 0 521 905 420 226 147 140 121 541 906 153 389 418 248 351 231 126 707 794 155 845 240 640 164 87 693 106 810 376 719 121 504 560 1000 142 708 149 573 358 269 169 280 123 346 773 213 282 161 420 149 729 684 672 571 459 180 932 648 931 946 166 701 610 474 837 172 230 942 918 446 178 562 69 146 178
445 436 430 521 0 1059 351 640 399 421 538 207 384 422 866 821 687 262 600 471 210 504 458 731 341 1088 437 574 786 425 1057 310 784 443 797 483 899 437 1229 438 1091 878 645 432 377 476 650 575 312 524 410 432 477 1215 169 1131 958 945 369 751 822 580 666 475 1070 1027 350 335 682 417 428 1114 79 358 837 503 574 426
798 816 867 905 1059 0 710 696 990 828 784 1231 1303 813 730 578 1120 821 675 800 1074 770 781 495 813 661 788 831 274 955 191 1175 1616 827 417 1401 474 810 1169 802 966 1012 1166 787 744 800 560 1578 970 640 817 633 775 834 1194 706 505 761 845 603 1554 885 769 760 455 1419 710 1353 984 1098 1249 91 1043 868 361 972 763 783
276 283 321 420 351 710 0 401 399 280 353 524 658 267 627 534 663 123 349 303 421 375 274 460 189 805 259 415 438 388 708 504 992 299 466 730 627 279 1071 272 895 746 662 254 140 307 347 881 333 239 259 81 288 958 500 854 649 707 251 526 976 518 525 274 748 1029 54 666 587 491 646 763 333 265 498 452 374 244
198 211 241 226 640 696 401 0 353 228 120 717 1012 222 230 198 424 400 53 177 787 760 183 729 300 451 204 141 515 310 587 580 944 210 283 781 865 208 675 206 494 379 471 208 283 173 143 989 383 168 234 357 165 576 810 491 351 311 276 834 864 908 889 165 479 745 453 974 291 452 1023 700 578 293 342 296 84 213
191 173 123 147 399 990 399 353 0 161 233 395 781 177 536 552 295 296 342 193 599 751 209 854 212 785 201 228 753 43 916 230 628 164 612 429 1018 180 835 187 714 483 272 202 278 194 446 635 90 349 174 427 217 877 554 818 704 607 157 926 586 876 912 230 833 654 447 699 285 108 828 1014 321 137 667 106 269 208
32 16 44 140 421 828 280 228 161 0 116 489 802 16 446 423 384 216 201 51 589 654 51 715 102 679 40 157 593 129 759 365 789 23 458 582 875 21 827 27 674 485 391 41 141 55 292 778 159 188 21 286 65 795 590 718 572 524 52 797 742 791 806 73 697 749 334 752 310 269 826 854 354 65 512 176 154 48
93 101 122 121 538 784 353 120 233 116 0 600 917 116 329 319 356 318 112 66 700 727 85 745 207 566 105 65 574 191 691 460 838 95 386 662 894 100 724 101 562 393 387 111 216 61 224 869 264 168 128 332 67 678 707 603 471 408 168 839 769 871 870 78 599 706 407 868 247 335 938 798 471 181 443 188 38 120
520 506 478 541 207 1231 524 717 395 489 600 0 455 497 924 913 632 410 689 539 377 711 537 935 445 1166 519 615 962 435 1207 196 595 506 925 290 1104 509 1217 513 1108 868 571 516 503 543 765 368 336 642 486 598 554 1269 237 1203 1060 998 444 958 656 779 872 558 1182 931 536 330 671 356 539 1278 191 425 972 498 639 513
823 816 814 906 384 1303 658 1012 781 802 917 455 0 801 1241 1179 1059 614 968 851 238 570 834 868 713 1451 813 957 1034 809 1345 641 1017 824 1125 722 1008 816 1614 816 1474 1262 1008 808 733 856 998 693 696 877 788 737 853 1588 229 1497 1305 1322 749 830 1101 543 679 849 1406 1381 630 164 1066 782 116 1373 460 740 1155 886 952 801
23 17 61 153 422 813 267 222 177 16 116 497 801 0 444 415 399 208 192 49 586 641 40 699 94 673 24 162 576 146 745 378 805 31 445 596 858 15 833 16 677 493 407 25 127 54 279 791 170 172 12 270 57 793 591 714 563 523 54 782 759 780 793 62 687 763 321 754 322 285 823 839 357 71 498 192 152 31
420 430 447 389 866 730 627 230 536 446 329 924 1241 444 0 158 477 630 279 395 1018 971 408 895 528 254 429 308 630 493 573 766 1047 425 335 940 1008 429 483 428 283 288 549 434 514 390 305 1158 588 388 456 574 389 349 1036 282 250 80 497 1010 939 1121 1088 392 370 703 676 1198 340 615 1254 705 800 511 380 448 292 440
392 407 440 418 821 578 534 198 552 423 319 913 1179 415 158 0 575 566 224 374 947 850 375 747 481 272 394 330 473 508 432 779 1125 407 176 978 853 403 636 399 432 434 636 398 447 370 187 1187 581 302 426 468 358 427 989 320 152 214 469 864 1032 1000 955 354 282 843 578 1156 433 648 1179 561 765 487 222 486 282 401
395 384 342 248 687 1120 663 424 295 384 356 632 1059 399 477 575 0 579 451 375 892 1032 404 1094 476 723 412 297 929 285 1001 437 573 368 705 526 1248 390 596 397 532 272 81 417 526 372 564 745 385 525 405 668 397 753 830 738 714 518 414 1181 461 1164 1188 414 841 366 716 959 141 278 1115 1121 608 404 763 211 365 426
226 225 247 351 262 821 123 400 296 216 318 410 614 208 630 566 579 0 354 255 387 455 232 579 113 837 212 370 553 294 802 380 871 238 535 606 748 223 1041 220 880 701 567 206 119 260 390 762 219 265 197 188 250 975 426 882 698 711 170 638 860 584 616 242 809 944 158 594 524 378 624 868 225 176 575 367 349 198
169 184 223 231 600 675 349 53 342 201 112 689 968 192 279 224 451 354 0 153 740 707 151 681 259 488 170 156 479 300 579 563 950 186 273 771 820 180 728 175 546 428 491 173 235 150 115 975 360 115 202 304 135 621 770 531 371 360 244 785 879 855 837 130 496 784 400 936 325 446 976 686 542 263 331 300 87 177
28 35 70 126 471 800 303 177 193 51 66 539 851 49 395 374 375 255 153 0 635 678 29 719 142 628 44 116 574 155 722 410 816 33 418 621 874 34 785 35 627 448 392 50 162 5 252 822 207 163 62 295 25 744 641 667 524 474 102 807 759 819 826 41 650 735 357 803 285 300 873 821 405 116 473 180 103 59
607 602 608 707 210 1074 421 787 599 589 700 377 238 586 1018 947 892 387 740 635 0 386 616 666 493 1219 595 747 803 620 1109 517 972 612 887 667 821 601 1414 600 1263 1066 853 589 504 640 763 713 509 644 573 499 634 1362 169 1266 1069 1099 538 652 1024 416 529 628 1169 1237 391 287 875 627 237 1142 287 533 916 699 734 581
652 658 692 794 504 770 375 760 751 654 727 711 570 641 971 850 1032 455 707 678 386 0 650 299 556 1106 635 790 527 749 857 783 1277 673 726 983 439 654 1435 647 1250 1120 1022 629 516 683 669 1074 670 592 633 403 663 1276 551 1158 928 1048 618 265 1293 150 166 649 994 1398 320 669 963 825 494 852 546 628 732 820 746 619
18 35 86 155 458 781 274 183 209 51 85 537 834 40 408 375 404 232 151 29 616 650 0 690 122 634 21 142 551 173 709 417 835 45 407 632 846 30 809 24 648 475 420 26 134 33 240 829 210 141 51 265 18 756 628 675 523 487 93 777 782 791 797 22 647 765 329 791 314 317 853 805 395 111 461 206 118 34
699 712 760 845 731 495 460 729 854 715 745 935 868 699 895 747 1094 579 681 719 666 299 690 0 642 963 683 810 307 837 618 956 1450 727 585 1177 170 706 1378 698 1177 1108 1106 679 578 722 599 1304 792 579 695 429 696 1144 819 1016 778 960 699 123 1436 392 273 679 809 1451 422 954 992 950 794 583 749 717 567 892 748 670
114 111 136 240 341 813 189 300 212 102 207 445 713 94 528 481 476 113 259 142 493 556 122 642 0 747 101 257 559 198 768 361 826 124 480 588 806 110 928 107 770 587 473 95 71 148 320 767 161 196 83 215 140 876 510 790 622 608 62 715 797 691 712 136 740 842 240 676 412 311 731 849 283 76 528 264 240 88
650 662 687 640 1088 661 805 451 785 679 566 1166 1451 673 254 272 723 837 488 628 1219 1106 634 963 747 0 655 556 662 742 473 1016 1296 660 383 1195 1040 659 522 657 333 493 798 659 718 623 458 1412 830 574 685 737 616 182 1258 53 185 205 728 1085 1180 1255 1196 615 209 894 848 1424 591 868 1451 606 1029 744 395 701 527 663
17 30 82 164 437 788 259 204 201 40 105 519 813 24 429 394 412 212 170 44 595 635 21 683 101 655 0 160 553 169 720 403 829 44 420 621 840 23 829 15 668 492 424 5 119 49 254 815 195 147 33 256 39 777 607 696 541 508 74 768 781 775 784 39 664 775 314 770 328 310 832 814 374 94 473 209 139 15
144 145 143 87 574 831 415 141 228 157 65 615 957 162 308 330 297 370 156 116 747 790 142 810 257 556 160 0 632 185 728 459 802 134 423 648 958 147 670 151 517 332 335 166 276 111 271 860 280 232 174 398 127 654 741 590 483 382 209 905 724 933 935 141 613 642 470 899 182 318 984 840 503 216 482 155 69 175
566 583 635 693 786 274 438 515 753 593 574 962 1034 576 630 473 929 553 479 574 803 527 551 307 559 662 553 632 0 722 329 919 1381 596 298 1147 382 576 1109 568 904 879 961 551 489 576 371 1314 720 412 578 364 549 844 920 715 478 685 600 430 1334 659 566 533 502 1261 436 1079 805 860 987 339 772 622 269 754 563 545
156 139 87 106 425 955 388 310 43 129 191 435 809 146 493 508 285 294 300 155 620 749 173 837 198 742 169 185 722 0 876 274 661 127 572 471 999 146 804 154 677 452 275 171 259 155 406 679 113 314 146 408 179 835 585 775 661 564 138 913 612 878 908 194 790 650 438 734 257 145 851 976 348 122 628 79 226 177
727 745 793 810 1057 191 708 587 916 759 691 1207 1345 745 573 432 1001 802 579 722 1109 857 709 618 768 473 720 728 329 876 0 1122 1529 753 305 1341 636 739 988 732 788 860 1056 721 705 721 470 1533 913 576 752 626 699 643 1208 517 331 591 787 736 1451 988 888 687 265 1274 722 1373 861 1022 1307 135 1027 809 248 879 664 719
398 381 340 376 310 1175 504 580 230 365 460 196 641 378 766 779 437 380 563 410 517 783 417 956 361 1016 403 459 919 274 1122 0 497 377 824 228 1126 387 1025 393 926 680 374 402 431 412 657 412 208 545 370 561 430 1103 413 1048 931 835 334 1003 515 879 949 439 1059 740 535 526 485 165 714 1209 244 312 876 322 497 403
818 801 749 719 784 1616 992 944 628 789 838 595 1017 805 1047 1125 573 871 950 816 972 1277 835 1450 826 1296 829 802 1381 661 1529 497 0 789 1223 305 1619 807 1089 815 1083 830 497 831 897 816 1062 372 666 976 803 1040 840 1319 826 1311 1272 1091 780 1501 159 1365 1443 855 1402 606 1028 861 706 520 1118 1635 732 759 1281 650 865 836
29 15 40 121 443 827 299 210 164 23 95 506 824 31 425 407 368 238 186 33 612 673 45 727 124 660 44 134 596 127 753 377 789 0 450 589 885 21 804 29 651 462 379 48 158 36 283 789 173 187 41 300 53 774 612 698 557 503 75 812 737 812 824 66 683 732 353 773 290 272 849 850 375 85 504 164 133 57
426 443 489 504 797 417 466 283 612 458 386 925 1125 445 335 176 705 535 273 418 887 726 407 585 480 383 420 423 298 572 305 824 1223 450 0 1040 680 437 810 431 605 602 755 422 425 417 166 1236 615 283 453 388 396 561 958 437 202 387 490 706 1148 874 812 385 281 1003 498 1127 567 718 1108 417 755 512 58 573 358 421
614 596 550 560 483 1401 730 781 429 582 662 290 722 596 940 978 526 606 771 621 667 983 632 1177 588 1195 621 648 1147 471 1341 228 305 589 1040 0 1347 602 1118 609 1055 796 447 620 658 623 873 220 431 767 589 789 643 1260 523 1221 1130 1001 557 1217 380 1063 1147 655 1260 731 758 573 621 330 818 1433 437 534 1094 495 697 623
857 870 919 1000 899 474 627 865 1018 875 894 1104 1008 858 1008 853 1248 748 820 874 821 439 846 170 806 1040 840 958 382 999 636 1126 1619 885 680 1347 0 864 1489 856 1286 1241 1265 837 740 877 727 1473 959 726 855 591 851 1222 979 1092 857 1067 862 181 1603 492 354 834 864 1600 591 1107 1139 1116 925 566 919 881 651 1050 894 828
11 6 58 142 437 810 279 208 180 21 100 509 816 15 429 403 390 223 180 34 601 654 30 706 110 659 23 147 576 146 739 387 807 21 437 602 864 0 818 8 661 478 401 27 138 39 271 799 180 169 28 278 44 778 607 699 551 507 68 791 757 793 804 52 676 753 333 769 309 288 839 834 372 84 491 186 137 36
814 816 806 708 1229 1169 1071 675 835 827 724 1217 1614 833 483 636 596 1041 728 785 1414 1435 809 1378 928 522 829 670 1109 804 988 1025 1089 804 810 1118 1489 818 0 821 205 351 672 834 939 780 782 1332 918 843 845 1032 792 395 1389 489 665 423 877 1492 938 1584 1562 802 730 522 1124 1534 549 861 1650 1124 1153 881 848 729 697 844
7 14 67 149 438 802 272 206 187 27 101 513 816 16 428 399 397 220 175 35 600 647 24 698 107 657 15 151 568 154 732 393 815 29 431 609 856 8 821 0 663 482 409 19 132 40 264 805 186 161 28 271 40 777 607 697 547 507 70 783 765 787 797 46 671 760 327 770 315 296 837 827 373 87 485 194 136 29
656 661 660 573 1091 966 895 494 714 674 562 1108 1474 677 283 432 532 880 546 627 1263 1250 648 1177 770 333 668 517 904 677 788 926 1083 651 605 1055 1286 661 205 663 0 260 613 674 771 622 588 1275 787 660 689 849 629 254 1257 310 461 218 726 1293 946 1400 1371 637 536 592 947 1410 442 762 1500 924 1018 734 643 609 531 682
477 476 459 358 878 1012 746 379 483 485 393 868 1262 493 288 434 272 701 428 448 1066 1120 475 1108 587 493 492 332 879 452 860 680 830 462 602 796 1241 478 351 482 260 0 353 498 609 443 514 1016 566 538 504 721 459 490 1037 496 538 293 533 1213 700 1264 1259 472 651 415 801 1183 198 515 1301 992 801 535 654 377 374 508
408 394 346 269 645 1166 662 471 272 391 387 571 1008 407 549 636 81 567 491 392 853 1022 420 1106 473 798 424 335 961 275 1056 374 497 379 755 447 1265 401 672 409 613 353 0 428 530 390 606 664 359 551 411 677 417 833 778 815 779 594 411 1187 396 1148 1182 434 908 385 713 900 209 227 1070 1172 566 397 813 214 403 437
22 33 84 169 432 787 254 208 202 41 111 516 808 25 434 398 417 206 173 50 589 629 26 679 95 659 5 166 551 171 721 402 831 48 422 620 837 27 834 19 674 498 428 0 113 55 256 814 193 147 31 251 45 782 602 700 544 514 71 763 783 770 779 43 667 780 308 766 333 311 827 814 370 91 474 213 144 9
136 143 184 280 377 744 140 283 278 141 216 503 733 127 514 447 526 119 235 162 504 516 134 578 71 718 119 276 489 259 705 431 897 158 425 658 740 138 939 132 771 609 530 113 0 167 273 834 232 147 121 148 149 857 543 763 581 595 122 656 865 657 665 137 694 891 195 711 447 380 740 782 330 141 469 317 241 103
34 40 72 123 476 800 307 173 194 55 61 543 856 54 390 370 372 260 150 5 640 683 33 722 148 623 49 111 576 155 721 412 816 36 417 623 877 39 780 40 622 443 390 55 167 0 251 824 210 164 67 298 26 739 645 662 521 469 107 810 758 824 831 43 647 732 362 807 280 301 878 821 410 121 472 178 98 64
259 276 323 346 650 560 347 143 446 292 224 765 998 279 305 187 564 390 115 252 763 669 240 599 320 458 254 271 371 406 470 657 1062 283 166 873 727 271 782 264 588 514 606 256 273 251 0 1070 449 125 287 281 229 614 816 507 308 379 325 710 994 819 783 218 421 889 390 984 435 552 993 573 601 347 221 413 202 255
811 794 752 773 575 1578 881 989 635 778 869 368 693 791 1158 1187 745 762 975 822 713 1074 829 1304 767 1412 815 860 1314 679 1533 412 372 789 1236 220 1473 799 1332 805 1275 1016 664 814 834 824 1070 0 621 957 783 950 842 1480 546 1439 1340 1220 746 1326 507 1128 1231 852 1468 917 899 529 842 543 804 1617 556 724 1288 710 905 815
192 175 142 213 312 970 333 383 90 159 264 336 696 170 588 581 385 219 360 207 509 670 210 792 161 830 195 280 720 113 913 208 666 173 615 431 959 180 918 186 787 566 359 193 232 210 449 621 0 337 162 374 224 934 472 866 731 663 126 857 643 790 833 232 856 743 375 623 370 159 739 1002 235 103 667 191 303 194
158 175 227 282 524 640 239 168 349 188 168 642 877 172 388 302 525 265 115 163 644 592 141 579 196 574 147 232 412 314 576 545 976 187 283 767 726 169 843 161 660 538 551 147 147 164 125 957 337 0 177 189 137 721 691 621 433 468 210 677 922 740 723 121 546 874 288 859 414 457 877 666 476 233 332 342 169 144
35 28 64 161 410 817 259 234 174 21 128 486 788 12 456 426 405 197 202 62 573 633 51 695 83 685 33 174 578 146 752 370 803 41 453 589 855 28 845 28 689 504 411 31 121 67 287 783 162 177 0 266 68 805 579 726 574 535 42 777 758 771 785 72 697 770 313 742 331 282 811 844 345 61 506 196 164 33
273 284 330 420 432 633 81 357 427 286 332 598 737 270 574 468 668 188 304 295 499 403 265 429 215 737 256 398 364 408 626 561 1040 300 388 789 591 278 1032 271 849 721 677 251 148 298 281 950 374 189 266 0 275 895 582 787 575 652 271 512 1013 551 538 259 670 1030 111 748 577 527 720 683 409 289 418 463 346 242
33 48 93 149 477 775 288 165 217 65 67 554 853 57 389 358 397 250 135 25 634 663 18 696 140 616 39 127 549 179 699 430 840 53 396 643 851 44 792 40 629 459 417 45 149 26 229 842 224 137 68 275 0 738 646 657 507 469 111 786 784 806 809 17 632 756 343 810 302 324 872 797 413 128 451 205 99 52
769 779 795 729 1215 834 958 576 877 795 678 1269 1588 793 349 427 753 975 621 744 1362 1276 756 1144 876 182 777 654 844 835 643 1103 1319 774 561 1260 1222 778 395 777 254 490 833 782 857 739 614 1480 934 721 805 895 738 0 1385 130 366 271 847 1266 1189 1426 1372 740 378 846 1004 1547 638 945 1597 773 1150 860 577 781 641 788
615 605 597 684 169 1194 500 810 554 590 707 237 229 591 1036 989 830 426 770 641 169 551 628 819 510 1258 607 741 920 585 1208 413 826 612 958 523 979 607 1389 607 1257 1037 778 602 543 645 816 546 472 691 579 582 646 1385 0 1301 1124 1115 538 814 893 585 697 645 1235 1153 487 168 840 552 302 1255 238 526 995 660 744 596
690 702 724 672 1131 706 854 491 818 718 603 1203 1497 714 282 320 738 882 531 667 1266 1158 675 1016 790 53 696 590 715 775 517 1048 1311 698 437 1221 1092 699 489 697 310 496 815 700 763 662 507 1439 866 621 726 787 657 130 1301 0 238 221 768 1138 1191 1308 1249 656 251 887 897 1466 610 897 1498 649 1070 783 449 730 565 705
540 556 591 571 958 505 649 351 704 572 471 1060 1305 563 250 152 714 698 371 524 1069 928 523 778 622 185 541 483 478 661 331 931 1272 557 202 1130 857 551 665 547 461 538 779 544 581 521 308 1340 731 433 574 575 507 366 1124 238 0 260 615 900 1175 1076 1013 501 130 953 687 1292 573 800 1296 466 906 635 210 638 434 547
500 509 523 459 945 761 707 311 607 524 408 998 1322 523 80 214 518 711 360 474 1099 1048 487 960 608 205 508 382 685 564 591 835 1091 503 387 1001 1067 507 423 507 218 293 594 514 595 469 379 1220 663 468 535 652 469 271 1115 221 260 0 576 1077 975 1198 1161 472 362 704 756 1276 388 680 1335 727 879 589 425 514 370 520
78 67 76 180 369 845 251 276 157 52 168 444 749 54 497 469 414 170 244 102 538 618 93 699 62 728 74 209 600 138 787 334 780 75 490 557 862 68 877 70 726 533 411 71 122 107 325 746 126 210 42 271 111 847 538 768 615 576 0 775 743 753 774 114 738 780 302 700 353 261 775 876 303 22 542 202 205 70
785 796 841 932 751 603 526 834 926 797 839 958 830 782 1010 864 1181 638 785 807 652 265 777 123 715 1085 768 905 430 913 736 1003 1501 812 706 1217 181 791 1492 783 1293 1213 1187 763 656 810 710 1326 857 677 777 512 786 1266 814 1138 900 1077 775 0 1498 312 176 770 932 1542 481 935 1086 1016 744 693 781 791 690 974 846 754
767 751 698 648 822 1554 976 864 586 742 769 656 1101 759 939 1032 461 860 879 759 1024 1293 782 1436 797 1180 781 724 1334 612 1451 515 159 737 1148 380 1603 757 938 765 946 700 396 783 865 758 994 507 643 922 758 1013 784 1189 893 1191 1175 975 743 1498 0 1394 1459 801 1303 447 1018 953 602 486 1193 1565 759 724 1206 582 791 790
792 797 828 931 580 885 518 908 876 791 871 779 543 780 1121 1000 1164 584 855 819 416 150 791 392 691 1255 775 933 659 878 988 879 1365 812 874 1063 492 793 1584 787 1400 1264 1148 770 657 824 819 1128 790 740 771 551 806 1426 585 1308 1076 1198 753 312 1394 0 140 792 1138 1529 463 671 1102 942 445 970 636 760 877 952 891 760
801 809 847 946 666 769 525 889 912 806 870 872 679 793 1088 955 1188 616 837 826 529 166 797 273 712 1196 784 935 566 908 888 949 1443 824 812 1147 354 804 1562 797 1371 1259 1182 779 665 831 783 1231 833 723 785 538 809 1372 697 1249 1013 1161 774 176 1459 140 0 794 1061 1554 472 798 1112 990 584 857 711 786 806 977 885 769
40 58 107 166 475 760 274 165 230 73 78 558 849 62 392 354 414 242 130 41 628 649 22 679 136 615 39 141 533 194 687 439 855 66 385 655 834 52 802 46 637 472 434 43 137 43 218 852 232 121 72 259 17 740 645 656 501 472 114 770 801 792 794 0 625 773 329 809 318 338 866 783 413 133 439 221 106 48
665 680 718 701 1070 455 748 479 833 697 599 1182 1406 687 370 282 841 809 496 650 1169 994 647 809 740 209 664 613 502 790 265 1059 1402 683 281 1260 864 676 730 671 536 651 908 667 694 647 421 1468 856 546 697 670 632 378 1235 251 130 362 738 932 1303 1138 1061 625 0 1065 780 1403 701 930 1390 397 1022 758 262 769 563 668
758 748 707 610 1027 1419 1029 745 654 749 706 931 1381 763 703 843 366 944 784 735 1237 1398 765 1451 842 894 775 642 1261 650 1274 740 606 732 1003 731 1600 753 522 760 592 415 385 780 891 732 889 917 743 874 770 1030 756 846 1153 887 953 704 780 1542 447 1529 1554 773 1065 0 1082 1260 460 610 1450 1404 950 770 1058 578 706 789
331 337 374 474 350 710 54 453 447 334 407 536 630 321 676 578 716 158 400 357 391 320 329 422 240 848 314 470 436 438 722 535 1028 353 498 758 591 333 1124 327 947 801 713 308 195 362 390 899 375 288 313 111 343 1004 487 897 687 756 302 481 1018 463 472 329 780 1082 0 650 642 535 610 768 344 315 525 505 429 298
778 767 755 837 335 1353 666 974 699 752 868 330 164 754 1198 1156 959 594 936 803 287 669 791 954 676 1424 770 899 1079 734 1373 526 861 773 1127 573 1107 769 1534 770 1410 1183 900 766 711 807 984 529 623 859 742 748 810 1547 168 1466 1292 1276 700 935 953 671 798 809 1403 1260 650 0 984 681 278 1416 397 687 1163 806 906 761
311 305 277 172 682 984 587 291 285 310 247 671 1066 322 340 433 141 524 325 285 875 963 314 992 412 591 328 182 805 257 861 485 706 290 567 621 1139 309 549 315 442 198 209 333 447 280 435 842 370 414 331 577 302 638 840 610 573 388 353 1086 602 1102 1112 318 701 460 642 984 0 320 1108 982 605 350 625 179 245 343
299 282 231 230 417 1098 491 452 108 269 335 356 782 285 615 648 278 378 446 300 627 825 317 950 311 868 310 318 860 145 1022 165 520 272 718 330 1116 288 861 296 762 515 227 311 380 301 552 543 159 457 282 527 324 945 552 897 800 680 261 1016 486 942 990 338 930 610 535 681 320 0 843 1122 339 240 773 167 368 316
844 839 844 942 428 1249 646 1023 828 826 938 539 116 823 1254 1179 1115 624 976 873 237 494 853 794 731 1451 832 984 987 851 1307 714 1118 849 1108 818 925 839 1650 837 1500 1301 1070 827 740 878 993 804 739 877 811 720 872 1597 302 1498 1296 1335 775 744 1193 445 584 866 1390 1450 610 278 1108 843 0 1324 507 769 1132 930 971 819
823 840 890 918 1114 91 763 700 1014 854 798 1278 1373 839 705 561 1121 868 686 821 1142 852 805 583 849 606 814 840 339 976 135 1209 1635 850 417 1433 566 834 1124 827 924 992 1172 814 782 821 573 1617 1002 666 844 683 797 773 1255 649 466 727 876 693 1565 970 857 783 397 1404 768 1416 982 1122 1324 0 1092 899 358 986 773 810
380 370 359 446 79 1043 333 578 321 354 471 191 460 357 800 765 608 225 542 405 287 546 395 749 283 1029 374 503 772 348 1027 244 732 375 755 437 919 372 1153 373 1018 801 566 370 330 410 601 556 235 476 345 409 413 1150 238 1070 906 879 303 781 759 636 711 413 1022 950 344 397 605 339 507 1092 0 290 798 426 508 365
95 81 75 178 358 868 265 293 137 65 181 425 740 71 511 487 404 176 263 116 533 628 111 717 76 744 94 216 622 122 809 312 759 85 512 534 881 84 881 87 734 535 397 91 141 121 347 724 103 233 61 289 128 860 526 783 635 589 22 791 724 760 786 133 758 770 315 687 350 240 769 899 290 0 564 192 219 91
479 497 544 562 837 361 498 342 667 512 443 972 1155 498 380 222 763 575 331 473 916 732 461 567 528 395 473 482 269 628 248 876 1281 504 58 1094 651 491 848 485 643 654 813 474 469 472 221 1288 667 332 506 418 451 577 995 449 210 425 542 690 1206 877 806 439 262 1058 525 1163 625 773 1132 358 798 564 0 631 416 473
193 180 132 69 503 972 452 296 106 176 188 498 886 192 448 486 211 367 300 180 699 820 206 892 264 701 209 155 754 79 879 322 650 164 573 495 1050 186 729 194 609 377 214 213 317 178 413 710 191 342 196 463 205 781 660 730 638 514 202 974 582 952 977 221 769 578 505 806 179 167 930 986 426 192 631 0 215 222
129 138 160 146 574 763 374 84 269 154 38 639 952 152 292 282 365 349 87 103 734 746 118 748 240 527 139 69 563 226 664 497 865 133 358 697 894 137 697 136 531 374 403 144 241 98 202 905 303 169 164 346 99 641 744 565 434 370 205 846 791 891 885 106 563 706 429 906 245 368 971 773 508 219 416 215 0 152
32 42 92 178 426 783 244 213 208 48 120 513 801 31 440 401 426 198 177 59 581 619 34 670 88 663 15 175 545 177 719 403 836 57 421 623 828 36 844 29 682 508 437 9 103 64 255 815 194 144 33 242 52 788 596 705 547 520 70 754 790 760 769 48 668 789 298 761 343 316 819 810 365 91 473 222 152 0
