0 728 472 9 1343 721 837 1325 650 1132 1211 259 1111 844 894 1510
728 0 797 728 1177 1450 1122 710 312 1810 995 988 1840 289 767 847
472 797 0 481 910 924 385 1143 540 1467 1582 585 1270 1034 1275 1645
9 728 481 0 1351 722 847 1328 654 1128 1203 259 1112 840 886 1507
1343 1177 910 1351 0 1803 750 876 898 2371 2170 1495 2103 1463 1915 1819
721 1450 924 722 1803 0 1088 2008 1337 599 1730 462 390 1544 1437 2209
837 1122 385 847 750 1088 0 1283 824 1680 1964 881 1361 1384 1659 1953
1325 710 1143 1328 876 2008 1283 0 676 2455 1596 1571 2384 899 1435 999
650 312 540 654 898 1337 824 676 0 1782 1277 895 1717 597 1016 1129
1132 1810 1467 1128 2371 599 1680 2455 1782 0 1759 904 559 1816 1528 2442
1211 995 1582 1203 2170 1730 1964 1596 1277 1759 0 1367 2071 720 316 914
259 988 585 259 1495 462 881 1571 895 904 1367 0 852 1089 1056 1756
1111 1840 1270 1112 2103 390 1361 2384 1717 559 2071 852 0 1932 1791 2595
844 289 1034 840 1463 1544 1384 899 597 1816 720 1089 1932 0 536 666
894 767 1275 886 1915 1437 1659 1435 1016 1528 316 1056 1791 536 0 965
1510 847 1645 1507 1819 2209 1953 999 1129 2442 914 1756 2595 666 965 0
