0 28 1505 957 940 428 553 140 743 1390 1572 42 1557 623 1603 98
28 0 1477 932 954 410 551 138 769 1397 1601 36 1581 600 1628 126
1505 1477 0 1011 2028 1216 1660 1462 2142 2415 3053 1491 3011 1148 2889 1603
957 932 1011 0 1838 996 782 1016 1699 1416 2466 919 2171 335 2560 1029
940 954 2028 1838 0 881 1456 838 505 2175 1293 982 1835 1527 872 915
428 410 1216 996 881 0 915 312 927 1785 1847 444 1965 729 1699 509
553 551 1660 782 1456 915 0 690 1135 875 1742 516 1392 517 1986 546
140 138 1462 1016 838 312 690 0 714 1530 1592 174 1653 693 1554 200
743 769 2142 1699 505 927 1135 714 0 1736 934 780 1334 1365 866 671
1390 1397 2415 1416 2175 1785 875 1530 1736 0 1946 1360 1161 1297 2462 1350
1572 1601 3053 2466 1293 1847 1742 1592 934 1946 0 1598 964 2137 784 1479
42 36 1491 919 982 444 516 174 780 1360 1598 0 1557 585 1642 118
1557 1581 3011 2171 1835 1965 1392 1653 1334 1161 964 1557 0 1901 1686 1464
623 600 1148 335 1527 729 517 693 1365 1297 2137 585 1901 0 2227 694
1603 1628 2889 2560 872 1699 1986 1554 866 2462 784 1642 1686 2227 0 1537
98 126 1603 1029 915 509 546 200 671 1350 1479 118 1464 694 1537 0
