0 197 1290 616 87 948 517 978 456 924 387 391 1266 65 504 191
197 0 1488 596 123 828 534 1136 572 857 381 274 1298 148 306 202
1290 1488 0 1599 1372 2022 1409 899 1193 1847 1427 1592 1666 1347 1791 1377
616 596 1599 0 564 1382 1115 905 406 1448 968 862 1876 568 718 768
87 123 1372 564 0 926 551 1018 467 927 409 363 1311 25 429 206
948 828 2022 1382 926 0 613 1922 1393 270 622 562 933 941 680 765
517 534 1409 1115 551 613 0 1398 958 470 153 353 764 551 656 346
978 1136 899 905 1018 1922 1398 0 588 1861 1320 1369 1999 997 1416 1157
456 572 1193 406 467 1393 958 588 0 1380 841 831 1674 452 833 647
924 857 1847 1448 927 270 470 1861 1380 0 545 586 666 936 803 733
387 381 1427 968 409 622 153 1320 841 545 0 217 916 412 516 203
391 274 1592 862 363 562 353 1369 831 586 217 0 1083 379 302 225
1266 1298 1666 1876 1311 933 764 1999 1674 666 916 1083 0 1309 1370 1109
65 148 1347 568 25 941 551 997 452 936 412 379 1309 0 454 209
504 306 1791 718 429 680 656 1416 833 803 516 302 1370 454 0 436
191 202 1377 768 206 765 346 1157 647 733 203 225 1109 209 436 0
