0 179 1105 1309 1695 1698 779 25 1704 1198 101 517 684 1420 348 1630
179 0 1235 1415 1612 1530 700 195 1729 1075 219 692 850 1503 523 1690
1105 1235 0 1907 1738 2362 1876 1080 2580 1613 1172 720 535 2113 825 810
1309 1415 1907 0 3004 2854 1209 1318 825 2491 1217 1250 1391 239 1254 2674
1695 1612 1738 3004 0 1155 2169 1685 3317 629 1790 1898 1885 3112 1811 1319
1698 1530 2362 2854 1155 0 1712 1705 2867 781 1749 2143 2236 2873 1990 2282
779 700 1876 1209 2169 1712 0 804 1180 1558 704 1210 1404 1180 1065 2390
25 195 1080 1318 1685 1705 804 0 1724 1194 121 498 662 1434 329 1606
1704 1729 2580 825 3317 2867 1180 1724 0 2725 1603 1866 2044 590 1806 3278
1198 1075 1613 2491 629 781 1558 1194 2725 0 1280 1528 1576 2571 1402 1508
101 219 1172 1217 1790 1749 704 121 1603 1280 0 538 720 1322 376 1724
517 692 720 1250 1898 2143 1210 498 1866 1528 538 0 197 1433 169 1430
684 850 535 1391 1885 2236 1404 662 2044 1576 720 197 0 1588 344 1284
1420 1503 2113 239 3112 2873 1180 1434 590 2571 1322 1433 1588 0 1416 2864
348 523 825 1254 1811 1990 1065 329 1806 1402 376 169 344 1416 0 1471
1630 1690 810 2674 1319 2282 2390 1606 3278 1508 1724 1430 1284 2864 1471 0
