0 374 348 1672 1331 1005 32 116 1090 728 422 591 1313 486 1047 639
374 0 125 1317 1088 1168 373 430 1246 907 294 219 1401 685 674 929
348 125 0 1325 1211 1243 336 433 1323 974 171 307 1275 741 718 833
1672 1317 1325 0 1512 2372 1661 1745 2434 2153 1308 1137 1931 1968 686 2028
1331 1088 1211 1512 0 1261 1352 1292 1282 1197 1367 945 2475 1182 980 1968
1005 1168 1243 2372 1261 0 1037 889 84 277 1385 1270 2275 519 1685 1449
32 373 336 1661 1352 1037 0 148 1121 760 399 592 1280 518 1044 616
116 430 433 1745 1292 889 148 0 973 612 529 635 1418 370 1102 700
1090 1246 1323 2434 1282 84 1121 973 0 361 1467 1341 2360 603 1749 1531
728 907 974 2153 1197 277 760 612 361 0 1112 1029 2006 242 1467 1198
422 294 171 1308 1367 1385 399 529 1467 1112 0 433 1111 872 767 757
591 219 307 1137 945 1270 592 635 1341 1029 433 0 1531 831 469 1139
1313 1401 1275 1931 2475 2275 1280 1418 2360 2006 1111 1531 0 1776 1708 876
486 685 741 1968 1182 519 518 370 603 242 872 831 1776 0 1288 994
1047 674 718 686 980 1685 1044 1102 1749 1467 767 469 1708 1288 0 1524
639 929 833 2028 1968 1449 616 700 1531 1198 757 1139 876 994 1524 0
