0 769 1413 918 734 110 620 1353 1361 1713 1358 1267 1000 509 197 1715
769 0 1899 1509 908 857 1309 1335 1934 2222 938 502 909 417 572 2242
1413 1899 0 524 2137 1311 873 2756 2327 323 2729 2345 2413 1865 1507 2683
918 1509 524 0 1626 811 349 2243 1832 800 2266 1992 1916 1401 1040 2195
734 908 2137 1626 0 829 1294 619 1103 2427 836 1229 338 511 717 1367
110 857 1311 811 829 0 509 1449 1370 1608 1469 1358 1105 618 288 1731
620 1309 873 349 1294 509 0 1906 1510 1139 1979 1808 1596 1126 777 1877
1353 1335 2756 2243 619 1449 1906 0 1276 3043 707 1466 428 1032 1316 1391
1361 1934 2327 1832 1103 1370 1510 1276 0 2519 1861 2322 1355 1519 1499 368
1713 2222 323 800 2427 1608 1139 3043 2519 0 3043 2669 2713 2178 1818 2864
1358 938 2729 2266 836 1469 1979 707 1861 3043 0 852 515 865 1226 2045
1267 502 2345 1992 1229 1358 1808 1466 2322 2669 852 0 1090 839 1071 2595
1000 909 2413 1916 338 1105 1596 428 1355 2713 515 1090 0 614 928 1566
509 417 1865 1401 511 618 1126 1032 1519 2178 865 839 614 0 360 1825
197 572 1507 1040 717 288 777 1316 1499 1818 1226 1071 928 360 0 1842
1715 2242 2683 2195 1367 1731 1877 1391 368 2864 2045 2595 1566 1825 1842 0
