0 1580 1620 742 415 80 285 1682 1187 346 951 827 1602 1513 464 1163
1580 0 1190 961 1178 1514 1589 1539 1632 1825 2031 2303 1028 79 1935 488
1620 1190 0 1519 1434 1605 1425 367 2370 1640 1415 2442 2100 1210 1694 900
742 961 1519 0 346 662 889 1734 851 1067 1532 1354 892 884 1189 712
415 1178 1434 346 0 342 542 1583 1026 724 1199 1145 1237 1109 845 801
80 1514 1605 662 342 0 334 1684 1123 424 1012 858 1522 1446 543 1108
285 1589 1425 889 542 334 0 1443 1455 243 684 1030 1779 1532 346 1128
1682 1539 367 1734 1583 1684 1443 0 2576 1625 1257 2473 2401 1552 1654 1197
1187 1632 2370 851 1026 1123 1455 2576 0 1514 2136 1242 886 1554 1618 1535
346 1825 1640 1067 724 424 243 1625 1514 0 661 867 1943 1766 121 1370
951 2031 1415 1532 1199 1012 684 1257 2136 661 0 1473 2422 1992 602 1542
827 2303 2442 1354 1145 858 1030 2473 1242 867 1473 0 2003 2229 881 1946
1602 1028 2100 892 1237 1522 1779 2401 886 1943 2422 2003 0 968 2063 1205
1513 79 1210 884 1109 1446 1532 1552 1554 1766 1992 2229 968 0 1877 453
464 1935 1694 1189 845 543 346 1654 1618 121 602 881 2063 1877 0 1474
1163 488 900 712 801 1108 1128 1197 1535 1370 1542 1946 1205 453 1474 0
