0 1095 1098 1106 1470 1552 958 185 448 1699 899 1478 5 39 725 1148
1095 0 1644 526 1687 2296 345 1261 660 2111 1661 1931 1098 1065 1083 2244
1098 1644 0 1954 516 2521 1734 1177 1159 602 1933 2559 1101 1127 563 1495
1106 526 1954 0 2102 1932 231 1220 805 2486 1360 1486 1108 1068 1399 2188
1470 1687 516 2102 0 2975 1871 1588 1383 468 2355 2947 1474 1490 771 2011
1552 2296 2521 1932 2975 0 1980 1399 1872 3100 667 613 1546 1545 2271 1397
958 345 1734 231 1871 1980 0 1095 603 2258 1365 1591 960 921 1175 2080
185 1261 1177 1220 1588 1399 1095 0 627 1777 766 1382 179 203 872 988
448 660 1159 805 1383 1872 603 627 0 1718 1204 1665 452 424 625 1592
1699 2111 602 2486 468 3100 2258 1777 1718 0 2529 3160 1702 1727 1094 1963
899 1661 1933 1360 2355 667 1365 766 1204 2529 0 663 894 889 1625 1151
1478 1931 2559 1486 2947 613 1591 1382 1665 3160 663 0 1474 1457 2189 1764
5 1098 1101 1108 1474 1546 960 179 452 1702 894 1474 0 39 730 1145
39 1065 1127 1068 1490 1545 921 203 424 1727 889 1457 39 0 739 1179
725 1083 563 1399 771 2271 1175 872 625 1094 1625 2189 730 739 0 1562
1148 2244 1495 2188 2011 1397 2080 988 1592 1963 1151 1764 1145 1179 1562 0
