0 1609 1559 411 1297 906 1568 948 265 634 1591 1611 1173 270 622 1299
1609 0 1566 1631 452 2469 3014 1318 1679 2147 2461 3172 2763 1708 1270 2725
1559 1566 0 1205 1147 1905 3069 2131 1372 1612 1110 2444 2204 1391 959 1841
411 1631 1205 0 1239 866 1865 1293 170 533 1197 1552 1175 186 395 1102
1297 452 1147 1239 0 2099 2803 1287 1313 1769 2008 2791 2402 1343 856 2312
906 2469 1905 866 2099 0 1364 1783 790 332 1325 708 312 761 1261 519
1568 3014 3069 1865 2803 1364 0 1805 1702 1527 2686 1514 1233 1680 2184 1818
948 1318 2131 1293 1287 1783 1805 0 1194 1565 2485 2449 1990 1208 1238 2231
265 1679 1372 170 1313 790 1702 1194 0 470 1326 1494 1089 29 511 1103
634 2147 1612 533 1769 332 1527 1565 470 0 1196 1025 643 443 928 666
1591 2461 1110 1197 2008 1325 2686 2485 1326 1196 0 1591 1535 1322 1318 988
1611 3172 2444 1552 2791 708 1514 2449 1494 1025 1591 0 459 1465 1941 618
1173 2763 2204 1175 2402 312 1233 1990 1089 643 1535 459 0 1060 1571 591
270 1708 1391 186 1343 761 1680 1208 29 443 1322 1465 1060 0 539 1079
622 1270 959 395 856 1261 2184 1238 511 928 1318 1941 1571 539 0 1457
1299 2725 1841 1102 2312 519 1818 2231 1103 666 988 618 591 1079 1457 0
