0 1003 612 736 281 760 1172 1640 1686 810 1023 1211 1605 288 1432 98
1003 0 1345 347 1013 635 2096 2453 2689 1647 2014 1857 2425 756 737 1010
612 1345 0 1002 381 807 788 1111 1579 312 1120 1705 1938 845 1470 704
736 347 1002 0 688 318 1764 2107 2405 1307 1759 1766 2274 552 740 769
281 1013 381 688 0 594 1082 1478 1737 648 1145 1482 1831 466 1291 378
760 635 807 318 594 0 1595 1872 2324 1119 1737 1920 2364 692 697 827
1172 2096 788 1764 1082 1595 0 573 915 478 837 1796 1742 1460 2255 1225
1640 2453 1111 2107 1478 1872 573 0 1275 835 1398 2370 2288 1914 2453 1709
1686 2689 1579 2405 1737 2324 915 1275 0 1316 725 1637 1252 1949 3018 1687
810 1647 312 1307 648 1119 478 835 1316 0 970 1729 1852 1080 1776 886
1023 2014 1120 1759 1145 1737 837 1398 725 970 0 1021 911 1260 2431 1004
1211 1857 1705 1766 1482 1920 1796 2370 1637 1729 1021 0 659 1232 2505 1121
1605 2425 1938 2274 1831 2364 1742 2288 1252 1852 911 659 0 1722 3010 1537
288 756 845 552 466 692 1460 1914 1949 1080 1260 1232 1722 0 1289 262
1432 737 1470 740 1291 697 2255 2453 3018 1776 2431 2505 3010 1289 0 1483
98 1010 704 769 378 827 1225 1709 1687 886 1004 1121 1537 262 1483 0
