0 458 352 1236 607 1730 1384 780 1009 252 1064 589 43 629 1686 721
458 0 582 1507 383 1938 1824 1110 1184 207 1444 1042 440 358 1300 459
352 582 0 1553 477 1403 1310 529 1356 420 873 621 314 880 1883 579
1236 1507 1553 0 1811 2712 1693 1732 405 1388 1792 1202 1280 1327 2087 1919
607 383 477 1811 0 1639 1785 956 1525 425 1318 1084 567 738 1557 114
1730 1938 1403 2712 1639 0 1381 996 2645 1815 956 1509 1700 2272 3197 1658
1384 1824 1310 1693 1785 1381 0 885 1817 1619 560 803 1391 1997 3059 1880
780 1110 529 1732 956 996 885 0 1649 935 364 540 761 1388 2410 1035
1009 1184 1356 405 1525 2645 1817 1649 0 1102 1790 1169 1051 955 1685 1624
252 207 420 1388 425 1815 1619 935 1102 0 1255 835 232 460 1480 530
1064 1444 873 1792 1318 956 560 364 1790 1255 0 621 1054 1691 2736 1399
589 1042 621 1202 1084 1509 803 540 1169 835 621 0 602 1194 2255 1193
43 440 314 1280 567 1700 1391 761 1051 232 1054 602 0 636 1688 682
629 358 880 1327 738 2272 1997 1388 955 460 1691 1194 636 0 1061 801
1686 1300 1883 2087 1557 3197 3059 2410 1685 1480 2736 2255 1688 1061 0 1547
721 459 579 1919 114 1658 1880 1035 1624 530 1399 1193 682 801 1547 0
