0 1624 332 1708 1137 531 262 1700 927 38 251 920 385 753 296 331
1624 0 1633 1116 2554 2081 1746 2443 911 1663 1605 1154 2008 2320 1919 1588
332 1633 0 1499 952 461 158 2033 802 341 84 707 504 695 435 44
1708 1116 1499 0 2141 1923 1658 3133 819 1741 1531 794 2002 2127 1926 1465
1137 2554 952 2141 0 622 896 2592 1663 1113 1007 1470 878 483 923 994
531 2081 461 1923 622 0 336 2022 1262 502 476 1147 273 238 303 504
262 1746 158 1658 896 336 0 1936 946 253 143 865 345 574 279 193
1700 2443 2033 3133 2592 2022 1936 0 2331 1693 1951 2466 1749 2108 1738 2029
927 911 802 819 1663 1262 946 2331 0 963 804 261 1268 1494 1184 759
38 1663 341 1741 1113 502 253 1693 963 0 264 951 347 721 259 345
251 1605 84 1531 1007 476 143 1951 804 264 0 736 472 714 395 81
920 1154 707 794 1470 1147 865 2466 261 951 736 0 1207 1365 1131 672
385 2008 504 2002 878 273 345 1749 1268 347 472 1207 0 420 88 536
753 2320 695 2127 483 238 574 2108 1494 721 714 1365 420 0 485 739
296 1919 435 1926 923 303 279 1738 1184 259 395 1131 88 485 0 464
331 1588 44 1465 994 504 193 2029 759 345 81 672 536 739 464 0
