0 248 865 340 308 66 176 375 845 697 469 239 701 739 836 84 136 410 32 74 747 361 311 22 153 390 428 571 798 133 377 494 618 163 212 814 353 351 813 193 15 628 97 449 386 87 709 634 664 355 175 652 264 584 367 310 431 560 583 39 201 593 328 628 532 0 301 793 226 274 807 653 189 780 779 307 152 234
248 0 1042 348 250 263 299 488 599 795 542 380 496 495 612 330 231 220 278 297 633 464 120 256 265 496 674 716 1045 155 614 712 482 379 451 729 419 474 964 279 257 641 151 632 297 167 555 791 555 597 106 893 84 502 443 478 247 778 674 218 149 815 351 712 304 248 338 875 153 434 927 814 73 628 999 522 109 334
865 1042 0 1190 855 811 743 1141 1590 1396 1250 662 1539 1502 1650 798 813 1253 836 791 1612 1143 1148 878 778 1157 605 1216 611 994 561 958 1484 702 684 1671 1169 573 139 1041 869 645 938 416 1252 940 1086 259 1530 799 1023 478 992 873 629 566 1034 364 1316 904 898 980 1174 1360 1178 866 733 1500 1088 1024 1441 233 969 1644 1077 565 938 1061
340 348 1190 0 569 405 508 190 759 453 202 579 505 652 663 394 450 287 363 413 432 163 273 322 478 189 664 411 998 248 654 519 338 494 507 480 96 691 1148 150 332 943 311 780 134 296 902 970 353 501 261 897 428 842 698 649 594 857 334 307 444 616 21 368 621 340 614 528 196 226 592 988 367 497 782 625 364 134
308 250 855 569 0 265 195 665 735 987 743 241 716 647 806 349 180 463 318 295 882 646 369 330 185 677 635 875 992 325 549 794 730 326 418 979 619 287 759 456 323 391 270 478 543 290 407 597 805 633 308 815 169 280 227 333 187 658 868 311 125 889 566 911 329 308 123 1077 380 577 1106 622 204 872 1073 427 206 509
66 263 811 405 265 0 110 439 863 760 534 173 741 759 869 85 85 450 57 36 805 426 347 87 92 454 414 628 785 182 350 529 673 117 189 875 419 286 753 259 77 564 129 394 443 129 671 574 723 373 214 629 258 533 301 249 409 519 646 98 176 625 393 692 524 66 240 857 276 334 867 594 194 833 809 263 156 300
176 299 743 508 195 110 0 550 878 870 645 81 795 780 911 176 69 510 166 124 892 537 405 198 35 565 440 735 801 270 357 616 752 130 222 970 529 187 672 366 188 453 207 333 531 216 597 495 810 445 287 630 261 439 191 178 370 490 757 202 164 707 498 802 503 176 135 968 358 444 975 517 225 909 888 242 195 409
375 488 1141 190 665 439 550 0 950 322 109 603 690 842 850 391 509 474 384 431 564 27 443 353 529 16 564 230 860 348 581 344 504 489 467 574 94 711 1120 213 362 1003 395 752 325 375 1038 948 494 375 384 786 556 945 739 649 733 786 207 359 542 435 172 252 783 375 677 418 342 118 443 962 481 652 594 590 464 157
845 599 1590 759 735 863 878 950 0 1161 940 951 320 109 219 929 817 481 876 897 640 922 549 850 847 948 1273 1166 1644 728 1213 1258 539 976 1051 765 856 1021 1490 802 853 1041 748 1204 625 760 669 1331 622 1178 677 1492 617 805 961 1051 560 1368 1058 812 714 1360 777 1077 419 845 858 1199 659 955 1307 1356 668 531 1535 1115 707 840
697 795 1396 453 987 760 870 322 1161 0 252 918 858 1061 1013 704 832 725 703 748 614 340 727 674 850 309 792 183 997 665 838 460 637 798 759 555 375 1023 1396 531 683 1324 717 1038 561 697 1350 1232 579 596 696 980 869 1267 1057 953 1042 1032 120 682 863 494 445 86 1074 697 999 104 642 427 146 1242 798 734 565 877 784 477
469 542 1250 202 743 534 645 109 940 252 0 702 658 836 818 494 599 483 481 529 486 111 476 447 621 92 671 230 954 418 690 422 453 593 575 481 124 812 1229 287 457 1096 473 861 320 454 1098 1056 425 479 446 890 618 1022 836 753 790 895 132 447 618 502 193 170 823 469 767 334 390 227 390 1070 549 586 641 698 538 237
239 380 662 579 241 173 81 603 951 918 702 0 876 855 990 213 151 592 221 173 971 592 486 259 116 618 404 773 752 347 312 626 833 129 210 1046 591 112 590 432 249 412 286 254 609 293 621 414 889 445 367 574 336 442 142 99 427 421 809 271 240 710 567 855 565 239 140 1018 438 491 1015 436 306 990 886 187 276 472
701 496 1539 505 716 741 795 690 320 858 658 876 0 246 160 783 726 291 734 769 322 664 394 697 760 685 1116 888 1474 569 1077 1024 223 858 913 449 597 970 1460 593 704 1090 612 1127 373 615 824 1287 302 983 527 1347 555 889 933 973 596 1260 764 662 643 1121 525 777 501 701 826 888 478 725 1003 1310 569 225 1284 1004 600 615
739 495 1502 652 647 759 780 842 109 1061 836 855 246 0 202 823 717 372 771 793 568 814 440 743 748 841 1167 1060 1537 620 1110 1148 452 874 947 695 748 930 1406 693 747 975 642 1109 519 653 636 1244 540 1070 569 1388 519 747 874 955 482 1269 956 705 616 1250 669 976 350 739 769 1104 550 846 1207 1268 566 470 1426 1014 603 730
836 612 1650 663 806 869 911 850 219 1013 818 990 160 202 0 920 843 429 868 900 444 824 525 835 877 845 1258 1048 1621 706 1213 1182 376 986 1048 563 756 1077 1563 744 840 1158 742 1244 531 749 837 1394 444 1134 660 1487 657 938 1031 1090 659 1388 922 798 752 1280 684 933 539 836 923 1038 620 881 1157 1418 686 325 1444 1132 721 770
84 330 798 394 349 85 176 391 929 704 494 213 783 823 920 0 169 493 52 54 815 382 395 86 169 407 344 562 715 214 293 445 692 101 129 874 389 320 753 244 79 623 181 385 457 171 756 576 732 288 259 568 337 612 354 260 494 480 596 121 261 540 379 642 605 84 311 805 306 278 803 593 267 855 724 233 228 272
136 231 813 450 180 85 69 509 817 832 599 151 726 717 843 169 0 440 139 116 824 494 335 159 34 523 478 707 846 206 404 614 684 165 253 905 479 255 741 314 150 497 142 401 464 154 587 565 743 455 218 681 200 449 248 247 332 551 716 151 106 709 442 761 455 136 167 927 291 411 944 587 157 839 894 298 125 361
410 220 1253 287 463 450 510 474 481 725 483 592 291 372 429 493 440 0 443 477 423 446 105 407 475 475 829 698 1192 278 787 777 269 566 622 531 382 691 1181 324 413 853 321 839 164 324 688 1005 350 709 236 1059 294 688 663 686 398 968 611 371 369 879 302 639 372 410 558 786 191 474 869 1028 288 409 1053 713 315 359
32 278 836 363 318 57 166 384 876 703 481 221 734 771 868 52 139 443 0 49 775 372 343 41 149 399 396 571 767 165 344 478 649 134 179 840 369 333 786 214 32 620 128 421 415 119 723 608 693 331 208 620 289 589 355 286 451 527 591 71 218 575 350 636 557 32 298 801 258 277 809 626 216 811 761 276 178 250
74 297 791 413 295 36 124 431 897 748 529 173 769 793 900 54 116 477 49 0 822 419 375 90 115 446 379 611 749 204 317 499 693 90 154 888 419 283 738 264 80 576 157 374 460 153 703 560 739 339 241 595 294 558 309 236 444 490 637 113 212 594 400 683 560 74 259 847 299 321 851 578 229 854 777 235 191 299
747 633 1612 432 882 805 892 564 640 614 486 971 322 568 444 815 824 423 775 822 0 545 512 734 858 552 1097 699 1420 624 1086 905 154 909 935 127 489 1079 1558 575 743 1274 685 1196 362 678 1091 1380 82 926 606 1329 713 1110 1066 1055 817 1288 550 708 776 988 452 546 763 747 966 617 533 646 750 1400 690 125 1123 1048 708 567
361 464 1143 163 646 426 537 27 922 340 111 592 664 814 824 382 494 446 372 419 545 0 416 339 514 32 572 257 876 326 585 367 481 482 465 561 67 702 1119 191 348 989 376 750 298 356 1015 945 474 387 361 797 533 926 727 642 709 790 223 342 522 459 145 267 758 361 661 433 316 118 465 960 460 630 620 588 444 136
311 120 1148 273 369 347 405 443 549 727 476 486 394 440 525 395 335 105 343 375 512 416 0 310 370 447 736 673 1103 183 688 716 362 464 523 611 360 586 1076 259 316 761 218 734 190 224 640 900 435 629 135 963 201 612 561 581 336 866 608 273 267 819 283 642 347 311 457 798 112 418 866 922 184 510 999 610 210 305
22 256 878 322 330 87 198 353 850 674 447 259 697 743 835 86 159 407 41 90 734 339 310 0 175 367 425 548 794 129 379 476 608 175 215 798 332 371 828 174 10 650 104 462 374 90 729 649 651 342 175 652 278 606 389 327 448 566 560 38 220 576 309 605 546 22 324 771 220 252 784 668 201 770 761 316 166 212
153 265 778 478 185 92 35 529 847 850 621 116 760 748 877 169 34 475 149 115 858 514 370 175 0 543 458 720 823 237 379 613 718 145 236 937 503 221 707 339 166 475 174 367 497 184 591 530 776 449 252 655 230 443 219 213 350 520 736 175 133 707 469 781 478 153 148 947 324 426 959 552 191 874 890 269 160 384
390 496 1157 189 677 454 565 16 948 309 92 618 685 841 845 407 523 475 399 446 552 32 447 367 543 0 580 226 873 358 598 354 496 506 484 560 92 727 1137 223 377 1018 407 769 323 387 1047 965 483 391 393 802 566 957 755 665 742 803 193 372 554 443 172 237 789 390 691 403 349 135 432 978 492 641 599 607 475 168
428 674 605 664 635 414 440 564 1273 792 671 404 1116 1167 1258 344 478 829 396 379 1097 572 736 425 458 580 0 610 370 553 99 356 996 313 226 1130 615 435 622 533 421 749 525 318 764 515 1025 481 1018 197 601 233 672 840 514 345 809 242 719 463 584 395 644 762 934 428 544 895 638 457 836 483 608 1158 537 224 570 530
571 716 1216 411 875 628 735 230 1166 183 230 773 888 1060 1048 562 707 698 571 611 699 257 673 548 720 226 610 0 818 570 662 277 681 647 597 669 316 872 1221 437 556 1185 611 869 541 590 1260 1060 645 417 611 797 780 1154 915 797 958 852 156 564 756 321 396 181 1014 571 869 285 572 298 243 1069 704 807 426 711 682 382
798 1045 611 998 992 785 801 860 1644 997 954 752 1474 1537 1621 715 846 1192 767 749 1420 876 1103 794 823 873 370 818 0 919 443 544 1336 680 596 1434 931 751 702 882 790 1023 895 576 1111 884 1364 644 1345 497 969 190 1042 1164 835 673 1172 388 961 832 952 505 977 995 1301 798 889 1090 1001 775 988 631 979 1495 523 565 940 869
133 155 994 248 325 182 270 348 728 665 418 347 569 620 706 214 206 278 165 204 624 326 183 129 237 358 553 570 919 0 508 557 490 294 344 699 294 457 934 135 135 695 63 577 261 54 690 756 542 451 52 781 210 603 454 431 388 693 545 93 200 660 243 587 459 133 366 753 94 281 791 776 134 650 844 440 119 190
377 614 561 654 549 350 357 581 1213 838 690 312 1077 1110 1213 293 404 787 344 317 1086 585 688 379 379 598 99 662 443 508 0 427 975 238 165 1130 618 336 558 512 373 650 471 227 740 464 932 403 1005 247 552 278 603 744 415 247 728 205 755 415 510 481 635 799 858 377 451 943 599 467 896 410 544 1138 632 127 506 520
494 712 958 519 794 529 616 344 1258 460 422 626 1024 1148 1182 445 614 777 478 499 905 367 716 476 613 354 356 277 544 557 427 0 848 497 420 902 432 704 979 457 479 1030 571 651 651 551 1200 831 838 189 608 521 751 1055 765 617 924 597 416 507 695 103 498 451 1014 494 749 559 603 303 483 836 672 996 287 509 640 418
618 482 1484 338 730 673 752 504 539 637 453 833 223 452 376 692 684 269 649 693 154 481 362 608 718 496 996 681 1336 490 975 848 0 782 817 271 416 939 1423 464 617 1122 548 1067 235 543 938 1245 93 839 465 1230 561 956 920 921 663 1171 548 579 628 940 359 557 611 618 818 664 396 564 781 1266 543 162 1092 925 563 468
163 379 702 494 326 117 130 489 976 798 593 129 858 874 986 101 165 566 134 90 909 482 464 175 145 506 313 647 680 294 238 497 782 0 92 973 490 225 653 344 166 541 245 287 549 243 728 476 827 319 330 517 364 562 272 160 495 402 692 203 272 584 480 738 621 163 255 899 389 374 890 493 308 943 762 146 270 373
212 451 684 507 418 189 222 467 1051 759 575 210 913 947 1048 129 253 622 179 154 935 465 523 215 236 484 226 597 596 344 165 420 817 92 0 988 486 285 653 360 208 610 307 285 582 299 819 480 853 235 387 441 446 650 346 202 585 354 660 251 358 501 490 707 708 212 344 862 435 349 840 494 383 980 676 122 345 377
814 729 1671 480 979 875 970 574 765 555 481 1046 449 695 563 874 905 531 840 888 127 561 611 798 937 560 1130 669 1434 699 1130 902 271 973 988 0 515 1157 1626 630 808 1371 763 1259 441 753 1210 1448 181 948 689 1358 812 1219 1151 1124 929 1335 513 777 867 976 497 499 883 814 1054 539 614 672 680 1466 781 238 1095 1105 794 611
353 419 1169 96 619 419 529 94 856 375 124 591 597 748 756 389 479 382 369 419 489 67 360 332 503 92 615 316 931 294 618 432 416 490 486 515 0 702 1138 165 342 977 350 768 231 331 974 962 414 437 321 844 494 897 720 650 667 823 255 328 494 526 80 294 705 353 647 459 268 158 508 978 424 568 688 607 413 119
351 474 573 691 287 286 187 711 1021 1023 812 112 970 930 1077 320 255 691 333 283 1079 702 586 371 221 727 435 872 751 457 336 704 939 225 285 1157 702 0 490 545 361 326 395 194 718 403 614 317 998 517 474 564 419 413 83 90 473 386 916 383 327 781 680 962 617 351 164 1124 546 597 1115 341 403 1094 950 212 377 583
813 964 139 1148 759 753 672 1120 1490 1396 1229 590 1460 1406 1563 753 741 1181 786 738 1558 1119 1076 828 707 1137 622 1221 702 934 558 979 1423 653 653 1626 1138 490 0 998 818 514 875 369 1196 880 959 178 1476 805 958 544 907 748 532 503 930 387 1307 850 817 1013 1133 1352 1073 813 640 1500 1027 1002 1454 160 893 1581 1130 531 866 1024
193 279 1041 150 456 259 366 213 802 531 287 432 593 693 744 244 314 324 214 264 575 191 259 174 339 223 533 437 882 135 512 457 464 344 360 630 165 545 998 0 184 812 186 630 231 167 825 820 494 390 173 766 344 736 557 500 521 712 412 164 331 559 136 454 581 193 481 621 148 159 656 838 268 626 739 475 252 55
15 257 869 332 323 77 188 362 853 683 457 249 704 747 840 79 150 413 32 80 743 348 316 10 166 377 421 556 790 135 373 479 617 166 208 808 342 361 818 184 0 641 106 453 383 93 724 640 661 343 180 647 277 599 379 317 445 559 569 42 215 579 320 614 545 15 315 780 227 260 793 658 201 779 765 308 164 223
628 641 645 943 391 564 453 1003 1041 1324 1096 412 1090 975 1158 623 497 853 620 576 1274 989 761 650 475 1018 749 1185 1023 695 650 1030 1122 541 610 1371 977 326 514 812 641 0 632 450 932 648 448 421 1196 844 690 832 560 246 269 415 499 635 1211 649 505 1107 937 1256 625 628 330 1421 764 897 1426 444 590 1259 1275 533 583 859
97 151 938 311 270 129 207 395 748 717 473 286 612 642 742 181 142 321 128 157 685 376 218 104 174 407 525 611 895 63 471 571 548 245 307 763 350 395 875 186 106 632 0 521 323 21 650 697 603 446 85 748 181 550 390 373 356 647 598 67 146 672 304 641 445 97 303 807 152 315 838 718 101 706 858 392 72 239
449 632 416 780 478 394 333 752 1204 1038 861 254 1127 1109 1244 385 401 839 421 374 1196 750 734 462 367 769 318 869 576 577 227 651 1067 287 285 1259 768 194 369 630 453 450 521 0 835 523 802 195 1114 466 607 386 591 594 274 154 665 195 944 488 494 708 765 990 808 449 356 1142 671 634 1108 209 558 1227 856 162 526 655
386 297 1252 134 543 443 531 325 625 561 320 609 373 519 531 457 464 164 415 460 362 298 190 374 497 323 764 541 1111 261 740 651 235 549 582 441 231 718 1196 231 383 932 323 835 0 316 829 1018 280 615 247 997 382 799 709 692 526 936 447 347 427 749 154 475 526 385 613 623 173 351 705 1037 341 398 916 690 353 244
87 167 940 296 290 129 216 375 760 697 454 293 615 653 749 171 154 324 119 153 678 356 224 90 184 387 515 590 884 54 464 551 543 243 299 753 331 403 880 167 93 648 21 523 316 0 671 702 596 429 88 739 201 570 402 377 377 644 578 51 166 653 288 621 463 87 318 788 147 294 817 722 121 703 838 389 93 219
709 555 1086 902 407 671 597 1038 669 1350 1098 621 824 636 837 756 587 688 723 703 1091 1015 640 729 591 1047 1025 1260 1364 690 932 1200 938 728 819 1210 974 614 959 825 724 448 650 802 829 671 0 844 1029 1040 654 1178 481 214 530 691 308 997 1229 704 510 1296 906 1268 328 709 481 1430 708 966 1480 869 556 1035 1481 805 578 880
634 791 259 970 597 574 495 948 1331 1232 1056 414 1287 1244 1394 576 565 1005 608 560 1380 945 900 649 530 965 481 1060 644 756 403 831 1245 476 480 1448 962 317 178 820 640 421 697 195 1018 702 844 0 1298 650 781 462 737 629 370 325 775 272 1139 672 644 877 956 1185 919 634 474 1336 849 830 1298 25 719 1404 1010 358 690 848
664 555 1530 353 805 723 810 494 622 579 425 889 302 540 444 732 743 350 693 739 82 474 435 651 776 483 1018 645 1345 542 1005 838 93 827 853 181 414 998 1476 494 661 1196 603 1114 280 596 1029 1298 0 850 524 1250 636 1039 985 972 748 1206 502 626 696 924 373 505 702 664 886 595 451 570 720 1317 611 161 1066 966 627 488
355 597 799 501 633 373 445 375 1178 596 479 445 983 1070 1134 288 455 709 331 339 926 387 629 342 449 391 197 417 497 451 247 189 839 319 235 948 437 517 805 390 343 844 446 466 615 429 1040 650 850 0 504 411 619 882 581 429 781 435 522 379 548 265 479 564 887 355 575 700 521 279 648 657 544 998 443 320 507 372
175 106 1023 261 308 214 287 384 677 696 446 367 527 569 660 259 218 236 208 241 606 361 135 175 252 393 601 611 969 52 552 608 465 330 387 689 321 474 958 173 180 690 85 607 247 88 654 781 524 504 0 827 173 581 461 457 348 732 576 137 185 712 260 616 410 175 366 780 74 327 825 802 105 622 895 477 106 228
652 893 478 897 815 629 630 786 1492 980 890 574 1347 1388 1487 568 681 1059 620 595 1329 797 963 652 655 802 233 797 190 781 278 521 1230 517 441 1358 844 564 544 766 647 832 748 386 997 739 1178 462 1250 411 827 0 881 976 647 489 999 199 922 689 787 519 877 963 1133 652 707 1081 869 685 1000 452 823 1392 599 388 785 763
264 84 992 428 169 258 261 556 617 869 618 336 555 519 657 337 200 294 289 294 713 533 201 278 230 566 672 780 1042 210 603 751 561 364 446 812 494 419 907 344 277 560 181 591 382 201 481 737 636 619 173 881 0 418 377 436 178 750 749 245 97 853 430 788 268 264 270 952 232 490 998 760 79 702 1038 498 112 399
584 502 873 842 280 533 439 945 805 1267 1022 442 889 747 938 612 449 688 589 558 1110 926 612 606 443 957 840 1154 1164 603 744 1055 956 562 650 1219 897 413 748 736 599 246 550 594 799 570 214 629 1039 882 581 976 418 0 330 497 295 790 1148 590 404 1145 841 1190 399 584 307 1356 648 856 1386 654 475 1078 1325 616 484 789
367 443 629 698 227 301 191 739 961 1057 836 142 933 874 1031 354 248 663 355 309 1066 727 561 389 219 755 514 915 835 454 415 765 920 272 346 1151 720 83 532 557 379 269 390 274 709 402 530 370 985 581 461 647 377 330 0 168 406 468 946 393 294 847 688 992 550 367 107 1156 536 630 1157 395 377 1071 1020 289 358 601
310 478 566 649 333 249 178 649 1051 953 753 99 973 955 1090 260 247 686 286 236 1055 642 581 327 213 665 345 797 673 431 247 617 921 160 202 1124 650 90 503 500 317 415 373 154 692 377 691 325 972 429 457 489 436 497 168 0 520 325 850 347 340 692 636 896 661 310 219 1056 524 532 1040 345 404 1080 860 121 372 532
431 247 1034 594 187 409 370 733 560 1042 790 427 596 482 659 494 332 398 451 444 817 709 336 448 350 742 809 958 1172 388 728 924 663 495 585 929 667 473 930 521 445 499 356 665 526 377 308 775 748 781 348 999 178 295 406 520 0 846 922 417 233 1024 598 960 144 431 308 1122 400 668 1174 800 257 782 1210 610 285 576
560 778 364 857 658 519 490 786 1368 1032 895 421 1260 1269 1388 480 551 968 527 490 1288 790 866 566 520 803 242 852 388 693 205 597 1171 402 354 1335 823 386 387 712 559 635 647 195 936 644 997 272 1206 435 732 199 750 790 468 325 846 0 954 599 654 626 839 998 986 560 542 1136 786 672 1078 266 705 1334 745 256 669 723
583 674 1316 334 868 646 757 207 1058 120 132 809 764 956 922 596 716 611 591 637 550 223 608 560 736 193 719 156 961 545 755 416 548 692 660 513 255 916 1307 412 569 1211 598 944 447 578 1229 1139 502 522 576 922 749 1148 946 850 922 954 0 565 744 473 326 46 955 583 884 210 522 318 258 1151 678 662 581 781 664 358
39 218 904 307 311 98 202 359 812 682 447 271 662 705 798 121 151 371 71 113 708 342 273 38 175 372 463 564 832 93 415 507 579 203 251 777 328 383 850 164 42 649 67 488 347 51 704 672 626 379 137 689 245 590 393 347 417 599 565 0 194 608 296 609 511 39 319 776 187 266 796 691 166 740 793 347 133 210
201 149 898 444 125 176 164 542 714 863 618 240 643 616 752 261 106 369 218 212 776 522 267 220 133 554 584 756 952 200 510 695 628 272 358 867 494 327 817 331 215 505 146 494 427 166 510 644 696 548 185 787 97 404 294 340 233 654 744 194 0 794 441 786 349 201 190 952 259 459 984 668 85 777 979 403 81 385
593 815 980 616 889 625 707 435 1360 494 502 710 1121 1250 1280 540 709 879 575 594 988 459 819 576 707 443 395 321 505 660 481 103 940 584 501 976 526 781 1013 559 579 1107 672 708 749 653 1296 877 924 265 712 519 853 1145 847 692 1024 626 473 608 794 0 596 502 1116 593 838 585 706 404 486 879 774 1084 185 578 741 519
328 351 1174 21 566 393 498 172 777 445 193 567 525 669 684 379 442 302 350 400 452 145 283 309 469 172 644 396 977 243 635 498 359 480 490 497 80 680 1133 136 320 937 304 765 154 288 906 956 373 479 260 877 430 841 688 636 598 839 326 296 441 596 0 362 630 328 607 523 198 204 583 973 366 518 762 608 360 115
628 712 1360 368 911 692 802 252 1077 86 170 855 777 976 933 642 761 639 636 683 546 267 642 605 781 237 762 181 995 587 799 451 557 738 707 499 294 962 1352 454 614 1256 641 990 475 621 1268 1185 505 564 616 963 788 1190 992 896 960 998 46 609 786 502 362 0 989 628 928 166 560 364 231 1196 719 663 599 827 706 401
532 304 1178 621 329 524 503 783 419 1074 823 565 501 350 539 605 455 372 557 560 763 758 347 546 478 789 934 1014 1301 459 858 1014 611 621 708 883 705 617 1073 581 545 625 445 808 526 463 328 919 702 887 410 1133 268 399 550 661 144 986 955 511 349 1116 630 989 0 532 452 1145 441 737 1213 944 344 708 1302 745 380 634
0 248 866 340 308 66 176 375 845 697 469 239 701 739 836 84 136 410 32 74 747 361 311 22 153 390 428 571 798 133 377 494 618 163 212 814 353 351 813 193 15 628 97 449 385 87 709 634 664 355 175 652 264 584 367 310 431 560 583 39 201 593 328 628 532 0 301 793 226 274 807 653 189 780 779 307 152 234
301 338 733 614 123 240 135 677 858 999 767 140 826 769 923 311 167 558 298 259 966 661 457 324 148 691 544 869 889 366 451 749 818 255 344 1054 647 164 640 481 315 330 303 356 613 318 481 474 886 575 366 707 270 307 107 219 308 542 884 319 190 838 607 928 452 301 0 1095 441 575 1108 499 275 967 1018 325 260 529
793 875 1500 528 1077 857 968 418 1199 104 334 1018 888 1104 1038 805 927 786 801 847 617 433 798 771 947 403 895 285 1090 753 943 559 664 899 862 539 459 1124 1500 621 780 1421 807 1142 623 788 1430 1336 595 700 780 1081 952 1356 1156 1056 1122 1136 210 776 952 585 523 166 1145 793 1095 0 722 527 146 1346 884 741 636 981 872 568
226 153 1088 196 380 276 358 342 659 642 390 438 478 550 620 306 291 191 258 299 533 316 112 220 324 349 638 572 1001 94 599 603 396 389 435 614 268 546 1027 148 227 764 152 671 173 147 708 849 451 521 74 869 232 648 536 524 400 786 522 187 259 706 198 560 441 226 441 722 0 307 776 870 176 556 887 534 181 196
274 434 1024 226 577 334 444 118 955 427 227 491 725 846 881 278 411 474 277 321 646 118 418 252 426 135 457 298 775 281 467 303 564 374 349 672 158 597 1002 159 260 897 315 634 351 294 966 830 570 279 327 685 490 856 630 532 668 672 318 266 459 404 204 364 737 274 575 527 307 0 532 843 411 720 581 471 387 115
807 927 1441 592 1106 867 975 443 1307 146 390 1015 1003 1207 1157 803 944 869 809 851 750 465 866 784 959 432 836 243 988 791 896 483 781 890 840 680 508 1115 1454 656 793 1426 838 1108 705 817 1480 1298 720 648 825 1000 998 1386 1157 1040 1174 1078 258 796 984 486 583 231 1213 807 1108 146 776 532 0 1305 924 872 507 952 907 600
653 814 233 988 622 594 517 962 1356 1242 1070 436 1310 1268 1418 593 587 1028 626 578 1400 960 922 668 552 978 483 1069 631 776 410 836 1266 493 494 1466 978 341 160 838 658 444 718 209 1037 722 869 25 1317 657 802 452 760 654 395 345 800 266 1151 691 668 879 973 1196 944 653 499 1346 870 843 1305 0 741 1425 1008 371 712 864
189 73 969 367 204 194 225 481 668 798 549 306 569 566 686 267 157 288 216 229 690 460 184 201 191 492 608 704 979 134 544 672 543 308 383 781 424 403 893 268 201 590 101 558 341 121 556 719 611 544 105 823 79 475 377 404 257 705 678 166 85 774 366 719 344 189 275 884 176 411 924 741 0 694 959 449 38 324
780 628 1644 497 872 833 909 652 531 734 586 990 225 470 325 855 839 409 811 854 125 630 510 770 874 641 1158 807 1495 650 1138 996 162 943 980 238 568 1094 1581 626 779 1259 706 1227 398 703 1035 1404 161 998 622 1392 702 1078 1071 1080 782 1334 662 740 777 1084 518 663 708 780 967 741 556 720 872 1425 694 0 1227 1087 717 629
779 999 1077 782 1073 809 888 594 1535 565 641 886 1284 1426 1444 724 894 1053 761 777 1123 620 999 761 890 599 537 426 523 844 632 287 1092 762 676 1095 688 950 1130 739 765 1275 858 856 916 838 1481 1010 1066 443 895 599 1038 1325 1020 860 1210 745 581 793 979 185 762 599 1302 779 1018 636 887 581 507 1008 959 1227 0 741 926 696
307 522 565 625 427 263 242 590 1115 877 698 187 1004 1014 1132 233 298 713 276 235 1048 588 610 316 269 607 224 711 565 440 127 509 925 146 122 1105 607 212 531 475 308 533 392 162 690 389 805 358 966 320 477 388 498 616 289 121 610 256 781 347 403 578 608 827 745 307 325 981 534 471 952 371 449 1087 741 0 413 496
152 109 938 364 206 156 195 464 707 784 538 276 600 603 721 228 125 315 178 191 708 444 210 166 160 475 570 682 940 119 506 640 563 270 345 794 413 377 866 252 164 583 72 526 353 93 578 690 627 507 106 785 112 484 358 372 285 669 664 133 81 741 360 706 380 152 260 872 181 387 907 712 38 717 926 413 0 307
234 334 1061 134 509 300 409 157 840 477 237 472 615 730 770 272 361 359 250 299 567 136 305 212 384 168 530 382 869 190 520 418 468 373 377 611 119 583 1024 55 223 859 239 655 244 219 880 848 488 372 228 763 399 789 601 532 576 723 358 210 385 519 115 401 634 234 529 568 196 115 600 864 324 629 696 496 307 0
