0 42 422 220 812 170 631 302 472 770 74 247 840 103 305 235 422 123 577 196 700 154 654 481 611 549 186 282 54 26 209 445 682 490 818 227 545 261 261 760 829 417 574 4 830 725 454 90 258 158 237 212 863 654 327 345 830 331 193 90 628 578 474 544 707 143 89 287 106 329 480 355 321 553 855 255 857 741 500 412 45 214 589 862 265 77 787 45 356 740 819 340 519 68 576 385 640 61 463 121 475 378 719 792 756 497 641 436 536 137 759 648 204 584 365 107
42 0 450 222 823 203 598 293 508 736 114 268 846 102 319 228 385 85 572 153 701 152 688 465 637 507 211 285 77 18 185 430 716 528 826 265 544 225 233 758 789 383 548 38 870 684 496 48 297 138 203 195 871 655 301 323 834 321 235 132 597 614 453 586 703 153 101 312 101 297 438 397 294 582 849 264 887 713 458 370 62 216 579 896 258 35 813 83 316 779 844 300 558 90 546 388 682 102 426 143 455 335 753 783 743 472 608 409 573 180 726 617 193 542 406 136
422 450 0 614 1120 255 767 711 608 1184 414 572 1179 368 652 336 646 470 427 564 458 341 266 481 825 855 240 270 456 443 430 860 791 182 1143 235 923 672 683 541 1052 609 997 423 523 984 286 485 223 581 653 398 1189 424 492 767 534 359 301 397 1048 212 896 360 514 534 491 140 375 534 853 391 497 131 657 629 436 1163 782 773 388 610 482 956 339 468 366 425 752 400 399 732 579 465 997 263 423 371 682 307 513 719 825 1189 1163 920 1058 553 637 372 1176 1068 620 952 235 315
220 222 614 0 604 361 779 103 402 657 200 118 623 321 115 450 557 288 794 292 920 372 811 684 462 605 396 502 169 214 401 251 585 636 605 385 325 237 177 979 916 569 418 222 933 797 556 234 409 123 208 415 649 874 509 194 1050 544 325 217 497 732 303 629 925 80 132 491 322 493 472 397 500 740 1071 51 1034 590 582 436 265 6 802 755 480 239 978 196 336 867 1013 332 484 156 446 605 722 250 593 336 671 434 619 578 549 342 523 615 472 247 636 515 70 568 486 315
812 823 1120 604 0 907 1364 572 558 884 765 573 117 916 506 1047 1143 892 1388 884 1502 966 1225 1288 343 1126 957 1089 758 813 1006 528 514 1058 58 891 337 784 712 1568 1441 1163 653 815 1212 1314 926 839 897 719 765 1018 87 1457 1112 633 1620 1143 825 770 752 1151 588 945 1517 670 724 1032 918 1093 950 752 1103 1224 1666 559 1467 736 1130 956 856 610 1402 546 1078 843 1450 776 846 1208 1489 855 642 743 728 1189 1003 821 1175 912 1275 982 514 385 449 637 795 1216 575 771 846 753 655 1011 910 886
170 203 255 361 907 0 681 457 464 940 161 337 952 149 414 213 502 247 502 340 598 156 485 459 651 674 58 209 200 193 261 604 673 327 922 78 679 429 431 669 923 481 743 172 678 832 317 245 109 327 406 241 968 554 367 512 713 298 101 146 798 410 640 412 624 281 236 130 158 391 633 282 367 385 775 381 687 911 612 559 143 357 532 852 238 228 621 169 518 579 654 500 478 210 747 294 505 116 544 77 470 514 710 939 910 666 811 465 516 135 929 818 364 736 223 69
631 598 767 779 1364 681 0 792 1103 847 705 860 1355 555 893 471 222 513 452 487 588 528 1024 299 1231 330 632 509 675 615 430 860 1314 937 1352 757 1038 581 652 572 308 214 843 627 1290 299 983 562 785 656 599 442 1392 561 314 739 721 411 773 717 810 979 827 1077 519 737 694 670 547 302 494 958 316 855 579 830 1112 932 272 442 605 773 392 1494 451 566 996 677 539 1167 1005 524 1142 688 786 508 1162 665 189 612 259 396 1350 1196 1128 803 787 219 1166 754 866 827 717 518 893 636
302 293 711 103 572 457 792 0 477 562 297 206 573 395 164 519 570 339 860 314 993 445 914 735 493 578 486 578 258 290 454 149 641 739 563 487 258 215 143 1047 894 591 317 303 1035 770 659 290 511 160 193 474 604 947 550 105 1128 607 427 315 400 835 200 730 992 178 221 584 394 525 423 497 540 840 1134 120 1135 487 568 404 346 105 861 801 547 299 1077 288 295 970 1111 298 565 247 349 681 822 342 603 423 716 417 672 491 454 242 429 650 545 349 539 417 100 510 590 405
472 508 608 402 558 464 1103 477 0 1031 398 285 646 553 314 666 894 594 963 646 1043 590 670 920 226 992 522 674 432 490 676 582 211 510 597 413 510 633 580 1120 1291 890 774 477 665 1179 373 550 405 502 603 670 640 1002 795 583 1139 758 363 387 868 599 656 386 1080 395 423 560 560 801 873 216 790 691 1231 362 912 934 956 830 499 405 996 392 695 542 904 427 736 650 944 730 99 421 820 755 449 440 935 509 925 816 248 769 781 707 901 902 69 354 1005 882 469 971 376 482
770 736 1184 657 884 940 847 562 1031 0 807 768 808 816 719 886 706 716 1155 626 1309 850 1425 982 989 517 944 963 754 746 787 452 1168 1260 840 995 594 512 515 1333 739 754 262 768 1583 626 1203 699 1025 622 533 821 857 1267 805 462 1456 935 950 829 163 1349 376 1282 1273 709 727 1044 810 756 378 1054 794 1314 1381 682 1621 154 582 457 798 657 1125 1304 902 716 1539 784 437 1505 1566 457 1124 750 212 1049 1376 829 705 877 943 522 1194 537 457 324 133 849 1097 874 39 150 610 329 1123 873
74 114 414 200 765 161 705 297 398 807 0 192 802 162 261 289 497 197 624 265 738 208 625 543 545 620 199 324 54 96 279 446 608 454 775 193 519 308 292 803 903 491 593 79 780 798 400 161 220 184 281 278 821 692 398 361 861 387 143 22 657 547 486 487 753 120 80 290 168 402 539 285 393 542 902 222 840 764 572 476 103 196 642 789 320 149 780 31 409 698 813 395 444 56 605 423 583 56 538 147 540 446 645 778 749 516 675 507 462 71 792 676 209 643 316 122
247 268 572 118 573 337 860 206 285 768 192 0 614 348 80 479 641 350 817 380 929 397 740 729 371 713 385 516 194 254 454 339 474 563 585 337 353 349 295 995 1020 646 521 250 836 903 466 298 353 221 319 459 631 884 570 307 1049 576 271 197 607 661 402 530 945 123 167 466 352 563 588 295 562 692 1094 86 972 691 683 547 288 121 833 648 510 297 928 206 451 779 965 446 365 179 556 615 620 248 680 339 722 539 509 624 608 448 635 678 354 204 745 623 184 686 408 313
840 846 1179 623 117 952 1355 573 646 808 802 614 0 943 540 1074 1137 907 1418 887 1539 994 1302 1305 443 1097 999 1122 787 837 1022 499 623 1132 59 945 317 775 705 1601 1407 1162 595 843 1308 1280 1005 855 955 729 759 1039 50 1493 1122 616 1663 1168 879 810 687 1227 549 1031 1548 697 751 1081 945 1098 915 826 1113 1289 1695 585 1544 655 1109 932 886 629 1426 663 1104 861 1520 809 824 1296 1558 836 735 773 670 1224 1095 858 1166 948 1288 964 626 285 357 591 730 1223 670 818 769 686 665 966 980 924
103 102 368 321 916 149 555 395 553 816 162 348 943 0 409 131 361 103 474 197 600 51 619 381 707 525 130 183 157 106 125 532 764 471 921 226 644 306 328 658 780 346 643 100 826 685 465 121 258 240 290 117 967 553 242 422 732 228 222 167 684 549 553 560 605 246 192 227 9 255 491 405 238 498 752 358 804 804 463 414 60 315 486 945 162 105 724 142 384 724 753 364 587 172 635 286 653 113 403 71 378 366 801 886 845 568 692 349 613 200 809 705 295 592 372 86
305 319 652 115 506 414 893 164 314 719 261 80 540 409 0 541 671 394 882 406 999 459 819 784 347 718 458 583 251 307 504 276 480 642 514 417 273 348 284 1063 1031 682 464 308 905 911 541 340 433 238 320 514 560 953 616 270 1123 637 351 270 556 739 345 600 1011 165 218 543 412 603 577 365 607 772 1160 64 1052 630 697 547 350 121 895 644 571 342 1009 270 444 854 1045 442 405 237 507 684 688 317 708 408 774 548 512 544 531 395 587 723 381 282 694 571 183 669 487 383
235 228 336 450 1047 213 471 519 666 886 289 479 1074 131 541 0 313 188 344 264 475 81 602 255 833 519 161 76 289 236 100 649 877 482 1053 287 772 395 433 529 730 282 740 232 842 652 513 230 314 359 387 66 1098 428 164 532 611 97 311 291 769 542 661 607 475 377 323 211 129 200 531 495 166 455 621 489 755 893 446 449 191 444 354 1057 31 219 661 272 450 728 685 429 688 303 722 169 695 235 352 156 259 390 914 1007 962 669 770 253 722 313 885 789 419 625 422 183
422 385 646 557 1143 502 222 570 894 706 497 641 1137 361 671 313 0 300 461 264 615 346 912 283 1011 230 462 375 462 403 240 646 1102 796 1132 580 819 362 432 630 421 50 651 417 1156 339 817 345 611 434 378 263 1172 576 154 523 761 296 583 511 636 855 620 912 570 518 477 524 351 113 328 765 148 756 675 607 1043 763 150 256 402 551 422 1281 306 351 938 467 334 1041 955 316 940 473 604 417 1003 464 42 427 240 197 1138 991 927 602 621 146 959 553 717 655 494 389 724 446
123 85 470 288 892 247 513 339 594 716 197 350 907 103 394 188 300 0 522 94 660 134 723 397 720 433 234 258 162 103 115 463 802 573 891 320 597 211 244 710 707 298 553 118 925 604 558 53 352 179 199 135 935 614 222 344 799 269 303 213 588 652 472 651 653 230 182 330 95 213 388 475 213 600 794 334 906 710 379 312 113 282 521 982 213 53 823 167 281 826 851 261 642 175 540 357 746 172 341 172 383 268 839 822 775 481 593 329 659 258 710 609 242 490 466 179
577 572 427 794 1388 502 452 860 963 1155 624 817 1418 474 882 344 461 522 0 576 154 423 637 178 1154 687 445 300 631 580 410 985 1168 609 1396 551 1116 713 762 188 760 411 1053 575 923 738 706 570 564 700 711 386 1441 115 352 864 300 253 601 621 1063 615 987 786 131 721 666 407 472 400 778 763 364 465 277 833 676 1191 607 697 532 788 66 1343 314 561 556 612 739 793 559 718 963 645 1022 208 850 568 476 478 223 633 1204 1344 1295 988 1056 315 1009 631 1162 1084 761 849 635 505
196 153 564 292 884 340 487 314 646 626 265 380 887 197 406 264 264 94 576 0 722 224 817 431 748 354 328 339 218 171 170 415 849 666 877 410 571 136 190 764 645 279 480 192 1016 535 646 105 443 169 136 201 919 676 240 291 864 329 387 284 505 746 411 738 705 257 223 424 189 211 294 551 229 693 840 343 999 629 310 220 200 286 566 1026 283 119 914 234 189 919 940 169 704 226 458 432 833 253 302 266 407 182 885 774 720 412 507 336 713 333 622 525 230 396 555 271
700 701 458 920 1502 598 588 993 1043 1309 738 929 1539 600 999 475 615 660 154 722 0 549 612 332 1246 840 545 417 752 706 553 1123 1239 627 1514 632 1244 858 904 84 893 565 1201 698 898 881 744 705 638 834 854 526 1559 46 505 1005 146 393 691 731 1215 609 1131 813 85 843 789 484 600 553 932 833 516 451 200 955 594 1342 761 851 654 914 199 1409 447 694 472 730 890 768 466 869 1029 766 1173 315 862 681 629 591 375 787 1275 1482 1436 1134 1208 469 1082 733 1315 1235 893 1003 688 616
154 152 341 372 966 156 528 445 590 850 208 397 994 51 459 81 346 134 423 224 549 0 600 335 752 528 118 132 208 158 106 581 802 461 972 234 696 344 372 606 767 325 685 151 820 679 471 165 265 288 331 85 1018 502 213 468 682 178 245 210 723 533 598 566 553 297 243 202 51 235 512 430 211 469 701 409 774 844 462 432 109 366 436 982 112 151 689 190 414 713 716 394 618 222 674 235 657 155 388 84 335 379 839 936 894 612 728 315 648 236 845 743 345 611 378 109
654 688 266 811 1225 485 1024 914 670 1425 625 740 1302 619 819 602 912 723 637 817 612 600 0 730 895 1121 489 537 675 678 695 1062 803 177 1258 432 1090 914 913 694 1315 874 1219 656 287 1250 298 729 404 806 891 663 1303 593 758 986 629 622 486 604 1280 79 1109 298 687 738 706 398 628 801 1110 476 763 173 807 813 242 1389 1049 1032 627 808 701 937 606 712 252 644 1001 156 292 983 604 681 1229 516 295 595 948 552 766 980 830 1363 1349 1141 1295 815 672 565 1413 1300 833 1211 332 553
481 465 481 684 1288 459 299 735 920 982 543 729 1305 381 784 255 283 397 178 431 332 335 730 0 1087 509 402 254 535 477 282 847 1131 659 1289 526 994 564 621 350 604 233 896 478 1003 568 727 450 548 576 568 270 1333 294 192 723 477 161 561 546 898 690 840 816 290 619 565 407 376 234 604 740 204 559 411 728 813 1026 429 525 440 678 142 1310 225 445 698 523 577 877 708 556 938 549 859 218 894 490 297 411 45 461 1168 1206 1151 835 888 136 975 569 990 918 640 672 643 438
611 637 825 462 343 651 1231 493 226 989 545 371 443 707 347 833 1011 720 1154 748 1246 752 895 1087 0 1064 708 855 561 622 820 544 195 736 389 614 405 695 628 1320 1378 1017 728 615 868 1257 599 669 612 583 667 823 429 1204 938 593 1350 929 555 541 831 825 622 607 1276 493 538 762 713 934 916 437 931 915 1427 411 1137 867 1044 892 648 467 1179 315 863 667 1131 567 786 868 1171 787 299 547 790 945 661 597 1050 680 1085 895 211 621 653 677 870 1047 232 523 957 840 530 1003 599 652
549 507 855 605 1126 674 330 578 992 517 620 713 1097 525 718 519 230 433 687 354 840 528 1121 509 1064 0 646 589 572 525 427 599 1188 990 1104 750 789 369 437 848 317 279 537 545 1348 193 990 459 783 491 397 458 1138 803 375 495 985 521 737 639 490 1058 548 1083 789 596 572 725 515 327 184 905 367 973 881 655 1266 607 80 173 547 600 644 1360 519 472 1164 588 283 1241 1183 279 1056 579 472 643 1178 605 211 596 465 175 1222 902 828 512 462 372 1060 687 536 505 535 188 897 609
186 211 240 396 957 58 632 486 522 944 199 385 999 130 458 161 462 234 445 328 545 118 489 402 708 646 0 151 228 205 223 631 731 344 970 126 718 432 444 615 883 437 759 187 702 797 355 244 153 345 413 198 1017 501 321 531 664 241 159 188 807 419 661 450 568 315 265 101 138 349 621 338 321 371 719 421 677 924 580 544 148 391 474 910 184 227 602 199 513 596 633 495 535 240 757 237 540 145 503 67 414 494 768 974 941 683 817 414 574 188 935 828 390 723 263 80
282 285 270 502 1089 209 509 578 674 963 324 516 1122 183 583 76 375 258 300 339 417 132 537 254 855 589 151 0 335 289 177 714 883 429 1098 272 827 468 502 479 783 338 812 280 787 713 478 296 293 421 458 143 1144 371 221 600 549 98 311 320 844 481 729 570 428 425 371 161 184 264 608 487 226 383 578 537 680 967 514 525 237 497 324 1061 69 283 585 313 526 669 608 505 685 349 797 103 653 267 411 178 271 465 920 1069 1027 740 846 290 725 332 961 864 478 701 391 204
54 77 456 169 758 200 675 258 432 754 54 194 787 157 251 289 462 162 631 218 752 208 675 535 561 572 228 335 0 61 260 404 639 506 764 243 494 254 239 813 862 461 545 57 835 753 455 118 272 132 227 265 810 706 377 312 881 385 196 76 605 598 440 541 761 90 37 326 160 374 486 336 370 585 909 202 886 714 528 425 98 164 643 819 320 110 822 31 355 751 855 342 486 14 554 437 637 84 503 166 528 397 676 746 712 467 622 486 498 125 740 625 164 590 370 147
26 18 443 214 813 193 615 290 490 746 96 254 837 106 307 236 403 103 580 171 706 158 678 477 622 525 205 289 61 0 199 430 699 516 817 252 538 236 239 764 808 401 553 22 856 702 480 65 284 140 213 206 862 660 316 326 838 331 219 114 605 603 456 570 711 142 88 307 107 313 454 380 309 574 857 253 879 719 476 387 57 208 589 878 266 53 807 65 330 766 838 314 540 74 554 392 666 86 444 138 468 353 735 781 742 477 617 425 555 162 736 625 190 558 391 128
209 185 430 401 1006 261 430 454 676 787 279 454 1022 125 504 100 240 115 410 170 553 106 695 282 820 427 223 177 260 199 0 574 887 564 1006 340 712 306 351 598 661 221 650 205 923 573 577 167 370 294 301 34 1050 507 119 453 694 159 345 288 673 631 578 672 541 338 287 297 116 131 431 529 114 553 680 446 854 799 358 348 176 395 407 1067 115 162 762 254 352 814 785 330 712 274 628 263 763 236 282 186 270 290 924 934 884 582 673 227 737 324 786 694 358 525 484 208
445 430 860 251 528 604 860 149 582 452 446 339 499 532 276 649 646 463 985 415 1123 581 1062 847 544 599 631 714 404 430 574 0 717 887 504 636 191 287 225 1173 913 675 191 445 1175 786 802 418 660 292 279 598 539 1077 655 124 1261 732 576 464 290 983 77 870 1116 327 368 731 530 623 422 635 644 988 1253 255 1284 354 610 432 488 254 979 860 676 431 1226 435 324 1115 1259 337 678 394 245 816 960 489 672 566 823 466 744 359 313 132 326 747 646 498 423 302 241 487 736 551
682 716 791 585 514 673 1314 641 211 1168 608 474 623 764 480 877 1102 802 1168 849 1239 802 803 1131 195 1188 731 883 639 699 887 717 0 666 565 617 595 822 762 1318 1493 1100 906 687 723 1378 525 757 605 696 792 882 601 1200 1006 746 1326 969 571 598 1007 741 794 504 1281 594 627 761 772 1011 1056 407 1001 858 1431 538 1038 1053 1157 1021 710 589 1204 180 906 750 1051 636 921 745 1091 918 212 628 963 960 534 651 1143 721 1137 1013 37 816 848 849 1044 1113 158 565 1138 1018 655 1150 556 694
490 528 182 636 1058 327 937 739 510 1260 454 563 1132 471 642 482 796 573 609 666 627 461 177 659 736 990 344 429 506 516 564 887 666 0 1089 264 913 752 745 711 1211 764 1047 493 360 1134 140 571 234 638 728 535 1135 597 645 814 683 525 313 433 1112 97 936 187 689 564 535 271 480 682 960 305 648 194 827 636 413 1218 922 885 469 633 664 816 493 554 394 476 844 252 434 827 457 511 1060 441 241 430 835 400 688 838 696 1186 1172 969 1128 719 522 391 1246 1131 661 1063 155 396
818 826 1143 605 58 922 1352 563 597 840 775 585 59 921 514 1053 1132 891 1396 877 1514 972 1258 1289 389 1104 970 1098 764 817 1006 504 565 1089 0 911 316 771 700 1577 1417 1154 617 821 1256 1290 960 838 919 715 754 1021 46 1468 1109 616 1635 1148 845 782 713 1183 560 983 1526 675 729 1049 924 1088 925 783 1100 1250 1674 563 1500 690 1112 936 863 611 1406 604 1083 844 1479 785 827 1247 1518 837 683 750 692 1199 1044 832 1163 922 1274 965 567 331 398 606 756 1212 618 787 802 713 651 981 939 897
227 265 235 385 891 78 757 487 413 995 193 337 945 226 417 287 580 320 551 410 632 234 432 526 614 750 126 272 243 252 340 636 617 264 911 0 689 488 481 708 1001 559 787 229 606 910 239 310 32 375 463 319 958 590 445 554 736 366 66 172 849 355 679 334 667 308 273 148 235 469 702 215 444 356 817 396 648 957 689 630 210 382 587 793 311 294 594 212 582 513 630 565 414 248 797 343 427 166 622 155 540 588 653 956 933 709 864 540 458 138 982 868 402 806 146 141
545 544 923 325 337 679 1038 258 510 594 519 353 317 644 273 772 819 597 1116 571 1244 696 1090 994 405 789 718 827 494 538 712 191 595 913 316 689 0 457 387 1302 1104 844 339 546 1156 977 806 546 706 418 442 731 353 1198 808 300 1375 863 623 532 442 1011 255 856 1247 404 457 809 645 782 613 626 798 1045 1391 297 1325 463 796 620 590 330 1119 714 801 555 1282 520 511 1116 1318 521 610 481 409 930 937 573 849 660 975 649 616 273 272 307 484 907 562 552 559 449 355 676 758 639
261 225 672 237 784 429 581 215 633 512 308 349 775 306 348 395 362 211 713 136 858 344 914 564 695 369 432 468 254 236 306 287 822 752 771 488 457 0 72 900 684 389 345 258 1088 562 709 187 519 135 30 335 810 812 371 162 1000 465 449 331 378 839 276 795 842 242 237 532 301 336 240 584 360 803 974 286 1109 499 354 199 286 232 701 992 417 204 1031 281 104 1001 1060 96 707 255 329 565 892 321 391 365 538 203 856 642 586 276 385 460 703 380 503 398 167 342 623 361
261 233 683 177 712 431 652 143 580 515 292 295 705 328 284 433 432 244 762 190 904 372 913 621 628 437 444 502 239 239 351 225 762 745 700 481 387 72 0 950 753 457 315 259 1070 630 690 207 511 107 55 377 740 858 430 101 1043 511 435 314 367 836 228 772 892 202 213 545 323 399 294 551 419 814 1029 223 1118 480 425 264 295 174 755 929 457 222 1046 269 159 990 1077 159 658 235 316 602 867 317 463 376 597 274 795 584 533 240 383 523 649 360 501 387 111 390 608 367
760 758 541 979 1568 669 572 1047 1120 1333 803 995 1601 658 1063 529 630 710 188 764 84 606 694 350 1320 848 615 479 813 764 598 1173 1318 711 1577 708 1302 900 950 0 870 580 1239 758 980 870 827 758 715 887 899 574 1623 118 536 1052 152 440 764 798 1247 693 1175 897 60 904 849 560 657 582 954 911 548 535 116 1016 665 1375 770 876 715 973 208 1489 500 748 543 792 924 850 533 902 1109 828 1207 379 946 746 638 656 389 811 1354 1532 1483 1175 1238 484 1161 803 1341 1267 948 1019 769 681
829 789 1052 916 1441 923 308 894 1291 739 903 1020 1407 780 1031 730 421 707 760 645 893 767 1315 604 1378 317 883 783 862 808 661 913 1493 1211 1417 1001 1104 684 753 870 0 447 830 825 1570 127 1238 744 1032 798 710 684 1450 868 566 812 1021 693 1002 920 763 1264 858 1333 820 899 868 940 770 533 492 1181 563 1150 860 967 1417 863 336 490 816 911 699 1668 718 754 1303 873 601 1452 1312 596 1348 871 758 801 1423 877 379 847 561 482 1528 1196 1119 817 728 500 1359 965 768 775 847 450 1145 866
417 383 609 569 1163 481 214 591 890 754 491 646 1162 346 682 282 50 298 411 279 565 325 874 233 1017 279 437 338 461 401 221 675 1100 764 1154 559 844 389 457 580 447 0 691 413 1123 375 793 348 589 447 402 239 1195 526 118 551 711 254 567 504 680 819 654 887 520 524 480 492 337 90 376 751 116 715 628 619 999 808 199 301 392 563 372 1279 271 351 893 463 372 1007 909 353 932 473 646 373 977 454 75 408 190 239 1136 1025 963 639 666 96 953 543 764 700 510 439 700 429
574 548 997 418 653 743 843 317 774 262 593 521 595 643 464 740 651 553 1053 480 1201 685 1219 896 728 537 759 812 545 553 650 191 906 1047 617 787 339 345 315 1239 830 691 0 573 1352 704 974 521 814 415 354 680 642 1156 704 233 1344 809 733 615 103 1141 119 1047 1180 483 513 861 638 662 354 814 692 1128 1307 435 1430 171 572 401 610 419 1036 1043 762 537 1361 576 320 1284 1392 340 868 538 75 909 1139 627 667 691 864 454 932 366 291 77 145 777 838 655 232 112 385 380 901 681
4 38 423 222 815 172 627 303 477 768 79 250 843 100 308 232 417 118 575 192 698 151 656 478 615 545 187 280 57 22 205 445 687 493 821 229 546 258 259 758 825 413 573 0 833 721 458 86 261 158 235 209 866 652 323 344 828 328 197 95 626 581 474 548 705 145 91 288 103 324 476 360 317 555 852 258 858 739 495 408 43 216 586 866 263 73 788 50 352 743 820 336 524 71 575 383 644 64 459 121 471 374 723 793 756 496 639 432 541 142 757 646 204 580 369 108
830 870 523 933 1212 678 1290 1035 665 1583 780 836 1308 826 905 842 1156 925 923 1016 898 820 287 1003 868 1348 702 787 835 856 923 1175 723 360 1256 606 1156 1088 1070 980 1570 1123 1352 833 0 1494 380 917 573 964 1062 895 1298 881 1005 1124 906 880 639 758 1428 313 1235 305 975 874 857 631 835 1042 1309 540 1008 457 1092 920 407 1523 1282 1237 816 932 985 810 852 900 486 807 1186 131 519 1170 572 836 1376 786 219 769 1195 754 1036 1192 739 1425 1427 1276 1450 1075 637 710 1566 1446 974 1412 465 746
725 684 984 797 1314 832 299 770 1179 626 798 903 1280 685 911 652 339 604 738 535 881 679 1250 568 1257 193 797 713 753 702 573 786 1378 1134 1290 910 977 562 630 870 127 375 704 721 1494 0 1150 637 942 681 590 600 1322 851 492 686 1018 629 905 816 640 1194 730 1244 816 784 757 863 676 452 364 1080 487 1091 877 847 1370 743 225 366 716 792 682 1551 645 648 1260 767 475 1380 1273 472 1239 762 633 746 1337 777 301 755 523 364 1413 1070 993 690 605 446 1247 862 654 652 727 325 1056 772
454 496 286 556 926 317 983 659 373 1203 400 466 1005 465 541 513 817 558 706 646 744 471 298 727 599 990 355 478 455 480 577 802 525 140 960 239 806 709 690 827 1238 793 974 458 380 1150 0 543 207 583 682 554 1005 710 676 745 813 577 261 378 1048 225 859 94 800 494 476 319 475 705 934 181 677 332 943 547 540 1145 929 866 446 554 756 679 532 527 532 427 808 313 572 794 316 456 996 517 188 394 859 394 749 826 557 1078 1071 897 1069 764 382 330 1186 1066 593 1039 93 380
90 48 485 234 839 245 562 290 550 699 161 298 855 121 340 230 345 53 570 105 705 165 729 450 669 459 244 296 118 65 167 418 757 571 838 310 546 187 207 758 744 348 521 86 917 637 543 0 343 129 169 185 882 659 275 304 842 317 283 179 564 655 433 634 702 177 132 345 116 264 392 445 267 616 844 281 921 683 411 322 101 228 572 935 258 17 844 129 273 823 873 255 603 128 514 397 730 149 386 177 436 287 793 776 731 447 573 382 616 228 691 584 191 496 453 176
258 297 223 409 897 109 785 511 405 1025 220 353 955 258 433 314 611 352 564 443 638 265 404 548 612 783 153 293 272 284 370 660 605 234 919 32 706 519 511 715 1032 589 814 261 573 942 207 343 0 404 494 349 966 597 474 581 737 389 83 199 877 326 705 302 676 333 301 156 267 500 735 199 474 339 827 416 625 984 722 663 242 405 602 779 336 326 576 241 614 482 612 597 399 276 825 358 395 197 653 187 563 621 641 975 954 736 894 567 446 161 1012 897 428 839 114 174
158 138 581 123 719 327 656 160 502 622 184 221 729 240 238 359 434 179 700 169 834 288 806 576 583 491 345 421 132 140 294 292 696 638 715 375 418 135 107 887 798 447 415 158 964 681 583 129 404 0 105 313 758 788 393 186 970 447 327 207 473 730 316 666 831 107 106 446 238 374 376 450 384 712 973 174 1015 583 463 327 197 117 701 869 387 139 946 162 240 883 978 231 572 128 422 524 762 212 470 278 559 317 731 648 605 338 490 497 571 253 608 493 64 477 501 266
237 203 653 208 765 406 599 193 603 533 281 319 759 290 320 387 378 199 711 136 854 331 891 568 667 397 413 458 227 213 301 279 792 728 754 463 442 30 55 899 710 402 354 235 1062 590 682 169 494 105 0 329 794 809 376 155 995 461 423 304 394 816 276 767 841 212 208 514 285 344 271 555 365 784 976 257 1090 513 379 228 265 203 702 963 410 186 1014 255 134 976 1043 127 676 226 344 556 864 297 409 345 543 228 826 637 584 282 405 468 673 352 523 415 137 372 597 340
212 195 398 415 1018 241 442 474 670 821 278 459 1039 117 514 66 263 135 386 201 526 85 663 270 823 458 198 143 265 206 34 598 882 535 1021 319 731 335 377 574 684 239 680 209 895 600 554 185 349 313 329 0 1065 480 127 479 666 133 330 285 705 600 605 649 518 348 295 267 110 151 465 515 126 520 659 458 821 830 387 382 174 409 387 1062 82 177 727 255 385 784 751 363 702 280 659 230 739 230 304 170 262 324 919 958 910 610 706 232 730 316 819 726 376 559 461 193
863 871 1189 649 87 968 1392 604 640 857 821 631 50 967 560 1098 1172 935 1441 919 1559 1018 1303 1333 429 1138 1017 1144 810 862 1050 539 601 1135 46 958 353 810 740 1623 1450 1195 642 866 1298 1322 1005 882 966 758 794 1065 0 1514 1152 653 1681 1193 892 829 736 1229 592 1027 1571 720 774 1096 969 1130 958 829 1143 1297 1719 608 1546 705 1149 972 908 655 1451 629 1128 888 1525 830 863 1291 1564 874 726 795 718 1245 1087 878 1202 968 1318 1003 601 335 408 636 779 1254 660 833 819 734 694 1011 985 943
654 655 424 874 1457 554 561 947 1002 1267 692 884 1493 553 953 428 576 614 115 676 46 502 593 294 1204 803 501 371 706 660 507 1077 1200 597 1468 590 1198 812 858 118 868 526 1156 652 881 851 710 659 597 788 809 480 1514 0 462 959 189 347 648 686 1170 585 1085 782 94 797 743 442 553 510 890 793 473 428 233 909 594 1298 723 809 608 868 169 1371 401 648 472 684 846 750 470 824 990 720 1128 269 835 636 591 545 338 744 1235 1435 1389 1089 1165 430 1042 689 1272 1191 847 963 651 570
327 301 492 509 1112 367 314 550 795 805 398 570 1122 242 616 164 154 222 352 240 505 213 758 192 938 375 321 221 377 316 119 655 1006 645 1109 445 808 371 430 536 566 118 704 323 1005 492 676 275 474 393 376 127 1152 462 0 531 651 145 458 408 710 702 647 771 476 451 402 374 234 50 430 643 11 602 604 556 891 839 297 348 295 502 332 1186 153 274 788 373 387 889 807 366 829 391 670 267 859 354 190 298 167 283 1043 1013 958 642 703 108 856 442 810 731 458 510 584 321
345 323 767 194 633 512 739 105 583 462 361 307 616 422 270 532 523 344 864 291 1005 468 986 723 593 495 531 600 312 326 453 124 746 814 616 554 300 162 101 1052 812 551 233 344 1124 686 745 304 581 186 155 479 653 959 531 0 1144 612 500 382 304 908 130 821 994 251 280 632 419 498 328 591 520 897 1130 223 1199 403 497 323 383 194 856 903 558 317 1132 344 213 1053 1164 221 670 305 252 701 915 396 550 464 698 349 777 482 431 155 329 622 651 423 442 322 152 410 670 452
830 834 534 1050 1620 713 721 1128 1139 1456 861 1049 1663 732 1123 611 761 799 300 864 146 682 629 477 1350 985 664 549 881 838 694 1261 1326 683 1635 736 1375 1000 1043 152 1021 711 1344 828 906 1018 813 842 737 970 995 666 1681 189 651 1144 0 535 799 853 1360 645 1271 870 202 971 918 590 733 699 1079 924 662 492 215 1082 554 1487 905 998 784 1044 341 1490 586 830 438 856 1035 780 419 1014 1114 894 1317 446 905 805 773 716 521 933 1360 1618 1574 1276 1354 614 1171 849 1461 1380 1027 1149 770 739
331 321 359 544 1143 298 411 607 758 935 387 576 1168 228 637 97 296 269 253 329 393 178 622 161 929 521 241 98 385 331 159 732 969 525 1148 366 863 465 511 440 693 254 809 328 880 629 577 317 389 447 461 133 1193 347 145 612 535 0 399 388 828 571 737 669 384 473 418 259 225 195 566 579 154 461 527 584 746 955 443 483 288 538 258 1148 66 308 643 369 504 760 661 483 776 400 784 122 752 332 329 250 174 420 1006 1091 1043 741 826 194 813 408 937 849 508 652 489 277
193 235 301 325 825 101 773 427 363 950 143 271 879 222 351 311 583 303 601 387 691 245 486 561 555 737 159 311 196 219 345 576 571 313 845 66 623 449 435 764 1002 567 733 197 639 905 261 283 83 327 423 330 892 648 458 500 799 399 0 120 799 408 623 350 721 251 222 208 231 477 674 184 456 421 872 332 709 904 681 606 190 322 633 750 338 268 659 167 547 555 694 533 377 199 747 393 446 133 626 160 570 569 608 892 870 655 817 560 414 78 935 819 348 778 174 137
90 132 397 217 770 146 717 315 387 829 22 197 810 167 270 291 511 213 621 284 731 210 604 546 541 639 188 320 76 114 288 464 598 433 782 172 532 331 314 798 920 504 615 95 758 816 378 179 199 207 304 285 829 686 408 382 853 388 120 0 679 526 506 464 748 137 102 276 174 414 561 266 403 524 899 235 820 785 590 497 112 213 641 778 322 167 761 51 431 676 796 418 429 78 627 418 561 55 553 142 545 466 635 794 766 537 697 515 449 49 815 698 229 665 294 116
628 597 1048 497 752 798 810 400 868 163 657 607 687 684 556 769 636 588 1063 505 1215 723 1280 898 831 490 807 844 605 605 673 290 1007 1112 713 849 442 378 367 1247 763 680 103 626 1428 640 1048 564 877 473 394 705 736 1170 710 304 1360 828 799 679 0 1204 213 1125 1187 554 577 909 679 665 316 895 699 1179 1306 520 1484 128 537 380 660 497 1040 1146 788 580 1409 636 324 1354 1438 346 961 601 52 936 1219 685 646 740 862 441 1033 440 360 161 43 772 934 723 138 20 454 315 971 733
578 614 212 732 1151 410 979 835 599 1349 547 661 1227 549 739 542 855 652 615 746 609 533 79 690 825 1058 419 481 598 603 631 983 741 97 1183 355 1011 839 836 693 1264 819 1141 581 313 1194 225 655 326 730 816 600 1229 585 702 908 645 571 408 526 1204 0 1031 241 679 659 628 333 558 742 1040 400 706 157 808 734 317 1311 988 963 554 729 676 883 548 638 309 567 928 188 349 910 538 603 1152 473 261 519 892 480 724 913 770 1284 1269 1063 1219 766 605 486 1337 1223 755 1142 253 479
474 453 896 303 588 640 827 200 656 376 486 402 549 553 345 661 620 472 987 411 1131 598 1109 840 622 548 661 729 440 456 578 77 794 936 560 679 255 276 228 1175 858 654 119 474 1235 730 859 433 705 316 276 605 592 1085 647 130 1271 737 623 506 213 1031 0 930 1117 371 406 762 549 610 366 696 636 1026 1250 316 1326 288 567 389 514 304 977 937 685 448 1261 471 288 1170 1294 304 750 432 168 830 1022 524 642 595 813 431 821 371 310 55 249 732 720 544 349 226 277 422 788 582
544 586 360 629 945 412 1077 730 386 1282 487 530 1031 560 600 607 912 651 786 738 813 566 298 816 607 1083 450 570 541 570 672 870 504 187 983 334 856 795 772 897 1333 887 1047 548 305 1244 94 634 302 666 767 649 1027 782 771 821 870 669 350 464 1125 241 930 0 873 572 560 410 569 800 1024 235 772 379 1013 614 535 1218 1023 957 538 628 838 641 625 619 548 515 896 265 588 882 309 540 1073 604 96 484 953 489 840 918 531 1127 1126 971 1148 858 378 415 1263 1143 672 1128 188 474
707 703 514 925 1517 624 519 992 1080 1273 753 945 1548 605 1011 475 570 653 131 705 85 553 687 290 1276 789 568 428 761 711 541 1116 1281 689 1526 667 1247 842 892 60 820 520 1180 705 975 816 800 702 676 831 841 518 1571 94 476 994 202 384 721 748 1187 679 1117 873 0 851 797 520 603 522 894 874 488 523 151 963 679 1315 711 816 662 919 148 1454 445 692 557 741 864 844 551 843 1073 775 1147 331 928 696 579 606 329 751 1317 1475 1425 1116 1178 424 1123 756 1281 1207 893 959 737 632
143 153 534 80 670 281 737 178 395 709 120 123 697 246 165 377 518 230 721 257 843 297 738 619 493 596 315 425 90 142 338 327 594 564 675 308 404 242 202 904 899 524 483 145 874 784 494 177 333 107 212 348 720 797 451 251 971 473 251 137 554 659 371 572 851 0 54 410 248 442 483 348 444 662 998 112 957 654 563 435 188 76 731 769 408 177 899 116 347 801 933 339 465 76 502 528 667 169 557 256 609 421 629 659 629 405 576 559 464 173 692 573 99 585 418 235
89 101 491 132 724 236 694 221 423 727 80 167 751 192 218 323 477 182 666 223 789 243 706 565 538 572 265 371 37 88 287 368 627 535 729 273 457 237 213 849 868 480 513 91 857 757 476 132 301 106 208 295 774 743 402 280 918 418 222 102 577 628 406 560 797 54 0 363 194 395 474 347 394 620 944 166 920 683 533 418 134 126 677 804 354 129 857 67 341 778 890 329 483 26 525 474 656 121 517 204 557 397 663 708 675 435 595 510 490 147 712 596 129 578 395 185
287 312 140 491 1032 130 670 584 560 1044 290 466 1081 227 543 211 524 330 407 424 484 202 398 407 762 725 101 161 326 307 297 731 761 271 1049 148 809 532 545 560 940 492 861 288 631 863 319 345 156 446 514 267 1096 442 374 632 590 259 208 276 909 333 762 410 520 410 363 0 234 411 714 355 377 270 670 512 576 1026 654 635 250 486 449 936 222 328 500 296 611 517 531 592 555 337 858 204 492 241 563 169 430 582 797 1069 1038 784 918 451 603 263 1036 929 489 814 236 180
106 101 375 322 918 158 547 394 560 810 168 352 945 9 412 129 351 95 472 189 600 51 628 376 713 515 138 184 160 107 116 530 772 480 924 235 645 301 323 657 770 337 638 103 835 676 475 116 267 238 285 110 969 553 234 419 733 225 231 174 679 558 549 569 603 248 194 234 0 246 482 414 230 505 750 360 811 799 454 405 64 316 483 952 159 101 730 146 376 733 758 357 595 175 630 287 663 120 394 81 372 357 809 885 843 564 686 341 621 207 803 699 294 584 381 95
329 297 534 493 1093 391 302 525 801 756 402 563 1098 255 603 200 113 213 400 211 553 235 801 234 934 327 349 264 374 313 131 623 1011 682 1088 469 782 336 399 582 533 90 662 324 1042 452 705 264 500 374 344 151 1130 510 50 498 699 195 477 414 665 742 610 800 522 442 395 411 246 0 380 660 41 647 645 542 939 793 250 298 302 487 375 1191 194 266 838 374 343 928 857 322 841 387 625 317 890 363 153 317 202 233 1048 979 921 602 656 124 864 452 761 685 438 460 612 339
480 438 853 472 950 633 494 423 873 378 539 588 915 491 577 531 328 388 778 294 932 512 1110 604 916 184 621 608 486 454 431 422 1056 960 925 702 613 240 294 954 492 376 354 476 1309 364 934 392 735 376 271 465 958 890 430 328 1079 566 674 561 316 1040 366 1024 894 483 474 714 482 380 0 821 419 980 1004 518 1284 439 221 83 492 468 746 1222 542 408 1193 509 136 1213 1216 145 948 489 292 685 1120 540 332 560 565 147 1089 717 644 328 295 471 942 610 388 333 403 104 845 564
355 397 391 397 752 282 958 497 216 1054 285 295 826 405 365 495 765 475 763 551 833 430 476 740 437 905 338 487 336 380 529 635 407 305 783 215 626 584 551 911 1181 751 814 360 540 1080 181 445 199 450 555 515 829 793 643 591 924 579 184 266 895 400 696 235 874 348 347 355 414 660 821 0 641 478 1024 380 717 985 855 761 365 397 801 580 521 433 698 317 688 490 737 676 200 332 843 557 325 303 807 345 752 732 442 898 893 739 920 745 249 217 1034 912 446 925 161 322
321 294 497 500 1103 367 316 540 790 794 393 562 1113 238 607 166 148 213 364 229 516 211 763 204 931 367 321 226 370 309 114 644 1001 648 1100 444 798 360 419 548 563 116 692 317 1008 487 677 267 474 384 365 126 1143 473 11 520 662 154 456 403 699 706 636 772 488 444 394 377 230 41 419 641 0 608 615 547 899 827 290 337 290 494 343 1182 157 266 797 367 376 893 816 354 826 384 659 276 860 350 186 296 178 272 1038 1002 947 631 692 115 851 438 799 719 449 500 585 319
553 582 131 740 1224 385 855 840 691 1314 542 692 1289 498 772 455 756 600 465 693 451 469 173 559 915 973 371 383 585 574 553 988 858 194 1250 356 1045 803 814 535 1150 715 1128 555 457 1091 332 616 339 712 784 520 1297 428 602 897 492 461 421 524 1179 157 1026 379 523 662 620 270 505 647 980 478 608 0 651 753 306 1294 898 899 519 737 528 1011 453 599 237 554 881 327 273 862 647 594 1128 349 414 501 790 439 596 843 889 1313 1289 1051 1189 650 710 495 1307 1199 749 1077 316 446
855 849 657 1071 1666 775 579 1134 1231 1381 902 1094 1695 752 1160 621 675 794 277 840 200 701 807 411 1427 881 719 578 909 857 680 1253 1431 827 1674 817 1391 974 1029 116 860 628 1307 852 1092 877 943 844 827 973 976 659 1719 233 604 1130 215 527 872 899 1306 808 1250 1013 151 998 944 670 750 645 1004 1024 615 651 0 1110 762 1434 806 929 810 1065 274 1603 590 836 643 890 988 962 628 967 1222 923 1269 482 1062 846 677 756 444 866 1467 1613 1560 1246 1294 534 1273 907 1392 1326 1036 1060 884 783
255 264 629 51 559 381 830 120 362 682 222 86 585 358 64 489 607 334 833 343 955 409 813 728 411 655 421 537 202 253 446 255 538 636 563 396 297 286 223 1016 967 619 435 258 920 847 547 281 416 174 257 458 608 909 556 223 1082 584 332 235 520 734 316 614 963 112 166 512 360 542 518 380 547 753 1110 0 1041 605 633 485 301 56 843 706 520 284 991 225 383 860 1026 381 447 188 470 639 705 276 644 366 717 484 571 560 537 361 549 663 430 257 659 537 120 612 483 343
857 887 436 1034 1467 687 1112 1135 912 1621 840 972 1544 804 1052 755 1043 906 676 999 594 774 242 813 1137 1266 677 680 886 879 854 1284 1038 413 1500 648 1325 1109 1118 665 1417 999 1430 858 407 1370 540 921 625 1015 1090 821 1546 594 891 1199 554 746 709 820 1484 317 1326 535 679 957 920 576 811 939 1284 717 899 306 762 1041 0 1598 1189 1202 824 1031 742 1162 749 905 122 855 1187 311 134 1168 843 894 1433 626 512 803 1074 744 855 1145 1063 1596 1578 1353 1495 924 912 786 1613 1504 1049 1380 568 751
741 713 1163 590 736 911 932 487 934 154 764 691 655 804 630 893 763 710 1191 629 1342 844 1389 1026 867 607 924 967 714 719 799 354 1053 1218 690 957 463 499 480 1375 863 808 171 739 1523 743 1145 683 984 583 513 830 705 1298 839 403 1487 955 904 785 128 1311 288 1218 1315 654 683 1026 799 793 439 985 827 1294 1434 605 1598 0 659 507 775 591 1168 1178 913 699 1526 745 452 1455 1556 473 1031 708 171 1061 1310 796 771 856 991 568 1076 382 302 248 145 900 996 826 115 108 556 424 1073 848
500 458 782 582 1130 612 272 568 956 582 572 683 1109 463 697 446 150 379 607 310 761 462 1049 429 1044 80 580 514 528 476 358 610 1157 922 1112 689 796 354 425 770 336 199 572 495 1282 225 929 411 722 463 379 387 1149 723 297 497 905 443 681 590 537 988 567 1023 711 563 533 654 454 250 221 855 290 898 806 633 1189 659 0 178 492 577 565 1332 444 423 1086 541 285 1172 1104 275 1014 537 513 565 1117 551 132 534 385 150 1192 931 860 538 514 292 1024 637 598 554 513 254 836 549
412 370 773 436 956 559 442 404 830 457 476 547 932 414 547 449 256 312 697 220 851 432 1032 525 892 173 544 525 425 387 348 432 1021 885 936 630 620 199 264 876 490 301 401 408 1237 366 866 322 663 327 228 382 972 809 348 323 998 483 606 497 380 963 389 957 816 435 418 635 405 298 83 761 337 899 929 485 1202 507 178 0 420 431 668 1191 459 338 1110 446 110 1138 1133 105 899 429 348 602 1053 472 267 484 487 64 1055 754 685 361 364 395 899 547 465 399 366 179 775 491
45 62 388 265 856 143 605 346 499 798 103 288 886 60 350 191 402 113 532 200 654 109 627 440 648 547 148 237 98 57 176 488 710 469 863 210 590 286 295 715 816 392 610 43 816 716 446 101 242 197 265 174 908 608 295 383 784 288 190 112 660 554 514 538 662 188 134 250 64 302 492 365 290 519 810 301 824 775 492 420 0 260 545 891 222 85 751 82 375 721 782 357 539 113 609 339 633 61 444 81 437 380 747 837 799 534 671 403 561 150 789 680 247 596 354 74
214 216 610 6 610 357 773 105 405 657 196 121 629 315 121 444 551 282 788 286 914 366 808 678 467 600 391 497 164 208 395 254 589 633 611 382 330 232 174 973 911 563 419 216 932 792 554 228 405 117 203 409 655 868 502 194 1044 538 322 213 497 729 304 628 919 76 126 486 316 487 468 397 494 737 1065 56 1031 591 577 431 260 0 796 759 474 233 974 191 332 865 1009 328 486 151 446 599 721 245 588 331 665 429 623 583 553 343 523 608 475 244 636 515 65 565 484 310
589 579 482 802 1402 532 392 861 996 1125 642 833 1426 486 895 354 422 521 66 566 199 436 701 142 1179 644 474 324 643 589 407 979 1204 664 1406 587 1119 701 755 208 699 372 1036 586 985 682 756 572 602 701 702 387 1451 169 332 856 341 258 633 641 1040 676 977 838 148 731 677 449 483 375 746 801 343 528 274 843 742 1168 565 668 545 796 0 1381 323 564 622 627 718 855 625 697 1001 658 1001 244 905 587 432 500 182 603 1240 1339 1287 974 1030 276 1045 656 1133 1060 764 812 681 527
862 896 956 755 546 852 1494 801 392 1304 789 648 663 945 644 1057 1281 982 1343 1026 1409 982 937 1310 315 1360 910 1061 819 878 1067 860 180 816 604 793 714 992 929 1489 1668 1279 1043 866 810 1551 679 935 779 869 963 1062 629 1371 1186 903 1490 1148 750 778 1146 883 937 641 1454 769 804 936 952 1191 1222 580 1182 1011 1603 706 1162 1178 1332 1191 891 759 1381 0 1086 929 1189 816 1088 857 1229 1087 381 807 1105 1137 650 832 1321 901 1317 1187 143 899 944 992 1185 1294 336 746 1271 1155 825 1312 721 874
265 258 339 480 1078 238 451 547 695 902 320 510 1104 162 571 31 306 213 314 283 447 112 606 225 863 519 184 69 320 266 115 676 906 493 1083 311 801 417 457 500 718 271 762 263 852 645 532 258 336 387 410 82 1128 401 153 558 586 66 338 322 788 548 685 625 445 408 354 222 159 194 542 521 157 453 590 520 749 913 444 459 222 474 323 1086 0 248 652 303 467 736 675 445 716 334 742 148 711 266 343 185 231 398 943 1034 988 692 788 232 750 343 901 809 448 633 441 213
77 35 468 239 843 228 566 299 542 716 149 297 861 105 342 219 351 53 561 119 694 151 712 445 667 472 227 283 110 53 162 431 750 554 844 294 555 204 222 748 754 351 537 73 900 648 527 17 326 139 186 177 888 648 274 317 830 308 268 167 580 638 448 619 692 177 129 328 101 266 408 433 266 599 836 284 905 699 423 338 85 233 564 929 248 0 828 118 289 806 857 272 593 122 531 385 714 134 392 160 432 301 787 787 744 462 590 382 608 215 707 601 200 512 437 159
787 813 366 978 1450 621 996 1077 904 1539 780 928 1520 724 1009 661 938 823 556 914 472 689 252 698 1131 1164 602 585 822 807 762 1226 1051 394 1479 594 1282 1031 1046 543 1303 893 1361 788 486 1260 532 844 576 946 1014 727 1525 472 788 1132 438 643 659 761 1409 309 1261 548 557 899 857 500 730 838 1193 698 797 237 643 991 122 1526 1086 1110 751 974 622 1189 652 828 0 791 1103 371 40 1083 847 831 1359 521 546 737 967 670 741 1051 1079 1551 1527 1285 1417 814 914 733 1534 1429 986 1286 539 680
45 83 425 196 776 169 677 288 427 784 31 206 809 142 270 272 467 167 612 234 730 190 644 523 567 588 199 313 31 65 254 435 636 476 785 212 520 281 269 792 873 463 576 50 807 767 427 129 241 162 255 255 830 684 373 344 856 369 167 51 636 567 471 515 741 116 67 296 146 374 509 317 367 554 890 225 855 745 541 446 82 191 627 816 303 118 791 0 381 722 824 367 475 40 584 414 611 54 508 140 518 415 673 774 742 498 652 481 491 101 770 656 195 614 342 119
356 316 752 336 846 518 539 295 736 437 409 451 824 384 444 450 334 281 739 189 890 414 1001 577 786 283 513 526 355 330 352 324 921 844 827 582 511 104 159 924 601 372 320 352 1186 475 808 273 614 240 134 385 863 846 387 213 1035 504 547 431 324 928 288 896 864 347 341 611 376 343 136 688 376 881 988 383 1187 452 285 110 375 332 718 1088 467 289 1103 381 0 1095 1130 21 811 357 282 615 992 417 354 448 544 143 955 658 593 267 321 457 806 481 434 345 267 237 721 449
740 779 400 867 1208 579 1167 970 650 1505 698 779 1296 724 854 728 1041 826 793 919 768 713 156 877 868 1241 596 669 751 766 814 1115 745 252 1247 513 1116 1001 990 850 1452 1007 1284 743 131 1380 313 823 482 883 976 784 1291 750 889 1053 780 760 555 676 1354 188 1170 265 844 801 778 517 733 928 1213 490 893 327 962 860 311 1455 1172 1138 721 865 855 857 736 806 371 722 1095 0 407 1079 568 755 1302 661 211 679 1079 653 911 1091 768 1389 1384 1207 1373 954 636 631 1491 1373 900 1316 383 648
819 844 399 1013 1489 654 1005 1111 944 1566 813 965 1558 753 1045 685 955 851 559 940 466 716 292 708 1171 1183 633 608 855 838 785 1259 1091 434 1518 630 1318 1060 1077 533 1312 909 1392 820 519 1273 572 873 612 978 1043 751 1564 470 807 1164 419 661 694 796 1438 349 1294 588 551 933 890 531 758 857 1216 737 816 273 628 1026 134 1556 1104 1133 782 1009 625 1229 675 857 40 824 1130 407 0 1109 887 864 1388 539 586 770 983 700 752 1073 1119 1586 1562 1316 1445 827 954 768 1562 1458 1019 1308 578 712
340 300 732 332 855 500 524 298 730 457 395 446 836 364 442 429 316 261 718 169 869 394 983 556 787 279 495 505 342 314 330 337 918 827 837 565 521 96 159 902 596 353 340 336 1170 472 794 255 597 231 127 363 874 824 366 221 1014 483 533 418 346 910 304 882 843 339 329 592 357 322 145 676 354 862 967 381 1168 473 275 105 357 328 697 1087 445 272 1083 367 21 1079 1109 0 804 344 304 593 978 401 338 430 523 129 952 675 611 286 343 437 800 467 456 366 263 248 705 431
519 558 579 484 642 478 1142 565 99 1124 444 365 735 587 405 688 940 642 963 704 1029 618 604 938 299 1056 535 685 486 540 712 678 212 457 683 414 610 707 658 1109 1348 932 868 524 572 1239 316 603 399 572 676 702 726 990 829 670 1114 776 377 429 961 538 750 309 1073 465 483 555 595 841 948 200 826 647 1222 447 843 1031 1014 899 539 486 1001 381 716 593 847 475 811 568 887 804 0 477 912 757 361 477 982 535 947 880 246 868 881 800 993 934 68 388 1099 976 547 1048 343 509
68 90 465 156 743 210 688 247 421 750 56 179 773 172 237 303 473 175 645 226 766 222 681 549 547 579 240 349 14 74 274 394 628 511 750 248 481 255 235 828 871 473 538 71 836 762 456 128 276 128 226 280 795 720 391 305 894 400 199 78 601 603 432 540 775 76 26 337 175 387 489 332 384 594 923 188 894 708 537 429 113 151 658 807 334 122 831 40 357 755 864 344 477 0 549 451 637 95 514 179 542 404 664 734 701 460 618 500 488 125 736 620 155 593 373 159
576 546 997 446 728 747 786 349 820 212 605 556 670 635 507 722 604 540 1022 458 1173 674 1229 859 790 472 757 797 554 554 628 245 963 1060 692 797 409 329 316 1207 758 646 75 575 1376 633 996 514 825 422 344 659 718 1128 670 252 1317 784 747 627 52 1152 168 1073 1147 502 525 858 630 625 292 843 659 1128 1269 470 1433 171 513 348 609 446 1001 1105 742 531 1359 584 282 1302 1388 304 912 549 0 890 1167 633 616 689 825 407 990 437 360 114 81 736 886 671 190 71 402 308 919 682
385 388 263 605 1189 294 508 681 755 1049 423 615 1224 286 684 169 417 357 208 432 315 235 516 218 945 643 237 103 437 392 263 816 960 441 1199 343 930 565 602 379 801 373 909 383 786 746 517 397 358 524 556 230 1245 269 267 701 446 122 393 418 936 473 830 604 331 528 474 204 287 317 685 557 276 349 482 639 626 1061 565 602 339 599 244 1137 148 385 521 414 615 661 539 593 757 451 890 0 678 367 448 276 250 539 997 1172 1129 839 936 302 802 424 1049 957 581 773 439 302
640 682 423 722 1003 505 1162 822 449 1376 583 620 1095 653 688 695 1003 746 850 833 862 657 295 894 661 1178 540 653 637 666 763 960 534 241 1044 427 937 892 867 946 1423 977 1139 644 219 1337 188 730 395 762 864 739 1087 835 859 915 905 752 446 561 1219 261 1022 96 928 667 656 492 663 890 1120 325 860 414 1062 705 512 1310 1117 1053 633 721 905 650 711 714 546 611 992 211 586 978 361 637 1167 678 0 580 1044 582 920 1014 556 1206 1208 1064 1242 943 428 512 1357 1237 766 1224 281 568
61 102 371 250 821 116 665 342 440 829 56 248 858 113 317 235 464 172 568 253 681 155 595 490 597 605 145 267 84 86 236 489 651 430 832 166 573 321 317 746 877 454 627 64 769 777 394 149 197 212 297 230 878 636 354 396 805 332 133 55 685 519 524 484 696 169 121 241 120 363 540 303 350 501 846 276 803 796 551 472 61 245 587 832 266 134 737 54 417 679 770 401 477 95 633 367 580 0 506 90 490 435 688 828 796 550 699 462 501 89 817 704 248 645 304 66
463 426 682 593 1175 544 189 603 935 705 538 680 1166 403 708 352 42 341 476 302 629 388 948 297 1050 211 503 411 503 444 282 672 1143 835 1163 622 849 391 463 638 379 75 667 459 1195 301 859 386 653 470 409 304 1202 591 190 550 773 329 626 553 646 892 642 953 579 557 517 563 394 153 332 807 186 790 677 644 1074 771 132 267 444 588 432 1321 343 392 967 508 354 1079 983 338 982 514 616 448 1044 506 0 469 253 213 1179 1013 947 621 627 161 1000 595 719 664 530 383 765 488
121 143 307 336 912 77 612 423 509 877 147 339 948 71 408 156 427 172 478 266 591 84 552 411 680 596 67 178 166 138 186 566 721 400 922 155 660 365 376 656 847 408 691 121 754 755 394 177 187 278 345 170 968 545 298 464 716 250 160 142 740 480 595 489 606 256 204 169 81 317 560 345 296 439 756 366 744 856 534 484 81 331 500 901 185 160 670 140 448 653 700 430 535 179 689 276 582 90 469 0 415 438 758 912 877 615 750 399 566 158 868 760 325 662 301 27
475 455 513 671 1275 470 259 716 925 943 540 722 1288 378 774 259 240 383 223 407 375 335 766 45 1085 465 414 271 528 468 270 823 1137 688 1274 540 975 538 597 389 561 190 864 471 1036 523 749 436 563 559 543 262 1318 338 167 698 521 174 570 545 862 724 813 840 329 609 557 430 372 202 565 752 178 596 444 717 855 991 385 487 437 665 182 1317 231 432 741 518 544 911 752 523 947 542 825 250 920 490 253 415 0 423 1174 1180 1124 805 851 94 982 572 952 882 623 630 663 442
378 335 719 434 982 514 396 417 816 522 446 539 964 366 548 390 197 268 633 182 787 379 980 461 895 175 494 465 397 353 290 466 1013 838 965 588 649 203 274 811 482 239 454 374 1192 364 826 287 621 317 228 324 1003 744 283 349 933 420 569 466 441 913 431 918 751 421 397 582 357 233 147 732 272 843 866 484 1145 568 150 64 380 429 603 1187 398 301 1051 415 143 1091 1073 129 880 404 407 539 1014 435 213 438 423 0 1048 800 734 408 427 331 885 515 529 460 364 235 734 447
719 753 825 619 514 710 1350 672 248 1194 645 509 626 801 512 914 1138 839 1204 885 1275 839 830 1168 211 1222 768 920 676 735 924 744 37 696 567 653 616 856 795 1354 1528 1136 932 723 739 1413 557 793 641 731 826 919 601 1235 1043 777 1360 1006 608 635 1033 770 821 531 1317 629 663 797 809 1048 1089 442 1038 889 1467 571 1063 1076 1192 1055 747 623 1240 143 943 787 1079 673 955 768 1119 952 246 664 990 997 556 688 1179 758 1174 1048 0 829 864 876 1071 1151 194 602 1163 1044 689 1182 590 731
792 783 1189 578 385 939 1196 491 769 537 778 624 285 886 544 1007 991 822 1344 774 1482 936 1363 1206 621 902 974 1069 746 781 934 359 816 1186 331 956 273 642 584 1532 1196 1025 366 793 1425 1070 1078 776 975 648 637 958 335 1435 1013 482 1618 1091 892 794 440 1284 371 1127 1475 659 708 1069 885 979 717 898 1002 1313 1613 560 1596 382 931 754 837 583 1339 899 1034 787 1551 774 658 1389 1586 675 868 734 437 1172 1206 828 1013 912 1180 800 829 0 80 393 481 1102 814 818 498 433 590 746 1031 893
756 743 1163 549 449 910 1128 454 781 457 749 608 357 845 531 962 927 775 1295 720 1436 894 1349 1151 653 828 941 1027 712 742 884 313 848 1172 398 933 272 586 533 1483 1119 963 291 756 1427 993 1071 731 954 605 584 910 408 1389 958 431 1574 1043 870 766 360 1269 310 1126 1425 629 675 1038 843 921 644 893 947 1289 1560 537 1578 302 860 685 799 553 1287 944 988 744 1527 742 593 1384 1562 611 881 701 360 1129 1208 796 947 877 1124 734 864 80 0 325 401 1043 831 794 418 353 552 668 1017 860
497 472 920 342 637 666 803 242 707 324 516 448 591 568 395 669 602 481 988 412 1134 612 1141 835 677 512 683 740 467 477 582 132 849 969 606 709 307 276 240 1175 817 639 77 496 1276 690 897 447 736 338 282 610 636 1089 642 155 1276 741 655 537 161 1063 55 971 1116 405 435 784 564 602 328 739 631 1051 1246 361 1353 248 538 361 534 343 974 992 692 462 1285 498 267 1207 1316 286 800 460 114 839 1064 550 621 615 805 408 876 393 325 0 195 721 772 578 299 176 307 375 824 604
641 608 1058 523 795 811 787 429 901 133 675 635 730 692 587 770 621 593 1056 507 1208 728 1295 888 870 462 817 846 622 617 673 326 1044 1128 756 864 484 385 383 1238 728 666 145 639 1450 605 1069 573 894 490 405 706 779 1165 703 329 1354 826 817 697 43 1219 249 1148 1178 576 595 918 686 656 295 920 692 1189 1294 549 1495 145 514 364 671 523 1030 1185 788 590 1417 652 321 1373 1445 343 993 618 81 936 1242 699 627 750 851 427 1071 481 401 195 0 759 967 742 118 47 476 282 990 745
436 409 553 615 1216 465 219 650 902 849 507 678 1223 349 723 253 146 329 315 336 469 315 815 136 1047 372 414 290 486 425 227 747 1113 719 1212 540 907 460 523 484 500 96 777 432 1075 446 764 382 567 497 468 232 1254 430 108 622 614 194 560 515 772 766 732 858 424 559 510 451 341 124 471 745 115 650 534 663 924 900 292 395 403 608 276 1294 232 382 814 481 457 954 827 437 934 500 736 302 943 462 161 399 94 331 1151 1102 1043 721 759 0 962 549 859 791 561 535 674 424
536 573 637 472 575 516 1166 545 69 1097 462 354 670 613 381 722 959 659 1009 713 1082 648 672 975 232 1060 574 725 498 555 737 646 158 522 618 458 562 703 649 1161 1359 953 838 541 637 1247 382 616 446 571 673 730 660 1042 856 651 1171 813 414 449 934 605 720 378 1123 464 490 603 621 864 942 249 851 710 1273 430 912 996 1024 899 561 475 1045 336 750 608 914 491 806 636 954 800 68 488 886 802 428 501 1000 566 982 885 194 814 831 772 967 962 0 413 1069 947 539 1040 402 540
137 180 372 247 771 135 754 349 354 874 71 204 818 200 282 313 553 258 631 333 733 236 565 569 523 687 188 332 125 162 324 498 565 391 787 138 552 380 360 803 965 543 655 142 710 862 330 228 161 253 352 316 833 689 442 423 849 408 78 49 723 486 544 415 756 173 147 263 207 452 610 217 438 495 907 257 786 826 637 547 150 244 656 746 343 215 733 101 481 631 768 467 388 125 671 424 512 89 595 158 572 515 602 818 794 578 742 549 413 0 859 742 270 714 248 130
759 726 1176 636 846 929 866 539 1005 39 792 745 769 809 694 885 717 710 1162 622 1315 845 1413 990 957 536 935 961 740 736 786 423 1138 1246 802 982 559 503 501 1341 768 764 232 757 1566 654 1186 691 1012 608 523 819 819 1272 810 442 1461 937 935 815 138 1337 349 1263 1281 692 712 1036 803 761 388 1034 799 1307 1392 659 1613 115 598 465 789 636 1133 1271 901 707 1534 770 434 1491 1562 456 1099 736 190 1049 1357 817 719 868 952 529 1163 498 418 299 118 859 1069 859 0 122 592 348 1108 863
648 617 1068 515 753 818 827 417 882 150 676 623 686 705 571 789 655 609 1084 525 1235 743 1300 918 840 505 828 864 625 625 694 302 1018 1131 713 868 449 398 387 1267 775 700 112 646 1446 652 1066 584 897 493 415 726 734 1191 731 322 1380 849 819 698 20 1223 226 1143 1207 573 596 929 699 685 333 912 719 1199 1326 537 1504 108 554 399 680 515 1060 1155 809 601 1429 656 345 1373 1458 366 976 620 71 957 1237 704 664 760 882 460 1044 433 353 176 47 791 947 742 122 0 473 328 990 753
204 193 620 70 655 364 717 100 469 610 209 184 665 295 183 419 494 242 761 230 893 345 833 640 530 535 390 478 164 190 358 241 655 661 651 402 355 167 111 948 847 510 385 204 974 727 593 191 428 64 137 376 694 847 458 152 1027 508 348 229 454 755 277 672 893 99 129 489 294 438 403 446 449 749 1036 120 1049 556 513 366 247 65 764 825 448 200 986 195 267 900 1019 263 547 155 402 581 766 248 530 325 623 364 689 590 552 307 476 561 539 270 592 473 0 501 517 309
584 542 952 568 1011 736 518 510 971 329 643 686 966 592 669 625 389 490 849 396 1003 611 1211 672 1003 188 723 701 590 558 525 487 1150 1063 981 806 676 342 390 1019 450 439 380 580 1412 325 1039 496 839 477 372 559 1011 963 510 410 1149 652 778 665 315 1142 422 1128 959 585 578 814 584 460 104 925 500 1077 1060 612 1380 424 254 179 596 565 812 1312 633 512 1286 614 237 1316 1308 248 1048 593 308 773 1224 645 383 662 630 235 1182 746 668 375 282 535 1040 714 348 328 501 0 949 668
365 406 235 486 910 223 893 590 376 1123 316 408 980 372 487 422 724 466 635 555 688 378 332 643 599 897 263 391 370 391 484 736 556 155 939 146 758 623 608 769 1145 700 901 369 465 1056 93 453 114 501 597 461 985 651 584 670 770 489 174 294 971 253 788 188 737 418 395 236 381 612 845 161 585 316 884 483 568 1073 836 775 354 484 681 721 441 437 539 342 721 383 578 705 343 373 919 439 281 304 765 301 663 734 590 1031 1017 824 990 674 402 248 1108 990 517 949 0 287
107 136 315 315 886 69 636 405 482 873 122 313 924 86 383 183 446 179 505 271 616 109 553 438 652 609 80 204 147 128 208 551 694 396 897 141 639 361 367 681 866 429 681 108 746 772 380 176 174 266 340 193 943 570 321 452 739 277 137 116 733 479 582 474 632 235 185 180 95 339 564 322 319 446 783 343 751 848 549 491 74 310 527 874 213 159 680 119 449 648 712 431 509 159 682 302 568 66 488 27 442 447 731 893 860 604 745 424 540 130 863 753 309 668 287 0
