0 1528 822 69 347 1682 659 913 1175 1046 1651 1577 1146 362 765 139
1528 0 2269 1540 1202 2919 1192 2416 2551 2123 890 1250 389 1214 2294 1517
822 2269 0 778 1162 932 1466 239 1191 1458 2473 2378 1880 1059 433 774
69 1540 778 0 384 1623 719 885 1212 1108 1697 1635 1155 347 758 74
347 1202 1162 384 0 1987 398 1260 1395 1112 1316 1285 832 269 1102 398
1682 2919 932 1623 1987 0 2341 1032 2023 2379 3296 3259 2547 1806 1314 1592
659 1192 1466 719 398 2341 0 1516 1377 935 1032 917 896 662 1303 758
913 2416 239 885 1260 1032 1516 0 1007 1355 2543 2408 2027 1202 284 899
1175 2551 1191 1212 1395 2023 1377 1007 0 611 2313 2023 2209 1531 757 1279
1046 2123 1458 1108 1112 2379 935 1355 611 0 1751 1429 1829 1331 1070 1182
1651 890 2473 1697 1316 3296 1032 2543 2313 1751 0 433 980 1495 2336 1714
1577 1250 2378 1635 1285 3259 917 2408 2023 1429 433 0 1230 1517 2171 1670
1146 389 1880 1155 832 2547 896 2027 2209 1829 980 1230 0 825 1911 1129
362 1214 1059 347 269 1806 662 1202 1531 1331 1495 1517 825 0 1102 308
765 2294 433 758 1102 1314 1303 284 757 1070 2336 2171 1911 1102 0 794
139 1517 774 74 398 1592 758 899 1279 1182 1714 1670 1129 308 794 0
