0 91 1556 1618 1032 353 1405 73 1391 1025 487 419 1148 1603 392 749
91 0 1483 1626 1114 261 1471 158 1463 955 516 491 1240 1516 469 729
1556 1483 0 1507 2201 1264 2236 1584 2946 533 1955 1974 2552 1455 1948 1954
1618 1626 1507 0 1390 1639 1084 1577 2690 1315 2090 1911 1888 2663 1864 2356
1032 1114 2201 1390 0 1338 517 959 1390 1711 1250 977 501 2626 938 1643
353 261 1264 1639 1338 0 1648 412 1696 754 690 734 1498 1289 719 773
1405 1471 2236 1084 517 1648 0 1334 1894 1817 1714 1451 965 2924 1408 2092
73 158 1584 1577 959 412 1334 0 1370 1051 515 406 1085 1674 372 804
1391 1463 2946 2690 1390 1696 1894 1370 0 2416 1042 972 944 2621 999 1281
1025 955 533 1315 1711 754 1817 1051 2416 0 1443 1444 2033 1358 1417 1491
487 516 1955 2090 1250 690 1714 515 1042 1443 0 274 1159 1636 311 400
419 491 1974 1911 977 734 1451 406 972 1444 274 0 901 1846 47 674
1148 1240 2552 1888 501 1498 965 1085 944 2033 1159 901 0 2727 881 1554
1603 1516 1455 2663 2626 1289 2924 1674 2621 1358 1636 1846 2727 0 1856 1339
392 469 1948 1864 938 719 1408 372 999 1417 311 47 881 1856 0 708
749 729 1954 2356 1643 773 2092 804 1281 1491 400 674 1554 1339 708 0
