0 772 1103 590 109 852 157 1379 1632 1728 68 1604 911 454 925 1420
772 0 340 1354 761 435 757 1061 1365 2458 785 2193 915 772 703 1085
1103 340 0 1675 1099 642 1069 1168 1279 2798 1121 2428 1168 1023 761 993
590 1354 1675 0 640 1426 607 1884 1924 1292 599 1177 1353 772 1319 1777
109 761 1099 640 0 786 262 1286 1714 1706 49 1698 806 554 997 1492
852 435 642 1426 786 0 916 640 1801 2340 829 2430 528 1055 1126 1520
157 757 1069 607 262 916 0 1482 1488 1820 225 1514 1042 298 794 1285
1379 1061 1168 1884 1286 640 1482 0 2414 2513 1335 2984 556 1670 1762 2129
1632 1365 1279 1924 1714 1801 1488 2414 0 3216 1694 1972 2248 1204 729 287
1728 2458 2798 1292 1706 2340 1820 2513 3216 0 1693 1943 1982 2048 2595 3065
68 785 1121 599 49 829 225 1335 1694 1693 0 1649 854 522 983 1478
1604 2193 2428 1177 1698 2430 1514 2984 1972 1943 1649 0 2490 1421 1759 1996
911 915 1168 1353 806 528 1042 556 2248 1982 854 2490 0 1285 1533 1978
454 772 1023 772 554 1055 298 1670 1204 2048 522 1421 1285 0 548 1021
925 703 761 1319 997 1126 794 1762 729 2595 983 1759 1533 548 0 495
1420 1085 993 1777 1492 1520 1285 2129 287 3065 1478 1996 1978 1021 495 0
