0 1185 968 125 761 132 1726 1544 432 1226 1359 686 1527 815 341 1128 517
1185 0 701 1082 730 1298 2807 2465 1421 991 1625 1294 1880 374 1373 220 1556
968 701 0 843 207 1023 2693 2492 978 1492 1978 704 1179 626 1282 492 1109
125 1082 843 0 635 215 1852 1664 431 1215 1412 611 1455 720 454 1014 541
761 730 207 635 0 817 2485 2288 795 1385 1822 575 1195 544 1076 555 930
132 1298 1023 215 817 0 1673 1536 329 1353 1453 640 1466 933 378 1228 395
1726 2807 2693 1852 2485 1673 0 593 1828 2286 1785 2219 2882 2439 1448 2810 1746
1544 2465 2492 1664 2288 1536 593 0 1780 1800 1229 2159 2926 2120 1212 2510 1740
432 1421 978 431 795 329 1828 1780 0 1645 1782 391 1163 1090 698 1304 136
1226 991 1492 1215 1385 1353 2286 1800 1645 0 693 1757 2549 865 1144 1163 1743
1359 1625 1978 1412 1822 1453 1785 1229 1782 693 0 2023 2865 1397 1109 1761 1835
686 1294 704 611 575 640 2219 2159 391 1757 2023 0 843 1035 1014 1130 484
1527 1880 1179 1455 1195 1466 2882 2926 1163 2549 2865 843 0 1738 1845 1670 1186
815 374 626 720 544 933 2439 2120 1090 865 1397 1035 1738 0 1000 393 1221
341 1373 1282 454 1076 378 1448 1212 698 1144 1109 1014 1845 1000 0 1363 732
1128 220 492 1014 555 1228 2810 2510 1304 1163 1761 1130 1670 393 1363 0 1440
517 1556 1109 541 930 395 1746 1740 136 1743 1835 484 1186 1221 732 1440 0
