0 232 997 511 33 45 1426 1227 511 1311 1426 797 498 603 984 1368
232 0 1062 330 228 277 1595 1365 527 1150 1643 900 718 640 1139 1198
997 1062 0 1380 966 985 816 485 1508 1144 1219 243 1209 1597 468 2223
511 330 1380 0 523 553 1921 1695 444 1252 1935 1228 906 553 1468 869
33 228 966 523 0 57 1406 1203 542 1285 1419 768 516 636 961 1385
45 277 985 553 57 0 1391 1199 525 1341 1383 779 459 611 953 1407
1426 1595 816 1921 1406 1391 0 333 1867 1960 574 778 1329 1916 461 2790
1227 1365 485 1695 1203 1199 333 0 1709 1629 818 487 1245 1773 262 2563
511 527 1508 444 542 525 1867 1709 0 1650 1750 1304 623 116 1454 1044
1311 1150 1144 1252 1285 1341 1960 1629 1650 0 2305 1233 1788 1766 1567 1757
1426 1643 1219 1935 1419 1383 574 818 1750 2305 0 1074 1135 1764 753 2766
797 900 243 1228 768 779 778 487 1304 1233 1074 0 967 1385 338 2090
498 718 1209 906 516 459 1329 1245 623 1788 1135 967 0 629 984 1661
603 640 1597 553 636 611 1916 1773 116 1766 1764 1385 629 0 1515 1074
984 1139 468 1468 961 953 461 262 1454 1567 753 338 984 1515 0 2338
1368 1198 2223 869 1385 1407 2790 2563 1044 1757 2766 2090 1661 1074 2338 0
