0 463 263 196 1554 1585 897 1435 93 958 83 1450 997 1005 1168 13
463 0 563 653 1835 1271 1331 1011 494 1364 546 1891 538 1468 1072 456
263 563 0 352 1768 1458 786 1574 352 803 266 1345 1090 1019 1423 252
196 653 352 0 1415 1766 763 1597 168 850 119 1300 1181 816 1206 206
1554 1835 1768 1415 0 3099 1718 2307 1465 1883 1513 1931 2171 1294 1284 1568
1585 1271 1458 1766 3099 0 2115 1530 1662 2044 1649 2609 1157 2460 2234 1572
897 1331 786 763 1718 2115 0 2331 920 166 824 560 1868 480 1934 898
1435 1011 1574 1597 2307 1530 2331 0 1429 2373 1513 2886 525 2393 1064 1433
93 494 352 168 1465 1662 920 1429 0 995 108 1464 1014 982 1095 107
958 1364 803 850 1883 2044 166 2373 995 0 891 572 1893 643 2045 956
83 546 266 119 1513 1649 824 1513 108 891 0 1373 1079 922 1202 90
1450 1891 1345 1300 1931 2609 560 2886 1464 572 1373 0 2428 670 2412 1452
997 538 1090 1181 2171 1157 1868 525 1014 1893 1079 2428 0 1996 1106 992
1005 1468 1019 816 1294 2460 480 2393 982 643 922 670 1996 0 1783 1013
1168 1072 1423 1206 1284 2234 1934 1064 1095 2045 1202 2412 1106 1783 0 1176
13 456 252 206 1568 1572 898 1433 107 956 90 1452 992 1013 1176 0
