0 315 635 326 1139 1694 741 1429 1713 1452 842 894 848 0 1305 834
315 0 927 344 902 1803 1034 1179 1896 1726 1105 696 904 314 1196 672
635 927 0 704 1538 1928 106 1828 1216 822 257 1516 1271 635 1858 1444
326 344 704 0 869 2017 805 1163 1557 1446 827 1040 1152 325 1528 1012
1139 902 1538 869 0 2677 1627 294 1987 2151 1586 1299 1772 1139 1858 1350
1694 1803 1928 2017 2677 0 1975 2924 3128 2542 2176 1507 904 1695 1138 1410
741 1034 106 805 1627 1975 0 1915 1156 720 204 1619 1351 741 1950 1545
1429 1179 1828 1163 294 2924 1915 0 2194 2415 1866 1493 2023 1429 2041 1559
1713 1896 1216 1557 1987 3128 1156 2194 0 750 960 2585 2477 1712 3016 2540
1452 1726 822 1446 2151 2542 720 2415 750 0 621 2338 2041 1452 2662 2265
842 1105 257 827 1586 2176 204 1866 960 621 0 1736 1527 842 2103 1671
894 696 1516 1040 1299 1507 1619 1493 2585 2338 1736 0 698 894 561 114
848 904 1271 1152 1772 904 1351 2023 2477 2041 1527 698 0 849 669 585
0 314 635 325 1139 1695 741 1429 1712 1452 842 894 849 0 1306 835
1305 1196 1858 1528 1858 1138 1950 2041 3016 2662 2103 561 669 1306 0 534
834 672 1444 1012 1350 1410 1545 1559 2540 2265 1671 114 585 835 534 0
