0 789 1545 1553 239 1065 164 1469 1598 158 901 289 1474 531 645 385
789 0 1100 2090 645 1335 949 1440 2384 917 170 518 1917 1152 310 1060
1545 1100 0 2000 1306 1156 1637 2538 2998 1574 1206 1290 1726 2058 965 1545
1553 2090 2000 0 1518 861 1433 2996 1683 1402 2255 1658 292 1856 1789 1168
239 645 1306 1518 0 912 348 1595 1793 297 786 141 1396 765 436 415
1065 1335 1156 861 912 0 1029 2508 2019 969 1506 1025 618 1545 1025 778
164 949 1637 1433 348 1029 0 1567 1449 66 1065 437 1378 516 781 276
1469 1440 2538 2996 1595 2508 1567 0 2358 1605 1337 1491 2941 1180 1650 1841
1598 2384 2998 1683 1793 2019 1449 2358 0 1495 2477 1885 1878 1343 2229 1459
158 917 1574 1402 297 969 66 1605 1495 0 1040 400 1336 579 733 235
901 170 1206 2255 786 1506 1065 1337 2477 1040 0 651 2086 1201 480 1201
289 518 1290 1658 141 1025 437 1491 1885 400 651 0 1530 768 358 551
1474 1917 1726 292 1396 618 1378 2941 1878 1336 2086 1530 0 1847 1609 1102
531 1152 2058 1856 765 1545 516 1180 1343 579 1201 768 1847 0 1114 775
645 310 965 1789 436 1025 781 1650 2229 733 480 358 1609 1114 0 823
385 1060 1545 1168 415 778 276 1841 1459 235 1201 551 1102 775 823 0
