0 583 1109 439 88 1053 1481 248 130 1596 202 720 37 751 950 687
583 0 1692 471 672 582 923 756 544 1662 548 1297 618 169 492 1270
1109 1692 0 1405 1021 2097 2580 995 1162 1957 1185 410 1075 1861 2020 425
439 471 1405 0 503 692 1362 687 314 1254 253 995 472 609 961 1018
88 672 1021 503 0 1137 1566 202 189 1611 253 635 53 840 1028 598
1053 582 2097 692 1137 0 931 1277 958 1420 920 1687 1091 512 866 1702
1481 923 2580 1362 1566 931 0 1594 1463 2350 1471 2201 1512 761 588 2155
248 756 995 687 202 1277 1594 0 376 1811 446 656 217 915 1025 574
130 544 1162 314 189 958 1463 376 0 1474 73 759 159 712 963 750
1596 1662 1957 1254 1611 1420 2350 1811 1474 0 1402 1663 1612 1737 2138 1786
202 548 1185 253 253 920 1471 446 73 1402 0 777 229 713 991 782
720 1297 410 995 635 1687 2201 656 759 1663 777 0 689 1466 1658 150
37 618 1075 472 53 1091 1512 217 159 1612 229 689 0 786 976 652
751 169 1861 609 840 512 761 915 712 1737 713 1466 786 0 403 1438
950 492 2020 961 1028 866 588 1025 963 2138 991 1658 976 403 0 1596
687 1270 425 1018 598 1702 2155 574 750 1786 782 150 652 1438 1596 0
