0 1714 1187 778 89 180 455 1223 601 463 1573 548 625 5 840 1016
1714 0 2414 1099 1651 1797 1826 1565 1479 1605 3172 1925 1837 1708 968 2713
1187 2414 0 1331 1156 1007 754 1011 965 1650 974 646 637 1189 1853 1035
778 1099 1331 0 692 785 740 709 380 956 2080 832 737 773 672 1676
89 1651 1156 692 0 173 408 1139 515 504 1600 510 568 85 805 1067
180 1797 1007 785 173 0 289 1124 526 643 1429 372 465 182 976 916
455 1826 754 740 408 289 0 890 383 912 1345 112 177 456 1123 959
1223 1565 1011 709 1139 1124 890 0 625 1564 1955 899 745 1221 1382 1780
601 1479 965 380 515 526 383 625 0 950 1705 461 357 598 920 1341
463 1605 1650 956 504 643 912 1564 950 0 1958 1010 1072 461 638 1334
1573 3172 974 2080 1600 1429 1345 1955 1705 1958 0 1248 1354 1578 2405 673
548 1925 646 832 510 372 112 899 461 1010 1248 0 154 550 1236 903
625 1837 637 737 568 465 177 745 357 1072 1354 154 0 625 1216 1051
5 1708 1189 773 85 182 456 1221 598 461 1578 550 625 0 835 1021
840 968 1853 672 805 976 1123 1382 920 638 2405 1236 1216 835 0 1854
1016 2713 1035 1676 1067 916 959 1780 1341 1334 673 903 1051 1021 1854 0
