0 1597 1191 1690 89 1639 782 1130 1387 399 75 1275 243 107 1706 1510
1597 0 704 1163 1676 2267 892 1688 2379 1560 1524 2714 1354 1534 3127 3090
1191 704 0 656 1280 2373 813 1757 1688 1330 1117 2447 965 1170 2877 2687
1690 1163 656 0 1778 3021 1465 2405 1655 1915 1626 2965 1504 1700 3395 3098
89 1676 1280 1778 0 1597 844 1111 1411 382 162 1187 326 148 1617 1425
1639 2267 2373 3021 1597 0 1560 616 3002 1249 1653 1329 1669 1554 1503 2001
782 892 813 1465 844 1560 0 944 1937 669 717 1822 565 695 2236 2218
1130 1688 1757 2405 1111 616 944 0 2517 731 1126 1336 1107 1032 1657 1940
1387 2379 1688 1655 1411 3002 1937 2517 0 1786 1394 2222 1455 1486 2573 1991
399 1560 1330 1915 382 1249 669 731 1786 0 404 1157 436 306 1578 1564
75 1524 1117 1626 162 1653 717 1126 1394 404 0 1343 169 99 1773 1585
1275 2714 2447 2965 1187 1329 1822 1336 2222 1157 1343 0 1483 1278 430 674
243 1354 965 1504 326 1669 565 1107 1455 436 169 1483 0 204 1913 1751
107 1534 1170 1700 148 1554 695 1032 1486 306 99 1278 204 0 1709 1559
1706 3127 2877 3395 1617 1503 2236 1657 2573 1578 1773 430 1913 1709 0 733
1510 3090 2687 3098 1425 2001 2218 1940 1991 1564 1585 674 1751 1559 733 0
