0 276 963 134 437 254 496 222 446 998 969 346 1210 396 1275 468
276 0 861 406 679 457 649 383 404 1107 742 198 1421 387 1544 194
963 861 0 1068 1376 1217 751 803 1265 1948 506 667 2153 571 1781 794
134 406 1068 0 311 177 512 279 481 926 1101 478 1089 497 1166 600
437 679 1376 311 0 230 748 575 567 699 1404 784 778 805 1063 872
254 457 1217 177 230 0 689 450 368 752 1193 585 970 649 1239 646
496 649 751 512 748 689 0 282 941 1427 1016 533 1481 342 1063 768
222 383 803 279 575 450 282 0 661 1202 915 323 1350 239 1199 533
446 404 1265 481 567 368 941 661 0 738 1088 601 1156 766 1607 514
998 1107 1948 926 699 752 1427 1202 738 0 1825 1286 595 1393 1603 1248
969 742 506 1101 1404 1193 1016 915 1088 1825 0 623 2162 697 2076 577
346 198 667 478 784 585 533 323 601 1286 623 0 1553 215 1522 237
1210 1421 2153 1089 778 970 1481 1350 1156 595 2162 1553 0 1583 1234 1601
396 387 571 497 805 649 342 239 766 1393 697 215 1583 0 1383 451
1275 1544 1781 1166 1063 1239 1063 1199 1607 1603 2076 1522 1234 1383 0 1722
468 194 794 600 872 646 768 533 514 1248 577 237 1601 451 1722 0
