0 778 579 645 360 153 206 843 940 1520 954 627 662 1512 80 865
778 0 681 1011 880 699 984 1600 1221 1530 1704 1355 1437 1785 737 700
579 681 0 1177 913 426 700 1342 1464 1967 1204 860 1037 1123 498 1181
645 1011 1177 0 287 774 690 883 295 908 1332 1107 994 2154 713 555
360 880 913 287 0 496 414 778 582 1184 1115 853 780 1867 432 656
153 699 426 774 496 0 316 973 1068 1623 1005 659 745 1404 73 914
206 984 700 690 414 316 0 657 976 1596 760 453 457 1487 256 1019
843 1600 1342 883 778 973 657 0 1043 1679 622 647 399 1873 908 1411
940 1221 1464 295 582 1068 976 1043 0 649 1564 1373 1231 2448 1008 621
1520 1530 1967 908 1184 1623 1596 1679 649 0 2214 2014 1881 3027 1576 832
954 1704 1204 1332 1115 1005 760 622 1564 2214 0 352 338 1351 975 1763
627 1355 860 1107 853 659 453 647 1373 2014 352 0 249 1229 636 1473
662 1437 1037 994 780 745 457 399 1231 1881 338 249 0 1474 700 1433
1512 1785 1123 2154 1867 1404 1487 1873 2448 3027 1351 1229 1474 0 1452 2288
80 737 498 713 432 73 256 908 1008 1576 975 636 700 1452 0 891
865 700 1181 555 656 914 1019 1411 621 832 1763 1473 1433 2288 891 0
