0 1185 713 1606 1425 815 17 1429 925 1012 1199 1031 1029 568 478 1023 93
1185 0 1511 2234 2610 438 1189 1963 1270 2144 2343 2210 2015 1326 740 301 1092
713 1511 0 2261 1460 1073 696 723 468 801 994 1017 524 191 830 1241 747
1606 2234 2261 0 1823 2126 1622 2979 2531 2045 2105 1808 2340 2157 1902 2279 1625
1425 2610 1460 1823 0 2228 1422 1914 1926 688 557 445 1099 1531 1890 2435 1518
815 438 1073 2126 2228 0 815 1558 863 1723 1924 1811 1578 888 339 207 727
17 1189 696 1622 1422 815 0 1412 909 1002 1190 1025 1013 551 476 1022 99
1429 1963 723 2979 1914 1558 1412 0 694 1233 1363 1520 816 865 1428 1663 1452
925 1270 468 2531 1926 863 909 694 0 1269 1459 1481 953 426 770 972 910
1012 2144 801 2045 688 1723 1002 1233 1269 0 202 296 417 910 1404 1921 1101
1199 2343 994 2105 557 1924 1190 1363 1459 202 0 296 557 1110 1603 2122 1289
1031 2210 1017 1808 445 1811 1025 1520 1481 296 296 0 708 1086 1477 2016 1124
1029 2015 524 2340 1099 1578 1013 816 953 417 557 708 0 693 1301 1756 1098
568 1326 191 2157 1531 888 551 865 426 910 1110 1086 693 0 639 1063 586
478 740 830 1902 1890 339 476 1428 770 1404 1603 1477 1301 639 0 546 392
1023 301 1241 2279 2435 207 1022 1663 972 1921 2122 2016 1756 1063 546 0 934
93 1092 747 1625 1518 727 99 1452 910 1101 1289 1124 1098 586 392 934 0
