0 409 718 1246 454 1337 622 750 884 1143 1096 352 1669 54 797 103
409 0 355 1084 601 1601 1009 930 1189 1387 1093 738 1649 379 909 331
718 355 0 1283 701 1674 1248 982 1326 1453 1387 1067 1468 703 908 620
1246 1084 1283 0 1642 2584 1799 1969 2126 2388 456 1319 2724 1191 1977 1258
454 601 701 1642 0 1004 616 331 625 787 1542 701 1221 499 345 398
1337 1601 1674 2584 1004 0 874 692 468 221 2386 1350 1160 1392 779 1336
622 1009 1248 1799 616 874 0 624 421 746 1542 494 1631 670 762 679
750 930 982 1969 331 692 624 0 407 471 1846 910 1018 801 149 714
884 1189 1326 2126 625 468 421 407 0 324 1918 883 1291 939 551 896
1143 1387 1453 2388 787 221 746 471 324 0 2212 1193 1057 1197 559 1134
1096 1093 1387 456 1542 2386 1542 1846 1918 2212 0 1047 2721 1046 1887 1144
352 738 1067 1319 701 1350 494 910 883 1193 1047 0 1908 364 1003 455
1669 1649 1468 2724 1221 1160 1631 1018 1291 1057 2721 1908 0 1708 905 1596
54 379 703 1191 499 1392 670 801 939 1197 1046 364 1708 0 843 118
797 909 908 1977 345 779 762 149 551 559 1887 1003 905 843 0 743
103 331 620 1258 398 1336 679 714 896 1134 1144 455 1596 118 743 0
