0 1379 1542 1562 770 559 676 1000 344 1337 518 1242 30 895 1227 587
1379 0 2914 1388 782 1597 833 457 1044 963 1840 1471 1389 1667 1468 1896
1542 2914 0 2631 2283 1600 2132 2541 1871 2759 1193 2418 1537 1868 2184 1043
1562 1388 2631 0 1660 2093 1025 1513 1338 2183 2046 2480 1591 2367 448 1672
770 782 2283 1660 0 827 665 325 546 618 1126 826 766 892 1513 1355
559 1597 1600 2093 827 0 1118 1147 767 1173 419 843 529 361 1782 946
676 833 2132 1025 665 1118 0 641 355 1255 1193 1464 698 1355 848 1092
1000 457 2541 1513 325 1147 641 0 699 669 1418 1067 1004 1212 1454 1563
344 1044 1871 1338 546 767 355 699 0 1162 850 1227 361 1030 1078 865
1337 963 2759 2183 618 1173 1255 669 1162 0 1566 599 1325 1029 2099 1921
518 1840 1193 2046 1126 419 1193 1418 850 1566 0 1261 495 746 1673 602
1242 1471 2418 2480 826 843 1464 1067 1227 599 1261 0 1219 555 2293 1759
30 1389 1537 1591 766 529 698 1004 361 1325 495 1219 0 866 1258 596
895 1667 1868 2367 892 361 1355 1212 1030 1029 746 555 866 0 2091 1305
1227 1468 2184 448 1513 1782 848 1454 1078 2099 1673 2293 1258 2091 0 1245
587 1896 1043 1672 1355 946 1092 1563 865 1921 602 1759 596 1305 1245 0
