0 1729 1018 40 418 157 11 885 1252 636 1583 768 1286 254 1485 212
1729 0 761 1695 1554 1629 1740 2472 2816 1204 3195 1636 2844 1976 3170 1920
1018 761 0 990 793 950 1030 1711 2054 443 2569 1186 2083 1273 2499 1190
40 1695 990 0 421 119 48 926 1292 617 1602 736 1326 283 1511 253
418 1554 793 421 0 489 427 918 1267 350 1962 1080 1296 627 1828 481
157 1629 950 119 489 0 162 1042 1408 618 1620 623 1442 354 1552 364
11 1740 1030 48 427 162 0 880 1246 647 1572 767 1281 243 1474 205
885 2472 1711 926 918 1042 880 0 367 1268 1541 1598 401 769 1287 679
1252 2816 2054 1292 1267 1408 1246 367 0 1613 1639 1950 35 1121 1345 1044
636 1204 443 617 350 618 647 1268 1613 0 2219 1062 1642 886 2117 776
1583 3195 2569 1602 1962 1620 1572 1541 1639 2219 0 1626 1661 1340 319 1482
768 1636 1186 736 1080 623 767 1598 1950 1062 1626 0 1985 829 1680 936
1286 2844 2083 1326 1296 1442 1281 401 35 1642 1661 1985 0 1156 1365 1079
254 1976 1273 283 627 354 243 769 1121 886 1340 829 1156 0 1232 174
1485 3170 2499 1511 1828 1552 1474 1287 1345 2117 319 1680 1365 1232 0 1349
212 1920 1190 253 481 364 205 679 1044 776 1482 936 1079 174 1349 0
