0 1603 1275 1178 719 404 814 1587 1700 1510 1363 1655 1031 1291 527 946 53
1603 0 2070 442 2204 1348 1931 2092 393 3108 2752 2723 786 2624 1254 2055 1567
1275 2070 0 1829 968 1593 492 387 1900 2071 1007 674 1955 847 1676 414 1315
1178 442 1829 0 1816 906 1606 1927 690 2674 2397 2447 394 2281 812 1741 1139
719 2204 968 1816 0 1123 521 1353 2208 1144 647 1063 1735 597 1247 554 772
404 1348 1593 906 1123 0 1171 1859 1527 1788 1768 2037 669 1694 127 1311 351
814 1931 492 1606 521 1171 0 859 1855 1664 839 877 1641 698 1272 143 859
1587 2092 387 1927 1353 1859 859 0 1857 2456 1354 879 2120 1197 1926 798 1620
1700 393 1900 690 2208 1527 1855 1857 0 3205 2693 2572 1082 2553 1456 1962 1674
1510 3108 2071 2674 1144 1788 1664 2456 3205 0 1242 1899 2451 1353 1904 1674 1542
1363 2752 1007 2397 647 1768 839 1354 2693 1242 0 658 2360 160 1890 745 1416
1655 2723 674 2447 1063 2037 877 879 2572 1899 658 0 2515 554 2143 734 1705
1031 786 1955 394 1735 669 1641 2120 1082 2451 2360 2515 0 2264 548 1783 982
1291 2624 847 2281 597 1694 698 1197 2553 1353 160 554 2264 0 1814 594 1344
527 1254 1676 812 1247 127 1272 1926 1456 1904 1890 2143 548 1814 0 1413 474
946 2055 414 1741 554 1311 143 798 1962 1674 745 734 1783 594 1413 0 993
53 1567 1315 1139 772 351 859 1620 1674 1542 1416 1705 982 1344 474 993 0
