0 1159 1295 838 492 87 1069 237 844 366 1426 1228 1224 298 929 363
1159 0 1172 941 753 1230 1636 1277 1926 1466 2503 2139 2207 1385 1979 1326
1295 1172 0 1769 1334 1292 791 1186 2093 1319 2644 2522 1602 1589 2195 1651
838 941 1769 0 454 923 1834 1072 1234 1196 1745 1280 2057 846 1241 705
492 753 1334 454 0 578 1390 694 1175 855 1749 1403 1700 649 1225 573
87 1230 1292 923 578 0 1014 166 817 279 1394 1231 1137 299 910 398
1069 1636 791 1834 1390 1014 0 850 1643 868 2113 2149 821 1285 1760 1409
237 1277 1186 1072 694 166 850 0 906 190 1465 1356 1005 442 1010 558
844 1926 2093 1234 1175 817 1643 906 0 796 585 528 1316 557 119 601
366 1466 1319 1196 855 279 868 190 796 0 1326 1285 861 443 909 590
1426 2503 2644 1745 1749 1394 2113 1465 585 1326 0 575 1596 1143 524 1177
1228 2139 2522 1280 1403 1231 2149 1356 528 1285 575 0 1839 933 410 888
1224 2207 1602 2057 1700 1137 821 1005 1316 861 1596 1839 0 1258 1430 1415
298 1385 1589 846 649 299 1285 442 557 443 1143 933 1258 0 635 156
929 1979 2195 1241 1225 910 1760 1010 119 909 524 410 1430 635 0 654
363 1326 1651 705 573 398 1409 558 601 590 1177 888 1415 156 654 0
