0 528 1166 155 394 253 1247 516 1688 179 241 95 828 748 663 566
528 0 1141 673 891 314 1764 994 2069 470 376 619 514 958 135 909
1166 1141 0 1273 1477 1227 1729 1603 1415 1300 976 1225 714 545 1195 1730
155 673 1273 0 239 375 1130 364 1654 244 394 60 981 812 805 465
394 891 1477 239 0 579 1007 128 1669 427 634 300 1221 981 1018 347
253 314 1227 375 579 0 1498 680 1919 156 261 328 738 900 438 613
1247 1764 1729 1130 1007 1498 0 998 990 1375 1402 1170 1881 1214 1900 1298
516 994 1603 364 128 680 998 0 1728 524 757 424 1345 1101 1117 302
1688 2069 1415 1654 1669 1919 990 1728 0 1864 1706 1659 1922 1150 2189 2016
179 470 1300 244 427 156 1375 524 1864 0 327 214 872 915 592 473
241 376 976 394 634 261 1402 757 1706 327 0 333 587 644 509 788
95 619 1225 60 300 328 1170 424 1659 214 333 0 921 778 752 506
828 514 714 981 1221 738 1881 1345 1922 872 587 921 0 779 519 1346
748 958 545 812 981 900 1214 1101 1150 915 644 778 779 0 1064 1276
663 135 1195 805 1018 438 1900 1117 2189 592 509 752 519 1064 0 1009
566 909 1730 465 347 613 1298 302 2016 473 788 506 1346 1276 1009 0
