0 55 1638 691 852 1465 1010 1634 1482 967 558 1472 328 1181 1299 207
55 0 1583 730 878 1429 1005 1658 1458 941 613 1468 274 1156 1263 230
1638 1583 0 2166 2170 1234 1808 2782 1616 1415 2197 2117 1314 1532 1206 1717
691 730 2166 0 1268 1575 774 1992 1407 1011 546 2062 917 1856 1424 811
852 878 2170 1268 0 2297 1834 782 2334 1819 746 875 1078 971 2132 648
1465 1429 1234 1575 2297 0 878 3066 402 565 1909 2685 1225 2172 166 1656
1010 1005 1808 774 1834 878 0 2611 639 398 1239 2470 974 2095 759 1214
1634 1658 2782 1992 782 3066 2611 0 3116 2600 1446 841 1841 1321 2902 1429
1482 1458 1616 1407 2334 402 639 3116 0 518 1831 2838 1316 2372 414 1687
967 941 1415 1011 1819 565 398 2600 518 0 1358 2331 802 1887 413 1170
558 613 2197 546 746 1909 1239 1446 1831 1358 0 1590 886 1496 1745 518
1472 1468 2117 2062 875 2685 2470 841 2838 2331 1590 0 1529 585 2536 1285
328 274 1314 917 1078 1225 974 1841 1316 802 886 1529 0 1121 1062 461
1181 1156 1532 1856 971 2172 2095 1321 2372 1887 1496 585 1121 0 2034 1046
1299 1263 1206 1424 2132 166 759 2902 414 413 1745 2536 1062 2034 0 1490
207 230 1717 811 648 1656 1214 1429 1687 1170 518 1285 461 1046 1490 0
