0 1695 1597 1634 1319 237 1088 1007 1279 714 1235 540 587 1591 333 220
1695 0 1345 3043 625 1918 2734 722 2375 2006 1611 1619 2273 3210 1422 1487
1597 1345 0 3232 1634 1693 2217 1360 1399 1351 2365 1931 2100 2565 1572 1523
1634 3043 3232 0 2467 1568 1624 2335 2565 2107 1630 1436 1210 1912 1726 1735
1319 625 1634 2467 0 1556 2406 366 2298 1822 985 1088 1847 2907 996 1098
237 1918 1693 1568 1556 0 850 1240 1152 601 1419 714 411 1353 568 458
1088 2734 2217 1624 2406 850 0 2083 1068 866 2166 1489 684 506 1417 1308
1007 722 1360 2335 366 1240 2083 0 1931 1460 1052 902 1568 2577 709 789
1279 2375 1399 2565 2298 1152 1068 1931 0 565 2504 1819 1378 1249 1539 1413
714 2006 1351 2107 1822 601 866 1460 565 0 1943 1254 897 1256 984 857
1235 1611 2365 1630 985 1419 2166 1052 2504 1943 0 705 1487 2661 972 1094
540 1619 1931 1436 1088 714 1489 902 1819 1254 705 0 834 1993 362 448
587 2273 2100 1210 1847 411 684 1568 1378 897 1487 834 0 1173 859 785
1591 3210 2565 1912 2907 1353 506 2577 1249 1256 2661 1993 1173 0 1922 1810
333 1422 1572 1726 996 568 1417 709 1539 984 972 362 859 1922 0 128
220 1487 1523 1735 1098 458 1308 789 1413 857 1094 448 785 1810 128 0
