0 29 637 926 254 1279 1539 1699 1628 1619 1604 917 1633 128 511 1439
29 0 622 902 245 1302 1542 1695 1602 1636 1589 918 1604 153 484 1425
637 622 0 1162 387 1885 2132 2226 1151 1471 966 493 1487 758 766 1855
926 902 1162 0 1014 1793 1344 1246 1426 2508 1911 1635 933 973 436 752
254 245 387 1014 0 1503 1785 1922 1450 1493 1352 688 1584 371 578 1616
1279 1302 1885 1793 1503 0 1162 1573 2893 2113 2830 1975 2707 1150 1591 1754
1539 1542 2132 1344 1785 1162 0 432 2755 2973 3066 2455 2220 1455 1459 839
1699 1695 2226 1246 1922 1573 432 0 2668 3239 3106 2610 2017 1643 1485 560
1628 1602 1151 1426 1450 2893 2755 2668 0 2464 934 1481 901 1754 1353 2141
1619 1636 1471 2508 1493 2113 2973 3239 2464 0 1734 1006 2957 1631 2071 3053
1604 1589 966 1911 1352 2830 3066 3106 934 1734 0 939 1755 1724 1623 2661
917 918 493 1635 688 1975 2455 2610 1481 1006 939 0 1960 1001 1217 2292
1633 1604 1487 933 1584 2707 2220 2017 901 2957 1755 1960 0 1729 1155 1458
128 153 758 973 371 1150 1455 1643 1754 1631 1724 1001 1729 0 584 1422
511 484 766 436 578 1591 1459 1485 1353 2071 1623 1217 1155 584 0 1089
1439 1425 1855 752 1616 1754 839 560 2141 3053 2661 2292 1458 1422 1089 0
