0 246 216 688 42 272 728 189 656 728 613 46 444 177 497 521 798 244 716 110 756 398 526 441 168 371 843 512 62 525 814 762 254 344 392 702 744 61 292 500 44 26 104 392 845 740 618 57 98 779 583 157 796 520 74 98 183 414 13 164 251 265 87 421 168 10 775 164 423 546 597 275 303 255 229 542 741 540
246 0 54 672 226 26 974 432 896 485 407 283 464 74 328 275 568 294 668 176 950 480 571 236 374 447 603 270 187 486 594 918 86 136 340 926 713 198 349 523 278 230 288 378 623 851 521 271 187 915 678 144 1003 628 226 321 349 614 242 259 322 27 207 582 390 252 690 371 604 631 820 259 109 276 455 746 571 665
216 54 0 627 203 69 944 394 854 512 409 247 413 40 313 307 618 310 711 130 898 426 519 235 359 465 627 316 163 526 604 924 131 133 295 910 670 160 367 472 252 204 275 329 674 797 570 231 141 926 696 92 953 643 211 300 298 563 214 262 336 81 195 529 371 219 738 356 552 650 805 208 95 297 436 737 625 677
688 672 627 0 718 667 1169 709 936 783 549 668 245 645 449 716 1086 907 1338 602 730 330 203 546 845 1052 831 811 693 1152 680 1433 757 578 331 1275 66 644 963 196 728 703 793 304 1159 404 1193 640 607 1460 1271 581 820 1209 747 776 541 592 699 835 924 695 746 477 831 680 1361 841 534 1232 1183 431 576 904 873 1176 1205 1227
42 226 203 718 0 252 748 223 689 711 609 88 476 163 500 501 765 203 674 122 798 436 561 436 159 336 828 485 40 483 807 745 221 336 413 707 772 74 253 532 52 17 81 418 810 781 575 99 113 758 554 163 837 492 32 97 225 457 30 124 213 241 44 464 168 53 732 156 466 514 601 296 295 213 232 538 700 515
272 26 69 667 252 0 1000 456 919 458 383 308 466 97 309 249 549 316 676 197 967 489 574 213 400 468 576 248 214 497 568 942 100 116 336 953 706 222 371 524 304 256 315 378 605 859 525 295 208 937 699 161 1022 650 252 348 368 633 268 284 345 30 233 597 416 277 693 397 621 651 847 264 95 297 482 772 563 688
728 974 944 1169 748 1000 0 558 285 1456 1323 698 965 906 1191 1249 1491 804 1140 823 636 853 966 1159 621 773 1571 1231 786 1005 1528 638 962 1068 1018 271 1236 784 796 989 696 743 699 979 1524 930 1149 718 810 720 771 872 582 724 754 656 718 577 731 768 780 989 775 692 595 724 1247 623 636 785 290 922 1026 836 534 414 1352 683
189 432 394 709 223 456 558 0 467 904 765 148 469 359 634 701 987 380 844 267 595 381 516 600 200 459 1016 700 251 659 969 731 443 512 478 583 772 234 410 512 175 211 220 452 1034 653 772 163 255 768 625 315 624 558 244 169 177 267 197 307 373 452 264 318 169 182 919 198 296 600 483 371 470 402 180 467 918 559
656 896 854 936 689 919 285 467 0 1352 1184 614 762 822 1043 1158 1454 813 1230 724 351 646 739 1036 614 836 1459 1166 718 1066 1388 855 910 960 847 519 1001 698 825 773 639 678 670 797 1500 655 1198 625 712 927 908 768 305 849 707 618 575 358 664 753 797 917 727 466 581 649 1324 614 410 907 489 773 919 840 539 583 1369 822
728 485 512 783 711 458 1456 904 1352 0 234 758 711 550 358 211 356 736 904 636 1332 796 811 320 857 867 119 278 672 788 207 1356 518 393 565 1408 784 672 780 749 762 714 772 628 429 1122 726 740 648 1335 1081 588 1402 1047 711 807 777 1028 725 729 767 473 691 959 875 731 859 854 999 1030 1303 593 434 708 940 1220 595 1094
613 407 409 549 609 383 1323 765 1184 234 0 632 491 449 143 231 557 698 984 507 1125 586 584 174 768 848 299 344 569 833 205 1325 474 275 354 1316 551 552 751 523 655 607 684 415 631 894 810 609 519 1319 1077 457 1200 1031 620 706 613 842 615 666 728 409 604 760 777 614 965 765 806 1027 1210 411 314 677 841 1146 740 1070
46 283 247 668 88 308 698 148 614 758 632 0 423 211 510 554 841 284 758 126 709 367 497 463 177 403 873 552 106 567 835 771 298 370 386 688 726 86 329 476 65 72 133 378 889 700 663 28 113 793 607 175 750 543 118 107 145 368 58 204 289 303 133 377 168 36 819 173 378 572 583 270 328 298 222 539 788 559
444 464 413 245 476 466 965 469 762 711 491 423 0 423 353 584 956 670 1117 365 640 115 110 411 599 812 790 658 453 927 674 1188 544 404 151 1046 305 403 725 59 484 460 549 91 1024 417 983 395 369 1215 1028 351 720 964 506 530 297 404 456 596 686 490 507 298 586 436 1151 596 353 990 950 206 387 670 629 936 1027 982
177 74 40 645 163 97 906 359 822 550 449 211 423 0 350 343 641 278 695 103 879 425 526 275 319 432 666 344 122 507 644 886 125 174 316 870 691 125 335 482 212 164 235 343 695 794 560 197 113 889 663 78 931 608 170 260 277 541 175 225 302 98 154 514 331 181 728 316 534 617 764 217 135 267 395 697 631 640
497 328 313 449 500 309 1191 634 1043 358 143 510 353 350 0 268 637 621 966 387 982 443 452 111 660 774 439 370 461 798 344 1237 409 193 211 1198 466 436 677 391 541 495 579 273 709 764 801 484 400 1239 1006 340 1057 955 516 594 475 698 501 575 648 339 503 616 665 496 964 656 662 959 1093 271 220 604 727 1039 772 990
521 275 307 716 501 249 1249 701 1158 211 231 554 584 343 268 0 374 528 756 435 1169 648 692 174 646 665 330 113 463 615 357 1153 308 204 433 1197 734 468 575 633 553 505 561 493 444 1001 581 538 447 1137 886 390 1233 848 500 597 589 849 517 518 560 262 480 793 664 525 734 643 827 835 1092 426 241 502 729 1010 513 892
798 568 618 1086 765 549 1491 987 1454 356 557 841 956 641 637 374 0 691 656 745 1515 1012 1065 548 870 773 411 306 736 608 559 1234 543 560 806 1379 1099 761 712 1006 816 776 796 865 74 1372 493 834 755 1192 939 710 1571 926 750 844 917 1182 790 723 719 543 729 1142 897 806 578 868 1169 890 1280 784 588 660 956 1173 290 979
244 294 310 907 203 316 804 380 813 736 698 284 670 278 621 528 691 0 474 305 975 638 761 530 199 154 856 468 217 283 875 628 225 430 586 692 958 268 57 728 222 220 161 603 720 984 392 301 301 621 386 327 1004 334 170 211 427 640 230 80 31 289 164 661 232 254 540 198 658 339 590 476 400 31 278 492 557 372
716 668 711 1338 674 676 1140 844 1230 904 984 758 1117 695 966 756 656 474 0 759 1437 1102 1216 855 646 395 1005 647 681 192 1099 666 581 781 1007 934 1381 732 434 1176 696 692 632 1038 634 1456 178 774 758 601 391 765 1457 421 642 679 900 1109 703 553 472 646 632 1135 679 727 118 647 1130 361 862 912 771 461 701 735 374 469
110 176 130 602 122 197 823 267 724 636 507 126 365 103 387 435 745 305 759 0 776 344 459 337 276 450 748 445 91 567 709 868 220 245 290 811 655 49 360 423 154 112 203 299 799 707 638 104 13 881 673 49 827 613 148 208 174 438 115 233 322 201 144 415 278 108 803 273 432 632 706 175 202 305 339 653 728 638
756 950 898 730 798 967 636 595 351 1332 1125 709 640 879 982 1169 1515 975 1437 776 0 539 570 1014 791 1046 1422 1209 811 1254 1314 1175 994 965 771 863 788 772 1005 623 760 782 814 709 1573 361 1366 705 768 1240 1173 806 91 1108 826 764 601 341 768 900 969 976 842 375 758 746 1514 790 345 1160 818 744 932 995 742 891 1496 1093
398 480 426 330 436 489 853 381 646 796 586 367 115 425 443 648 1012 638 1102 344 539 0 135 482 537 769 883 707 423 910 777 1111 551 452 232 945 395 371 689 137 432 419 500 170 1076 370 982 343 344 1144 973 347 615 908 468 472 225 288 411 560 649 508 474 183 518 389 1147 533 237 940 853 228 426 644 553 849 1052 920
526 571 519 203 561 574 966 516 739 811 584 497 110 526 452 692 1065 761 1216 459 570 135 0 518 670 897 883 768 543 1026 757 1246 649 514 259 1074 269 492 813 61 562 545 629 201 1133 312 1087 472 460 1279 1105 451 655 1041 593 604 359 390 538 684 774 597 596 275 652 516 1254 667 332 1070 984 311 497 764 688 983 1136 1054
441 236 235 546 436 213 1159 600 1036 320 174 463 411 275 111 174 548 530 855 337 1014 482 518 0 594 681 422 265 395 690 372 1154 309 101 260 1143 569 381 584 459 482 434 510 322 619 829 689 441 350 1151 912 288 1082 864 446 533 461 707 443 493 559 241 430 639 604 442 853 591 679 864 1037 272 140 511 668 972 664 901
168 374 359 845 159 400 621 200 614 857 768 177 599 319 660 646 870 199 646 276 791 537 670 594 0 258 976 613 199 465 964 595 345 493 560 552 904 227 216 652 123 165 85 555 906 845 587 205 266 616 438 321 813 372 149 70 311 467 161 147 184 383 167 511 34 172 726 3 496 407 446 442 453 227 86 379 756 383
371 447 465 1052 336 468 773 459 836 867 848 403 812 432 774 665 773 154 395 450 1046 769 897 681 258 0 986 592 359 233 1019 488 373 583 737 614 1105 408 97 868 338 352 270 750 789 1098 376 426 444 473 232 477 1063 183 305 305 548 726 358 217 130 439 305 766 290 380 488 260 753 185 522 624 554 170 306 405 585 226
843 603 627 831 828 576 1571 1016 1459 119 299 873 790 666 439 330 411 856 1005 748 1422 883 883 422 976 986 0 395 788 899 172 1475 638 504 651 1528 822 787 899 822 879 830 891 713 477 1192 828 853 761 1453 1198 700 1495 1165 829 924 883 1127 842 848 887 592 809 1052 993 847 952 973 1096 1147 1422 692 546 828 1058 1340 677 1212
512 270 316 811 485 248 1231 700 1166 278 344 552 658 344 370 113 306 468 647 445 1209 707 768 265 613 592 395 0 451 515 455 1080 268 256 509 1155 834 468 508 710 538 493 532 566 369 1071 470 541 456 1058 803 407 1267 770 476 574 614 879 506 474 499 248 455 836 636 519 621 611 864 752 1051 479 281 439 700 959 403 818
62 187 163 693 40 214 786 251 718 672 569 106 453 122 461 463 736 217 681 91 811 423 543 395 199 359 788 451 0 488 766 782 192 295 381 748 746 51 271 511 90 42 118 390 783 777 572 106 85 793 582 126 854 522 58 137 224 470 55 142 232 204 53 467 209 70 733 196 474 541 642 266 255 221 273 579 684 548
525 486 526 1152 483 497 1005 659 1066 788 833 567 927 507 798 615 608 283 192 567 1254 910 1026 690 465 233 899 515 488 0 970 629 399 608 822 830 1197 540 249 987 506 500 444 851 607 1264 146 582 567 584 333 576 1279 331 450 492 708 922 512 363 285 467 440 945 499 535 260 466 941 286 745 724 593 270 528 622 373 385
814 594 604 680 807 568 1528 969 1388 207 205 835 674 644 344 357 559 875 1099 709 1314 777 757 372 964 1019 172 455 766 970 0 1504 650 470 549 1514 664 753 925 698 854 806 879 607 630 1058 921 812 722 1491 1242 660 1392 1202 815 904 818 1042 815 852 906 591 797 956 975 815 1061 960 1004 1191 1409 615 511 851 1040 1340 802 1245
762 918 924 1433 745 942 638 731 855 1356 1325 771 1188 886 1237 1153 1234 628 666 868 1175 1111 1246 1154 595 488 1475 1080 782 629 1504 0 854 1053 1155 370 1494 819 578 1237 718 755 664 1150 1237 1358 764 800 858 86 295 908 1152 311 724 666 892 946 754 661 598 916 735 1033 603 767 784 599 996 344 366 1037 1018 652 559 286 998 262
254 86 131 757 221 100 962 443 910 518 474 298 544 125 409 308 543 225 581 220 994 551 649 309 345 373 638 268 192 399 650 854 0 215 425 891 799 223 277 603 273 232 263 460 591 920 438 294 227 845 603 204 1042 556 209 306 394 654 246 210 256 69 188 635 367 262 607 343 651 554 786 338 194 203 431 702 507 596
344 136 133 578 336 116 1068 512 960 393 275 370 404 174 193 204 560 430 781 245 965 452 514 101 493 583 504 256 295 608 470 1053 215 0 258 1043 611 285 485 458 384 335 409 312 625 815 623 349 257 1051 815 196 1028 765 345 433 387 645 344 391 458 145 328 590 504 346 790 490 623 767 938 225 42 412 569 871 629 801
392 340 295 331 413 336 1018 478 847 565 354 386 151 316 211 433 806 586 1007 290 771 232 259 260 560 737 651 509 381 822 549 1155 425 258 0 1060 375 338 643 201 437 401 493 62 874 568 861 358 299 1171 963 259 845 904 439 489 303 495 401 520 607 363 433 406 554 387 1030 556 454 921 958 117 249 580 608 924 887 928
702 926 910 1275 707 953 271 583 519 1408 1316 688 1046 870 1198 1197 1379 692 934 811 863 945 1074 1143 552 614 1528 1155 748 830 1514 370 891 1043 1060 0 1341 764 666 1082 660 708 637 1035 1400 1109 977 714 798 453 546 859 824 514 701 610 760 711 700 681 662 935 719 818 539 702 1049 555 769 572 105 949 1003 723 474 208 1197 464
744 713 670 66 772 706 1236 772 1001 784 551 726 305 691 466 734 1099 958 1381 655 788 395 269 569 904 1105 822 834 746 1197 664 1494 799 611 375 1341 0 698 1014 260 786 758 849 355 1173 451 1231 698 661 1519 1327 631 878 1265 802 834 602 658 755 888 977 735 799 543 891 737 1399 900 600 1287 1248 481 613 954 934 1240 1233 1284
61 198 160 644 74 222 784 234 698 672 552 86 403 125 436 468 761 268 732 49 772 371 492 381 227 408 787 468 51 540 753 819 223 285 338 764 698 0 321 460 105 63 155 343 812 726 620 73 39 833 628 95 818 567 103 158 177 431 66 192 282 219 104 421 229 61 782 223 431 588 658 221 243 272 291 603 725 590
292 349 367 963 253 371 796 410 825 780 751 329 725 335 677 575 712 57 434 360 1005 689 813 584 216 97 899 508 271 249 925 578 277 485 643 666 1014 321 0 782 265 270 199 659 736 1030 372 349 356 568 329 383 1030 279 221 244 474 675 279 129 40 343 217 703 250 302 509 217 696 282 567 532 456 74 286 461 556 319
500 523 472 196 532 524 989 512 773 749 523 476 59 482 391 633 1006 728 1176 423 623 137 61 459 652 868 822 710 511 987 698 1237 603 458 201 1082 260 460 782 0 538 517 604 147 1075 373 1042 449 427 1265 1083 411 707 1019 563 583 345 418 511 653 743 548 564 306 637 491 1210 648 363 1046 988 265 444 729 677 980 1083 1035
44 278 252 728 52 304 696 175 639 762 655 65 484 212 541 553 816 222 696 154 760 432 562 482 123 338 879 538 90 506 854 718 273 384 437 660 786 105 265 538 0 48 68 434 861 764 607 89 143 736 544 201 795 480 68 53 210 421 39 143 225 293 88 439 123 49 761 119 435 508 555 319 342 238 186 498 743 498
26 230 204 703 17 256 743 211 678 714 607 72 460 164 495 505 776 220 692 112 782 419 545 434 165 352 830 493 42 500 806 755 232 335 401 708 758 63 270 517 48 0 91 404 822 764 592 82 102 770 568 156 822 506 50 98 207 440 14 141 230 247 61 446 170 36 750 161 449 529 603 284 294 230 234 543 715 528
104 288 275 793 81 315 699 220 670 772 684 133 549 235 579 561 796 161 632 203 814 500 629 510 85 270 891 532 118 444 879 664 263 409 493 637 849 155 199 604 68 91 0 495 836 831 552 156 194 678 478 244 845 416 64 52 278 479 93 86 160 298 81 504 104 112 701 82 497 441 532 376 370 181 168 462 701 436
392 378 329 304 418 378 979 452 797 628 415 378 91 343 273 493 865 603 1038 299 709 170 201 322 555 750 713 566 390 851 607 1150 460 312 62 1035 355 343 659 147 434 404 495 0 933 507 899 350 305 1171 972 277 785 910 446 485 275 442 402 533 621 403 444 348 546 385 1067 552 398 931 936 127 297 600 596 909 936 932
845 623 674 1159 810 605 1524 1034 1500 429 631 889 1024 695 709 444 74 720 634 799 1573 1076 1133 619 906 789 477 369 783 607 630 1237 591 625 874 1400 1173 812 736 1075 861 822 836 933 0 1439 481 884 808 1191 941 767 1626 933 793 885 972 1237 837 759 747 597 772 1202 935 853 546 904 1227 893 1304 848 650 689 992 1193 259 987
740 851 797 404 781 859 930 653 655 1122 894 700 417 794 764 1001 1372 984 1456 707 361 370 312 829 845 1098 1192 1071 777 1264 1058 1358 920 815 568 1109 451 726 1030 373 764 764 831 507 1439 0 1346 682 705 1407 1278 715 452 1211 814 792 556 411 753 904 990 878 823 335 818 729 1509 843 363 1252 1038 597 793 994 832 1075 1422 1212
618 521 570 1193 575 525 1149 772 1198 726 810 663 983 560 801 581 493 392 178 638 1366 982 1087 689 587 376 828 470 572 146 921 764 438 623 861 977 1231 620 372 1042 607 592 552 899 481 1346 0 674 641 713 470 636 1397 474 545 603 796 1029 605 466 403 497 531 1038 621 628 168 588 1041 426 891 777 618 371 658 769 233 528
57 271 231 640 99 295 718 163 625 740 609 28 395 197 484 538 834 301 774 104 705 343 472 441 205 426 853 541 106 582 812 800 294 349 358 714 698 73 349 449 89 82 156 350 884 682 674 0 92 821 633 153 749 569 132 135 125 363 71 221 309 293 143 364 196 47 832 202 369 598 610 241 307 312 250 567 791 586
98 187 141 607 113 208 810 255 712 648 519 113 369 113 400 447 755 301 758 13 768 344 460 350 266 444 761 456 85 567 722 858 227 257 299 798 661 39 356 427 143 102 194 305 808 705 641 92 0 872 666 62 818 606 141 196 167 429 104 227 317 211 138 409 266 96 805 262 424 626 693 182 215 303 327 641 734 629
779 915 926 1460 758 937 720 768 927 1335 1319 793 1215 889 1239 1137 1192 621 601 881 1240 1144 1279 1151 616 473 1453 1058 793 584 1491 86 845 1051 1171 453 1519 833 568 1265 736 770 678 1171 1191 1407 713 821 872 0 256 918 1221 289 734 686 921 997 770 664 592 910 743 1078 628 785 719 619 1044 307 442 1054 1019 642 591 348 946 249
583 678 696 1271 554 699 771 625 908 1081 1077 607 1028 663 1006 886 939 386 391 673 1173 973 1105 912 438 232 1198 803 582 333 1242 295 603 815 963 546 1327 628 329 1083 544 568 478 972 941 1278 470 633 666 256 0 704 1173 66 525 501 748 882 572 443 360 670 529 943 461 591 509 441 920 51 484 848 786 402 447 357 703 88
157 144 92 581 163 161 872 315 768 588 457 175 351 78 340 390 710 327 765 49 806 347 451 288 321 477 700 407 126 576 660 908 204 196 259 859 631 95 383 411 201 156 244 277 767 715 636 153 62 918 704 0 860 646 184 253 206 471 161 261 347 171 176 438 325 156 803 317 460 661 754 150 154 323 387 699 710 673
796 1003 953 820 837 1022 582 624 305 1402 1200 750 720 931 1057 1233 1571 1004 1457 827 91 615 655 1082 813 1063 1495 1267 854 1279 1392 1152 1042 1028 845 824 878 818 1030 707 795 822 845 785 1626 452 1397 749 818 1221 1173 860 0 1110 863 793 654 389 807 932 995 1029 881 443 779 786 1539 812 405 1165 789 810 993 1026 757 873 1537 1090
520 628 643 1209 492 650 724 558 849 1047 1031 543 964 608 955 848 926 334 421 613 1108 908 1041 864 372 183 1165 770 522 331 1202 311 556 765 904 514 1265 567 279 1019 480 506 416 910 933 1211 474 569 606 289 66 646 1110 0 465 436 683 815 509 385 306 622 470 876 394 528 534 375 853 61 442 788 734 353 380 314 705 54
74 226 211 747 32 252 754 244 707 711 620 118 506 170 516 500 750 170 642 148 826 468 593 446 149 305 829 476 58 450 815 724 209 345 439 701 802 103 221 563 68 50 64 446 793 814 545 132 141 734 525 184 863 465 0 97 257 485 61 91 181 237 21 495 164 85 701 145 496 485 595 323 305 180 229 526 675 490
98 321 300 776 97 348 656 169 618 807 706 107 530 260 594 597 844 211 679 208 764 472 604 533 70 305 924 574 137 492 904 666 306 433 489 610 834 158 244 583 53 98 52 485 885 792 603 135 196 686 501 253 793 436 97 0 247 430 92 138 206 334 118 461 71 102 750 67 452 468 504 371 392 232 135 445 753 451
183 349 298 541 225 368 718 177 575 777 613 145 297 277 475 589 917 427 900 174 601 225 359 461 311 548 883 614 224 708 818 892 394 387 303 760 602 177 474 345 210 207 278 275 972 556 796 125 167 921 748 206 654 683 257 247 0 264 196 347 434 375 267 244 293 173 956 308 257 715 660 205 348 438 332 639 900 695
414 614 563 592 457 633 577 267 358 1028 842 368 404 541 698 849 1182 640 1109 438 341 288 390 707 467 726 1127 879 470 922 1042 946 654 645 495 711 658 431 675 418 421 440 479 442 1237 411 1029 363 429 997 882 471 389 815 485 430 264 0 426 563 637 639 501 114 436 404 1180 465 59 861 632 435 608 658 436 663 1154 810
13 242 214 699 30 268 731 197 664 725 615 58 456 175 501 517 790 230 703 115 768 411 538 443 161 358 842 506 55 512 815 754 246 344 401 700 755 66 279 511 39 14 93 402 837 753 605 71 104 770 572 161 807 509 61 92 196 426 0 150 238 260 74 434 163 23 762 157 436 534 595 283 303 242 226 538 730 530
164 259 262 835 124 284 768 307 753 729 666 204 596 225 575 518 723 80 553 233 900 560 684 493 147 217 848 474 142 363 852 661 210 391 520 681 888 192 129 653 143 141 86 533 759 904 466 221 227 664 443 261 932 385 91 138 347 563 150 0 89 261 88 581 176 174 618 145 579 400 577 407 356 95 233 492 616 415
251 322 336 924 213 345 780 373 797 767 728 289 686 302 648 560 719 31 472 322 969 649 774 559 184 130 887 499 232 285 906 598 256 458 607 662 977 282 40 743 225 230 160 621 747 990 403 309 317 592 360 347 995 306 181 206 434 637 238 89 0 318 178 664 218 261 545 184 657 315 561 495 427 60 259 461 577 342
265 27 81 695 241 30 989 452 917 473 409 303 490 98 339 262 543 289 646 201 976 508 597 241 383 439 592 248 204 467 591 916 69 145 363 935 735 219 343 548 293 247 298 403 597 878 497 293 211 910 670 171 1029 622 237 334 375 639 260 261 318 0 217 609 401 271 666 380 631 622 829 286 125 269 466 751 543 661
87 207 195 746 44 233 775 264 727 691 604 133 507 154 503 480 729 164 632 144 842 474 596 430 167 305 809 455 53 440 797 735 188 328 433 719 799 104 217 564 88 61 81 444 772 823 531 143 138 743 529 176 881 470 21 118 267 501 74 88 178 217 0 508 183 97 689 164 511 488 613 319 290 171 248 542 657 497
421 582 529 477 464 597 692 318 466 959 760 377 298 514 616 793 1142 661 1135 415 375 183 275 639 511 766 1052 836 467 945 956 1033 635 590 406 818 543 421 703 306 439 446 504 348 1202 335 1038 364 409 1078 943 438 443 876 495 461 244 114 434 581 664 609 508 0 484 410 1197 509 57 917 735 368 556 675 498 755 1143 877
168 390 371 831 168 416 595 169 581 875 777 168 586 331 665 664 897 232 679 278 758 518 652 604 34 290 993 636 209 499 975 603 367 504 554 539 891 229 250 637 123 170 104 546 935 818 621 196 266 628 461 325 779 394 164 71 293 436 163 176 218 401 183 484 0 170 760 33 466 433 433 437 464 259 65 374 788 402
10 252 219 680 53 277 724 182 649 731 614 36 436 181 496 525 806 254 727 108 746 389 516 442 172 380 847 519 70 535 815 767 262 346 387 702 737 61 302 491 49 36 112 385 853 729 628 47 96 785 591 156 786 528 85 102 173 404 23 174 261 271 97 410 170 0 786 169 413 554 597 269 304 265 230 545 751 547
775 690 738 1361 732 693 1247 919 1324 859 965 819 1151 728 964 734 578 540 118 803 1514 1147 1254 853 726 488 952 621 733 260 1061 784 607 790 1030 1049 1399 782 509 1210 761 750 701 1067 546 1509 168 832 805 719 509 803 1539 534 701 750 956 1180 762 618 545 666 689 1197 760 786 0 727 1197 476 974 944 785 522 789 847 289 585
164 371 356 841 156 397 623 198 614 854 765 173 596 316 656 643 868 198 647 273 790 533 667 591 3 260 973 611 196 466 960 599 343 490 556 555 900 223 217 648 119 161 82 552 904 843 588 202 262 619 441 317 812 375 145 67 308 465 157 145 184 380 164 509 33 169 727 0 493 410 449 438 450 226 88 382 755 387
423 604 552 534 466 621 636 296 410 999 806 378 353 534 662 827 1169 658 1130 432 345 237 332 679 496 753 1096 864 474 941 1004 996 651 623 454 769 600 431 696 363 435 449 497 398 1227 363 1041 369 424 1044 920 460 405 853 496 452 257 59 436 579 657 631 511 57 466 413 1197 493 0 897 688 406 588 674 473 715 1156 851
546 631 650 1232 514 651 785 600 907 1030 1027 572 990 617 959 835 890 339 361 632 1160 940 1070 864 407 185 1147 752 541 286 1191 344 554 767 921 572 1287 588 282 1046 508 529 441 931 893 1252 426 598 626 307 51 661 1165 61 485 468 715 861 534 400 315 622 488 917 433 554 476 410 897 0 503 807 738 354 425 375 658 108
597 820 805 1183 601 847 290 483 489 1303 1210 583 950 764 1093 1092 1280 590 862 706 818 853 984 1037 446 522 1422 1051 642 745 1409 366 786 938 958 105 1248 658 567 988 555 603 532 936 1304 1038 891 610 693 442 484 754 789 442 595 504 660 632 595 577 561 829 613 735 433 597 974 449 688 503 0 847 897 622 369 127 1107 397
275 259 208 431 296 264 922 371 773 593 411 270 206 217 271 426 784 476 912 175 744 228 311 272 442 624 692 479 266 724 615 1037 338 225 117 949 481 221 532 265 319 284 376 127 848 597 777 241 182 1054 848 150 810 788 323 371 205 435 283 407 495 286 319 368 437 269 944 438 406 807 847 0 197 473 492 808 828 812
303 109 95 576 295 95 1026 470 919 434 314 328 387 135 220 241 588 400 771 202 932 426 497 140 453 554 546 281 255 593 511 1018 194 42 249 1003 613 243 456 444 342 294 370 297 650 793 618 307 215 1019 786 154 993 734 305 392 348 608 303 356 427 125 290 556 464 304 785 450 588 738 897 197 0 384 528 832 639 769
255 276 297 904 213 297 836 402 840 708 677 298 670 267 604 502 660 31 461 305 995 644 764 511 227 170 828 439 221 270 851 652 203 412 580 723 954 272 74 729 238 230 181 600 689 994 371 312 303 642 402 323 1026 353 180 232 438 658 242 95 60 269 171 675 259 265 522 226 674 354 622 473 384 0 308 522 529 393
229 455 436 873 232 482 534 180 539 940 841 222 629 395 727 729 956 278 701 339 742 553 688 668 86 306 1058 700 273 528 1040 559 431 569 608 474 934 291 286 677 186 234 168 596 992 832 658 250 327 591 447 387 757 380 229 135 332 436 226 233 259 466 248 498 65 230 789 88 473 425 369 492 528 308 0 316 836 379
542 746 737 1176 538 772 414 467 583 1220 1146 539 936 697 1039 1010 1173 492 735 653 891 849 983 972 379 405 1340 959 579 622 1340 286 702 871 924 208 1240 603 461 980 498 543 462 909 1193 1075 769 567 641 348 357 699 873 314 526 445 639 663 538 492 461 751 542 755 374 545 847 382 715 375 127 808 832 522 316 0 989 270
741 571 625 1205 700 563 1352 918 1369 595 740 788 1027 631 772 513 290 557 374 728 1496 1052 1136 664 756 585 677 403 684 373 802 998 507 629 887 1197 1233 725 556 1083 743 715 701 936 259 1422 233 791 734 946 703 710 1537 705 675 753 900 1154 730 616 577 543 657 1143 788 751 289 755 1156 658 1107 828 639 529 836 989 0 759
540 665 677 1227 515 688 683 559 822 1094 1070 559 982 640 990 892 979 372 469 638 1093 920 1054 901 383 226 1212 818 548 385 1245 262 596 801 928 464 1284 590 319 1035 498 528 436 932 987 1212 528 586 629 249 88 673 1090 54 490 451 695 810 530 415 342 661 497 877 402 547 585 387 851 108 397 812 769 393 379 270 759 0
