0 42 80 738 22 333 823 605 699 71 127 498 695 743 559 397 481 179 100 167 77 608 107 101 627 194 75 376 414 715 694 183 706 691 271 514 160 826 707 757 571 523 863 255 858 326 771 603 511 441 554 290 378 452 113 574 79 224 734 320 461 58 705 553 344 830 257 669 3 284 412 356 46 166 781 372 168 266 535 5 482 72 498 520 262 608 43 475 482 16 101 57 16 201 786 152 309 170 536 702 89 570 677 834 409 276 424 427 437 303 606 859 113 235 528 321
42 0 123 719 20 352 788 608 735 32 162 456 653 778 573 427 520 221 121 165 67 600 135 139 585 168 102 334 417 758 653 220 729 670 286 504 196 844 677 721 578 564 872 260 898 289 814 577 523 416 519 252 407 411 156 595 89 182 716 316 423 85 692 586 303 842 259 685 43 250 396 386 70 208 816 380 153 291 541 43 524 43 478 559 226 628 56 437 499 58 142 15 35 178 789 192 349 204 565 730 122 568 635 847 369 314 465 394 404 291 646 892 106 271 546 303
80 123 0 790 103 299 884 620 642 152 93 577 776 687 529 338 404 99 115 188 143 619 79 70 708 248 90 452 408 635 774 112 680 744 248 531 96 810 758 832 555 450 866 277 778 393 691 646 512 487 628 369 321 527 41 531 123 303 785 330 539 85 724 502 424 824 261 656 79 359 461 316 75 88 711 381 227 244 522 80 406 149 553 443 339 589 91 553 472 65 44 137 89 266 798 92 231 132 498 663 77 569 753 828 482 216 344 500 497 351 526 790 150 183 490 357
738 719 790 0 727 1071 1153 383 977 691 729 701 692 994 1291 1129 1160 872 677 874 661 1259 845 736 675 822 701 729 1122 1278 580 901 725 50 1005 1159 886 690 1147 389 1286 1006 547 534 1479 805 1304 1118 496 994 358 538 1112 769 790 1313 668 690 23 1009 455 706 1318 840 547 603 968 598 741 503 329 720 784 827 1486 496 569 657 1247 744 1008 675 240 1199 532 636 774 447 566 746 766 716 745 540 423 773 998 725 748 820 718 1254 852 611 783 795 1085 387 906 439 1251 1569 818 757 1265 949
22 20 103 727 0 343 805 606 717 50 144 476 673 761 567 413 502 201 109 166 68 604 121 120 605 180 87 354 416 738 672 203 717 679 279 509 179 834 691 738 575 544 867 256 879 307 794 590 516 428 535 270 394 431 136 585 81 202 724 318 440 70 699 570 322 835 258 676 23 265 402 371 57 188 800 375 158 278 539 23 503 54 487 541 243 618 46 455 490 38 122 35 18 188 786 173 330 187 551 716 105 569 655 840 388 295 446 409 420 295 627 877 108 253 538 311
333 352 299 1071 343 0 825 919 829 381 387 680 894 876 230 143 329 266 412 214 410 388 229 368 826 307 385 543 160 639 930 216 942 1022 71 332 213 1086 663 1045 267 579 1159 576 695 442 710 529 806 406 851 579 120 595 320 243 409 447 1067 180 742 375 509 723 613 1110 148 939 330 591 746 576 287 315 522 680 502 531 239 328 519 395 830 354 564 864 297 757 759 328 338 356 325 531 1096 363 247 417 747 903 377 313 804 1114 542 450 331 735 482 637 464 586 260 442 194 284
823 788 884 1153 805 825 0 1278 1522 777 950 458 501 1566 846 967 1151 951 906 715 832 563 828 925 490 635 890 491 691 1455 621 916 1494 1108 782 536 891 1582 175 850 754 1327 1553 994 1519 499 1523 307 1248 421 795 711 945 420 925 942 868 629 1166 647 706 874 493 1375 662 1552 700 1424 822 761 978 1173 808 967 1307 1108 856 1073 733 819 1277 798 989 1179 744 1385 794 712 1250 837 920 773 808 833 1441 972 1027 992 1348 1511 910 645 311 1559 438 1097 1138 797 386 938 1288 1351 735 1058 888 557
605 608 620 383 606 919 1278 0 602 594 532 829 913 614 1149 930 903 668 511 772 541 1209 695 551 870 764 539 791 1019 952 828 711 342 373 867 1111 707 337 1218 707 1174 676 276 350 1167 821 966 1148 141 996 573 568 919 858 600 1143 526 682 362 924 603 552 1297 478 616 279 863 217 608 518 302 414 650 616 1231 238 468 401 1139 611 693 571 326 938 538 254 649 604 216 604 580 614 619 470 180 562 768 506 383 437 543 1175 1019 287 847 526 824 501 943 348 965 1315 714 506 1106 904
699 735 642 977 717 829 1522 602 0 749 572 1161 1324 47 1013 745 599 594 622 825 699 1213 707 597 1263 889 634 1059 984 453 1279 641 309 957 823 1142 659 457 1400 1234 1085 265 637 591 674 1024 433 1286 481 1128 1051 892 751 1138 600 955 661 907 958 946 1020 650 1331 159 957 547 876 419 700 852 756 360 715 564 854 531 705 467 1063 702 324 730 837 614 851 352 729 1029 415 685 603 750 714 744 673 551 583 530 234 197 612 1142 1354 544 1101 425 541 932 1136 701 571 929 792 464 949 995
71 32 152 691 50 381 777 594 749 0 180 431 625 792 600 459 552 251 128 186 58 614 167 158 557 172 115 313 439 786 622 252 730 642 313 517 229 840 672 688 601 587 861 249 929 277 841 577 515 417 486 220 439 391 183 624 91 160 689 334 390 101 703 598 272 834 281 681 73 217 371 396 102 236 848 371 131 297 563 73 548 23 450 591 194 627 87 405 496 87 167 24 67 151 775 214 380 219 572 736 139 586 614 840 352 333 496 362 396 268 677 925 128 288 574 311
127 162 93 729 144 387 950 532 572 180 0 608 795 616 617 407 437 144 67 276 139 711 173 26 728 320 65 493 501 627 779 181 589 685 340 623 175 717 833 811 647 409 773 199 791 452 677 727 420 566 607 368 393 571 67 612 102 340 721 422 531 79 815 426 430 730 354 563 128 346 402 230 151 98 758 293 193 151 614 130 375 164 497 476 332 496 161 543 379 114 49 178 142 238 708 47 270 43 412 578 40 663 794 735 531 152 367 475 564 292 545 840 230 108 574 441
498 456 577 701 476 680 458 829 1161 431 608 0 213 1201 823 807 948 670 547 481 470 660 558 589 146 380 543 136 627 1210 269 656 1077 653 611 571 629 1146 449 456 770 1017 1101 584 1334 239 1269 448 816 375 346 278 783 98 612 891 509 274 712 523 248 530 678 1004 218 1107 531 993 499 326 527 801 508 664 1201 685 457 694 734 498 979 444 530 985 317 965 490 255 831 514 598 440 487 422 986 646 786 644 958 1112 569 693 196 1115 146 760 906 338 262 504 1083 1267 464 713 832 418
695 653 776 692 673 894 501 913 1324 625 795 213 0 1360 1031 1020 1158 872 730 694 656 846 764 778 68 593 730 350 837 1411 121 862 1201 653 825 764 835 1246 562 351 973 1204 1170 734 1543 453 1467 604 931 568 349 434 997 303 808 1102 693 477 710 735 316 719 843 1164 369 1192 745 1102 696 472 620 966 711 861 1415 816 623 859 938 696 1170 634 589 1195 474 1089 693 312 960 711 791 638 686 581 1047 836 993 827 1107 1251 757 889 194 1200 356 943 1112 416 456 633 1291 1480 673 895 1043 628
743 778 687 994 761 876 1566 614 47 792 616 1201 1360 0 1060 792 644 641 664 871 741 1261 753 641 1300 934 677 1101 1032 485 1313 688 303 975 870 1189 706 442 1446 1261 1132 310 628 626 702 1068 458 1332 500 1174 1081 929 798 1179 645 1001 703 949 974 993 1054 693 1378 196 995 537 923 421 744 888 784 400 760 610 892 560 744 507 1111 747 370 773 863 658 889 360 774 1062 437 730 648 793 758 782 673 596 630 574 260 191 656 1189 1395 533 1143 471 587 964 1181 734 611 967 837 508 996 1041
559 573 529 1291 567 230 846 1149 1013 600 617 823 1031 1060 0 268 438 490 642 417 635 300 457 598 968 489 615 695 195 735 1088 442 1158 1242 288 310 443 1306 672 1230 101 751 1387 806 721 587 808 539 1035 477 1046 779 264 728 550 100 637 634 1289 306 932 604 415 925 802 1336 327 1163 556 799 969 797 513 541 469 910 725 759 113 554 690 616 1050 443 771 1086 520 947 986 556 568 575 550 751 1326 591 437 646 961 1110 607 209 907 1339 677 668 477 940 582 862 543 506 473 666 67 405
397 427 338 1129 413 143 967 930 745 459 407 807 1020 792 268 0 192 264 452 327 473 505 292 395 952 428 427 670 289 504 1048 227 900 1082 199 464 242 1053 805 1144 345 483 1148 607 552 573 576 670 804 549 945 674 23 727 341 222 460 557 1122 323 843 422 628 660 716 1090 284 916 395 677 799 548 357 314 396 694 562 529 329 393 423 468 891 213 653 836 372 857 748 387 364 436 395 599 1100 370 175 425 702 846 411 420 941 1093 674 419 213 822 623 689 323 468 359 427 205 425
481 520 404 1160 502 329 1151 903 599 552 437 948 1158 644 438 192 0 305 498 471 546 697 395 436 1089 572 481 813 482 311 1170 300 804 1118 370 656 325 964 993 1236 527 335 1087 625 385 726 383 859 766 730 1032 772 211 879 387 363 521 682 1150 504 942 483 820 547 824 1018 454 845 479 763 837 492 453 340 329 684 624 512 516 479 278 552 933 39 743 761 471 956 699 467 410 533 485 667 1059 390 172 435 609 732 458 610 1100 1019 827 378 78 903 793 729 137 412 485 406 371 599
179 221 99 872 201 266 951 668 594 251 144 670 872 641 490 264 305 0 197 237 240 628 122 136 804 320 177 541 404 540 874 50 677 828 237 550 65 819 815 931 533 376 896 344 678 473 599 695 547 540 727 469 252 614 83 475 216 396 865 352 639 178 742 470 524 845 281 673 178 458 544 310 162 51 618 431 320 270 504 178 326 249 638 345 438 598 180 652 496 164 107 235 186 361 840 106 133 161 485 644 155 566 840 849 567 187 245 597 567 434 426 699 219 176 441 404
100 121 115 677 109 412 906 511 622 128 67 547 730 664 642 452 498 197 0 267 78 707 185 61 664 289 28 438 508 694 712 224 608 632 357 614 211 726 798 745 662 473 765 163 858 406 744 698 412 537 540 301 436 516 113 647 39 285 670 418 463 41 805 470 363 730 354 569 102 278 348 267 140 158 816 275 127 170 627 105 441 108 441 538 265 509 143 476 382 94 90 134 115 171 690 114 328 97 444 609 41 666 736 735 479 213 431 409 523 237 610 896 213 165 605 420
167 165 188 874 166 214 715 772 825 186 276 481 694 871 417 327 471 237 267 0 232 440 117 250 625 101 240 345 252 753 722 201 866 825 142 348 176 991 578 830 414 613 1031 422 856 255 818 461 679 303 637 366 304 407 228 453 246 233 873 152 528 225 540 690 398 997 94 834 165 382 557 505 127 260 723 540 317 426 376 162 562 206 634 506 354 771 124 543 648 172 232 163 153 337 952 280 321 318 687 852 246 403 629 1002 355 402 438 524 334 455 608 793 58 372 399 169
77 67 143 661 68 410 832 541 699 58 139 470 656 741 635 473 546 240 78 232 0 667 184 123 589 230 74 360 483 762 643 253 672 613 347 570 233 782 729 690 643 549 806 194 916 333 814 635 458 475 486 232 455 439 161 652 38 208 657 383 400 65 758 546 292 778 326 623 80 217 335 343 123 214 853 315 91 241 607 82 514 34 421 585 199 569 115 413 438 86 141 73 85 125 722 181 373 174 516 680 101 635 658 783 402 290 484 357 452 227 665 932 173 243 605 367
608 600 619 1259 604 388 563 1209 1213 614 711 660 846 1261 300 505 697 628 707 440 667 0 539 686 791 449 680 560 229 1007 928 578 1298 1209 392 100 565 1429 388 1109 200 967 1472 860 1017 463 1079 269 1120 286 955 721 489 562 654 401 686 569 1263 289 837 665 123 1098 719 1437 357 1274 605 757 968 931 567 669 770 979 743 863 191 602 907 637 1030 712 729 1208 564 851 1088 612 664 594 593 752 1389 705 635 751 1111 1272 685 92 687 1442 521 814 714 877 397 877 819 803 496 794 357 312
107 135 79 845 121 229 828 695 707 167 173 558 764 753 457 292 395 122 185 117 184 539 0 149 695 197 157 425 328 656 776 98 758 798 172 453 71 890 695 855 478 498 944 349 778 351 717 578 590 421 654 385 272 496 115 468 180 287 841 251 555 146 646 574 432 903 182 736 104 385 518 393 64 143 681 458 276 324 444 102 449 175 605 432 361 669 80 570 552 100 124 144 103 309 874 167 228 211 575 739 153 489 722 908 447 285 348 530 444 409 526 757 97 258 423 287
101 139 70 736 120 368 925 551 597 158 26 589 778 641 598 395 436 136 61 250 123 686 149 0 711 294 49 472 477 638 766 168 615 691 318 597 158 742 807 805 625 428 796 212 797 427 690 701 442 540 600 355 380 549 53 596 89 319 729 397 520 59 790 451 415 754 329 588 102 336 407 257 125 97 755 312 188 176 592 105 391 145 502 476 320 522 135 533 403 88 31 154 117 232 728 57 267 69 439 604 22 639 773 758 508 175 369 469 539 297 549 835 204 133 557 414
627 585 708 675 605 826 490 870 1263 557 728 146 68 1300 968 952 1089 804 664 625 589 791 695 711 0 524 663 282 773 1343 142 793 1149 633 757 707 767 1200 530 363 912 1138 1132 674 1474 386 1399 558 880 510 321 371 929 240 740 1037 627 408 691 669 268 652 796 1104 306 1150 678 1053 628 411 572 904 642 793 1347 761 559 796 876 628 1103 567 550 1126 411 1037 624 266 906 643 724 570 618 519 1011 769 924 761 1049 1195 690 831 179 1158 291 877 1043 369 397 577 1222 1413 604 829 978 563
194 168 248 822 180 307 635 764 889 172 320 380 593 934 489 428 572 320 289 101 230 449 197 294 524 0 267 243 304 849 623 292 898 771 236 350 266 1011 513 743 467 694 1033 422 958 156 913 409 688 248 557 292 404 306 289 537 257 145 823 189 443 251 532 746 314 1007 165 853 192 319 520 550 173 332 823 544 296 459 428 190 646 196 586 607 290 797 159 458 667 206 286 157 178 302 944 337 418 363 731 896 283 432 529 1013 255 463 536 454 249 427 708 891 100 426 480 139
75 102 90 701 87 385 890 539 634 115 65 543 730 677 615 427 481 177 28 240 74 680 157 49 663 267 0 429 480 688 717 200 631 655 329 588 186 751 779 757 634 475 793 191 846 391 739 677 439 515 553 306 411 507 94 620 40 275 695 391 471 16 779 484 366 757 327 594 77 287 372 284 113 143 796 302 142 191 599 80 440 99 464 521 271 533 117 484 408 68 71 116 90 185 718 106 310 104 463 629 27 639 728 761 467 218 416 422 506 261 597 876 187 172 578 396
376 334 452 729 354 543 491 791 1059 313 493 136 350 1101 695 670 813 541 438 345 360 560 425 472 282 243 429 0 500 1081 393 524 1005 679 475 465 497 1090 431 550 648 898 1067 504 1199 108 1141 389 756 276 399 223 647 78 489 759 399 153 737 391 282 414 597 905 186 1062 395 932 376 273 497 701 380 540 1064 616 368 596 611 374 857 330 525 849 253 895 362 295 759 391 477 319 363 342 959 527 653 532 868 1028 453 581 301 1069 56 646 773 343 177 447 948 1130 330 601 700 290
414 417 408 1122 416 160 691 1019 984 439 501 627 837 1032 195 289 482 404 508 252 483 229 328 477 773 304 480 500 0 793 893 353 1079 1071 166 174 342 1216 523 1038 164 738 1272 669 830 391 865 387 919 293 859 597 271 533 439 269 494 447 1121 114 743 467 349 872 614 1232 157 1064 411 621 809 711 369 448 619 783 569 651 125 408 679 459 883 503 593 994 371 758 880 415 452 415 401 588 1199 488 407 538 889 1048 480 163 718 1236 481 591 490 758 391 707 612 671 310 575 210 210
715 758 635 1278 738 639 1455 952 453 786 627 1210 1411 485 735 504 311 540 694 753 762 1007 656 638 1343 849 688 1081 793 0 1405 558 741 1244 673 968 585 900 1300 1432 830 275 1063 769 223 1005 72 1167 811 1033 1229 994 522 1152 603 649 727 936 1263 810 1158 696 1130 491 1054 979 754 824 714 973 982 558 702 550 427 781 819 631 823 715 271 779 1079 295 959 742 720 1171 736 699 621 773 724 864 1071 581 432 605 583 639 661 919 1378 977 1103 501 317 1098 1086 888 193 493 753 547 669 898
694 653 774 580 672 930 621 828 1279 622 779 269 121 1313 1088 1048 1170 874 712 722 643 928 776 766 142 623 717 393 893 1405 0 870 1132 543 860 841 845 1164 672 229 1039 1182 1075 689 1551 501 1456 700 860 644 255 411 1025 368 802 1152 678 491 598 785 259 708 937 1119 351 1104 785 1026 695 438 546 927 717 855 1445 757 594 822 1002 695 1153 627 501 1208 448 1021 699 250 897 709 783 639 688 550 950 824 1001 807 1055 1190 744 963 311 1112 415 921 1118 349 531 578 1299 1515 692 872 1093 683
183 220 112 901 203 216 916 711 641 252 181 656 862 688 442 227 300 50 224 201 253 578 98 168 793 292 200 524 353 558 870 0 728 856 186 502 26 870 776 940 483 415 944 380 681 448 620 653 593 501 737 472 212 594 114 431 235 385 895 305 643 197 693 520 523 895 235 722 180 467 572 361 153 99 599 473 339 317 453 180 361 255 665 338 445 648 171 658 544 169 136 233 185 378 886 150 131 205 536 695 183 516 819 898 544 237 250 609 535 462 429 678 195 226 395 364
706 729 680 725 717 942 1494 342 309 730 589 1077 1201 303 1158 900 804 677 608 866 672 1298 758 615 1149 898 631 1005 1079 741 1132 728 0 716 913 1211 737 162 1402 1038 1210 493 328 500 965 1002 732 1307 271 1146 883 799 898 1080 644 1122 641 866 704 1010 885 648 1404 261 859 239 941 127 708 750 585 367 739 631 1103 391 638 440 1181 711 536 707 642 830 761 112 747 889 246 697 635 741 722 663 371 592 725 548 198 112 620 1242 1274 237 1056 492 731 785 1123 574 818 1184 817 504 1102 1027
691 670 744 50 679 1022 1108 373 957 642 685 653 653 975 1242 1082 1118 828 632 825 613 1209 798 691 633 771 655 679 1071 1244 543 856 716 0 956 1108 840 692 1098 364 1235 974 560 493 1443 754 1272 1068 476 943 314 487 1065 720 745 1265 622 640 58 959 407 660 1267 816 497 610 918 590 694 453 283 687 736 784 1444 463 522 619 1197 696 973 627 192 1157 482 622 725 399 543 698 721 667 697 491 434 730 955 683 725 807 673 1203 808 618 734 757 1044 336 856 394 1212 1525 769 718 1217 899
271 286 248 1005 279 71 782 867 823 313 340 611 825 870 288 199 370 237 357 142 347 392 172 318 757 236 329 475 166 673 860 186 913 956 0 320 176 1051 627 973 307 583 1114 521 747 375 742 496 760 360 779 508 175 529 275 312 349 375 1002 137 670 317 508 706 541 1070 85 901 268 521 681 545 224 281 589 629 437 489 273 265 526 329 764 400 494 829 232 685 718 268 291 288 262 464 1046 323 256 375 722 882 324 329 742 1074 476 424 357 665 425 574 508 655 190 409 261 229
514 504 531 1159 509 332 536 1111 1142 517 623 571 764 1189 310 464 656 550 614 348 570 100 453 597 707 350 588 465 174 968 841 502 1211 1108 320 0 486 1339 362 1015 224 903 1376 764 999 365 1040 229 1026 197 857 621 445 472 568 406 591 468 1162 201 739 572 193 1020 620 1344 271 1183 512 656 868 847 475 588 772 884 645 773 198 509 845 540 929 676 628 1119 471 753 996 520 576 497 499 652 1292 620 573 663 1028 1191 594 125 617 1349 429 734 663 777 310 777 785 815 401 711 353 211
160 196 96 886 179 213 891 707 659 229 175 629 835 706 443 242 325 65 211 176 233 565 71 158 767 266 186 497 342 585 845 26 737 840 176 486 0 876 752 917 478 438 945 370 708 421 647 631 592 477 715 449 225 567 107 438 218 358 881 287 620 180 678 534 499 897 216 726 158 445 557 369 128 105 620 468 321 317 447 157 385 232 649 363 422 654 146 634 546 148 127 208 161 359 883 150 157 203 546 707 171 505 792 901 518 249 276 588 510 447 455 698 168 232 399 341
826 844 810 690 834 1086 1582 337 457 840 717 1146 1246 442 1306 1053 964 819 726 991 782 1429 890 742 1200 1011 751 1090 1216 900 1164 870 162 692 1051 1339 876 0 1503 1041 1353 655 195 595 1123 1100 888 1416 334 1257 910 873 1050 1162 777 1275 754 961 667 1140 932 767 1531 423 929 104 1071 159 828 823 627 510 863 771 1266 476 733 566 1323 831 698 816 663 991 838 221 869 935 344 819 765 854 842 750 282 728 878 678 355 261 744 1379 1340 98 1143 638 890 831 1223 644 980 1346 939 644 1252 1146
707 677 758 1147 691 663 175 1218 1400 672 833 449 562 1446 672 805 993 815 798 578 729 388 695 807 530 513 779 431 523 1300 672 776 1402 1098 627 362 752 1503 0 890 579 1191 1494 907 1353 402 1369 135 1170 274 795 653 784 378 800 768 763 541 1157 490 691 762 326 1259 616 1484 549 1343 705 702 928 1063 685 838 1135 1027 769 968 558 703 1137 695 955 1018 680 1296 673 700 1163 719 798 664 691 754 1389 850 879 877 1242 1407 796 470 372 1490 374 975 984 768 279 871 1127 1177 608 939 715 411
757 721 832 389 738 1045 850 707 1234 688 811 456 351 1261 1230 1144 1236 931 745 830 690 1109 855 805 363 743 757 550 1038 1432 229 940 1038 364 973 1015 917 1041 890 0 1194 1184 923 670 1603 655 1475 904 773 823 204 470 1123 551 851 1280 717 599 410 924 302 754 1134 1078 431 966 908 920 759 473 477 907 791 901 1537 703 617 812 1156 760 1167 685 399 1276 494 933 775 287 826 770 829 710 755 573 797 859 1064 828 1000 1114 783 1132 539 975 588 932 1174 336 714 550 1354 1612 788 885 1224 833
571 578 555 1286 575 267 754 1174 1085 601 647 770 973 1132 101 345 527 533 662 414 643 200 478 625 912 467 634 648 164 830 1039 483 1210 1235 307 224 478 1353 579 1194 0 827 1421 825 822 541 903 450 1067 407 1019 760 335 672 582 201 651 609 1285 277 902 622 314 987 775 1376 319 1205 568 785 972 844 525 582 569 936 731 795 38 565 766 620 1047 536 756 1132 529 917 1024 571 598 577 560 751 1353 628 502 681 1015 1170 631 110 837 1380 623 718 558 921 517 869 638 602 472 709 163 360
523 564 450 1006 544 579 1327 676 265 587 409 1017 1204 310 751 483 335 376 473 613 549 967 498 428 1138 694 475 898 738 275 1182 415 493 974 583 903 438 655 1191 1184 827 0 803 514 492 843 298 1068 535 916 985 773 491 975 410 690 511 746 991 714 926 487 1087 232 836 723 647 560 523 743 720 287 525 362 611 511 587 372 807 524 60 573 815 352 734 476 541 938 460 507 421 580 535 631 801 372 331 376 315 406 448 891 1200 723 931 261 276 855 943 634 325 691 593 310 686 779
863 872 866 547 867 1159 1553 276 637 861 773 1101 1170 628 1387 1148 1087 896 765 1031 806 1472 944 796 1132 1033 793 1067 1272 1063 1075 944 328 560 1114 1376 945 195 1494 923 1421 803 0 612 1286 1097 1058 1423 354 1269 822 844 1141 1133 839 1368 785 957 524 1184 868 807 1564 573 891 92 1120 243 866 794 574 602 906 845 1402 492 739 627 1388 869 837 837 582 1117 814 328 907 867 401 860 823 879 878 744 126 795 977 741 487 439 792 1432 1288 97 1123 729 1009 767 1219 624 1121 1485 975 723 1338 1172
255 260 277 534 256 576 994 350 591 249 199 584 734 626 806 607 625 344 163 422 194 860 349 212 674 422 191 504 669 769 689 380 500 493 521 764 370 595 907 670 825 514 612 0 956 505 807 822 266 663 473 307 593 581 265 808 176 367 525 574 430 203 952 431 371 585 513 436 258 263 215 239 300 296 952 121 138 141 790 261 500 226 312 664 267 391 299 439 256 255 243 267 269 164 530 241 465 190 375 527 199 825 781 590 555 269 551 347 628 120 720 1034 365 227 768 561
858 898 778 1479 879 695 1519 1167 674 929 791 1334 1543 702 721 552 385 678 858 856 916 1017 778 797 1474 958 846 1199 830 223 1551 681 965 1443 747 999 708 1123 1353 1603 822 492 1286 956 0 1112 245 1218 1026 1102 1398 1147 575 1264 754 622 886 1066 1466 876 1316 851 1135 714 1202 1203 833 1047 856 1133 1172 763 834 702 296 984 985 823 825 856 475 927 1269 350 1115 964 853 1329 951 842 775 912 863 1029 1292 744 550 778 804 863 820 925 1485 1201 1212 687 433 1267 1173 1071 252 333 870 729 660 977
326 289 393 805 307 442 499 821 1024 277 452 239 453 1068 587 573 726 473 406 255 333 463 351 427 386 156 391 108 391 1005 501 448 1002 754 375 365 421 1100 402 655 541 843 1097 505 1112 0 1068 328 768 188 492 272 549 154 433 652 369 140 810 284 374 375 512 875 259 1083 293 941 325 317 542 674 318 480 964 624 367 574 504 323 797 299 587 761 291 895 301 388 761 340 425 274 311 353 996 477 574 494 849 1013 412 477 374 1089 101 602 692 418 123 473 863 1028 253 560 593 182
771 814 691 1304 794 710 1523 966 433 841 677 1269 1467 458 808 576 383 599 744 818 814 1079 717 690 1399 913 739 1141 865 72 1456 620 732 1272 742 1040 647 888 1369 1475 903 298 1058 807 245 1068 0 1238 826 1101 1273 1045 594 1213 658 721 778 994 1289 879 1206 748 1202 494 1106 972 822 824 770 1021 1017 586 760 605 485 809 866 667 896 771 308 833 1113 367 1009 744 779 1219 751 755 675 829 781 911 1075 632 498 652 589 626 712 992 1439 969 1165 543 385 1142 1151 927 265 545 815 591 741 966
603 577 646 1118 590 529 307 1148 1286 577 727 448 604 1332 539 670 859 695 698 461 635 269 578 701 558 409 677 389 387 1167 700 653 1307 1068 496 229 631 1416 135 904 450 1068 1423 822 1218 328 1238 0 1087 161 780 598 649 358 687 635 666 466 1126 359 668 660 239 1149 573 1405 422 1257 601 644 870 958 576 721 1000 943 686 868 427 598 1013 601 910 884 619 1205 565 679 1073 613 688 565 586 678 1324 738 750 770 1139 1305 691 343 430 1411 335 862 853 732 213 800 993 1044 497 829 581 291
511 523 512 496 516 806 1248 141 481 515 420 816 931 500 1035 804 766 547 412 679 458 1120 590 442 880 688 439 756 919 811 860 593 271 476 760 1026 592 334 1170 773 1067 535 354 266 1026 768 826 1087 0 930 611 541 795 828 486 1021 435 628 478 831 614 454 1215 345 598 319 766 176 514 491 313 275 553 495 1093 144 401 276 1034 517 552 491 374 800 504 161 555 619 75 507 469 531 526 416 295 443 638 388 252 340 438 1078 1012 324 809 392 688 514 891 312 825 1176 624 377 988 825
441 416 487 994 428 406 421 996 1128 417 566 375 568 1174 477 549 730 540 537 303 475 286 421 540 510 248 515 276 293 1033 644 501 1146 943 360 197 477 1257 274 823 407 916 1269 663 1102 188 1101 161 930 0 674 460 527 276 528 561 505 318 999 226 557 499 324 989 447 1248 278 1098 439 503 726 797 415 564 910 785 530 707 375 437 863 441 775 758 476 1044 404 570 913 452 528 404 425 525 1173 578 607 609 978 1143 530 321 430 1254 234 703 716 607 113 649 867 963 337 669 503 137
554 519 628 358 535 851 795 573 1051 486 607 346 349 1081 1046 945 1032 727 540 637 486 955 654 600 321 557 553 399 859 1229 255 737 883 314 779 857 715 910 795 204 1019 985 822 473 1398 492 1273 780 611 674 0 272 924 423 646 1090 513 412 372 744 118 549 996 893 244 849 721 773 556 269 300 712 589 696 1335 521 413 614 981 557 965 482 246 1072 292 773 573 104 654 567 624 509 553 368 698 654 860 624 821 947 578 966 494 857 447 730 969 131 574 354 1150 1411 591 682 1035 661
290 252 369 538 270 579 711 568 892 220 368 278 434 929 779 674 772 469 301 366 232 721 385 355 371 292 306 223 597 994 411 472 799 487 508 621 449 873 653 470 760 773 844 307 1147 272 1045 598 541 460 272 0 653 290 393 819 266 153 541 482 170 298 782 733 65 841 452 717 292 50 275 532 321 446 1066 407 188 425 721 293 742 220 314 811 40 687 304 185 553 305 373 240 287 147 736 412 599 396 682 834 333 718 475 848 279 511 714 161 385 229 895 1141 319 462 765 413
378 407 321 1112 394 120 945 919 751 439 393 783 997 798 264 23 211 252 436 304 455 489 272 380 929 404 411 647 271 522 1025 212 898 1065 175 445 225 1050 784 1123 335 491 1141 593 575 549 594 649 795 527 924 653 0 704 327 226 443 535 1106 300 821 405 612 661 694 1085 260 911 375 657 783 542 337 303 419 683 545 519 317 374 430 448 873 234 632 832 351 836 740 369 349 416 375 580 1091 358 174 413 700 847 395 406 918 1088 650 414 225 802 599 672 344 490 336 419 203 402
452 411 527 769 431 595 420 858 1138 391 571 98 303 1179 728 727 879 614 516 407 439 562 496 549 240 306 507 78 533 1152 368 594 1080 720 529 472 567 1162 378 551 672 975 1133 581 1264 154 1213 358 828 276 423 290 704 0 565 799 477 231 779 432 314 492 582 984 243 1132 447 1005 452 341 560 780 454 615 1117 691 445 674 637 450 933 408 579 913 324 970 436 324 835 468 553 395 439 417 1023 604 722 611 946 1105 531 595 226 1138 53 724 841 390 164 518 1015 1181 399 679 740 325
113 156 41 790 136 320 925 600 600 183 67 612 808 645 550 341 387 83 113 228 161 654 115 53 740 289 94 489 439 603 802 114 644 745 275 568 107 777 800 851 582 410 839 265 754 433 658 687 486 528 646 393 327 565 0 545 133 338 783 367 562 97 761 462 451 794 297 625 113 379 461 278 116 53 702 361 237 213 549 114 368 175 555 426 361 555 132 575 442 97 23 171 125 279 776 52 215 99 460 624 72 601 790 798 520 174 323 516 538 351 504 783 191 143 506 397
574 595 531 1313 585 243 942 1143 955 624 612 891 1102 1001 100 222 363 475 647 453 652 401 468 596 1037 537 620 759 269 649 1152 431 1122 1265 312 406 438 1275 768 1280 201 690 1368 808 622 652 721 635 1021 561 1090 819 226 799 545 0 648 681 1309 367 979 612 515 879 849 1312 371 1137 571 834 987 769 529 526 369 905 743 745 212 569 630 638 1073 363 806 1058 539 994 967 568 566 599 567 773 1316 580 397 636 924 1066 609 309 988 1314 746 640 414 977 661 877 455 409 503 645 59 474
79 89 123 668 81 409 868 526 661 91 102 509 693 703 637 460 521 216 39 246 38 686 180 89 627 257 40 399 494 727 678 235 641 622 349 591 218 754 763 717 651 511 785 176 886 369 778 666 435 505 513 266 443 477 133 648 0 246 663 398 431 38 780 508 328 754 337 596 82 247 340 305 125 184 833 293 104 205 615 85 477 70 430 560 231 539 123 444 410 81 111 100 93 145 706 146 349 135 480 645 66 649 697 759 440 251 456 382 487 230 637 913 189 204 603 392
224 182 303 690 202 447 629 682 907 160 340 274 477 949 634 557 682 396 285 233 208 569 287 319 408 145 275 153 447 936 491 385 866 640 375 468 358 961 541 599 609 746 957 367 1066 140 994 466 628 318 412 153 535 231 338 681 246 0 693 332 298 261 634 754 168 943 309 802 225 189 408 550 234 390 954 485 228 447 570 224 706 177 462 719 160 758 216 313 623 240 325 167 213 213 857 374 516 379 721 882 300 565 453 949 194 493 635 313 263 333 814 1025 200 448 625 259
734 716 785 23 724 1067 1166 362 958 689 721 712 710 974 1289 1122 1150 865 670 873 657 1263 841 729 691 823 695 737 1121 1263 598 895 704 58 1002 1162 881 667 1157 410 1285 991 524 525 1466 810 1289 1126 478 999 372 541 1106 779 783 1309 663 693 0 1010 466 700 1323 822 554 580 967 577 737 505 323 705 780 819 1477 482 565 645 1247 740 994 672 238 1189 534 616 770 457 548 741 759 713 741 537 400 765 990 715 729 800 712 1255 866 588 792 783 1075 394 913 433 1240 1560 816 746 1262 952
320 316 330 1009 318 180 647 924 946 334 422 523 735 993 306 323 504 352 418 152 383 289 251 397 669 189 391 391 114 810 785 305 1010 959 137 201 287 1140 490 924 277 714 1184 574 876 284 879 359 831 226 744 482 300 432 367 367 398 332 1010 0 628 376 394 820 499 1148 70 984 317 508 701 645 278 388 694 692 465 573 239 314 658 355 772 532 479 919 276 643 798 323 375 312 305 480 1104 418 392 462 826 990 396 252 631 1153 379 533 494 643 305 602 641 753 209 509 309 108
461 423 539 455 440 742 706 603 1020 390 531 248 316 1054 932 843 942 639 463 528 400 837 555 520 268 443 471 282 743 1158 259 643 885 407 670 739 620 932 691 302 902 926 868 430 1316 374 1206 668 614 557 118 170 821 314 562 979 431 298 466 628 0 465 880 860 130 883 608 786 463 185 305 668 492 614 1236 502 340 564 864 463 901 390 288 981 200 773 475 14 645 475 541 411 458 295 748 577 770 554 797 937 498 848 421 890 333 666 883 101 459 321 1065 1311 485 618 924 544
58 85 85 706 70 375 874 552 650 101 79 530 719 693 604 422 483 178 41 225 65 665 146 59 652 251 16 414 467 696 708 197 648 660 317 572 180 767 762 754 622 487 807 203 851 375 748 660 454 499 549 298 405 492 97 612 38 261 700 376 465 0 764 500 357 772 312 610 61 282 377 301 98 148 795 316 142 208 587 64 451 86 468 523 265 550 101 478 424 53 75 100 74 183 732 116 311 119 480 645 38 625 715 776 452 232 420 419 490 266 601 874 171 187 568 379
705 692 724 1318 699 509 493 1297 1331 703 815 678 843 1378 415 628 820 742 805 540 758 123 646 790 796 532 779 597 349 1130 937 693 1404 1267 508 193 678 1531 326 1134 314 1087 1564 952 1135 512 1202 239 1215 324 996 782 612 582 761 515 780 634 1323 394 880 764 0 1212 771 1535 464 1374 703 823 1042 1040 667 781 881 1073 828 966 310 700 1028 726 1096 835 795 1312 662 892 1188 711 769 684 690 831 1476 813 756 856 1221 1384 787 211 669 1540 550 926 836 931 422 957 941 909 592 904 475 392
553 586 502 840 570 723 1375 478 159 598 426 1004 1164 196 925 660 547 470 470 690 546 1098 574 451 1104 746 484 905 872 491 1119 520 261 816 706 1020 534 423 1259 1078 987 232 573 431 714 875 494 1149 345 989 893 733 661 984 462 879 508 754 822 820 860 500 1212 0 798 492 750 332 554 692 601 203 574 433 842 375 547 310 962 556 275 578 685 570 692 250 586 869 273 540 461 601 568 585 581 410 488 383 95 186 464 1033 1198 491 948 288 476 773 990 542 556 923 652 320 865 859
344 303 424 547 322 613 662 616 957 272 430 218 369 995 802 716 824 524 363 398 292 719 432 415 306 314 366 186 614 1054 351 523 859 497 541 620 499 929 616 431 775 836 891 371 1202 259 1106 573 598 447 244 65 694 243 451 849 328 168 554 499 130 357 771 798 0 893 478 774 345 109 317 597 370 504 1111 468 253 490 737 346 805 276 339 862 105 747 353 144 613 359 432 290 339 213 779 473 652 459 746 897 393 725 414 900 243 575 768 160 360 286 950 1185 357 526 794 419
830 842 824 603 835 1110 1552 279 547 834 730 1107 1192 537 1336 1090 1018 845 730 997 778 1437 903 754 1150 1007 757 1062 1232 979 1104 895 239 610 1070 1344 897 104 1484 966 1376 723 92 585 1203 1083 972 1405 319 1248 849 841 1085 1132 794 1312 754 943 580 1148 883 772 1535 492 893 0 1082 174 832 790 581 542 870 795 1328 463 718 581 1344 835 761 811 603 1047 808 257 873 883 352 825 780 851 845 729 184 747 917 695 411 349 753 1393 1298 8 1117 671 941 781 1206 615 1045 1411 942 669 1285 1145
257 259 261 968 258 148 700 863 876 281 354 531 745 923 327 284 454 281 354 94 326 357 182 329 678 165 327 395 157 754 785 235 941 918 85 271 216 1071 549 908 319 647 1120 513 833 293 822 422 766 278 721 452 260 447 297 371 337 309 967 70 608 312 464 750 478 1082 0 917 254 472 652 575 213 317 670 629 411 505 282 252 591 301 728 484 444 851 214 623 732 259 306 257 244 431 1043 348 329 393 756 919 329 312 657 1087 393 462 437 612 340 549 592 735 153 439 315 145
669 685 656 598 676 939 1424 217 419 681 563 993 1102 421 1163 916 845 673 569 834 623 1274 736 588 1053 853 594 932 1064 824 1026 722 127 590 901 1183 726 159 1343 920 1205 560 243 436 1047 941 824 1257 176 1098 773 717 911 1005 625 1137 596 802 577 984 786 610 1374 332 774 174 917 0 671 667 482 368 707 623 1159 316 574 412 1174 674 593 657 529 874 681 84 711 789 186 662 612 695 684 591 255 577 742 526 244 232 588 1226 1188 177 985 497 768 685 1064 488 877 1241 782 497 1111 988
3 43 79 741 23 330 822 608 700 73 128 499 696 744 556 395 479 178 102 165 80 605 104 102 628 192 77 376 411 714 695 180 708 694 268 512 158 828 705 759 568 523 866 258 856 325 770 601 514 439 556 292 375 452 113 571 82 225 737 317 463 61 703 554 345 832 254 671 0 286 415 357 43 165 779 375 172 268 532 2 481 74 501 518 264 611 40 477 485 15 101 58 14 204 789 152 307 171 538 704 90 567 677 837 409 276 422 430 436 306 604 856 110 236 525 319
284 250 359 503 265 591 761 518 852 217 346 326 472 888 799 677 763 458 278 382 217 757 385 336 411 319 287 273 621 973 438 467 750 453 521 656 445 823 702 473 785 743 794 263 1133 317 1021 644 491 503 269 50 657 341 379 834 247 189 505 508 185 282 823 692 109 790 472 667 286 0 226 494 320 430 1065 359 156 387 747 287 716 212 273 802 29 639 305 197 504 297 357 241 284 112 686 392 590 369 638 788 313 750 523 797 329 482 702 144 433 179 883 1142 331 434 781 446
412 396 461 329 402 746 978 302 756 371 402 527 620 784 969 799 837 544 348 557 335 968 518 407 572 520 372 497 809 982 546 572 585 283 681 868 557 627 928 477 972 720 574 215 1172 542 1017 870 313 726 300 275 783 560 461 987 340 408 323 701 305 377 1042 601 317 581 652 482 415 226 0 435 458 500 1160 225 244 351 934 417 711 353 97 876 251 474 449 307 354 418 438 395 420 221 462 447 672 401 523 647 389 951 717 588 554 484 764 203 659 110 935 1242 499 442 940 656
356 386 316 720 371 576 1173 414 360 396 230 801 966 400 797 548 492 310 267 505 343 931 393 257 904 550 284 701 711 558 927 361 367 687 545 847 369 510 1063 907 844 287 602 239 763 674 586 958 275 797 712 532 542 780 278 769 305 550 705 645 668 301 1040 203 597 542 575 368 357 494 435 0 382 263 817 223 345 107 814 360 288 376 529 525 492 289 392 678 207 344 272 400 372 384 567 226 375 187 182 347 267 875 994 545 745 128 413 587 791 358 551 901 461 136 743 671
46 70 75 784 57 287 808 650 715 102 151 508 711 760 513 357 453 162 140 127 123 567 64 125 642 173 113 380 369 702 717 153 739 736 224 475 128 863 685 791 525 525 906 300 834 318 760 576 553 415 589 321 337 454 116 529 125 234 780 278 492 98 667 574 370 870 213 707 43 320 458 382 0 162 745 415 214 299 489 40 480 111 543 492 297 644 18 506 521 46 113 80 38 245 830 164 283 194 564 729 119 526 680 875 408 290 401 465 422 350 582 822 78 253 482 289
166 208 88 827 188 315 967 616 564 236 98 664 861 610 541 314 340 51 158 260 214 669 143 97 793 332 143 540 448 550 855 99 631 784 281 588 105 771 838 901 582 362 845 296 702 480 605 721 495 564 696 446 303 615 53 526 184 390 819 388 614 148 781 433 504 795 317 623 165 430 500 263 162 0 660 380 285 218 551 166 318 228 596 379 413 549 179 627 445 150 72 223 176 328 789 55 171 110 441 603 118 611 841 798 569 145 273 566 581 391 453 741 232 127 493 430
781 816 711 1486 800 522 1307 1231 854 848 758 1201 1415 892 469 396 329 618 816 723 853 770 681 755 1347 823 796 1064 619 427 1445 599 1103 1444 589 772 620 1266 1135 1537 569 611 1402 952 296 964 485 1000 1093 910 1335 1066 419 1117 702 369 833 954 1477 694 1236 795 881 842 1111 1328 670 1159 779 1065 1160 817 745 660 0 1013 937 842 581 778 567 853 1256 293 1042 1074 762 1251 1024 769 726 826 781 978 1382 713 488 761 917 1017 774 678 1324 1329 1064 707 407 1209 999 1051 286 83 755 736 419 802
372 380 381 496 375 680 1108 238 531 371 293 685 816 560 910 694 684 431 275 540 315 979 458 312 761 544 302 616 783 781 757 473 391 463 629 884 468 476 1027 703 936 511 492 121 984 624 809 943 144 785 521 407 683 691 361 905 293 485 482 692 502 316 1073 375 468 463 629 316 375 359 225 223 415 380 1013 0 257 171 902 378 511 347 312 721 369 280 416 509 145 369 342 388 386 275 416 325 538 269 299 434 305 941 882 469 669 307 606 408 747 184 762 1097 483 278 868 682
168 153 227 569 158 502 856 468 705 131 193 457 623 744 725 562 624 320 127 317 91 743 276 188 559 296 142 368 569 819 594 339 638 522 437 645 321 733 769 617 731 587 739 138 985 367 866 686 401 530 413 188 545 445 237 743 104 228 565 465 340 142 828 547 253 718 411 574 172 156 244 345 214 285 937 257 0 237 694 174 560 110 329 663 148 530 205 352 395 176 214 154 176 45 648 241 452 214 502 660 166 717 652 724 417 326 558 281 490 137 737 1017 258 277 696 436
266 291 244 657 278 531 1073 401 467 297 151 694 859 507 759 529 512 270 170 426 241 863 324 176 796 459 191 596 651 631 822 317 440 619 489 773 317 566 968 812 795 372 627 141 823 574 667 868 276 707 614 425 519 674 213 745 205 447 645 573 564 208 966 310 490 581 505 412 268 387 351 107 299 218 842 171 237 0 763 271 360 275 448 549 385 345 306 574 229 257 199 304 282 277 571 167 368 114 275 439 179 813 887 585 641 138 435 486 693 261 594 925 376 106 711 587
535 541 522 1247 539 239 733 1139 1063 563 614 734 938 1111 113 329 516 504 627 376 607 191 444 592 876 428 599 611 125 823 1002 453 1181 1197 273 198 447 1323 558 1156 38 807 1388 790 825 504 896 427 1034 375 981 721 317 637 549 212 615 570 1247 239 864 587 310 962 737 1344 282 1174 532 747 934 814 489 551 581 902 694 763 0 529 747 583 1009 528 718 1101 493 879 992 535 565 540 523 713 1318 596 480 648 987 1143 597 99 805 1348 587 689 542 882 483 831 632 619 435 679 165 323
5 43 80 744 23 328 819 611 702 73 130 498 696 747 554 393 479 178 105 162 82 602 102 105 628 190 80 374 408 715 695 180 711 696 265 509 157 831 703 760 565 524 869 261 856 323 771 598 517 437 557 293 374 450 114 569 85 224 740 314 463 64 700 556 346 835 252 674 2 287 417 360 40 166 778 378 174 271 529 0 482 75 503 517 265 614 37 478 488 17 103 57 11 206 791 154 307 174 541 706 93 564 676 840 407 278 422 431 434 309 604 855 107 238 522 316
482 524 406 1008 503 519 1277 693 324 548 375 979 1170 370 690 423 278 326 441 562 514 907 449 391 1103 646 440 857 679 271 1153 361 536 973 526 845 385 698 1137 1167 766 60 837 500 475 797 308 1013 552 863 965 742 430 933 368 630 477 706 994 658 901 451 1028 275 805 761 591 593 481 716 711 288 480 318 567 511 560 360 747 482 0 537 808 298 705 509 497 913 478 466 381 539 493 605 828 334 272 346 350 456 413 830 1158 761 888 235 216 835 894 619 283 649 545 283 626 726
72 43 149 675 54 395 798 571 730 23 164 444 634 773 616 468 552 249 108 206 34 637 175 145 567 196 99 330 459 779 627 255 707 627 329 540 232 816 695 685 620 573 837 226 927 299 833 601 491 441 482 220 448 408 175 638 70 177 672 355 390 86 726 578 276 811 301 657 74 212 353 376 111 228 853 347 110 275 583 75 537 0 435 591 190 604 98 404 472 85 157 43 72 135 752 202 380 202 550 714 124 608 629 816 370 317 494 355 418 248 675 931 148 271 589 334
498 478 553 240 487 830 989 326 837 450 497 530 589 863 1050 891 933 638 441 634 421 1030 605 502 550 586 464 525 883 1079 501 665 642 192 764 929 649 663 955 399 1047 815 582 312 1269 587 1113 910 374 775 246 314 873 579 555 1073 430 462 238 772 288 468 1096 685 339 603 728 529 501 273 97 529 543 596 1256 312 329 448 1009 503 808 435 0 972 301 535 533 285 427 506 531 475 505 299 461 543 767 498 603 715 483 1019 709 611 582 582 861 191 697 204 1033 1337 578 540 1024 718
520 559 443 1199 541 354 1179 938 614 591 476 985 1195 658 443 213 39 345 538 506 585 712 432 476 1126 607 521 849 503 295 1208 338 830 1157 400 676 363 991 1018 1276 536 352 1117 664 350 761 367 884 800 758 1072 811 234 913 426 363 560 719 1189 532 981 523 835 570 862 1047 484 874 518 802 876 525 492 379 293 721 663 549 528 517 298 591 972 0 782 790 509 995 732 506 449 571 524 706 1092 429 211 474 637 754 497 624 1134 1048 861 414 114 942 824 768 109 376 521 444 376 629
262 226 339 532 243 564 744 538 851 194 332 317 474 889 771 653 743 438 265 354 199 729 361 320 411 290 271 253 593 959 448 445 761 482 494 628 422 838 680 494 756 734 814 267 1115 291 1009 619 504 476 292 40 632 324 361 806 231 160 534 479 200 265 795 692 105 808 444 681 264 29 251 492 297 413 1042 369 148 385 718 265 705 190 301 782 0 649 281 214 514 276 340 216 261 107 708 377 570 359 642 794 298 721 514 815 309 473 683 171 408 194 864 1119 303 424 753 417
608 628 589 636 618 864 1385 254 352 627 496 965 1089 360 1086 836 761 598 509 771 569 1208 669 522 1037 797 533 895 994 742 1021 648 112 622 829 1119 654 221 1296 933 1132 476 328 391 964 895 744 1205 161 1044 773 687 832 970 555 1058 539 758 616 919 773 550 1312 250 747 257 851 84 611 639 474 289 644 549 1074 280 530 345 1101 614 509 604 535 790 649 0 650 778 135 601 544 639 624 553 331 506 662 457 160 184 524 1157 1162 258 946 418 684 674 1018 462 792 1156 721 422 1033 929
43 56 91 774 46 297 794 649 729 87 161 490 693 774 520 372 471 180 143 124 115 564 80 135 624 159 117 362 371 720 699 171 747 725 232 471 146 869 673 775 529 541 907 299 853 301 779 565 555 404 573 304 351 436 132 539 123 216 770 276 475 101 662 586 353 873 214 711 40 305 449 392 18 179 762 416 205 306 493 37 497 98 533 509 281 650 0 489 525 49 126 64 30 234 829 178 302 205 574 739 127 526 662 878 390 304 420 450 407 342 600 837 70 266 491 280
475 437 553 447 455 757 712 604 1029 405 543 255 312 1062 947 857 956 652 476 543 413 851 570 533 266 458 484 295 758 1171 250 658 889 399 685 753 634 935 700 287 917 938 867 439 1329 388 1219 679 619 570 104 185 836 324 575 994 444 313 457 643 14 478 892 869 144 883 623 789 477 197 307 678 506 627 1251 509 352 574 879 478 913 404 285 995 214 778 489 0 651 489 554 426 472 307 747 590 784 566 805 943 511 863 424 891 344 678 897 104 471 328 1079 1326 500 629 938 558
482 499 472 566 490 759 1250 216 415 496 379 831 960 437 986 748 699 496 382 648 438 1088 552 403 906 667 408 759 880 736 897 544 246 543 718 996 546 344 1163 826 1024 460 401 256 951 761 751 1073 75 913 654 553 740 835 442 967 410 623 548 798 645 424 1188 273 613 352 732 186 485 504 354 207 521 445 1024 145 395 229 992 488 478 472 427 732 514 135 525 651 0 476 428 510 498 417 359 396 578 343 182 293 402 1042 1028 356 811 330 621 548 884 329 753 1107 595 321 937 802
16 58 65 746 38 328 837 604 685 87 114 514 711 730 556 387 467 164 94 172 86 612 100 88 643 206 68 391 415 699 709 169 697 698 268 520 148 819 719 770 571 507 860 255 842 340 755 613 507 452 567 305 369 468 97 568 81 240 741 323 475 53 711 540 359 825 259 662 15 297 418 344 46 150 769 369 176 257 535 17 466 85 506 506 276 601 49 489 476 0 85 73 29 211 784 137 294 157 525 691 78 572 693 829 424 261 409 440 451 309 590 847 120 221 522 329
101 142 44 766 122 338 920 580 603 167 49 598 791 648 568 364 410 107 90 232 141 664 124 31 724 286 71 477 452 621 783 136 635 721 291 576 127 765 798 829 598 421 823 243 775 425 675 688 469 528 624 373 349 553 23 566 111 325 759 375 541 75 769 461 432 780 306 612 101 357 438 272 113 72 726 342 214 199 565 103 381 157 531 449 340 544 126 554 428 85 0 158 114 257 757 52 239 87 454 619 48 614 778 784 510 177 345 493 534 327 525 806 191 141 526 399
57 15 137 716 35 356 773 614 750 24 178 440 638 793 575 436 533 235 134 163 73 594 144 154 570 157 116 319 415 773 639 233 741 667 288 497 208 854 664 710 577 580 879 267 912 274 829 565 531 404 509 240 416 395 171 599 100 167 713 312 411 100 684 601 290 851 257 695 58 241 395 400 80 223 826 388 154 304 540 57 539 43 475 571 216 639 64 426 510 73 158 0 48 175 795 208 362 219 578 743 137 564 620 856 354 329 478 386 390 291 660 902 104 286 549 294
16 35 89 745 18 325 808 619 714 67 142 487 686 758 550 395 485 186 115 153 85 593 103 117 618 178 90 363 401 724 688 185 722 697 262 499 161 842 691 755 560 535 878 269 863 311 781 586 526 425 553 287 375 439 125 567 93 213 741 305 458 74 690 568 339 845 244 684 14 284 420 372 38 176 781 386 176 282 523 11 493 72 505 524 261 624 30 472 498 29 114 48 0 206 799 166 313 185 552 718 105 556 665 849 396 290 430 427 422 312 611 858 97 250 520 305
201 178 266 540 188 531 833 470 744 151 238 422 581 782 751 599 667 361 171 337 125 752 309 232 519 302 185 342 588 864 550 378 663 491 464 652 359 750 754 573 751 631 744 164 1029 353 911 678 416 525 368 147 580 417 279 773 145 213 537 480 295 183 831 585 213 729 431 591 204 112 221 384 245 328 978 275 45 277 713 206 605 135 299 706 107 553 234 307 417 211 257 175 206 0 648 286 495 259 536 691 210 731 618 736 394 371 601 237 476 125 781 1057 279 322 725 441
786 789 798 423 786 1096 1441 180 673 775 708 986 1047 673 1326 1100 1059 840 690 952 722 1389 874 728 1011 944 718 959 1199 1071 950 886 371 434 1046 1292 883 282 1389 797 1353 801 126 530 1292 996 1075 1324 295 1173 698 736 1091 1023 776 1316 706 857 400 1104 748 732 1476 581 779 184 1043 255 789 686 462 567 830 789 1382 416 648 571 1318 791 828 752 461 1092 708 331 829 747 359 784 757 795 799 648 0 736 934 680 488 482 721 1355 1169 192 1016 688 980 649 1116 524 1108 1466 895 673 1281 1084
152 192 92 773 173 363 972 562 551 214 47 646 836 596 591 370 390 106 114 280 181 705 167 57 769 337 106 527 488 581 824 150 592 730 323 620 150 728 850 859 628 372 795 241 744 477 632 738 443 578 654 412 358 604 52 580 146 374 765 418 577 116 813 410 473 747 348 577 152 392 447 226 164 55 713 325 241 167 596 154 334 202 543 429 377 506 178 590 396 137 52 208 166 286 736 0 224 55 408 572 79 651 828 751 561 125 319 523 586 339 497 795 241 91 545 449
309 349 231 998 330 247 1027 768 583 380 270 786 993 630 437 175 172 133 328 321 373 635 228 267 924 418 310 653 407 432 1001 131 725 955 256 573 157 878 879 1064 502 331 977 465 550 574 498 750 638 607 860 599 174 722 215 397 349 516 990 392 770 311 756 488 652 917 329 742 307 590 672 375 283 171 488 538 452 368 480 307 272 380 767 211 570 662 302 784 578 294 239 362 313 495 934 224 0 275 527 673 287 560 947 919 672 247 119 730 653 563 298 570 323 262 377 470
170 204 132 725 187 417 992 506 530 219 43 644 827 574 646 425 435 161 97 318 174 751 211 69 761 363 104 532 538 605 807 205 548 683 375 663 203 678 877 828 681 376 741 190 778 494 652 770 388 609 624 396 413 611 99 636 135 379 715 462 554 119 856 383 459 695 393 526 171 369 401 187 194 110 761 269 214 114 648 174 346 202 498 474 359 457 205 566 343 157 87 219 185 259 680 55 275 0 369 535 81 700 832 699 571 116 362 493 607 295 536 844 273 69 601 484
536 565 498 748 551 747 1348 383 234 572 412 958 1107 260 961 702 609 485 444 687 516 1111 575 439 1049 731 463 868 889 583 1055 536 198 725 722 1028 546 355 1242 1000 1015 315 487 375 804 849 589 1139 252 978 821 682 700 946 460 924 480 721 729 826 797 480 1221 95 746 411 756 244 538 638 523 182 564 441 917 299 502 275 987 541 350 550 603 637 642 160 574 805 182 525 454 578 552 536 488 408 527 369 0 165 447 1052 1154 412 915 298 534 706 968 476 634 999 643 317 904 853
702 730 663 820 716 903 1511 437 197 736 578 1112 1251 191 1110 846 732 644 609 852 680 1272 739 604 1195 896 629 1028 1048 639 1190 695 112 807 882 1191 707 261 1407 1114 1170 406 439 527 863 1013 626 1305 340 1143 947 834 847 1105 624 1066 645 882 800 990 937 645 1384 186 897 349 919 232 704 788 647 347 729 603 1017 434 660 439 1143 706 456 714 715 754 794 184 739 943 293 691 619 743 718 691 482 572 673 535 165 0 613 1211 1309 346 1076 458 662 841 1132 618 731 1096 808 481 1050 1019
89 122 77 718 105 377 910 543 612 139 40 569 757 656 607 411 458 155 41 246 101 685 153 22 690 283 27 453 480 661 744 183 620 673 324 594 171 744 796 783 631 448 792 199 820 412 712 691 438 530 578 333 395 531 72 609 66 300 712 396 498 38 787 464 393 753 329 588 90 313 389 267 119 118 774 305 166 179 597 93 413 124 483 497 298 524 127 511 402 78 48 137 105 210 721 79 287 81 447 613 0 640 753 757 491 193 391 447 525 279 571 855 197 149 568 407
570 568 569 1254 569 313 645 1175 1142 586 663 693 889 1189 209 420 610 566 666 403 635 92 489 639 831 432 639 581 163 919 963 516 1242 1203 329 125 505 1379 470 1132 110 891 1432 825 925 477 992 343 1078 321 966 718 406 595 601 309 649 565 1255 252 848 625 211 1033 725 1393 312 1226 567 750 951 875 526 611 678 941 717 813 99 564 830 608 1019 624 721 1157 526 863 1042 572 614 564 556 731 1355 651 560 700 1052 1211 640 0 743 1397 549 753 631 878 434 853 730 713 461 738 265 306
677 635 753 852 655 804 311 1019 1354 614 794 196 194 1395 907 941 1100 840 736 629 658 687 722 773 179 529 728 301 718 1378 311 819 1274 808 742 617 792 1340 372 539 837 1200 1288 781 1485 374 1439 430 1012 430 494 475 918 226 790 988 697 453 866 631 421 715 669 1198 414 1298 657 1188 677 523 717 994 680 841 1324 882 652 887 805 676 1158 629 709 1134 514 1162 662 424 1028 693 778 620 665 618 1169 828 947 832 1154 1309 753 743 0 1306 274 947 1066 520 327 700 1237 1384 624 901 929 522
834 847 828 611 840 1114 1559 287 544 840 735 1115 1200 533 1339 1093 1019 849 735 1002 783 1442 908 758 1158 1013 761 1069 1236 977 1112 898 237 618 1074 1349 901 98 1490 975 1380 723 97 590 1201 1089 969 1411 324 1254 857 848 1088 1138 798 1314 759 949 588 1153 890 776 1540 491 900 8 1087 177 837 797 588 545 875 798 1329 469 724 585 1348 840 761 816 611 1048 815 258 878 891 356 829 784 856 849 736 192 751 919 699 412 346 757 1397 1306 0 1124 674 943 789 1212 621 1045 1411 947 673 1287 1150
409 369 482 783 388 542 438 847 1101 352 531 146 356 1143 677 674 827 567 479 355 402 521 447 508 291 255 467 56 481 1103 415 544 1056 734 476 429 518 1143 374 588 623 931 1123 555 1212 101 1165 335 809 234 447 279 650 53 520 746 440 194 792 379 333 452 550 948 243 1117 393 985 409 329 554 745 408 569 1064 669 417 641 587 407 888 370 582 861 309 946 390 344 811 424 510 354 396 394 1016 561 672 571 915 1076 491 549 274 1124 0 683 791 399 127 502 963 1127 349 640 687 272
276 314 216 795 295 450 1097 526 425 333 152 760 943 471 668 419 378 187 213 402 290 814 285 175 877 463 218 646 591 501 921 237 492 757 424 734 249 638 975 932 718 261 729 269 687 602 543 862 392 703 730 511 414 724 174 640 251 493 783 533 666 232 926 288 575 671 462 497 276 482 484 128 290 145 707 307 326 138 689 278 235 317 582 414 473 418 304 678 330 261 177 329 290 371 688 125 247 116 298 458 193 753 947 674 683 0 299 599 711 387 456 791 366 48 614 571
424 465 344 1085 446 331 1138 824 541 496 367 906 1112 587 477 213 78 245 431 438 484 714 348 369 1043 536 416 773 490 317 1118 250 731 1044 357 663 276 890 984 1174 558 276 1009 551 433 692 385 853 688 716 969 714 225 841 323 414 456 635 1075 494 883 420 836 476 768 941 437 768 422 702 764 413 401 273 407 606 558 435 542 422 216 494 861 114 683 684 420 897 621 409 345 478 430 601 980 319 119 362 534 662 391 631 1066 943 791 299 0 839 769 657 181 491 443 330 411 581
427 394 500 387 409 735 797 501 932 362 475 338 416 964 940 822 903 597 409 524 357 877 530 469 369 454 422 343 758 1098 349 609 785 336 665 777 588 831 768 336 921 855 767 347 1267 418 1142 732 514 607 131 161 802 390 516 977 382 313 394 643 101 419 931 773 160 781 612 685 430 144 203 587 465 566 1209 408 281 486 882 431 835 355 191 942 171 674 450 104 548 440 493 386 427 237 649 523 730 493 706 841 447 878 520 789 399 599 839 0 519 231 1019 1286 474 551 924 571
437 404 497 906 420 482 386 943 1136 396 564 262 456 1181 582 623 793 567 523 334 452 397 444 539 397 249 506 177 391 1086 531 535 1123 856 425 310 510 1223 279 714 517 943 1219 628 1173 123 1151 213 891 113 574 385 599 164 538 661 487 263 913 305 459 490 422 990 360 1206 340 1064 436 433 659 791 422 581 999 747 490 693 483 434 894 418 697 824 408 1018 407 471 884 451 534 390 422 476 1116 586 653 607 968 1132 525 434 327 1212 127 711 769 519 0 594 931 1056 349 672 602 198
303 291 351 439 295 637 938 348 701 268 292 504 633 734 862 689 729 434 237 455 227 877 409 297 577 427 261 447 707 888 578 462 574 394 574 777 447 644 871 550 869 634 624 120 1071 473 927 800 312 649 354 229 672 518 351 877 230 333 433 602 321 266 957 542 286 615 549 488 306 179 110 358 350 391 1051 184 137 261 831 309 619 248 204 768 194 462 342 328 329 309 327 291 312 125 524 339 563 295 476 618 279 853 700 621 502 387 657 231 594 0 831 1133 396 342 831 566
606 646 526 1251 627 464 1288 965 571 677 545 1083 1291 611 543 323 137 426 610 608 665 819 526 549 1222 708 597 948 612 193 1299 429 818 1212 508 785 455 980 1127 1354 638 325 1121 720 252 863 265 993 825 867 1150 895 344 1015 504 455 637 814 1240 641 1065 601 941 556 950 1045 592 877 604 883 935 551 582 453 286 762 737 594 632 604 283 675 1033 109 864 792 600 1079 753 590 525 660 611 781 1108 497 298 536 634 731 571 730 1237 1045 963 456 181 1019 931 831 0 366 619 494 476 737
859 892 790 1569 877 586 1351 1315 929 925 840 1267 1480 967 506 468 412 699 896 793 932 803 757 835 1413 891 876 1130 671 493 1515 678 1184 1525 655 815 698 1346 1177 1612 602 691 1485 1034 333 1028 545 1044 1176 963 1411 1141 490 1181 783 409 913 1025 1560 753 1311 874 909 923 1185 1411 735 1241 856 1142 1242 901 822 741 83 1097 1017 925 619 855 649 931 1337 376 1119 1156 837 1326 1107 847 806 902 858 1057 1466 795 570 844 999 1096 855 713 1384 1411 1127 791 491 1286 1056 1133 366 0 827 819 463 861
113 106 150 818 108 260 735 714 792 128 230 464 673 837 473 359 485 219 213 58 173 496 97 204 604 100 187 330 310 753 692 195 817 769 190 401 168 939 608 788 472 593 975 365 870 253 815 497 624 337 591 319 336 399 191 503 189 200 816 209 485 171 592 652 357 942 153 782 110 331 499 461 78 232 755 483 258 376 435 107 545 148 578 521 303 721 70 500 595 120 191 104 97 279 895 241 323 273 643 808 197 461 624 947 349 366 443 474 349 396 619 827 0 332 451 210
235 271 183 757 253 442 1058 506 464 288 108 713 895 508 666 427 406 176 165 372 243 794 258 133 829 426 172 601 575 547 872 226 504 718 409 711 232 644 939 885 709 310 723 227 729 560 591 829 377 669 682 462 419 679 143 645 204 448 746 509 618 187 904 320 526 669 439 497 236 434 442 136 253 127 736 278 277 106 679 238 283 271 540 444 424 422 266 629 321 221 141 286 250 322 673 91 262 69 317 481 149 738 901 673 640 48 330 551 672 342 494 819 332 0 615 540
528 546 490 1265 538 194 888 1106 949 574 574 832 1043 996 67 205 371 441 605 399 605 357 423 557 978 480 578 700 210 669 1093 395 1102 1217 261 353 399 1252 715 1224 163 686 1338 768 660 593 741 581 988 503 1035 765 203 740 506 59 603 625 1262 309 924 568 475 865 794 1285 315 1111 525 781 940 743 482 493 419 868 696 711 165 522 626 589 1024 376 753 1033 491 938 937 522 526 549 520 725 1281 545 377 601 904 1050 568 265 929 1287 687 614 411 924 602 831 476 463 451 615 0 415
321 303 357 949 311 284 557 904 995 311 441 418 628 1041 405 425 599 404 420 169 367 312 287 414 563 139 396 290 210 898 683 364 1027 899 229 211 341 1146 411 833 360 779 1172 561 977 182 966 291 825 137 661 413 402 325 397 474 392 259 952 108 544 379 392 859 419 1145 145 988 319 446 656 671 289 430 802 682 436 587 323 316 726 334 718 629 417 929 280 558 802 329 399 294 305 441 1084 449 470 484 853 1019 407 306 522 1150 272 571 581 571 198 566 737 861 210 540 415 0
