0 768 1608 130 285 1527 1610 739 1330 1568 702 495 1565 1285 1270 146
768 0 2180 831 500 770 1111 746 1773 1683 1465 1236 1220 2033 2038 898
1608 2180 0 1482 1742 2915 2307 1528 2519 1211 1397 1180 3174 1620 1214 1472
130 831 1482 0 332 1600 1585 674 1421 1456 679 404 1692 1273 1216 86
285 500 1742 332 0 1269 1349 566 1525 1488 986 736 1472 1571 1544 402
1527 770 2915 1600 1269 0 1207 1405 2278 2226 2209 2005 1127 2752 2795 1663
1610 1111 2307 1585 1349 1207 0 958 2845 1262 2252 1888 2204 2845 2707 1671
739 746 1528 674 566 1405 958 0 2065 955 1309 931 1938 1897 1749 757
1330 1773 2519 1421 1525 2278 2845 2065 0 2865 1124 1437 1521 1119 1484 1355
1568 1683 1211 1456 1488 2226 1262 955 2865 0 1875 1477 2892 2369 2069 1514
702 1465 1397 679 986 2209 2252 1309 1124 1875 0 406 2014 594 601 595
495 1236 1180 404 736 2005 1888 931 1437 1477 406 0 2026 971 835 350
1565 1220 3174 1692 1472 1127 2204 1938 1521 2892 2014 2026 0 2388 2597 1703
1285 2033 1620 1273 1571 2752 2845 1897 1119 2369 594 971 2388 0 419 1188
1270 2038 1214 1216 1544 2795 2707 1749 1484 2069 601 835 2597 419 0 1142
146 898 1472 86 402 1663 1671 757 1355 1514 595 350 1703 1188 1142 0
