0 983 538 1596 1300 1696 12 485 1440 218 425 1728 173 804 895 895 755
983 0 447 2148 592 2584 993 498 1669 1104 929 2452 1154 253 1868 128 326
538 447 0 1881 869 2185 549 77 1459 661 584 2076 711 281 1421 374 254
1596 2148 1881 0 1968 1062 1586 1803 3008 1747 1301 2909 1516 2135 1711 2020 2130
1300 592 869 1968 0 2634 1306 872 2252 1482 1040 2945 1445 818 2180 549 883
1696 2584 2185 1062 2634 0 1684 2113 2810 1724 1660 2304 1537 2466 1223 2466 2430
12 993 549 1586 1306 1684 0 495 1447 219 423 1726 162 815 886 905 766
485 498 77 1803 872 2113 495 0 1501 628 506 2075 656 355 1377 411 332
1440 1669 1459 3008 2252 2810 1447 1501 0 1263 1834 1179 1493 1433 1601 1703 1369
218 1104 661 1747 1482 1724 219 628 1263 0 642 1512 231 892 771 1034 831
425 929 584 1301 1040 1660 423 506 1834 642 0 2137 486 854 1176 808 838
1728 2452 2076 2909 2945 2304 1726 2075 1179 1512 2137 0 1654 2200 1198 2429 2127
173 1154 711 1516 1445 1537 162 656 1493 231 486 1654 0 977 736 1063 928
804 253 281 2135 818 2466 815 355 1433 892 854 2200 977 0 1663 271 72
895 1868 1421 1711 2180 1223 886 1377 1601 771 1176 1198 736 1663 0 1788 1603
895 128 374 2020 549 2466 905 411 1703 1034 808 2429 1063 271 1788 0 334
755 326 254 2130 883 2430 766 332 1369 831 838 2127 928 72 1603 334 0
