0 128 1165 893 414 1727 642 1074 782 1143 481 1312 531 356 844 1193
128 0 1081 949 382 1800 531 1179 696 1035 608 1397 647 338 812 1313
1165 1081 0 2024 1383 1832 597 1660 1421 1451 1576 1633 1676 1371 1731 2306
893 949 2024 0 670 2358 1444 1570 932 1337 759 1911 594 663 608 852
414 382 1383 670 0 2137 790 1450 426 842 705 1715 647 66 432 1269
1727 1800 1832 2358 2137 0 1895 802 2496 2799 1602 447 1764 2075 2555 1918
642 531 597 1444 790 1895 0 1465 849 977 1110 1572 1173 783 1137 1834
1074 1179 1660 1570 1450 802 1465 0 1853 2214 827 364 981 1384 1838 1140
782 696 1421 932 426 2496 849 1853 0 426 1131 2092 1068 491 376 1660
1143 1035 1451 1337 842 2799 977 2214 426 0 1541 2419 1489 903 738 2087
481 608 1576 759 705 1602 1110 827 1131 1541 0 1155 167 641 1036 731
1312 1397 1633 1911 1715 447 1572 364 2092 2419 1155 0 1316 1651 2125 1501
531 647 1676 594 647 1764 1173 981 1068 1489 167 1316 0 588 924 667
356 338 1371 663 66 2075 783 1384 491 903 641 1651 588 0 488 1221
844 812 1731 608 432 2555 1137 1838 376 738 1036 2125 924 488 0 1417
1193 1313 2306 852 1269 1918 1834 1140 1660 2087 731 1501 667 1221 1417 0
