0 323 368 1691 1530 1345 1307 233 1374 670 971 1594 1450 357 1198 35
323 0 361 1477 1851 1044 1068 497 1691 906 665 1614 1692 114 1494 300
368 361 0 1347 1774 1109 986 600 1511 1034 965 1270 1380 472 1257 380
1691 1477 1347 0 3071 750 424 1922 2700 2358 1466 1218 2230 1561 2370 1692
1530 1851 1774 3071 0 2865 2752 1376 565 1135 2448 2417 1370 1854 894 1551
1345 1044 1109 750 2865 0 429 1541 2618 1941 771 1674 2365 1083 2346 1330
1307 1068 986 424 2752 429 0 1532 2430 1963 1058 1259 2067 1146 2124 1303
233 497 600 1922 1376 1541 1532 0 1300 436 1075 1794 1507 481 1183 230
1374 1691 1511 2700 565 2618 2430 1300 0 1242 2345 1910 806 1730 361 1404
670 906 1034 2358 1135 1941 1963 436 1242 0 1376 2174 1675 858 1251 666
971 665 965 1466 2448 771 1058 1075 2345 1376 0 2047 2341 615 2159 941
1594 1614 1270 1218 2417 1674 1259 1794 1910 2174 2047 0 1214 1728 1549 1618
1450 1692 1380 2230 1370 2365 2067 1507 806 1675 2341 1214 0 1775 501 1485
357 114 472 1561 1854 1083 1146 481 1730 858 615 1728 1775 0 1552 326
1198 1494 1257 2370 894 2346 2124 1183 361 1251 2159 1549 501 1552 0 1231
35 300 380 1692 1551 1330 1303 230 1404 666 941 1618 1485 326 1231 0
