0 329 139 380 780 389 782 838 757 485 133 590 523 248 839 621 614 477 63 435 826 143 46 197 148 709 266 645 827 250 743 555 683 461 763 86 557 594 549 802 567 353 602 232 467 497 505 339 712 110 840 673 536 279 447 611 413 557 469 229 23 285 777 860 693 822 330 605 74 796 29 836 8 757 122 202 153 366
329 0 193 627 978 709 597 830 796 618 305 644 777 203 1169 349 285 221 275 599 1147 189 356 282 290 451 260 865 1100 317 1071 826 437 600 1053 260 880 794 418 1131 883 657 931 558 711 627 782 311 401 429 1106 561 577 526 531 357 573 819 755 553 319 587 583 1015 899 932 659 928 315 798 358 1139 326 1014 446 529 470 586
139 193 0 455 873 527 711 794 780 542 171 567 605 186 977 512 478 343 82 505 964 49 162 196 126 579 231 745 923 252 882 676 555 520 869 94 686 646 450 939 690 486 739 365 574 553 601 261 573 236 932 630 553 383 432 509 437 674 595 368 134 397 665 935 788 831 469 735 124 756 168 970 135 843 253 336 276 424
380 627 455 0 1016 463 1158 641 1106 811 512 389 150 621 710 966 894 661 391 749 790 491 333 577 337 832 645 872 474 628 656 723 798 787 435 460 372 226 579 672 335 508 487 271 696 823 165 407 914 285 479 1053 897 563 285 964 165 739 625 374 403 156 807 1131 930 504 359 407 338 596 365 875 375 388 292 277 254 62
780 978 873 1016 0 569 926 1604 441 370 702 1347 1091 775 820 1024 1181 1192 834 378 640 835 805 700 928 1429 721 143 1250 660 719 309 1411 383 1145 779 845 1231 1321 808 910 508 750 747 324 364 1027 1118 1364 791 1280 750 488 501 1205 987 1133 286 398 647 767 859 1537 153 88 1520 665 870 853 1561 766 489 789 1246 770 746 796 1045
389 709 527 463 569 0 1018 1090 771 477 420 831 522 566 479 945 988 865 451 410 437 520 380 475 506 1094 545 428 703 488 372 264 1066 458 605 449 308 667 904 445 362 94 272 218 276 487 458 690 1101 324 730 864 618 262 699 924 603 283 170 161 393 310 1141 700 487 963 103 347 436 1045 361 455 394 684 300 233 304 503
782 597 711 1158 926 1018 0 1420 519 614 660 1241 1304 536 1490 296 531 756 767 658 1389 669 827 592 838 903 517 891 1608 553 1377 969 910 618 1537 698 1292 1357 991 1459 1321 929 1289 982 841 611 1287 908 741 889 1622 177 456 756 1123 264 1147 947 956 918 759 1063 1089 867 887 1526 1028 1339 819 1391 802 1307 785 1539 893 956 930 1133
838 830 794 641 1604 1090 1420 0 1575 1321 951 259 667 971 1323 1141 947 673 797 1273 1426 843 805 989 696 640 1022 1463 869 1047 1285 1336 610 1298 909 869 994 522 435 1287 941 1114 1119 876 1281 1333 739 537 818 813 846 1390 1348 1108 398 1163 486 1347 1239 966 856 781 472 1696 1516 313 987 1019 764 44 845 1516 829 760 834 868 810 590
757 796 780 1106 441 771 519 1575 0 301 630 1341 1224 612 1169 698 906 1014 784 368 1020 731 799 585 884 1228 556 460 1465 528 1057 602 1221 323 1373 708 1080 1331 1205 1147 1131 679 1027 852 508 289 1179 1040 1115 825 1489 359 227 551 1199 657 1169 574 638 754 735 964 1379 353 431 1578 831 1119 826 1536 759 896 764 1430 814 836 852 1110
485 618 542 811 370 477 614 1321 301 0 373 1076 925 414 907 661 811 836 525 66 784 498 522 351 625 1069 357 289 1165 303 793 358 1055 24 1073 455 784 1037 990 880 832 383 740 552 236 12 878 801 995 537 1188 439 160 251 932 626 888 334 363 453 465 665 1191 398 303 1295 531 824 558 1280 481 693 493 1128 523 538 559 820
133 305 171 512 702 420 660 951 630 373 0 711 651 147 896 531 571 499 154 333 852 134 180 68 255 737 143 577 947 116 791 521 717 351 877 81 645 728 622 860 666 356 668 325 411 385 628 428 706 231 962 542 406 222 569 515 544 517 450 279 110 403 835 764 618 953 392 694 197 911 146 835 140 883 232 297 270 500
590 644 567 389 1347 831 1241 259 1341 1076 711 0 442 752 1089 982 824 541 556 1024 1179 617 554 757 456 604 799 1206 702 815 1042 1077 569 1052 718 632 754 324 338 1052 706 855 874 616 1023 1088 507 333 750 557 687 1188 1115 854 143 997 229 1088 979 706 610 523 502 1443 1259 296 728 783 518 215 595 1262 582 591 577 609 552 334
523 777 605 150 1091 522 1304 667 1224 925 651 442 0 767 656 1116 1041 800 538 860 770 640 476 718 487 957 789 949 325 767 624 786 921 902 299 605 333 158 693 620 274 587 463 372 782 937 75 542 1051 421 329 1194 1023 673 379 1114 261 806 692 473 546 260 910 1217 1008 460 425 353 487 624 505 882 519 238 423 387 384 195
248 203 186 621 775 566 536 971 612 414 147 752 767 0 1043 384 436 422 231 396 994 138 292 94 310 655 58 665 1075 115 938 640 640 396 1011 163 790 824 593 1007 808 497 816 467 519 423 753 433 593 358 1088 443 387 345 618 369 621 631 580 427 226 533 780 812 697 1018 540 839 283 934 271 966 251 1004 365 438 400 598
839 1169 977 710 820 479 1490 1323 1169 907 896 1089 656 1043 0 1424 1453 1294 896 848 201 981 816 953 921 1504 1025 726 587 968 114 567 1472 894 489 913 338 807 1274 39 383 563 241 615 671 914 585 1075 1542 746 623 1327 1063 736 995 1403 875 595 543 619 850 629 1509 973 773 1094 509 306 866 1280 810 373 843 647 726 643 710 772
621 349 512 966 1024 945 296 1141 698 661 531 982 1116 384 1424 0 236 469 585 679 1362 483 660 471 630 607 399 950 1436 459 1317 975 614 655 1380 536 1173 1143 707 1389 1188 869 1200 848 845 665 1114 654 450 732 1445 356 541 702 878 41 923 959 933 811 602 903 793 1008 964 1275 924 1222 635 1115 647 1314 621 1354 742 819 774 930
614 285 478 894 1181 988 531 947 906 811 571 824 1041 436 1453 236 0 282 560 811 1423 471 641 530 566 373 478 1087 1367 544 1354 1076 383 798 1327 540 1165 1036 513 1415 1166 928 1216 844 952 816 1055 521 215 715 1370 583 720 781 743 273 813 1066 1016 835 602 870 564 1188 1111 1120 943 1213 599 926 643 1403 611 1274 732 814 755 847
477 221 343 661 1192 865 756 673 1014 836 499 541 800 422 1294 469 282 0 414 814 1300 366 486 492 372 238 480 1074 1123 534 1206 1018 219 818 1096 434 978 773 237 1255 966 829 1052 680 911 846 826 258 254 551 1122 755 797 721 469 494 554 1015 939 704 476 673 364 1234 1111 838 796 1024 432 649 504 1313 471 1024 573 654 584 606
63 275 82 391 834 451 767 797 784 525 154 556 538 231 896 585 560 414 0 479 887 102 80 204 101 645 262 701 852 262 802 617 620 501 794 78 605 594 490 858 610 417 657 283 525 536 529 284 651 154 863 670 559 335 415 579 397 618 532 291 68 319 715 908 747 802 389 653 52 756 90 899 57 776 171 254 195 367
435 599 505 749 378 410 658 1273 368 66 333 1024 860 396 848 679 811 814 479 0 732 464 469 322 579 1050 342 275 1098 282 734 311 1033 47 1006 415 717 975 955 820 765 316 676 488 183 78 813 760 987 479 1121 487 215 187 881 646 831 290 305 387 417 601 1163 430 301 1237 464 758 509 1231 429 651 443 1062 464 474 499 760
826 1147 964 790 640 437 1389 1426 1020 784 852 1179 770 994 201 1362 1423 1300 887 732 0 958 813 900 933 1524 965 563 765 903 152 427 1494 775 661 886 437 928 1317 207 499 496 308 626 549 789 695 1107 1538 750 800 1219 944 659 1068 1336 953 453 434 596 831 675 1554 792 604 1227 505 424 868 1382 797 172 831 810 727 650 722 847
143 189 49 491 835 520 669 843 731 498 134 617 640 138 981 483 471 366 102 464 958 0 178 148 172 604 182 711 955 204 882 651 583 476 897 71 700 688 492 943 709 470 745 376 544 509 632 309 583 251 965 582 504 354 481 477 483 648 575 364 130 420 701 893 752 879 471 749 153 805 172 954 142 878 265 346 293 464
46 356 162 333 805 380 827 805 799 522 180 554 476 292 816 660 641 486 80 469 813 178 0 244 131 713 312 667 783 296 724 566 685 498 720 129 524 548 537 778 531 356 577 203 486 534 460 323 728 73 795 720 580 304 411 652 369 571 476 219 70 243 769 891 717 779 311 572 56 763 40 833 42 711 90 173 115 320
197 282 196 577 700 475 592 989 585 351 68 757 718 94 953 471 530 492 204 322 900 148 244 0 301 729 76 583 1016 57 847 548 711 331 945 126 711 791 639 918 734 403 729 393 429 362 696 457 680 299 1031 476 358 251 617 452 601 540 486 341 173 471 841 749 619 1007 455 759 252 950 213 872 202 951 301 365 338 563
148 290 126 337 928 506 838 696 884 625 255 456 487 310 921 630 566 372 101 579 933 172 131 301 0 590 350 793 810 359 835 697 561 602 762 176 609 520 405 882 603 487 680 309 614 637 491 193 622 183 816 754 659 427 316 630 311 701 608 347 162 307 638 1007 841 709 428 656 76 655 164 961 139 725 206 283 212 300
709 451 579 832 1429 1094 903 640 1228 1069 737 604 957 655 1504 607 373 238 645 1050 1524 604 713 729 590 0 712 1312 1267 768 1423 1255 36 1052 1256 671 1178 895 271 1465 1157 1062 1263 899 1149 1078 996 431 186 773 1260 938 1018 959 587 642 697 1252 1175 933 710 875 196 1466 1348 880 1019 1221 657 632 735 1545 702 1161 796 874 802 772
266 260 231 645 721 545 517 1022 556 357 143 799 789 58 1025 399 478 480 262 342 965 182 312 76 350 712 0 614 1090 66 917 598 697 340 1020 186 787 855 650 990 810 470 803 468 474 366 769 485 644 371 1104 409 330 309 663 378 658 587 544 417 242 545 838 755 644 1060 530 835 312 985 284 930 270 1022 375 441 412 627
645 865 745 872 143 428 891 1463 460 289 577 1206 949 665 726 950 1087 1074 701 275 563 711 667 583 793 1312 614 0 1118 550 618 176 1292 295 1015 651 714 1088 1191 709 776 365 627 603 182 288 886 985 1258 650 1148 714 436 366 1064 915 990 150 258 503 633 715 1411 274 59 1376 523 741 717 1419 630 437 654 1109 628 603 654 901
827 1100 923 474 1250 703 1608 869 1465 1165 947 702 325 1075 587 1436 1367 1123 852 1098 765 955 783 1016 810 1267 1090 1118 0 1059 615 942 1232 1143 106 912 404 379 999 565 342 789 509 634 979 1176 322 865 1373 718 36 1485 1285 919 681 1432 573 967 863 720 849 544 1199 1392 1176 579 633 381 802 833 806 918 824 111 715 657 677 520
250 317 252 628 660 488 553 1047 528 303 116 815 767 115 968 459 544 534 262 282 903 204 296 57 359 768 66 550 1059 0 859 532 752 284 986 184 741 845 691 933 768 409 750 430 408 313 742 513 708 346 1075 427 301 244 675 436 658 521 478 368 226 516 888 701 582 1064 480 789 309 1008 263 864 256 997 346 403 384 617
743 1071 882 656 719 372 1377 1285 1057 793 791 1042 624 938 114 1317 1354 1206 802 734 152 882 724 847 835 1423 917 618 615 859 0 455 1392 780 510 813 292 780 1202 90 350 451 168 525 557 800 550 997 1452 655 651 1214 949 624 938 1295 821 484 429 518 752 555 1439 872 668 1078 413 274 775 1241 714 305 747 657 634 552 622 715
555 826 676 723 309 264 969 1336 602 358 521 1077 786 640 567 975 1076 1018 617 311 427 651 566 548 697 1255 598 176 942 532 455 0 1232 351 839 583 537 931 1103 546 601 222 450 461 130 363 720 890 1226 533 972 796 518 299 939 945 854 28 97 371 549 567 1332 450 234 1226 365 565 621 1292 534 341 563 936 510 467 528 758
683 437 555 798 1411 1066 910 610 1221 1055 717 569 921 640 1472 614 383 219 620 1033 1494 583 685 711 561 36 697 1292 1232 752 1392 1232 0 1036 1221 649 1145 859 235 1433 1123 1037 1232 869 1128 1063 961 398 210 744 1225 938 1008 937 551 647 661 1230 1150 905 685 843 180 1452 1330 846 989 1188 629 601 708 1518 676 1125 767 844 772 737
461 600 520 787 383 458 618 1298 323 24 351 1052 902 396 894 655 798 818 501 47 775 476 498 331 602 1052 340 295 1143 284 780 351 1036 0 1052 433 764 1013 969 867 812 364 724 529 226 36 856 779 980 513 1167 445 169 228 908 620 864 328 350 430 442 642 1171 418 313 1271 510 805 535 1257 457 689 470 1106 499 515 535 796
763 1053 869 435 1145 605 1537 909 1373 1073 877 718 299 1011 489 1380 1327 1096 794 1006 661 897 720 945 762 1256 1020 1015 106 986 510 839 1221 1052 0 849 301 395 992 464 242 694 403 556 881 1084 272 839 1348 652 141 1408 1199 831 675 1373 559 865 763 635 784 478 1204 1289 1073 638 542 276 745 870 739 812 761 164 646 582 610 490
86 260 94 460 779 449 698 869 708 455 81 632 605 163 913 536 540 434 78 415 886 71 129 126 176 671 186 651 912 184 813 583 649 433 849 0 639 668 542 875 652 399 678 314 480 467 590 346 655 197 925 595 482 289 492 525 475 581 505 294 66 371 759 845 694 880 403 688 126 830 111 883 88 841 206 284 239 441
557 880 686 372 845 308 1292 994 1080 784 645 754 333 790 338 1173 1165 978 605 717 437 700 524 711 609 1178 787 714 404 741 292 537 1145 764 301 639 0 490 940 300 68 401 131 325 581 794 258 746 1231 450 435 1149 919 553 657 1160 537 563 461 374 573 304 1173 988 772 790 265 48 566 950 529 557 558 408 435 355 409 434
594 794 646 226 1231 667 1357 522 1331 1037 728 324 158 824 807 1143 1036 773 594 975 928 688 548 791 520 895 855 1088 379 845 780 931 859 1013 395 668 490 0 624 772 430 723 620 493 916 1049 233 517 1013 508 367 1264 1121 788 310 1146 222 949 835 596 618 377 819 1352 1146 303 566 507 542 481 583 1039 588 269 517 502 479 228
549 418 450 579 1321 904 991 435 1205 990 622 338 693 593 1274 707 513 237 490 955 1317 492 537 639 405 271 650 1191 999 691 1202 1103 235 969 992 542 940 624 0 1235 911 892 1037 693 1015 1001 738 214 412 581 991 976 980 825 318 730 432 1106 1014 749 558 647 237 1385 1236 626 817 980 481 413 569 1360 541 892 605 673 601 517
802 1131 939 672 808 445 1459 1287 1147 880 860 1052 620 1007 39 1389 1415 1255 858 820 207 943 778 918 882 1465 990 709 565 933 90 546 1433 867 464 875 300 772 1235 0 346 530 202 576 646 888 548 1035 1503 708 601 1298 1036 703 957 1369 837 574 517 582 812 590 1470 961 758 1062 472 269 828 1244 772 375 805 620 687 605 671 734
567 883 690 335 910 362 1321 941 1131 832 666 706 274 808 383 1188 1166 966 610 765 499 709 531 734 603 1157 810 776 342 768 350 601 1123 812 242 652 68 430 911 346 0 452 197 341 638 843 202 725 1220 458 371 1183 963 595 618 1177 496 626 521 405 585 296 1142 1051 835 727 304 78 567 897 541 624 567 340 445 370 415 397
353 657 486 508 508 94 929 1114 679 383 356 855 587 497 563 869 928 829 417 316 496 470 356 403 487 1062 470 365 789 409 451 222 1037 364 694 399 401 723 892 530 452 0 365 241 196 393 528 678 1054 314 815 772 523 173 717 845 633 234 125 149 352 351 1125 630 423 1012 162 441 412 1070 328 484 360 764 291 245 306 539
602 931 739 487 750 272 1289 1119 1027 740 668 874 463 816 241 1200 1216 1052 657 676 308 745 577 729 680 1263 803 627 509 750 168 450 1232 724 403 678 131 620 1037 202 197 365 0 375 519 750 387 835 1301 506 543 1136 887 534 770 1182 652 478 390 389 614 391 1274 897 683 921 276 130 626 1075 573 427 605 529 486 403 469 546
232 558 365 271 747 218 982 876 852 552 325 616 372 467 615 848 844 680 283 488 626 376 203 393 309 899 468 603 634 430 525 461 869 529 556 314 325 493 693 576 341 241 375 0 426 564 328 481 927 131 653 852 657 301 482 835 392 475 363 103 247 115 931 860 660 774 123 374 251 831 203 669 233 583 112 29 96 298
467 711 574 696 324 276 841 1281 508 236 411 1023 782 519 671 845 952 911 525 183 549 544 486 429 614 1149 474 182 979 408 557 130 1128 226 881 480 581 916 1015 646 638 196 519 426 0 243 724 806 1110 467 1006 670 396 191 882 815 809 114 130 324 456 540 1238 435 236 1200 359 617 538 1237 449 472 475 959 446 423 472 722
497 627 553 823 364 487 611 1333 289 12 385 1088 937 423 914 665 816 846 536 78 789 509 534 362 637 1078 366 288 1176 313 800 363 1063 36 1084 467 794 1049 1001 888 843 393 750 564 243 0 890 813 1002 549 1200 436 156 263 944 629 900 338 371 464 477 677 1201 388 299 1308 542 834 570 1292 493 696 505 1140 536 550 572 832
505 782 601 165 1027 458 1287 739 1179 878 628 507 75 753 585 1114 1055 826 529 813 695 632 460 696 491 996 769 886 322 742 550 720 961 856 272 590 258 233 738 548 202 528 387 328 724 890 0 572 1079 398 334 1169 985 627 431 1109 309 741 628 425 527 226 961 1156 945 535 365 280 479 695 485 807 502 255 396 348 358 223
339 311 261 407 1118 690 908 537 1040 801 428 333 542 433 1075 654 521 258 284 760 1107 309 323 457 193 431 485 985 865 513 997 890 398 779 839 346 746 517 214 1035 725 678 835 481 806 813 572 0 509 366 863 858 813 618 225 666 296 894 800 535 351 445 450 1191 1032 621 604 789 269 501 357 1146 331 765 391 460 387 349
712 401 573 914 1364 1101 741 818 1115 995 706 750 1051 593 1542 450 215 254 651 987 1538 583 728 680 622 186 644 1258 1373 708 1452 1226 210 980 1348 655 1231 1013 412 1503 1220 1054 1301 927 1110 1002 1079 509 0 796 1370 798 920 927 704 488 800 1220 1156 941 707 927 382 1383 1289 1038 1039 1277 676 806 740 1538 707 1271 817 899 832 858
110 429 236 285 791 324 889 813 825 537 231 557 421 358 746 732 715 551 154 479 750 251 73 299 183 773 371 650 718 346 655 533 744 513 652 197 450 508 581 708 458 314 506 131 467 549 398 366 796 0 732 773 612 300 414 722 352 541 439 168 131 174 817 887 703 758 246 499 120 770 87 780 110 651 24 103 42 284
840 1106 932 479 1280 730 1622 846 1489 1188 962 687 329 1088 623 1445 1370 1122 863 1121 800 965 795 1031 816 1260 1104 1148 36 1075 651 972 1225 1167 141 925 435 367 991 601 371 815 543 653 1006 1200 334 863 1370 732 0 1502 1307 942 673 1441 569 997 892 741 862 559 1187 1422 1206 552 658 414 812 811 819 953 837 99 730 675 692 523
673 561 630 1053 750 864 177 1390 359 439 542 1188 1194 443 1327 356 583 755 670 487 1219 582 720 476 754 938 409 714 1485 427 1214 796 938 445 1408 595 1149 1264 976 1298 1183 772 1136 852 670 436 1169 858 798 773 1502 0 280 601 1059 315 1065 773 789 778 649 943 1110 698 710 1460 883 1195 722 1357 689 1132 678 1425 773 828 812 1037
536 577 553 897 488 618 456 1348 227 160 406 1115 1023 387 1063 541 720 797 559 215 944 504 580 358 659 1018 330 436 1285 301 949 518 1008 169 1199 482 919 1121 980 1036 963 523 887 657 396 156 985 813 920 612 1307 280 0 367 974 502 949 495 520 565 513 763 1161 469 437 1358 658 962 603 1309 541 852 543 1240 604 637 643 896
279 526 383 563 501 262 756 1108 551 251 222 854 673 345 736 702 781 721 335 187 659 354 304 251 427 959 309 366 919 244 624 299 937 228 831 289 553 788 825 703 595 173 534 301 191 263 627 618 927 300 942 601 367 0 711 677 652 294 235 202 267 414 1047 588 413 1055 290 597 352 1065 265 621 288 878 283 287 316 576
447 531 432 285 1205 699 1123 398 1199 932 569 143 379 618 995 878 743 469 415 881 1068 481 411 617 316 587 663 1064 681 675 938 939 551 908 675 492 657 310 318 957 618 717 770 482 882 944 431 225 704 414 673 1059 974 711 0 888 122 950 842 568 467 397 531 1300 1117 403 598 692 375 355 451 1140 439 574 435 472 412 223
611 357 509 964 987 924 264 1163 657 626 515 997 1114 369 1403 41 273 494 579 646 1336 477 652 452 630 642 378 915 1432 436 1295 945 647 620 1373 525 1160 1146 730 1369 1177 845 1182 835 815 629 1109 666 488 722 1441 315 502 677 888 0 928 929 906 794 592 895 825 968 928 1288 907 1208 630 1136 636 1285 612 1352 732 806 765 931
413 573 437 165 1133 603 1147 486 1169 888 544 229 261 621 875 923 813 554 397 831 953 483 369 601 311 697 658 990 573 658 821 854 661 864 559 475 537 222 432 837 496 633 652 392 809 900 309 296 800 352 569 1065 949 652 122 928 0 867 756 487 435 294 652 1237 1046 409 500 571 349 441 409 1033 405 471 369 388 338 106
557 819 674 739 286 283 947 1347 574 334 517 1088 806 631 595 959 1066 1015 618 290 453 648 571 540 701 1252 587 150 967 521 484 28 1230 328 865 581 563 949 1106 574 626 234 478 475 114 338 741 894 1220 541 997 773 495 294 950 929 867 0 114 381 550 583 1334 424 208 1243 383 591 625 1303 537 361 565 960 518 479 538 773
469 755 595 625 398 170 956 1239 638 363 450 979 692 580 543 933 1016 939 532 305 434 575 476 486 608 1175 544 258 863 478 429 97 1150 350 763 505 461 835 1014 517 521 125 390 363 130 371 628 800 1156 439 892 789 520 235 842 906 756 114 0 274 465 469 1245 531 317 1129 268 493 532 1194 446 386 476 851 415 370 432 660
229 553 368 374 647 161 918 966 754 453 279 706 473 427 619 811 835 704 291 387 596 364 219 341 347 933 417 503 720 368 518 371 905 430 635 294 374 596 749 582 405 149 389 103 324 464 425 535 941 168 741 778 565 202 568 794 487 381 274 0 235 219 984 758 559 876 113 421 276 921 201 614 234 676 144 99 157 398
23 319 134 403 767 393 759 856 735 465 110 610 546 226 850 602 602 476 68 417 831 130 70 173 162 710 242 633 849 226 752 549 685 442 784 66 573 618 558 812 585 352 614 247 456 477 527 351 707 131 862 649 513 267 467 592 435 550 465 235 0 306 784 844 680 844 340 621 92 815 44 836 30 780 140 217 173 390
285 587 397 156 859 310 1063 781 964 665 403 523 260 533 629 903 870 673 319 601 675 420 243 471 307 875 545 715 544 516 555 567 843 642 478 371 304 377 647 590 296 351 391 115 540 677 226 445 927 174 559 943 763 414 397 895 294 583 469 219 306 0 883 975 773 661 207 350 273 736 262 742 283 482 170 127 133 192
777 583 665 807 1537 1141 1089 472 1379 1191 835 502 910 780 1509 793 564 364 715 1163 1554 701 769 841 638 196 838 1411 1199 888 1439 1332 180 1171 1204 759 1173 819 237 1470 1142 1125 1274 931 1238 1201 961 450 382 817 1187 1110 1161 1047 531 825 652 1334 1245 984 784 883 0 1589 1453 746 1054 1212 713 473 799 1597 769 1089 841 910 838 744
860 1015 935 1131 153 700 867 1696 353 398 764 1443 1217 812 973 1008 1188 1234 908 430 792 893 891 749 1007 1466 755 274 1392 701 872 450 1452 418 1289 845 988 1352 1385 961 1051 630 897 860 435 388 1156 1191 1383 887 1422 698 469 588 1300 968 1237 424 531 758 844 975 1589 0 215 1633 791 1015 935 1654 851 638 869 1383 869 856 899 1155
693 899 788 930 88 487 887 1516 431 303 618 1259 1008 697 773 964 1111 1111 747 301 604 752 717 619 841 1348 644 59 1176 582 668 234 1330 313 1073 694 772 1146 1236 758 835 423 683 660 236 299 945 1032 1289 703 1206 710 437 413 1117 928 1046 208 317 559 680 773 1453 215 0 1434 582 799 766 1473 679 467 702 1168 682 659 708 958
822 932 831 504 1520 963 1526 313 1578 1295 953 296 460 1018 1094 1275 1120 838 802 1237 1227 879 779 1007 709 880 1060 1376 579 1064 1078 1226 846 1271 638 880 790 303 626 1062 727 1012 921 774 1200 1308 535 621 1038 758 552 1460 1358 1055 403 1288 409 1243 1129 876 844 661 746 1633 1434 0 861 803 756 289 818 1342 814 477 773 777 739 479
330 659 469 359 665 103 1028 987 831 531 392 728 425 540 509 924 943 796 389 464 505 471 311 455 428 1019 530 523 633 480 413 365 989 510 542 403 265 566 817 472 304 162 276 123 359 542 365 604 1039 246 658 883 658 290 598 907 500 383 268 113 340 207 1054 791 582 861 0 311 364 942 301 546 334 603 223 145 217 399
605 928 735 407 870 347 1339 1019 1119 824 694 783 353 839 306 1222 1213 1024 653 758 424 749 572 759 656 1221 835 741 381 789 274 565 1188 805 276 688 48 507 980 269 78 441 130 374 617 834 280 789 1277 499 414 1195 962 597 692 1208 571 591 493 421 621 350 1212 1015 799 803 311 0 614 975 577 555 606 399 484 403 458 470
74 315 124 338 853 436 819 764 826 558 197 518 487 283 866 635 599 432 52 509 868 153 56 252 76 657 312 717 802 309 775 621 629 535 745 126 566 542 481 828 567 412 626 251 538 570 479 269 676 120 812 722 603 352 375 630 349 625 532 276 92 273 713 935 766 756 364 614 0 722 88 889 65 724 141 223 157 315
796 798 756 596 1561 1045 1391 44 1536 1280 911 215 624 934 1280 1115 926 649 756 1231 1382 805 763 950 655 632 985 1419 833 1008 1241 1292 601 1257 870 830 950 481 413 1244 897 1070 1075 831 1237 1292 695 501 806 770 811 1357 1309 1065 355 1136 441 1303 1194 921 815 736 473 1654 1473 289 942 975 722 0 803 1471 788 723 790 824 766 545
29 358 168 365 766 361 802 845 759 481 146 595 505 271 810 647 643 504 90 429 797 172 40 213 164 735 284 630 806 263 714 534 708 457 739 111 529 583 569 772 541 328 573 203 449 493 485 357 740 87 819 689 541 265 451 636 409 537 446 201 44 262 799 851 679 818 301 577 88 803 0 810 33 738 95 174 129 356
836 1139 970 875 489 455 1307 1516 896 693 835 1262 882 966 373 1314 1403 1313 899 651 172 954 833 872 961 1545 930 437 918 864 305 341 1518 689 812 883 557 1039 1360 375 624 484 427 669 472 696 807 1146 1538 780 953 1132 852 621 1140 1285 1033 361 386 614 836 742 1597 638 467 1342 546 555 889 1471 810 0 842 952 756 688 759 927
8 326 135 375 789 394 785 829 764 493 140 582 519 251 843 621 611 471 57 443 831 142 42 202 139 702 270 654 824 256 747 563 676 470 761 88 558 588 541 805 567 360 605 233 475 505 502 331 707 110 837 678 543 288 439 612 405 565 476 234 30 283 769 869 702 814 334 606 65 788 33 842 0 753 122 204 152 360
757 1014 843 388 1246 684 1539 760 1430 1128 883 591 238 1004 647 1354 1274 1024 776 1062 810 878 711 951 725 1161 1022 1109 111 997 657 936 1125 1106 164 841 408 269 892 620 340 764 529 583 959 1140 255 765 1271 651 99 1425 1240 878 574 1352 471 960 851 676 780 482 1089 1383 1168 477 603 399 724 723 738 952 753 0 651 603 612 428
122 446 253 292 770 300 893 834 814 523 232 577 423 365 726 742 732 573 171 464 727 265 90 301 206 796 375 628 715 346 634 510 767 499 646 206 435 517 605 687 445 291 486 112 446 536 396 391 817 24 730 773 604 283 435 732 369 518 415 144 140 170 841 869 682 773 223 484 141 790 95 756 122 651 0 83 39 296
202 529 336 277 746 233 956 868 836 538 297 609 387 438 643 819 814 654 254 474 650 346 173 365 283 874 441 603 657 403 552 467 844 515 582 284 355 502 673 605 370 245 403 29 423 550 348 460 899 103 675 828 637 287 472 806 388 479 370 99 217 127 910 856 659 777 145 403 223 824 174 688 204 603 83 0 72 298
153 470 276 254 796 304 930 810 852 559 270 552 384 400 710 774 755 584 195 499 722 293 115 338 212 802 412 654 677 384 622 528 772 535 610 239 409 479 601 671 415 306 469 96 472 572 358 387 832 42 692 812 643 316 412 765 338 538 432 157 173 133 838 899 708 739 217 458 157 766 129 759 152 612 39 72 0 261
366 586 424 62 1045 503 1133 590 1110 820 500 334 195 598 772 930 847 606 367 760 847 464 320 563 300 772 627 901 520 617 715 758 737 796 490 441 434 228 517 734 397 539 546 298 722 832 223 349 858 284 523 1037 896 576 223 931 106 773 660 398 390 192 744 1155 958 479 399 470 315 545 356 927 360 428 296 298 261 0
