0 139 695 13 356 522 850 443 236 498 467 297 79 488 691 76 276 569 617 337 350 361 636 283 725 661 266 258 639 567 841 656 289 604 152 521 672 776 464 743 805 816 210 127 228 58 7 761 747 259 43 220 20 123 426 322 670 531 486 549 515 519 551 283 632 452 440 318 652 296 406 819 56 577 529 109 537 632 145 152 854 274 46 501 835 423 127 20 454 832 705 797 549 3 8 717 634 843 666 134 505 416 258 220 767 41 747 657 497 824 711 624 131 654 72 28
139 0 758 126 443 605 711 580 370 630 330 378 182 350 828 181 387 523 530 202 258 245 585 380 862 636 137 272 775 571 853 646 389 714 167 383 711 896 601 786 944 800 134 13 125 196 135 854 863 202 171 359 118 190 469 360 804 522 373 612 574 385 685 323 537 313 386 434 539 429 522 928 109 656 515 247 674 710 268 279 917 357 154 413 873 310 102 118 380 955 740 936 558 140 144 628 721 977 553 175 644 516 222 81 628 97 868 523 636 936 632 762 13 774 172 118
695 758 0 704 956 1095 1286 586 725 517 1019 399 756 952 864 618 842 521 1288 831 1016 994 559 424 918 1356 769 492 867 1251 315 1345 423 310 848 976 132 454 775 1373 850 445 664 757 882 672 690 1265 1146 946 655 652 703 580 1084 399 585 379 786 1161 183 1080 858 959 755 932 557 850 1279 539 398 376 672 1152 398 682 815 1201 572 579 1435 422 650 1171 195 1059 655 699 1135 1158 148 848 1229 692 688 763 1177 1037 876 827 645 326 951 801 1184 708 1109 1022 717 1226 712 807 744 1049 754 688
13 126 704 0 359 525 837 457 247 511 453 306 81 475 703 86 282 567 605 325 337 348 634 294 737 654 255 260 651 562 845 650 300 617 144 509 679 789 476 742 818 818 203 114 214 71 14 766 755 247 55 233 8 129 424 327 684 533 477 549 523 505 562 279 625 439 437 326 639 310 419 832 52 580 530 121 549 635 158 165 855 284 54 488 842 409 122 11 442 841 711 810 544 16 21 711 638 854 658 128 519 428 248 207 754 29 756 646 510 831 706 636 119 663 72 23
356 443 956 359 0 166 1074 468 232 558 682 577 278 756 540 408 114 924 625 631 460 526 992 540 549 495 579 604 473 350 1160 453 538 759 285 787 969 867 339 417 694 1159 558 430 430 334 363 410 440 360 370 304 367 464 162 647 684 875 816 207 797 711 369 164 978 720 797 120 737 424 576 951 412 221 875 296 387 276 404 391 503 557 392 542 1126 556 480 370 476 550 1003 684 324 357 358 1067 280 634 995 268 480 632 323 506 1012 381 461 941 419 505 1064 495 445 368 287 382
522 605 1095 525 166 0 1201 562 373 654 817 731 444 903 539 573 265 1090 696 786 584 657 1159 690 532 493 739 768 472 342 1316 432 687 872 442 932 1119 952 392 291 700 1321 723 592 578 499 530 251 331 497 536 447 533 629 202 807 750 1038 977 95 945 839 380 299 1142 867 963 246 829 556 704 1048 578 57 1039 458 413 111 562 548 344 711 557 634 1272 677 647 536 569 455 1154 690 317 524 525 1231 116 586 1155 429 552 769 457 664 1147 547 370 1089 477 380 1230 513 608 291 453 549
850 711 1286 837 1074 1201 0 1289 1076 1330 396 1016 881 369 1536 882 1064 797 605 522 617 548 796 1041 1566 909 600 850 1480 970 1208 970 1052 1365 808 337 1183 1562 1307 1245 1656 1063 701 723 657 908 847 1445 1514 713 881 1071 830 866 1006 935 1504 918 500 1161 1127 363 1384 911 580 403 730 1113 445 1133 1197 1566 814 1234 899 958 1379 1278 969 983 1416 1003 861 597 1310 524 766 830 652 1623 1196 1647 978 852 856 634 1312 1676 455 836 1355 1164 751 630 103 809 1534 267 1347 1576 688 1471 719 1440 871 829
443 580 586 457 468 562 1289 0 268 91 910 356 437 921 314 407 368 803 1014 767 770 798 872 309 365 954 691 505 295 816 866 918 298 316 539 954 651 398 191 853 381 929 600 569 665 386 445 689 559 664 409 232 463 430 628 471 234 689 869 646 487 962 271 557 962 886 724 347 1079 159 202 487 475 612 700 343 229 654 321 306 880 353 428 906 780 855 525 462 848 578 685 374 790 441 437 1025 619 492 1036 508 78 287 645 660 1201 483 523 1076 132 639 998 246 571 463 444 462
236 370 725 247 232 373 1076 268 0 350 684 359 195 720 460 246 118 755 748 572 515 553 826 317 491 693 502 425 405 561 944 662 314 532 284 753 745 658 230 648 587 959 440 357 425 184 242 577 526 406 222 73 256 297 377 446 501 682 720 435 572 729 314 289 854 684 642 127 822 192 344 732 287 430 686 129 303 482 202 185 717 341 247 642 899 605 356 257 582 600 780 578 536 235 233 934 467 607 899 252 307 400 382 451 997 277 519 893 277 606 921 395 365 429 204 263
498 630 517 511 558 654 1330 91 350 0 960 352 504 960 353 450 455 790 1088 807 837 858 857 310 407 1041 729 515 350 904 809 1007 298 230 608 992 594 309 277 945 382 887 631 620 724 442 498 774 635 733 459 303 517 463 717 465 174 666 889 738 440 1015 347 639 966 927 725 437 1145 201 168 395 521 704 679 407 303 745 363 350 970 354 475 977 712 917 563 515 921 641 627 376 879 495 490 1022 709 531 1049 577 129 248 717 708 1238 535 594 1106 206 713 991 292 619 541 509 513
467 330 1019 453 682 817 396 910 684 960 0 681 488 129 1144 510 668 626 368 187 238 160 661 695 1172 619 253 534 1086 634 1031 663 705 1030 412 143 942 1219 914 902 1268 927 363 341 261 524 465 1066 1122 322 502 685 446 507 629 628 1134 698 325 787 840 61 989 521 503 116 508 717 281 760 845 1241 439 855 683 571 985 902 598 610 1064 664 485 290 1092 163 406 447 317 1229 964 1259 635 469 473 596 931 1281 439 440 972 828 360 253 330 427 1140 292 958 1186 628 1080 341 1045 479 448
297 378 399 306 577 731 1016 356 359 352 681 0 356 650 669 220 467 446 903 504 631 622 516 49 718 956 430 169 642 853 585 946 59 350 449 680 392 546 494 993 730 605 320 374 499 273 292 933 857 552 256 288 306 189 692 115 516 341 547 784 224 742 591 561 614 621 373 486 915 220 191 559 280 788 349 288 557 841 177 186 1075 22 252 786 552 688 281 302 745 905 426 724 832 293 289 671 827 846 699 428 435 148 554 437 919 313 836 774 475 939 642 600 364 756 355 292
79 182 756 81 278 444 881 437 195 504 488 356 0 528 655 145 206 648 587 384 333 362 715 335 685 600 320 336 599 497 915 589 339 638 106 561 741 797 426 664 781 895 281 169 231 83 87 686 682 229 105 205 89 199 349 395 671 609 550 469 579 535 505 208 703 491 519 252 641 308 437 850 133 499 608 97 498 553 186 185 774 334 121 475 904 417 202 92 421 772 774 772 477 81 83 790 557 798 731 77 491 461 217 259 803 104 686 705 470 756 787 591 180 592 10 104
488 350 952 475 756 903 369 921 720 960 129 650 528 0 1179 514 725 519 497 153 346 266 546 672 1212 745 230 488 1125 750 932 786 683 1000 473 33 863 1196 951 1014 1292 817 332 363 326 545 484 1154 1193 408 515 708 467 496 726 578 1135 607 206 884 781 171 1034 604 376 37 413 773 398 764 828 1206 447 945 591 597 1024 995 600 615 1170 636 494 419 1006 286 397 467 441 1293 882 1284 749 489 493 467 1019 1327 309 497 989 799 447 269 280 446 1205 185 985 1262 502 1112 356 1110 518 464
691 828 864 703 540 539 1536 314 460 353 1144 669 655 1179 0 678 493 1116 1162 1028 961 1008 1186 621 54 1020 955 809 68 870 1162 966 610 559 737 1212 947 528 229 804 160 1238 879 816 883 634 695 540 352 851 667 473 711 715 692 784 311 1004 1157 635 792 1188 170 687 1266 1142 1032 448 1260 458 511 648 736 567 1015 581 160 586 603 585 766 664 690 1070 1060 1055 797 711 1005 311 980 150 843 689 686 1333 534 179 1331 706 237 595 822 909 1457 732 295 1347 201 414 1309 70 822 291 665 715
76 181 618 86 408 573 882 407 246 450 510 220 145 514 678 0 314 519 689 360 419 421 589 209 717 738 284 196 632 642 770 732 216 537 229 546 597 715 459 807 781 753 200 173 291 73 71 803 771 333 40 207 86 56 494 249 624 468 480 608 439 566 552 354 608 479 399 350 715 251 342 752 72 629 468 120 532 684 87 101 910 197 32 572 760 485 119 83 527 846 630 773 622 73 69 688 681 839 657 210 475 344 334 257 794 96 765 672 479 850 676 609 170 675 141 73
276 387 842 282 114 265 1064 368 118 455 668 467 206 725 493 314 0 834 674 587 469 522 903 428 513 586 525 508 430 449 1052 551 425 648 255 757 857 765 271 531 638 1056 486 374 406 241 283 489 475 360 280 190 291 370 262 542 593 774 757 319 684 706 328 199 908 688 712 48 767 311 462 844 332 322 776 196 333 376 297 283 608 447 304 578 1013 564 403 293 514 568 892 628 423 276 276 993 368 615 938 228 391 518 329 461 993 309 481 906 340 549 986 438 386 386 217 304
569 523 521 567 924 1090 797 803 755 790 626 446 648 519 1116 519 834 0 973 460 734 677 71 495 1165 1147 439 329 1088 1094 416 1165 505 706 683 532 400 903 932 1304 1172 300 389 532 622 593 561 1323 1279 718 555 697 560 463 985 332 938 146 317 1117 407 683 1029 838 235 515 137 869 908 662 621 864 514 1146 127 639 999 1201 553 571 1423 452 532 869 513 732 450 556 860 1340 407 1166 1081 567 566 248 1200 1293 360 682 881 548 744 510 695 548 1266 530 920 1360 205 1047 514 1180 639 543
617 530 1288 605 625 696 605 1014 748 1088 368 903 587 497 1162 689 674 973 0 513 272 301 1016 898 1174 305 545 798 1096 392 1357 370 905 1221 481 505 1236 1384 945 660 1311 1273 634 531 405 661 620 910 1028 360 660 784 603 714 496 889 1248 1019 689 628 1104 332 992 475 871 482 843 715 162 895 1021 1435 623 711 1008 684 1004 742 762 766 835 882 656 117 1395 241 632 606 166 1150 1263 1301 407 620 625 964 788 1258 805 511 1055 1033 371 492 597 592 1064 634 1013 1072 995 1111 543 977 583 615
337 202 831 325 631 786 522 767 572 807 187 504 384 153 1028 360 587 460 513 0 288 221 504 523 1063 708 77 349 976 683 852 737 534 855 345 186 755 1048 802 930 1140 760 183 215 214 394 333 1038 1060 310 363 557 317 343 625 442 981 516 205 779 653 249 887 490 390 120 332 634 459 611 678 1063 294 833 502 447 875 885 446 461 1077 489 341 410 907 272 244 317 409 1155 778 1131 677 339 342 486 903 1180 372 364 835 652 347 126 433 296 1069 321 833 1132 504 961 207 974 374 313
350 258 1016 337 460 584 617 770 515 837 238 631 333 346 961 419 469 734 272 288 0 80 785 628 982 419 295 528 898 405 1099 450 635 955 231 370 967 1125 733 667 1099 1028 370 259 133 399 352 830 898 109 393 537 334 442 392 618 1004 762 490 549 832 255 797 295 677 316 599 516 308 639 756 1169 351 619 752 429 800 664 496 501 826 610 386 155 1128 96 360 337 127 1010 995 1089 402 353 358 773 695 1082 643 263 820 763 140 229 564 322 921 526 791 959 793 902 271 828 327 345
361 245 994 348 526 657 548 798 553 858 160 622 362 266 1008 421 522 677 301 221 80 0 724 625 1033 491 243 502 948 485 1055 526 633 958 271 289 936 1136 779 748 1141 975 334 250 133 415 361 905 966 165 402 566 343 435 469 595 1029 717 417 627 811 185 848 363 604 236 545 570 293 658 763 1173 350 695 706 454 848 741 504 513 907 602 391 191 1095 65 343 345 188 1075 963 1131 483 364 369 700 770 1137 565 302 853 761 202 193 489 327 986 445 830 1029 723 947 258 892 354 350
636 585 559 634 992 1159 796 872 826 857 661 516 715 546 1186 589 903 71 1016 504 785 724 0 565 1235 1202 492 400 1158 1154 412 1222 575 764 747 556 432 958 1003 1369 1239 273 451 594 678 662 629 1393 1350 776 624 768 627 533 1050 402 1002 199 340 1183 462 714 1100 902 217 547 198 939 941 733 688 914 582 1214 183 709 1070 1269 624 642 1490 523 601 914 527 777 516 624 910 1412 434 1233 1142 635 634 204 1270 1363 345 747 950 613 803 566 695 615 1337 533 990 1431 153 1117 576 1251 707 611
283 380 424 294 540 690 1041 309 317 310 695 49 335 672 621 209 428 495 898 523 628 625 565 0 670 935 447 205 593 827 627 922 11 335 433 703 429 524 445 957 685 653 340 375 498 251 280 888 809 542 241 244 295 190 661 162 478 390 581 747 257 754 541 535 657 642 417 444 919 170 157 548 276 747 399 257 508 800 149 155 1034 44 242 781 586 690 289 292 737 856 464 679 805 280 275 716 783 798 739 409 387 136 541 446 945 306 787 804 425 891 689 551 367 708 334 283
725 862 918 737 549 532 1566 365 491 407 1172 718 685 1212 54 717 513 1165 1174 1063 982 1033 1235 670 0 1020 991 855 86 868 1216 963 659 614 762 1245 1002 578 260 785 179 1291 918 849 911 670 730 508 314 874 704 510 745 756 696 832 362 1054 1197 627 846 1214 185 702 1310 1175 1078 466 1278 504 564 698 772 555 1065 616 188 569 644 626 737 712 728 1086 1114 1077 835 746 1021 261 1034 170 842 724 721 1379 515 127 1372 732 289 648 842 942 1489 766 254 1383 245 370 1356 118 856 265 695 751
661 636 1356 654 495 493 909 954 693 1041 619 956 600 745 1020 738 586 1147 305 708 419 491 1202 935 1020 0 709 901 952 151 1488 72 939 1219 509 762 1332 1350 834 370 1179 1435 766 630 525 684 667 659 811 433 700 752 656 782 333 979 1178 1158 909 404 1177 602 853 409 1096 721 1010 612 467 876 1022 1424 692 487 1151 683 877 501 786 783 545 933 707 331 1495 458 731 660 304 937 1364 1169 177 665 669 1191 555 1080 1053 528 974 1058 415 636 893 654 857 907 914 839 1213 983 647 784 601 672
266 137 769 255 579 739 600 691 502 729 253 430 320 230 955 284 525 439 545 77 295 243 492 447 991 709 0 280 905 668 812 731 458 780 296 263 700 972 730 903 1064 733 110 151 189 321 261 989 1001 289 288 483 246 266 590 375 904 474 238 739 589 315 817 449 411 197 304 572 511 534 601 990 220 788 463 375 804 841 369 384 1042 414 266 434 856 304 166 245 421 1092 725 1056 659 267 270 505 855 1109 416 310 759 578 321 79 510 225 1006 391 759 1074 515 888 139 912 309 240
258 272 492 260 604 768 850 505 425 515 534 169 336 488 809 196 508 329 798 349 528 502 400 205 855 901 280 0 773 819 588 903 216 514 398 517 439 713 611 1001 886 558 172 274 396 270 251 996 950 471 234 369 255 139 685 94 683 273 377 803 310 595 707 540 457 462 223 541 787 351 359 718 212 825 272 312 680 880 224 243 1107 161 215 682 601 567 171 251 652 1015 468 879 803 255 253 524 876 981 534 387 582 315 485 309 752 251 938 605 609 1031 503 739 259 852 330 238
639 775 867 651 473 472 1480 295 405 350 1086 642 599 1125 68 632 430 1088 1096 976 898 948 1158 593 86 952 905 773 0 802 1158 898 583 570 677 1158 942 562 174 740 227 1224 833 762 825 583 644 487 309 789 618 424 659 672 624 755 342 981 1112 568 782 1129 103 622 1228 1089 997 384 1196 425 497 678 686 502 991 529 101 523 560 542 710 635 642 1005 1063 993 750 660 940 292 976 217 775 638 635 1298 471 208 1288 647 224 582 759 856 1402 680 257 1296 167 379 1276 64 769 236 609 664
567 571 1251 562 350 342 970 816 561 904 634 853 497 750 870 642 449 1094 392 683 405 485 1154 827 868 151 668 819 802 0 1407 102 829 1093 421 772 1239 1214 687 275 1029 1369 705 563 478 580 574 524 665 379 602 625 566 691 188 890 1035 1087 888 256 1077 632 702 292 1073 721 957 470 547 750 899 1293 607 340 1082 570 727 360 678 672 447 830 613 372 1401 471 656 570 322 791 1272 1019 26 570 574 1169 412 929 1047 434 831 942 350 590 939 568 709 926 768 698 1183 834 580 634 501 583
841 853 315 845 1160 1316 1208 866 944 809 1031 585 915 932 1162 770 1052 416 1357 852 1099 1055 412 627 1216 1488 812 588 1158 1407 0 1492 631 622 986 947 215 767 1044 1573 1161 173 729 858 972 838 834 1513 1417 1056 810 872 841 717 1264 520 897 337 733 1367 382 1089 1134 1123 629 924 522 1071 1310 781 664 679 800 1373 349 866 1094 1426 756 769 1660 604 796 1246 157 1116 757 837 1226 1444 182 1158 1390 838 835 598 1411 1339 757 974 933 581 1072 869 1107 839 1387 943 999 1499 541 1101 841 1318 910 824
656 646 1345 650 453 432 970 918 662 1007 663 946 589 786 966 732 551 1165 370 737 450 526 1222 922 963 72 731 903 898 102 1492 0 924 1194 506 805 1329 1316 788 298 1126 1447 779 639 543 673 662 588 744 447 693 725 653 779 290 977 1137 1167 941 341 1169 652 801 388 1127 760 1027 572 531 850 999 1395 692 422 1161 666 827 433 773 768 473 923 702 381 1492 501 736 657 345 871 1361 1116 128 659 663 1223 488 1018 1091 522 933 1040 423 655 949 654 792 954 870 770 1241 932 656 722 592 670
289 389 423 300 538 687 1052 298 314 298 705 59 339 683 610 216 425 505 905 534 635 633 575 11 659 939 458 216 583 829 631 924 0 325 438 714 431 514 436 955 674 660 351 383 505 255 286 883 801 548 246 240 302 199 662 173 466 399 593 745 258 764 532 537 669 653 428 441 927 161 145 539 284 744 408 259 499 796 152 156 1031 56 248 788 587 698 299 299 743 847 466 667 807 286 281 728 779 787 750 413 376 128 546 455 957 313 779 816 415 883 700 541 376 700 338 290
604 714 310 617 759 872 1365 316 532 230 1030 350 638 1000 559 537 648 706 1221 855 955 958 764 335 614 1219 780 514 570 1093 622 1194 325 0 743 1030 414 201 507 1162 539 729 671 708 828 560 603 1005 864 861 561 468 620 525 910 433 275 564 884 951 303 1089 577 810 917 972 681 641 1252 343 200 214 608 924 581 544 533 968 459 455 1196 366 568 1105 504 1022 625 617 1057 862 442 537 1068 601 596 953 935 729 1020 715 357 202 854 781 1266 633 821 1117 436 941 912 508 701 771 640 610
152 167 848 144 285 442 808 539 284 608 412 449 106 473 737 229 255 683 481 345 231 271 747 433 762 509 296 398 677 421 986 506 438 743 0 505 823 903 507 621 870 950 296 155 151 184 158 693 719 124 193 307 147 273 303 471 773 666 534 445 668 452 578 156 704 436 548 304 540 414 542 956 185 491 662 203 576 545 287 289 750 426 198 369 986 320 236 150 315 820 855 861 405 156 160 795 559 868 712 31 589 563 111 221 738 147 732 657 561 788 799 676 172 637 102 163
521 383 976 509 787 932 337 954 753 992 143 680 561 33 1212 546 757 532 505 186 370 289 556 703 1245 762 263 517 1158 772 947 805 714 1030 505 0 884 1226 984 1038 1325 828 363 396 356 578 517 1184 1224 437 548 741 500 528 754 605 1167 626 216 911 806 174 1067 633 376 69 432 805 397 797 859 1235 480 974 610 630 1057 1023 632 647 1196 666 527 433 1025 304 429 500 459 1325 903 1317 772 523 526 464 1048 1360 299 529 1022 829 476 302 247 480 1237 157 1018 1293 502 1145 389 1142 551 497
672 711 132 679 969 1119 1183 651 745 594 942 392 741 863 947 597 857 400 1236 755 967 936 432 429 1002 1332 700 439 942 1239 215 1329 431 414 823 884 0 578 831 1385 950 318 602 713 835 660 666 1307 1205 908 636 672 676 550 1084 354 688 265 684 1176 174 1003 921 949 636 847 455 872 1212 574 450 506 640 1176 284 680 880 1228 569 579 1462 413 626 1120 163 1000 609 672 1091 1229 35 947 1219 669 665 637 1209 1124 760 806 718 368 919 743 1080 677 1173 916 784 1286 585 886 698 1106 738 659
776 896 454 789 867 952 1562 398 658 309 1219 546 797 1196 528 715 765 903 1384 1048 1125 1136 958 524 578 1350 972 713 562 1214 767 1316 514 201 903 1226 578 0 561 1243 451 896 864 888 1003 726 775 1039 871 1025 734 606 793 711 1026 634 219 759 1085 1040 496 1277 604 947 1117 1166 882 746 1428 489 374 122 787 999 777 700 561 1035 631 623 1250 560 745 1271 628 1198 812 791 1218 840 600 453 1188 773 768 1151 994 671 1221 873 400 398 1013 967 1465 809 819 1318 478 940 1108 498 884 791 801 785
464 601 775 476 339 392 1307 191 230 277 914 494 426 951 229 459 271 932 945 802 733 779 1003 445 260 834 730 611 174 687 1044 788 436 507 507 984 831 561 0 682 366 1092 660 588 653 409 469 498 373 624 444 252 485 501 500 602 358 835 940 484 661 958 97 470 1061 914 834 231 1036 274 381 663 512 437 843 355 73 474 392 373 694 483 468 849 966 826 576 485 785 411 866 357 660 463 460 1134 434 380 1116 477 161 463 595 681 1228 505 344 1122 85 455 1115 168 595 274 435 490
743 786 1373 742 417 291 1245 853 648 945 902 993 664 1014 804 807 531 1304 660 930 667 748 1369 957 785 370 903 1001 740 275 1573 298 955 1162 621 1038 1385 1243 682 0 962 1560 918 776 718 736 750 322 510 619 768 721 748 863 319 1055 1039 1274 1134 212 1214 905 659 466 1314 982 1170 525 819 838 988 1340 793 245 1273 707 696 217 817 806 175 972 785 648 1543 742 854 752 596 632 1420 953 269 745 748 1408 270 809 1301 622 842 1048 584 824 1213 757 568 1193 767 515 1417 789 793 521 671 765
805 944 850 818 694 700 1656 381 587 382 1268 730 781 1292 160 781 638 1172 1311 1140 1099 1141 1239 685 179 1179 1064 886 227 1029 1161 1126 674 539 870 1325 950 451 366 962 0 1257 978 933 1012 748 809 687 490 989 777 585 826 810 849 845 264 1047 1250 795 812 1316 326 835 1342 1257 1103 595 1403 540 551 573 845 727 1061 698 307 745 699 682 916 730 798 1215 1042 1191 900 826 1152 421 980 9 1002 803 800 1402 691 228 1418 839 306 628 962 1026 1572 847 430 1453 310 541 1372 200 937 444 790 828
816 800 445 818 1159 1321 1063 929 959 887 927 605 895 817 1238 753 1056 300 1273 760 1028 975 273 653 1291 1435 733 558 1224 1369 173 1447 660 729 950 828 318 896 1092 1560 1257 0 668 807 910 826 809 1536 1461 1001 792 891 812 697 1243 514 998 285 612 1361 446 982 1187 1097 482 815 430 1083 1208 820 727 821 768 1378 287 862 1150 1432 759 775 1662 620 774 1166 326 1031 714 809 1155 1502 297 1253 1354 814 811 438 1424 1417 607 943 1002 643 1023 800 964 805 1437 803 1059 1543 381 1173 790 1360 888 795
210 134 664 203 558 723 701 600 440 631 363 320 281 332 879 200 486 389 634 183 370 334 451 340 918 766 110 172 833 705 729 779 351 671 296 363 602 864 660 918 978 668 0 143 243 256 203 967 958 333 217 408 194 169 599 266 805 394 280 738 482 424 751 453 422 301 252 529 615 441 496 880 154 776 385 310 733 831 279 296 1044 305 193 520 761 398 84 192 496 1040 628 970 692 210 211 509 838 1040 458 299 672 469 356 142 608 177 957 476 679 1034 507 810 125 864 272 182
127 13 757 114 430 592 723 569 357 620 341 374 169 363 816 173 374 532 531 215 259 250 594 375 849 630 151 274 762 563 858 639 383 708 155 396 713 888 588 776 933 807 143 0 125 185 124 841 849 197 161 348 106 185 458 361 794 528 386 600 573 394 671 312 550 326 396 421 544 419 515 922 101 643 522 235 661 697 259 270 905 353 145 414 875 314 103 107 379 941 742 924 549 129 133 641 709 964 566 163 633 511 216 93 641 86 855 536 624 922 644 749 17 760 158 107
228 125 882 214 430 578 657 665 425 724 261 499 231 326 883 291 406 622 405 214 133 133 678 498 911 525 189 396 825 478 972 543 505 828 151 356 835 1003 653 718 1012 910 243 125 0 282 228 830 868 99 269 434 210 310 411 485 895 637 416 566 699 304 728 279 597 289 485 455 424 524 632 1043 221 623 629 321 724 673 372 380 862 478 259 288 997 194 227 212 255 971 864 1003 469 231 235 692 695 1019 586 179 721 634 133 112 586 195 883 511 701 936 705 820 138 788 222 218
58 196 672 71 334 499 908 386 184 442 524 273 83 545 634 73 241 593 661 394 399 415 662 251 670 684 321 270 583 580 838 673 255 560 184 578 660 726 409 736 748 826 256 185 282 0 61 730 704 301 39 163 78 130 425 319 614 541 535 535 496 576 497 289 673 509 470 279 704 242 360 774 103 555 541 54 482 610 103 105 837 250 64 546 822 475 171 78 496 784 693 739 559 55 52 755 607 789 714 158 447 378 294 278 825 99 701 713 439 782 746 567 189 609 83 81
7 135 690 14 363 530 847 445 242 498 465 292 87 484 695 71 283 561 620 333 352 361 629 280 730 667 261 251 644 574 834 662 286 603 158 517 666 775 469 750 809 809 203 124 228 61 0 769 754 262 41 224 18 117 434 315 671 524 480 556 510 517 556 290 625 448 433 325 653 297 404 817 49 585 522 114 542 640 144 151 861 269 40 503 829 423 120 17 457 838 698 800 555 6 8 709 642 848 660 140 508 413 262 217 763 37 754 652 501 831 703 628 127 661 79 21
761 854 1265 766 410 251 1445 689 577 774 1066 933 686 1154 540 803 489 1323 910 1038 830 905 1393 888 508 659 989 996 487 524 1513 588 883 1005 693 1184 1307 1039 498 322 687 1536 967 841 830 730 769 0 201 747 769 645 774 859 439 1023 822 1258 1226 286 1133 1085 435 550 1388 1119 1200 455 1055 733 867 1150 818 211 1262 684 480 169 778 762 229 916 792 864 1452 921 888 777 802 314 1343 679 505 762 763 1476 135 505 1405 678 651 943 708 915 1394 790 263 1340 571 192 1472 547 856 251 695 789
747 863 1146 755 440 331 1514 559 526 635 1122 857 682 1193 352 771 475 1279 1028 1060 898 966 1350 809 314 811 1001 950 309 665 1417 744 801 864 719 1224 1205 871 373 510 490 1461 958 849 868 704 754 201 0 801 744 582 764 823 532 959 651 1195 1232 408 1035 1151 288 603 1378 1156 1168 429 1159 641 755 987 803 324 1202 651 331 312 726 707 431 843 768 963 1339 994 874 766 898 126 1240 483 641 747 746 1459 256 303 1413 697 506 836 763 934 1452 783 61 1376 429 82 1448 372 862 100 692 776
259 202 946 247 360 497 713 664 406 733 322 552 229 408 851 333 360 718 360 310 109 165 776 542 874 433 289 471 789 379 1056 447 548 861 124 437 908 1025 624 619 989 1001 333 197 99 301 262 747 801 0 302 431 246 366 318 555 898 725 515 475 763 351 689 199 696 373 580 408 416 537 661 1075 273 537 717 326 691 586 402 406 767 529 300 245 1071 203 300 250 195 910 939 980 370 262 267 792 612 975 682 156 712 675 39 210 652 238 821 593 681 864 804 793 214 726 224 260
43 171 655 55 370 536 881 409 222 459 502 256 105 515 667 40 280 555 660 363 393 402 624 241 704 700 288 234 618 602 810 693 246 561 193 548 636 734 444 768 777 792 217 161 269 39 41 769 744 302 0 194 59 95 454 289 633 507 498 569 477 555 534 314 634 480 431 318 694 258 363 776 68 592 506 93 517 647 103 111 872 233 25 544 799 464 133 56 497 823 669 768 583 39 35 716 645 824 676 171 474 373 300 251 795 76 740 680 470 822 707 599 162 648 101 53
220 359 652 233 304 447 1071 232 73 303 685 288 205 708 473 207 190 697 784 557 537 566 768 244 510 752 483 369 424 625 872 725 240 468 307 741 672 606 252 721 585 891 408 348 434 163 224 645 582 431 194 0 241 250 444 380 466 616 687 509 498 735 345 343 811 672 590 200 846 124 275 672 263 504 621 113 325 556 144 126 790 271 217 675 825 622 325 241 618 647 707 576 600 219 215 887 539 632 864 275 287 328 413 441 988 262 569 874 276 663 870 404 352 483 212 244
20 118 703 8 367 533 830 463 256 517 446 306 89 467 711 86 291 560 603 317 334 343 627 295 745 656 246 255 659 566 841 653 302 620 147 500 676 793 485 748 826 812 194 106 210 78 18 774 764 246 59 241 0 126 430 324 690 527 468 557 522 499 571 285 616 431 430 335 634 316 422 835 45 588 524 130 558 643 162 170 862 283 53 486 839 405 113 3 441 850 708 817 548 22 26 702 647 863 649 132 526 430 248 199 746 20 765 637 518 840 698 644 110 672 80 17
123 190 580 129 464 629 866 430 297 463 507 189 199 496 715 56 370 463 714 343 442 435 533 190 756 782 266 139 672 691 717 779 199 525 273 528 550 711 501 863 810 697 169 185 310 130 117 859 823 366 95 250 126 0 548 198 638 411 442 664 397 565 596 406 560 463 345 405 729 271 338 739 92 686 411 175 574 741 112 130 967 167 78 597 713 500 101 122 557 895 582 802 673 120 117 637 738 880 616 257 503 326 372 256 775 128 816 645 514 903 624 645 177 726 193 109
426 469 1084 424 162 202 1006 628 377 717 629 692 349 726 692 494 262 985 496 625 392 469 1050 661 696 333 590 685 624 188 1264 290 662 910 303 754 1084 1026 500 319 849 1243 599 458 411 425 434 439 532 318 454 444 430 548 0 744 847 958 825 158 916 646 523 147 1001 692 851 281 627 568 720 1107 475 228 955 404 545 272 515 507 451 670 470 432 1244 482 535 434 367 654 1118 839 162 429 431 1095 306 768 998 303 642 768 280 511 956 438 567 911 581 582 1101 652 475 482 355 448
322 360 399 327 647 807 935 471 446 465 628 115 395 578 784 249 542 332 889 442 618 595 402 162 832 979 375 94 755 890 520 977 173 433 471 605 354 634 602 1055 845 514 266 361 485 319 315 1023 959 555 289 380 324 198 744 0 625 236 451 851 216 689 700 603 502 553 260 569 881 330 300 631 286 864 242 350 668 919 245 261 1150 120 276 772 517 660 258 320 740 1013 385 839 871 319 315 556 909 960 593 456 550 241 565 402 836 324 941 684 588 1041 527 714 347 859 390 307
670 804 585 684 684 750 1504 234 501 174 1134 516 671 1135 311 624 593 938 1248 981 1004 1029 1002 478 362 1178 904 683 342 1035 897 1137 466 275 773 1167 688 219 358 1039 264 998 805 794 895 614 671 822 651 898 633 466 690 638 847 625 0 806 1059 842 558 1188 388 787 1127 1101 886 566 1312 374 325 337 696 794 821 575 346 827 537 524 1036 521 649 1141 778 1087 737 688 1082 623 717 262 1009 667 663 1177 783 466 1216 742 204 390 879 882 1413 708 599 1279 273 720 1143 278 793 572 677 686
531 522 379 533 875 1038 918 689 682 666 698 341 609 607 1004 468 774 146 1019 516 762 717 199 390 1054 1158 474 273 981 1087 337 1167 399 564 666 626 265 759 835 1274 1047 285 394 528 637 541 524 1258 1195 725 507 616 527 411 958 236 806 0 421 1076 263 758 932 812 377 595 194 803 975 561 497 718 483 1095 19 579 898 1149 480 496 1378 352 488 908 399 778 431 523 889 1246 279 1042 1071 528 526 394 1143 1182 497 658 767 419 744 532 815 521 1176 651 813 1277 349 936 511 1095 603 510
486 373 786 477 816 977 500 869 720 889 325 547 550 206 1157 480 757 317 689 205 490 417 340 581 1197 909 238 377 1112 888 733 941 593 884 534 216 684 1085 940 1134 1250 612 280 386 416 535 480 1226 1232 515 498 687 468 442 825 451 1059 421 0 977 629 375 1031 686 186 209 229 802 603 710 737 1077 432 1026 403 590 1013 1079 554 572 1277 539 473 598 818 459 364 467 606 1318 700 1242 882 486 488 282 1093 1320 180 547 943 690 550 314 397 449 1234 237 957 1307 306 1087 372 1140 540 458
549 612 1161 549 207 95 1161 646 435 738 787 784 469 884 635 608 319 1117 628 779 549 627 1183 747 627 404 739 803 568 256 1367 341 745 951 445 911 1176 1040 484 212 795 1361 738 600 566 535 556 286 408 475 569 509 557 664 158 851 842 1076 977 0 1004 803 476 290 1149 849 985 313 770 625 776 1133 602 84 1076 501 508 116 610 598 306 763 588 578 1332 638 667 560 516 534 1210 786 232 551 552 1241 159 677 1151 439 641 836 436 662 1114 568 453 1068 569 445 1244 609 617 381 477 573
515 574 183 523 797 945 1127 487 572 440 840 224 579 781 792 439 684 407 1104 653 832 811 462 257 846 1177 589 310 782 1077 382 1169 258 303 668 806 174 496 661 1214 812 446 482 573 699 496 510 1133 1035 763 477 498 522 397 916 216 558 263 629 1004 0 902 753 785 629 759 406 699 1097 400 284 459 490 1002 281 511 714 1054 401 409 1288 246 469 987 329 876 471 518 952 1065 209 808 1056 512 508 656 1035 971 741 648 558 200 769 618 1025 526 1005 866 619 1117 612 728 560 935 577 506
519 385 1080 505 711 839 363 962 729 1015 61 742 535 171 1188 566 706 683 332 249 255 185 714 754 1214 602 315 595 1129 632 1089 652 764 1089 452 174 1003 1277 958 905 1316 982 424 394 304 576 517 1085 1151 351 555 735 499 565 646 689 1188 758 375 803 902 0 1031 548 548 167 567 754 227 814 903 1301 494 874 743 621 1028 919 653 665 1070 724 539 271 1153 165 465 500 310 1261 1025 1307 636 521 526 638 951 1321 473 482 1022 888 388 310 311 480 1172 305 1005 1213 673 1125 396 1078 526 502
551 685 858 562 369 380 1384 271 314 347 989 591 505 1034 170 552 328 1029 992 887 797 848 1100 541 185 853 817 707 103 702 1134 801 532 577 578 1067 921 604 97 659 326 1187 751 671 728 497 556 435 288 689 534 345 571 596 523 700 388 932 1031 476 753 1031 0 518 1156 997 931 281 1094 371 470 714 601 416 940 443 44 443 487 468 647 580 558 902 1052 892 667 571 837 314 955 316 676 550 548 1230 396 292 1209 549 219 553 657 764 1309 591 252 1208 141 367 1211 133 680 194 515 577
283 323 959 279 164 299 911 557 289 639 521 561 208 604 687 354 199 838 475 490 295 363 902 535 702 409 449 540 622 292 1123 388 537 810 156 633 949 947 470 466 835 1097 453 312 279 289 290 550 603 199 314 343 285 406 147 603 787 812 686 290 785 548 518 0 859 568 703 239 577 467 613 1016 329 343 810 278 529 394 386 380 594 538 327 383 1111 392 388 289 318 715 982 825 271 285 288 951 415 794 861 155 587 651 160 371 851 292 625 789 540 665 956 635 329 532 212 302
632 537 755 625 978 1142 580 962 854 966 503 614 703 376 1266 608 908 235 871 390 677 604 217 657 1310 1096 411 457 1228 1073 629 1127 669 917 704 376 636 1117 1061 1314 1342 482 422 550 597 673 625 1388 1378 696 634 811 616 560 1001 502 1127 377 186 1149 629 548 1156 859 0 388 241 950 774 809 803 1089 575 1193 357 726 1132 1247 669 687 1453 612 609 783 742 644 504 614 792 1455 642 1335 1066 631 632 95 1258 1436 128 713 1040 740 730 490 481 599 1374 322 1065 1455 125 1196 534 1283 694 603
452 313 932 439 720 867 403 886 684 927 116 621 491 37 1142 479 688 515 482 120 316 236 547 642 1175 721 197 462 1089 721 924 760 653 972 436 69 847 1166 914 982 1257 815 301 326 289 509 448 1119 1156 373 480 672 431 463 692 553 1101 595 209 849 759 167 997 568 388 0 403 736 394 730 797 1179 412 910 580 561 987 960 566 580 1137 607 459 398 993 262 363 431 416 1256 867 1248 719 453 457 481 983 1290 332 460 954 770 412 233 315 410 1168 221 949 1225 512 1076 320 1073 481 428
440 386 557 437 797 963 730 724 642 725 508 373 519 413 1032 399 712 137 843 332 599 545 198 417 1078 1010 304 223 997 957 522 1027 428 681 548 432 455 882 834 1170 1103 430 252 396 485 470 433 1200 1168 580 431 590 430 345 851 260 886 194 229 985 406 567 931 703 241 403 0 749 788 574 561 862 385 1018 177 519 904 1073 445 464 1292 372 408 736 593 602 318 427 725 1237 471 1096 944 439 438 301 1075 1205 339 548 802 499 606 373 627 417 1159 465 832 1248 280 962 378 1070 510 414
318 434 850 326 120 246 1113 347 127 437 717 486 252 773 448 350 48 869 715 634 516 570 939 444 466 612 572 541 384 470 1071 572 441 641 304 805 872 746 231 525 595 1083 529 421 455 279 325 455 429 408 318 200 335 405 281 569 566 803 802 313 699 754 281 239 950 736 749 0 812 312 462 831 375 303 806 230 289 355 323 308 589 467 343 621 1026 611 445 337 557 520 908 586 443 319 318 1034 341 566 983 277 362 524 376 508 1042 353 434 954 305 505 1025 395 433 339 263 347
652 539 1279 639 737 829 445 1079 822 1145 281 915 641 398 1260 715 767 908 162 459 308 293 941 919 1278 467 511 787 1196 547 1310 531 927 1252 540 397 1212 1428 1036 819 1403 1208 615 544 424 704 653 1055 1159 416 694 846 634 729 627 881 1312 975 603 770 1097 227 1094 577 774 394 788 812 0 945 1056 1467 644 850 962 737 1100 886 797 804 993 895 684 196 1366 230 635 637 262 1278 1236 1393 559 655 660 862 928 1371 691 572 1129 1055 441 480 444 619 1190 503 1097 1209 899 1204 551 1100 635 643
296 429 539 310 424 556 1133 159 192 201 760 220 308 764 458 251 311 662 895 611 639 658 733 170 504 876 534 351 425 750 781 850 161 343 414 797 574 489 274 838 540 820 441 419 524 242 297 733 641 537 258 124 316 271 568 330 374 561 710 625 400 814 371 467 809 730 574 312 945 0 151 550 321 612 569 210 338 661 164 150 895 210 275 783 721 717 367 314 729 685 609 532 725 294 289 875 638 632 879 383 233 213 524 508 1044 334 617 917 258 723 851 388 419 540 312 312
406 522 398 419 576 704 1197 202 344 168 845 191 437 828 511 342 462 621 1021 678 756 763 688 157 564 1022 601 359 497 899 664 999 145 200 542 859 450 374 381 988 551 727 496 515 632 360 404 867 755 661 363 275 422 338 720 300 325 497 737 776 284 903 470 613 803 797 561 462 1056 151 0 414 413 759 510 343 429 807 260 255 1040 198 372 906 586 826 439 419 856 780 485 545 875 403 398 855 780 691 891 514 275 84 653 593 1102 437 722 962 335 836 823 446 510 656 440 413
819 928 376 832 951 1048 1566 487 732 395 1241 559 850 1206 648 752 844 864 1435 1063 1169 1173 914 548 698 1424 990 718 678 1293 679 1395 539 214 956 1235 506 122 663 1340 573 821 880 922 1043 774 817 1150 987 1075 776 672 835 739 1107 631 337 718 1077 1133 459 1301 714 1016 1089 1179 862 831 1467 550 414 0 822 1097 737 755 670 1137 674 669 1356 577 783 1320 532 1237 838 832 1270 959 523 575 1268 816 811 1113 1098 793 1200 928 502 413 1067 994 1467 848 936 1314 582 1057 1066 614 916 904 853 825
56 109 672 52 412 578 814 475 287 521 439 280 133 447 736 72 332 514 623 294 351 350 582 276 772 692 220 212 686 607 800 692 284 608 185 480 640 787 512 793 845 768 154 101 221 103 49 818 803 273 68 263 45 92 475 286 696 483 432 602 490 494 601 329 575 412 385 375 644 321 413 822 0 632 480 158 585 687 159 171 908 258 47 506 803 414 70 41 465 886 671 836 590 56 56 660 691 892 612 174 541 412 280 186 727 38 802 611 539 880 654 668 98 709 125 29
577 656 1152 580 221 57 1234 612 430 704 855 788 499 945 567 629 322 1146 711 833 619 695 1214 747 555 487 788 825 502 340 1373 422 744 924 491 974 1176 999 437 245 727 1378 776 643 623 555 585 211 324 537 592 504 588 686 228 864 794 1095 1026 84 1002 874 416 343 1193 910 1018 303 850 612 759 1097 632 0 1096 515 452 55 620 606 286 769 613 657 1329 710 700 591 594 450 1211 718 317 579 580 1284 77 598 1203 480 598 825 498 712 1183 601 370 1131 522 361 1283 547 659 301 507 603
529 515 398 530 875 1039 899 700 686 679 683 349 608 591 1015 468 776 127 1008 502 752 706 183 399 1065 1151 463 272 991 1082 349 1161 408 581 662 610 284 777 843 1273 1061 287 385 522 629 541 522 1262 1202 717 506 621 524 411 955 242 821 19 403 1076 281 743 940 810 357 580 177 806 962 569 510 737 480 1096 0 581 907 1151 483 500 1379 360 487 897 415 766 426 521 880 1254 297 1055 1067 527 524 375 1145 1193 478 655 778 432 738 523 796 517 1183 632 823 1283 331 946 504 1101 601 507
109 247 682 121 296 458 958 343 129 407 571 288 97 597 581 120 196 639 684 447 429 454 709 257 616 683 375 312 529 570 866 666 259 544 203 630 680 700 355 707 698 862 310 235 321 54 114 684 651 326 93 113 130 175 404 350 575 579 590 501 511 621 443 278 726 561 519 230 737 210 343 755 158 515 581 0 428 570 111 102 800 266 118 572 840 511 226 130 518 730 714 689 548 108 105 808 564 734 769 173 401 374 313 328 876 150 647 767 388 730 797 514 240 556 102 135
537 674 815 549 387 413 1379 229 303 303 985 557 498 1024 160 532 333 999 1004 875 800 848 1070 508 188 877 804 680 101 727 1094 827 499 533 576 1057 880 561 73 696 307 1150 733 661 724 482 542 480 331 691 517 325 558 574 545 668 346 898 1013 508 714 1028 44 529 1132 987 904 289 1100 338 429 670 585 452 907 428 0 482 463 445 689 548 541 911 1009 894 650 558 846 351 914 297 700 536 534 1204 436 306 1189 546 175 513 661 754 1301 578 294 1195 97 410 1184 107 668 239 507 563
632 710 1201 635 276 111 1278 654 482 745 902 841 553 995 586 684 376 1201 742 885 664 741 1269 800 569 501 841 880 523 360 1426 433 796 968 545 1023 1228 1035 474 217 745 1432 831 697 673 610 640 169 312 586 647 556 643 741 272 919 827 1149 1079 116 1054 919 443 394 1247 960 1073 355 886 661 807 1137 687 55 1151 570 482 0 673 659 234 822 668 695 1380 754 755 646 633 438 1263 735 339 634 635 1338 56 600 1256 534 635 875 547 765 1229 656 364 1180 557 338 1338 572 713 307 562 658
145 268 572 158 404 562 969 321 202 363 598 177 186 600 603 87 297 553 762 446 496 504 624 149 644 786 369 224 560 678 756 773 152 459 287 632 569 631 392 817 699 759 279 259 372 103 144 778 726 402 103 144 162 112 515 245 537 480 554 610 401 653 487 386 669 566 445 323 797 164 260 674 159 620 483 111 463 673 0 18 905 155 114 646 729 567 203 159 598 791 603 691 657 142 137 743 664 769 728 262 392 275 397 345 880 177 714 754 402 806 726 533 257 627 187 154
152 279 579 165 391 548 983 306 185 350 610 186 185 615 585 101 283 571 766 461 501 513 642 155 626 783 384 243 542 672 769 768 156 455 289 647 579 623 373 806 682 775 296 270 380 105 151 762 707 406 111 126 170 130 507 261 524 496 572 598 409 665 468 380 687 580 464 308 804 150 255 669 171 606 500 102 445 659 18 0 892 165 125 651 738 575 219 167 601 773 613 674 650 149 144 761 648 750 746 262 376 275 399 357 895 186 695 771 384 788 744 515 269 608 186 163
854 917 1435 855 503 344 1416 880 717 970 1064 1075 774 1170 766 910 608 1423 835 1077 826 907 1490 1034 737 545 1042 1107 710 447 1660 473 1031 1196 750 1196 1462 1250 694 175 916 1662 1044 905 862 837 861 229 431 767 872 790 862 967 451 1150 1036 1378 1277 306 1288 1070 647 594 1453 1137 1292 589 993 895 1040 1356 908 286 1379 800 689 234 905 892 0 1055 893 818 1615 906 973 866 765 537 1497 907 438 856 857 1545 261 734 1449 745 853 1109 730 963 1380 874 492 1353 774 409 1550 767 922 474 783 879
274 357 422 284 557 711 1003 353 341 354 664 22 334 636 664 197 447 452 882 489 610 602 523 44 712 933 414 161 635 830 604 923 56 366 426 666 413 560 483 972 730 620 305 353 478 250 269 916 843 529 233 271 283 167 670 120 521 352 539 763 246 724 580 538 612 607 372 467 895 210 198 577 258 769 360 266 548 822 155 165 1055 0 230 764 574 667 261 280 723 894 448 723 810 270 266 672 808 840 695 405 431 164 532 418 907 291 824 764 467 925 645 594 344 743 332 269
46 154 650 54 392 557 861 428 247 475 485 252 121 494 690 32 304 532 656 341 386 391 601 242 728 707 266 215 642 613 796 702 248 568 198 527 626 745 468 785 798 774 193 145 259 64 40 792 768 300 25 217 53 78 470 276 649 488 473 588 469 539 558 327 609 459 408 343 684 275 372 783 47 613 487 118 541 668 114 125 893 230 0 539 789 454 108 50 495 848 658 790 595 42 39 691 668 848 651 180 494 376 302 233 774 64 765 657 493 846 682 622 144 673 115 41
501 413 1171 488 542 634 597 906 642 977 290 786 475 419 1070 572 578 869 117 410 155 191 914 781 1086 331 434 682 1005 372 1246 381 788 1105 369 433 1120 1271 849 648 1215 1166 520 414 288 546 503 864 963 245 544 675 486 597 432 772 1141 908 598 578 987 271 902 383 783 398 736 621 196 783 906 1320 506 657 897 572 911 695 646 651 818 764 539 0 1280 139 515 489 66 1082 1148 1206 380 504 509 877 735 1176 728 400 950 916 261 378 569 475 994 576 913 1014 904 1016 426 904 470 498
835 873 195 842 1126 1272 1310 780 899 712 1092 552 904 1006 1060 760 1013 513 1395 907 1128 1095 527 586 1114 1495 856 601 1063 1401 157 1492 587 504 986 1025 163 628 966 1543 1042 326 761 875 997 822 829 1452 1339 1071 799 825 839 713 1244 517 778 399 818 1332 329 1153 1052 1111 742 993 593 1026 1366 721 586 532 803 1329 415 840 1009 1380 729 738 1615 574 789 1280 0 1158 772 835 1253 1354 132 1040 1381 832 828 725 1359 1233 870 969 840 509 1082 903 1207 841 1303 1042 912 1419 669 1003 860 1241 900 823
423 310 1059 409 556 677 524 855 605 917 163 688 417 286 1055 485 564 732 241 272 96 65 777 690 1077 458 304 567 993 471 1116 501 698 1022 320 304 1000 1198 826 742 1191 1031 398 314 194 475 423 921 994 203 464 622 405 500 482 660 1087 778 459 638 876 165 892 392 644 262 602 611 230 717 826 1237 414 710 766 511 894 754 567 575 906 667 454 139 1158 0 408 407 155 1107 1026 1181 473 426 430 739 787 1178 594 352 908 826 236 258 476 389 1018 455 882 1053 766 995 323 924 410 413
127 102 655 122 480 647 766 525 356 563 406 281 202 397 797 119 403 450 632 244 360 343 516 289 835 731 166 171 750 656 757 736 299 625 236 429 609 812 576 854 900 714 84 103 227 171 120 888 874 300 133 325 113 101 535 258 737 431 364 667 471 465 667 388 504 363 318 445 635 367 439 838 70 700 426 226 650 755 203 219 973 261 108 515 772 408 0 110 482 955 639 892 640 126 127 589 760 956 543 232 595 424 315 157 676 99 872 552 598 951 584 728 89 780 193 99
20 118 699 11 370 536 830 462 257 515 447 302 92 467 711 83 293 556 606 317 337 345 624 292 746 660 245 251 660 570 837 657 299 617 150 500 672 791 485 752 826 809 192 107 212 78 17 777 766 250 56 241 3 122 434 320 688 523 467 560 518 500 571 289 614 431 427 337 637 314 419 832 41 591 521 130 558 646 159 167 866 280 50 489 835 407 110 0 444 851 704 817 552 22 25 700 649 864 647 136 525 426 252 200 747 20 767 637 517 842 695 644 111 673 83 13
454 380 1135 442 476 569 652 848 582 921 317 745 421 441 1005 527 514 860 166 409 127 188 910 737 1021 304 421 652 940 322 1226 345 743 1057 315 459 1091 1218 785 596 1152 1155 496 379 255 496 457 802 898 195 497 618 441 557 367 740 1082 889 606 516 952 310 837 318 792 416 725 557 262 729 856 1270 465 594 880 518 846 633 598 601 765 723 495 66 1253 155 482 444 0 1016 1120 1142 327 458 462 888 672 1110 748 345 890 871 204 356 617 432 928 609 851 950 911 952 393 838 417 454
832 955 1158 841 550 455 1623 578 600 641 1229 905 772 1293 311 846 568 1340 1150 1155 1010 1075 1412 856 261 937 1092 1015 292 791 1444 871 847 862 820 1325 1229 840 411 632 421 1502 1040 941 971 784 838 314 126 910 823 647 850 895 654 1013 623 1246 1318 534 1065 1261 314 715 1455 1256 1237 520 1278 685 780 959 886 450 1254 730 351 438 791 773 537 894 848 1082 1354 1107 955 851 1016 0 1264 414 767 831 830 1533 383 205 1498 796 513 864 873 1029 1558 869 89 1474 445 130 1518 354 952 183 782 860
705 740 148 711 1003 1154 1196 685 780 627 964 426 774 882 980 630 892 407 1263 778 995 963 434 464 1034 1364 725 468 976 1272 182 1361 466 442 855 903 35 600 866 1420 980 297 628 742 864 693 698 1343 1240 939 669 707 708 582 1118 385 717 279 700 1210 209 1025 955 982 642 867 471 908 1236 609 485 523 671 1211 297 714 914 1263 603 613 1497 448 658 1148 132 1026 639 704 1120 1264 0 977 1252 701 698 638 1244 1157 767 839 752 403 950 770 1093 709 1208 929 818 1321 584 920 727 1141 771 691
797 936 848 810 684 690 1647 374 578 376 1259 724 772 1284 150 773 628 1166 1301 1131 1089 1131 1233 679 170 1169 1056 879 217 1019 1158 1116 667 537 861 1317 947 453 357 953 9 1253 970 924 1003 739 800 679 483 980 768 576 817 802 839 839 262 1042 1242 786 808 1307 316 825 1335 1248 1096 586 1393 532 545 575 836 718 1055 689 297 735 691 674 907 723 790 1206 1040 1181 892 817 1142 414 977 0 992 795 791 1395 682 223 1410 829 299 623 952 1017 1564 838 422 1445 301 534 1366 190 928 435 780 819
549 558 1229 544 324 317 978 790 536 879 635 832 477 749 843 622 423 1081 407 677 402 483 1142 805 842 177 659 803 775 26 1390 128 807 1068 405 772 1219 1188 660 269 1002 1354 692 549 469 559 555 505 641 370 583 600 548 673 162 871 1009 1071 882 232 1056 636 676 271 1066 719 944 443 559 725 875 1268 590 317 1067 548 700 339 657 650 438 810 595 380 1381 473 640 552 327 767 1252 992 0 552 555 1161 389 903 1043 416 804 919 339 580 944 552 685 927 742 676 1175 807 567 609 481 565
3 140 692 16 357 524 852 441 235 495 469 293 81 489 689 73 276 567 620 339 353 364 635 280 724 665 267 255 638 570 838 659 286 601 156 523 669 773 463 745 803 814 210 129 231 55 6 762 747 262 39 219 22 120 429 319 667 528 486 551 512 521 550 285 631 453 439 319 655 294 403 816 56 579 527 108 536 634 142 149 856 270 42 504 832 426 126 22 458 831 701 795 552 0 4 716 636 842 666 137 503 413 261 222 769 43 747 658 495 824 710 622 133 654 74 28
8 144 688 21 358 525 856 437 233 490 473 289 83 493 686 69 276 566 625 342 358 369 634 275 721 669 270 253 635 574 835 663 281 596 160 526 665 768 460 748 800 811 211 133 235 52 8 763 746 267 35 215 26 117 431 315 663 526 488 552 508 526 548 288 632 457 438 318 660 289 398 811 56 580 524 105 534 635 137 144 857 266 39 509 828 430 127 25 462 830 698 791 555 4 0 716 636 839 668 141 499 408 266 225 772 46 746 661 492 823 710 619 136 653 76 29
717 628 763 711 1067 1231 634 1025 934 1022 596 671 790 467 1333 688 993 248 964 486 773 700 204 716 1379 1191 505 524 1298 1169 598 1223 728 953 795 464 637 1151 1134 1408 1402 438 509 641 692 755 709 1476 1459 792 716 887 702 637 1095 556 1177 394 282 1241 656 638 1230 951 95 481 301 1034 862 875 855 1113 660 1284 375 808 1204 1338 743 761 1545 672 691 877 725 739 589 700 888 1533 638 1395 1161 716 716 0 1347 1506 183 803 1103 787 825 584 540 686 1453 390 1133 1538 57 1263 624 1363 781 689
634 721 1177 638 280 116 1312 619 467 709 931 827 557 1019 534 681 368 1200 788 903 695 770 1270 783 515 555 855 876 471 412 1411 488 779 935 559 1048 1209 994 434 270 691 1424 838 709 695 607 642 135 256 612 645 539 647 738 306 909 783 1143 1093 159 1035 951 396 415 1258 983 1075 341 928 638 780 1098 691 77 1145 564 436 56 664 648 261 808 668 735 1359 787 760 649 672 383 1244 682 389 636 636 1347 0 544 1272 546 595 851 572 781 1260 661 308 1205 516 286 1344 523 724 251 567 662
843 977 1037 854 634 586 1676 492 607 531 1281 846 798 1327 179 839 615 1293 1258 1180 1082 1137 1363 798 127 1080 1109 981 208 929 1339 1018 787 729 868 1360 1124 671 380 809 228 1417 1040 964 1019 789 848 505 303 975 824 632 863 880 768 960 466 1182 1320 677 971 1321 292 794 1436 1290 1205 566 1371 632 691 793 892 598 1193 734 306 600 769 750 734 840 848 1176 1233 1178 956 864 1110 205 1157 223 903 842 839 1506 544 0 1496 840 416 774 942 1057 1601 884 243 1500 373 334 1483 246 972 296 808 869
666 553 876 658 995 1155 455 1036 899 1049 439 699 731 309 1331 657 938 360 805 372 643 565 345 739 1372 1053 416 534 1288 1047 757 1091 750 1020 712 299 760 1221 1116 1301 1418 607 458 566 586 714 660 1405 1413 682 676 864 649 616 998 593 1216 497 180 1151 741 473 1209 861 128 332 339 983 691 879 891 1200 612 1203 478 769 1189 1256 728 746 1449 695 651 728 870 594 543 647 748 1498 767 1410 1043 666 668 183 1272 1496 0 726 1112 834 719 491 358 630 1414 207 1130 1487 234 1261 552 1321 720 638
134 175 827 128 268 429 836 508 252 577 440 428 77 497 706 210 228 682 511 364 263 302 747 409 732 528 310 387 647 434 974 522 413 715 31 529 806 873 477 622 839 943 299 163 179 158 140 678 697 156 171 275 132 257 303 456 742 658 547 439 648 482 549 155 713 460 548 277 572 383 514 928 174 480 655 173 546 534 262 262 745 405 180 400 969 352 232 136 345 796 839 829 416 137 141 803 546 840 726 0 557 537 140 238 764 137 708 679 529 768 805 645 179 613 75 149
505 644 645 519 480 552 1355 78 307 129 972 435 491 989 237 475 391 881 1055 835 820 853 950 387 289 974 759 582 224 831 933 933 376 357 589 1022 718 400 161 842 306 1002 672 633 721 447 508 651 506 712 474 287 526 503 642 550 204 767 943 641 558 1022 219 587 1040 954 802 362 1129 233 275 502 541 598 778 401 175 635 392 376 853 431 494 950 840 908 595 525 890 513 752 299 804 503 499 1103 595 416 1112 557 0 359 690 725 1269 546 465 1147 80 584 1076 170 635 414 499 526
416 516 326 428 632 769 1164 287 400 248 828 148 461 799 595 344 518 548 1033 652 763 761 613 136 648 1058 578 315 582 942 581 1040 128 202 563 829 368 398 463 1048 628 643 469 511 634 378 413 943 836 675 373 328 430 326 768 241 390 419 690 836 200 888 553 651 740 770 499 524 1055 213 84 413 412 825 432 374 513 875 275 275 1109 164 376 916 509 826 424 426 871 864 403 623 919 413 408 787 851 774 834 537 359 0 672 581 1067 441 806 920 419 918 752 530 503 737 462 418
258 222 951 248 323 457 751 645 382 717 360 554 217 447 822 334 329 744 371 347 140 202 803 541 842 415 321 485 759 350 1072 423 546 854 111 476 919 1013 595 584 962 1023 356 216 133 294 262 708 763 39 300 413 248 372 280 565 879 744 550 436 769 388 657 160 730 412 606 376 441 524 653 1067 280 498 738 313 661 547 397 399 730 532 302 261 1082 236 315 252 204 873 950 952 339 261 266 825 572 942 719 140 690 672 0 241 691 243 784 633 656 826 836 764 233 690 213 263
220 81 801 207 506 664 630 660 451 708 253 437 259 269 909 257 461 510 492 126 229 193 566 446 942 636 79 309 856 590 869 655 455 781 221 302 743 967 681 824 1026 800 142 93 112 278 217 915 934 210 251 441 199 256 511 402 882 532 314 662 618 310 764 371 490 233 373 508 480 508 593 994 186 712 523 328 754 765 345 357 963 418 233 378 903 258 157 200 356 1029 770 1017 580 222 225 584 781 1057 491 238 725 581 241 0 547 179 942 445 717 1006 594 843 89 848 249 198
767 628 1184 754 1012 1147 103 1201 997 1238 330 919 803 280 1457 794 993 695 597 433 564 489 695 945 1489 893 510 752 1402 939 1107 949 957 1266 738 247 1080 1465 1228 1213 1572 964 608 641 586 825 763 1394 1452 652 795 988 746 775 956 836 1413 815 397 1114 1025 311 1309 851 481 315 627 1042 444 1044 1102 1467 727 1183 796 876 1301 1229 880 895 1380 907 774 569 1207 476 676 747 617 1558 1093 1564 944 769 772 540 1260 1601 358 764 1269 1067 691 547 0 726 1469 164 1265 1517 592 1391 635 1374 793 744
41 97 708 29 381 547 809 483 277 535 427 313 104 446 732 96 309 548 592 296 322 327 615 306 766 654 225 251 680 568 839 654 313 633 147 480 677 809 505 757 847 805 177 86 195 99 37 790 783 238 76 262 20 128 438 324 708 521 449 568 526 480 591 292 599 410 417 353 619 334 437 848 38 601 517 150 578 656 177 186 874 291 64 475 841 389 99 20 432 869 709 838 552 43 46 686 661 884 630 137 546 441 243 179 726 0 785 616 538 858 683 665 90 691 94 23
747 868 1109 756 461 370 1534 523 519 594 1140 836 686 1205 295 765 481 1266 1064 1069 921 986 1337 787 254 857 1006 938 257 709 1387 792 779 821 732 1237 1173 819 344 568 430 1437 957 855 883 701 754 263 61 821 740 569 765 816 567 941 599 1176 1234 453 1005 1172 252 625 1374 1168 1159 434 1190 617 722 936 802 370 1183 647 294 364 714 695 492 824 765 994 1303 1018 872 767 928 89 1208 422 685 747 746 1453 308 243 1414 708 465 806 784 942 1469 785 0 1387 391 121 1439 321 867 95 696 776
657 523 1022 646 941 1089 267 1076 893 1106 292 774 705 185 1347 672 906 530 634 321 526 445 533 804 1383 907 391 605 1296 926 943 954 816 1117 657 157 916 1318 1122 1193 1453 803 476 536 511 713 652 1340 1376 593 680 874 637 645 911 684 1279 651 237 1068 866 305 1208 789 322 221 465 954 503 917 962 1314 611 1131 632 767 1195 1180 754 771 1353 764 657 576 1042 455 552 637 609 1474 929 1445 927 658 661 390 1205 1500 207 679 1147 920 633 445 164 616 1387 0 1150 1446 439 1279 528 1292 695 632
497 636 717 510 419 477 1347 132 277 206 958 475 470 985 201 479 340 920 1013 833 791 830 990 425 245 914 759 609 167 768 999 870 415 436 561 1018 784 478 85 767 310 1059 679 624 701 439 501 571 429 681 470 276 518 514 581 588 273 813 957 569 619 1005 141 540 1065 949 832 305 1097 258 335 582 539 522 823 388 97 557 402 384 774 467 493 913 912 882 598 517 851 445 818 301 742 495 492 1133 516 373 1130 529 80 419 656 717 1265 538 391 1150 0 508 1110 131 629 335 479 520
824 936 1226 831 505 380 1576 639 606 713 1186 939 756 1262 414 850 549 1360 1072 1132 959 1029 1431 891 370 839 1074 1031 379 698 1499 770 883 941 788 1293 1286 940 455 515 541 1543 1034 922 936 782 831 192 82 864 822 663 840 903 582 1041 720 1277 1307 445 1117 1213 367 665 1455 1225 1248 505 1209 723 836 1057 880 361 1283 730 410 338 806 788 409 925 846 1014 1419 1053 951 842 950 130 1321 534 676 824 823 1538 286 334 1487 768 584 918 826 1006 1517 858 121 1446 508 0 1527 443 936 182 767 852
711 632 712 706 1064 1230 688 998 921 991 628 642 787 502 1309 676 986 205 995 504 793 723 153 689 1356 1213 515 503 1276 1183 541 1241 700 912 799 502 585 1108 1115 1417 1372 381 507 644 705 746 703 1472 1448 804 707 870 698 624 1101 527 1143 349 306 1244 612 673 1211 956 125 512 280 1025 899 851 823 1066 654 1283 331 797 1184 1338 726 744 1550 645 682 904 669 766 584 695 911 1518 584 1366 1175 710 710 57 1344 1483 234 805 1076 752 836 594 592 683 1439 439 1110 1527 0 1239 627 1350 777 683
624 762 807 636 495 513 1471 246 395 292 1080 600 591 1112 70 609 438 1047 1111 961 902 947 1117 551 118 983 888 739 64 834 1101 932 541 508 676 1145 886 498 168 789 200 1173 810 749 820 567 628 547 372 793 599 404 644 645 652 714 278 936 1087 609 728 1125 133 635 1196 1076 962 395 1204 388 446 614 668 547 946 514 107 572 533 515 767 594 622 1016 1003 995 728 644 952 354 920 190 807 622 619 1263 523 246 1261 645 170 530 764 843 1391 665 321 1279 131 443 1239 0 755 296 600 648
131 13 744 119 445 608 719 571 365 619 341 364 180 356 822 170 386 514 543 207 271 258 576 367 856 647 139 259 769 580 841 656 376 701 172 389 698 884 595 793 937 790 125 17 138 189 127 856 862 214 162 352 110 177 475 347 793 511 372 617 560 396 680 329 534 320 378 433 551 419 510 916 98 659 504 240 668 713 257 269 922 344 144 426 860 323 89 111 393 952 727 928 567 133 136 624 724 972 552 179 635 503 233 89 635 90 867 528 629 936 627 755 0 772 170 109
654 774 1049 663 368 291 1440 463 429 541 1045 756 592 1110 291 675 386 1180 977 974 828 892 1251 708 265 784 912 852 236 634 1318 722 700 771 637 1142 1106 791 274 521 444 1360 864 760 788 609 661 251 100 726 648 483 672 726 482 859 572 1095 1140 381 935 1078 194 532 1283 1073 1070 339 1100 540 656 904 709 301 1101 556 239 307 627 608 474 743 673 904 1241 924 780 673 838 183 1141 435 609 654 653 1363 251 296 1321 613 414 737 690 848 1374 691 95 1292 335 182 1350 296 772 0 602 682
72 172 754 72 287 453 871 444 204 509 479 355 10 518 665 141 217 639 583 374 327 354 707 334 695 601 309 330 609 501 910 592 338 640 102 551 738 801 435 671 790 888 272 158 222 83 79 695 692 224 101 212 80 193 355 390 677 603 540 477 577 526 515 212 694 481 510 263 635 312 440 853 125 507 601 102 507 562 187 186 783 332 115 470 900 410 193 83 417 782 771 780 481 74 76 781 567 808 720 75 499 462 213 249 793 94 696 695 479 767 777 600 170 602 0 96
28 118 688 23 382 549 829 462 263 513 448 292 104 464 715 73 304 543 615 313 345 350 611 283 751 672 240 238 664 583 824 670 290 610 163 497 659 785 490 765 828 795 182 107 218 81 21 789 776 260 53 244 17 109 448 307 686 510 458 573 506 502 577 302 603 428 414 347 643 312 413 825 29 603 507 135 563 658 154 163 879 269 41 498 823 413 99 13 454 860 691 819 565 28 29 689 662 869 638 149 526 418 263 198 744 23 776 632 520 852 683 648 109 682 96 0
