0 409 1018 632 435 974 1374 1729 1647 1102 1119 1115 386 871 806 820
409 0 998 1042 433 1184 1234 2135 2057 1477 716 1525 480 999 1098 1218
1018 998 0 1345 605 607 453 2328 2169 1941 1177 1675 1366 362 801 1602
632 1042 1345 0 932 976 1780 1103 1014 599 1749 485 815 1045 695 258
435 433 605 932 0 765 938 2022 1905 1484 923 1370 761 566 732 1168
974 1184 607 976 765 0 1041 1798 1619 1557 1630 1173 1359 264 286 1223
1374 1234 453 1780 938 1041 0 2782 2623 2370 1134 2128 1673 812 1254 2035
1729 2135 2328 1103 2022 1798 2782 0 216 776 2848 659 1818 1978 1538 923
1647 2057 2169 1014 1905 1619 2623 216 0 812 2761 537 1780 1813 1371 877
1102 1477 1941 599 1484 1557 2370 776 812 0 2191 555 1090 1643 1271 340
1119 716 1177 1749 923 1630 1134 2848 2761 2191 0 2225 1138 1380 1650 1935
1115 1525 1675 485 1370 1173 2128 659 537 555 2225 0 1282 1331 899 414
386 480 1366 815 761 1359 1673 1818 1780 1090 1138 1282 0 1254 1176 903
871 999 362 1045 566 264 812 1978 1813 1643 1380 1331 1254 0 442 1302
806 1098 801 695 732 286 1254 1538 1371 1271 1650 899 1176 442 0 937
820 1218 1602 258 1168 1223 2035 923 877 340 1935 414 903 1302 937 0
