0 1239 1280 413 919 963 1029 571 824 284 1104 1630 154 1156 836 790
1239 0 2480 1051 1380 656 1964 1777 1485 1146 2046 2205 1394 2343 1365 1665
1280 2480 0 1447 1465 2233 825 957 1263 1496 1520 2253 1135 924 1852 1001
413 1051 1447 0 567 1018 938 952 545 602 1516 2008 517 1527 1161 643
919 1380 1465 567 0 1538 700 1338 202 1157 1995 2549 960 1852 1723 463
963 656 2233 1018 1538 0 1930 1370 1560 741 1464 1550 1099 1877 742 1648
1029 1964 825 938 700 1930 0 1127 517 1313 1838 2514 959 1470 1840 298
571 1777 957 952 1338 1370 1127 0 1180 644 712 1398 436 584 894 1021
824 1485 1263 545 202 1560 517 1180 0 1087 1860 2447 836 1673 1654 261
284 1146 1496 602 1157 741 1313 644 1087 0 979 1406 379 1197 567 1072
1104 2046 1520 1516 1995 1464 1838 712 1860 979 0 732 1035 673 736 1725
1630 2205 2253 2008 2549 1550 2514 1398 2447 1406 732 0 1615 1383 889 2358
154 1394 1135 517 960 1099 959 436 836 379 1035 1615 0 1018 880 753
1156 2343 924 1527 1852 1877 1470 584 1673 1197 673 1383 1018 0 1257 1464
836 1365 1852 1161 1723 742 1840 894 1654 567 736 889 880 1257 0 1623
790 1665 1001 643 463 1648 298 1021 261 1072 1725 2358 753 1464 1623 0
