0 1062 1056 1013 497 988 197 135 819 1398 335 1528 131 447 1169 1679
1062 0 637 211 992 492 869 1128 1845 1304 1396 1519 1179 906 2214 2687
1056 637 0 426 695 149 930 1043 1864 1855 1325 882 1187 666 2188 2722
1013 211 426 0 851 282 834 1056 1824 1477 1337 1308 1140 776 2182 2679
497 992 695 851 0 692 500 418 1219 1762 667 1030 605 99 1515 2062
988 492 149 282 692 0 843 994 1805 1708 1279 1027 1120 642 2142 2665
197 869 930 834 500 843 0 299 989 1283 532 1507 309 419 1350 1845
135 1128 1043 1056 418 994 299 0 821 1533 285 1439 194 393 1148 1678
819 1845 1864 1824 1219 1805 989 821 0 1683 551 2173 688 1212 378 860
1398 1304 1855 1477 1762 1708 1283 1533 1683 0 1612 2667 1400 1668 2022 2263
335 1396 1325 1337 667 1279 532 285 551 1612 0 1642 242 664 864 1399
1528 1519 882 1308 1030 1027 1507 1439 2173 2667 1642 0 1631 1092 2398 2956
131 1179 1187 1140 605 1120 309 194 688 1400 242 1631 0 567 1042 1548
447 906 666 776 99 642 419 393 1212 1668 664 1092 567 0 1524 2064
1169 2214 2188 2182 1515 2142 1350 1148 378 2022 864 2398 1042 1524 0 558
1679 2687 2722 2679 2062 2665 1845 1678 860 2263 1399 2956 1548 2064 558 0
