0 787 517 508 659 910 1484 426 1363 137 1600 1720 345 1282 1190 676
787 0 378 1291 1110 840 1103 649 1071 882 919 2504 663 1805 1249 242
517 378 0 1018 1040 988 1026 271 1333 570 1296 2220 572 1725 1372 174
508 1291 1018 0 681 1192 1917 863 1665 456 2049 1212 719 1035 1332 1183
659 1110 1040 681 0 598 2066 1062 1045 755 1596 1656 471 697 651 1138
910 840 988 1192 598 0 1936 1153 473 1046 1026 2254 565 1153 409 991
1484 1103 1026 1917 2066 1936 0 1065 2156 1474 1743 3015 1598 2746 2342 956
426 649 271 863 1062 1153 1065 0 1544 410 1565 2027 641 1707 1504 433
1363 1071 1333 1665 1045 473 2156 1544 0 1501 791 2695 1019 1476 547 1283
137 882 570 456 755 1046 1474 410 1501 0 1723 1649 482 1337 1316 740
1600 919 1296 2049 1596 1026 1743 1565 791 1723 0 3216 1330 2175 1301 1157
1720 2504 2220 1212 1656 2254 3015 2027 2695 1649 3216 0 1900 1411 2223 2389
345 663 572 719 471 565 1598 641 1019 482 1330 1900 0 1166 870 666
1282 1805 1725 1035 697 1153 2746 1707 1476 1337 2175 1411 1166 0 934 1832
1190 1249 1372 1332 651 409 2342 1504 547 1316 1301 2223 870 934 0 1392
676 242 174 1183 1138 991 956 433 1283 740 1157 2389 666 1832 1392 0
