0 987 706 674 912 1454 1383 1179 382 1649 997 1092 852 845 1094 670
987 0 1673 360 1841 1291 1794 1096 1065 2415 921 2006 138 1818 1742 1391
706 1673 0 1331 253 2032 1669 1495 685 1518 1617 817 1535 452 820 575
674 360 1331 0 1488 1412 1730 876 704 2228 971 1746 227 1519 1389 1031
912 1841 253 1488 0 2281 1916 1509 797 1702 1858 999 1703 645 675 572
1454 1291 2032 1412 2281 0 894 2288 1799 1803 468 1806 1300 1864 2545 2121
1383 1794 1669 1730 1916 894 0 2511 1762 924 920 1126 1734 1332 2391 1993
1179 1096 1495 876 1509 2288 2511 0 873 2815 1841 2196 1025 1870 1025 939
382 1065 685 704 797 1799 1762 873 0 1950 1332 1323 928 1005 755 345
1649 2415 1518 2228 1702 1803 924 2815 1950 0 1704 704 2317 1067 2339 2036
997 921 1617 971 1858 468 920 1841 1332 1704 0 1532 896 1514 2082 1659
1092 2006 817 1746 999 1806 1126 2196 1323 704 1532 0 1886 365 1637 1356
852 138 1535 227 1703 1300 1734 1025 928 2317 896 1886 0 1688 1615 1258
845 1818 452 1519 645 1864 1332 1870 1005 1067 1514 365 1688 0 1272 999
1094 1742 820 1389 675 2545 2391 1025 755 2339 2082 1637 1615 1272 0 424
670 1391 575 1031 572 2121 1993 939 345 2036 1659 1356 1258 999 424 0
