0 712 1234 620 984 876 523 760 1649 322 806 1113 351 941 542 292 1157
712 0 1115 779 1516 1580 763 1450 985 563 1286 1745 623 288 1010 935 1736
1234 1115 0 625 2211 1905 1660 1521 1214 923 976 1534 1462 1355 1770 1517 2359
620 779 625 0 1588 1305 1093 971 1389 339 566 1112 895 1067 1162 896 1735
984 1516 2211 1588 0 682 774 1068 2500 1306 1542 1477 893 1611 506 695 243
876 1580 1905 1305 682 0 1050 460 2523 1146 1038 819 1036 1778 784 661 640
523 763 1660 1093 774 1050 0 1147 1736 754 1324 1553 198 837 293 444 1009
760 1450 1521 971 1068 460 1147 0 2306 921 592 427 1052 1698 962 703 1082
1649 985 1214 1389 2500 2523 1736 2306 0 1393 1950 2500 1609 937 1995 1905 2721
322 563 923 339 1306 1146 754 921 1393 0 733 1184 556 842 848 614 1478
806 1286 976 566 1542 1038 1324 592 1950 733 0 568 1158 1571 1263 954 1614
1113 1745 1534 1112 1477 819 1553 427 2500 1184 568 0 1438 2014 1386 1114 1460
351 623 1462 895 893 1036 198 1052 1609 556 1158 1438 0 757 386 379 1112
941 288 1355 1067 1611 1778 837 1698 937 842 1571 2014 757 0 1119 1117 1845
542 1010 1770 1162 506 784 293 962 1995 848 1263 1386 386 1119 0 308 729
292 935 1517 896 695 661 444 703 1905 614 954 1114 379 1117 308 0 864
1157 1736 2359 1735 243 640 1009 1082 2721 1478 1614 1460 1112 1845 729 864 0
