0 547 603 668 379 682 464 573 450 237 23 790 48 103 90 235 633 39 806 306 613 64 45 220 112 309 601 38 423 245 805 142 268 525 838 458 86 676 644 606 122 488 467 380 96 179 449 529 683 579 13 281 454 584 580 294 308 375 658 304 483 535 172 88 343 818 650 795 770 476 348 586 40 213 775 675 24 678
547 0 1020 1125 908 1207 780 1117 616 350 526 1164 562 513 457 441 1095 511 963 528 1132 577 531 400 618 238 194 516 867 790 1147 414 296 67 547 215 628 499 211 963 551 865 359 917 621 485 935 814 927 824 535 552 651 727 1105 777 394 730 664 418 263 206 701 633 351 1362 838 1322 415 149 556 597 559 442 1154 1221 556 270
603 1020 0 131 647 803 261 455 1037 819 623 1182 558 705 666 838 123 613 478 903 312 540 648 818 651 818 963 640 180 469 237 722 738 1030 1429 831 590 807 1184 1058 712 957 1062 609 509 782 788 270 1202 314 615 468 421 1161 747 313 909 900 619 907 1058 890 614 541 674 774 1202 456 1344 1014 475 606 565 817 178 523 580 999
668 1125 131 0 636 743 387 386 1080 896 690 1160 627 766 741 902 36 684 595 955 223 609 711 888 697 912 1080 706 259 492 295 798 835 1130 1505 944 639 937 1278 1056 766 963 1135 595 572 842 776 401 1214 445 681 576 548 1195 702 374 977 924 751 973 1140 1006 646 595 785 683 1225 334 1428 1107 592 736 634 881 210 433 646 1120
379 908 647 636 0 303 661 330 540 562 395 535 389 395 460 495 602 418 1026 472 463 383 381 519 290 675 980 400 503 216 884 495 646 874 1062 837 293 1036 961 420 358 336 718 41 353 435 140 728 588 791 388 594 733 618 201 398 570 339 972 552 775 914 209 313 716 462 618 585 1036 809 661 910 388 484 820 400 381 1057
682 1207 803 743 303 0 896 357 766 859 698 493 689 695 763 782 717 721 1245 738 523 682 684 813 592 976 1283 703 709 487 1030 796 949 1170 1306 1140 596 1326 1246 497 656 482 989 304 647 727 294 957 693 1021 691 877 996 802 102 641 852 560 1241 832 1057 1217 512 612 1015 219 762 543 1299 1102 940 1185 688 775 951 341 682 1360
464 780 261 387 661 896 0 598 913 636 477 1182 416 564 497 681 368 457 365 768 505 402 509 648 549 601 707 492 198 447 372 547 517 799 1233 581 488 550 959 1024 586 911 878 633 389 636 790 68 1134 129 471 238 160 1048 817 263 739 821 381 744 856 636 546 435 429 926 1111 682 1134 795 225 354 423 659 373 691 440 739
573 1117 455 386 330 357 598 0 861 804 596 801 554 637 663 765 361 607 919 772 167 540 599 773 536 879 1139 608 400 328 676 715 825 1098 1364 991 502 1102 1215 731 615 662 1003 291 496 700 449 649 911 711 586 657 729 947 325 386 845 667 972 831 1042 1066 455 485 842 328 948 254 1320 1049 707 930 558 749 595 105 561 1202
450 616 1037 1080 540 766 913 861 0 346 436 563 498 349 427 254 1044 457 1245 147 965 513 404 303 385 481 778 421 857 590 1251 392 527 554 540 686 446 993 553 370 329 303 276 573 534 281 475 978 312 1025 441 711 884 140 679 723 243 208 1049 222 373 743 436 497 668 972 233 1115 547 469 768 972 490 272 1213 940 473 865
237 350 819 896 562 859 636 804 346 0 214 839 272 170 155 103 862 213 931 212 850 289 205 53 276 144 465 199 643 477 1001 98 181 311 610 350 301 648 411 639 203 531 244 576 331 134 585 692 646 728 224 405 570 483 757 523 112 395 709 126 246 416 362 323 323 1022 579 1031 534 248 451 631 265 96 982 903 255 551
23 526 623 690 395 698 477 596 436 214 0 793 65 87 68 214 655 28 815 291 636 82 33 198 118 288 584 16 443 267 823 119 251 503 816 442 103 669 621 606 113 489 445 398 118 161 460 542 677 590 9 286 460 572 596 316 287 371 658 284 460 519 186 110 333 838 641 818 747 453 351 585 57 193 794 698 43 662
790 1164 1182 1160 535 493 1182 801 563 839 793 0 825 735 831 737 1128 822 1548 637 963 829 763 786 679 984 1304 787 1038 738 1419 832 999 1107 1046 1187 725 1457 1116 201 693 310 840 573 819 716 396 1251 308 1311 792 1064 1226 508 479 924 771 445 1447 747 935 1255 647 770 1117 699 413 1025 1089 1024 1132 1376 820 744 1353 819 805 1390
48 562 558 627 389 689 416 554 498 272 65 825 0 150 116 280 592 58 760 354 582 18 93 261 147 325 601 81 378 229 758 173 273 545 878 455 103 652 672 644 170 527 507 384 60 226 471 481 728 532 57 241 411 632 588 252 351 418 621 349 518 531 189 77 327 814 697 767 806 502 308 551 7 258 728 658 24 674
103 513 705 766 395 695 564 637 349 170 87 735 150 0 96 137 730 108 899 203 695 167 57 136 106 283 599 72 525 314 909 104 271 479 746 465 137 721 579 542 44 426 375 406 196 76 433 629 598 676 93 368 542 485 593 394 214 300 730 207 405 539 192 172 381 852 557 871 687 418 430 655 143 117 877 735 127 681
90 457 666 741 460 763 497 663 427 155 68 831 116 96 0 183 706 58 818 279 699 134 79 153 174 219 520 60 488 335 855 57 187 435 765 381 171 625 556 639 138 523 396 464 177 146 516 558 691 601 78 283 457 566 661 367 245 397 636 247 401 456 251 178 285 906 645 883 689 387 341 560 111 162 832 766 103 599
235 441 838 902 495 782 681 765 254 103 214 737 280 137 183 0 867 227 998 112 831 297 191 51 228 248 567 198 658 447 1035 140 278 394 609 454 272 747 466 536 149 430 240 514 331 64 499 742 545 784 223 464 636 394 682 529 80 293 795 70 281 519 310 309 416 957 483 1003 555 320 518 718 272 21 1008 860 258 653
633 1095 123 36 602 717 368 361 1044 862 655 1128 592 730 706 867 0 650 598 919 202 574 676 853 661 880 1054 671 228 456 315 764 804 1099 1470 917 603 919 1246 1021 730 928 1100 562 536 807 742 388 1178 436 646 548 529 1159 673 339 942 888 738 937 1107 980 609 559 758 666 1189 333 1395 1074 567 721 599 846 234 415 611 1096
39 511 613 684 418 721 457 607 457 213 28 822 58 108 58 227 650 0 791 310 640 76 60 204 146 273 562 37 434 279 808 115 229 491 820 418 125 640 615 634 140 517 450 419 118 178 487 521 703 568 31 260 434 594 620 310 295 399 630 295 459 495 211 122 305 856 665 824 747 445 324 557 52 205 781 710 45 638
806 963 478 595 1026 1245 365 919 1245 931 815 1548 760 899 818 998 598 791 0 1097 789 749 848 956 902 853 823 828 536 812 362 857 773 1003 1481 748 844 542 1168 1387 928 1273 1159 996 744 964 1156 297 1487 236 811 534 362 1384 1172 627 1042 1176 319 1052 1113 770 908 792 642 1245 1456 930 1364 1026 480 370 767 977 437 997 784 816
306 528 903 955 472 738 768 772 147 212 291 637 354 203 279 112 919 310 1097 0 859 370 260 163 257 356 669 275 722 475 1111 246 390 474 593 563 315 859 515 435 190 337 251 499 395 133 445 832 433 878 297 563 736 287 641 589 134 203 904 110 324 626 323 362 528 928 372 1020 564 393 620 827 347 128 1077 860 330 756
613 1132 312 223 463 523 505 167 965 850 636 963 582 695 699 831 202 640 789 859 0 565 648 829 606 901 1125 651 314 385 517 754 835 1124 1440 980 558 1042 1255 879 683 800 1071 422 522 766 595 544 1052 601 626 621 654 1065 491 358 910 785 886 900 1096 1051 535 527 823 463 1078 192 1381 1085 659 855 588 812 433 213 596 1180
64 577 540 609 383 682 402 540 513 289 82 829 18 167 134 297 574 76 749 370 565 0 110 279 155 340 611 99 360 216 741 191 286 561 896 464 105 654 689 651 184 534 525 377 44 243 471 468 738 519 74 234 402 647 582 234 369 428 617 366 535 541 189 70 333 803 710 751 824 519 302 548 24 276 711 644 40 683
45 531 648 711 381 684 509 599 404 205 33 763 93 57 79 191 676 60 848 260 648 110 0 181 95 295 600 24 468 271 851 118 267 504 797 460 97 696 616 574 80 457 426 387 139 133 437 574 643 623 37 320 493 539 582 338 266 338 690 261 448 536 172 120 358 830 608 827 733 450 384 617 86 170 820 699 69 679
220 400 818 888 519 813 648 773 303 53 198 786 261 136 153 51 853 204 956 163 829 279 181 0 239 197 518 182 639 449 1008 101 226 358 617 402 273 695 445 586 162 478 246 535 317 85 535 707 597 747 208 425 594 442 711 514 91 342 746 96 268 469 324 302 365 981 534 1007 552 289 476 669 254 43 985 871 242 604
112 618 651 697 290 592 549 536 385 276 118 679 147 106 174 228 661 146 902 257 606 155 95 239 0 384 694 117 472 220 868 205 361 586 834 555 62 787 684 496 79 379 468 300 159 164 342 616 586 670 115 388 557 510 489 338 309 274 768 296 507 631 85 115 451 746 564 775 784 525 456 697 142 212 828 632 127 774
309 238 818 912 675 976 601 879 481 144 288 984 325 283 219 248 880 273 853 356 901 340 295 197 384 0 322 279 653 552 973 179 83 222 636 206 390 513 366 783 324 675 310 682 384 272 714 647 787 672 297 362 502 614 874 551 238 539 600 259 261 271 466 395 214 1125 715 1089 533 196 389 523 321 240 967 983 318 407
601 194 963 1080 980 1283 707 1139 778 465 584 1304 601 599 520 567 1054 562 823 669 1125 611 600 518 694 322 0 580 832 827 1053 494 333 260 735 147 687 318 397 1103 642 996 541 982 652 595 1032 725 1090 721 592 508 557 899 1181 768 540 860 509 563 449 74 771 677 302 1414 1007 1318 600 332 488 453 600 561 1074 1245 603 86
38 516 640 706 400 703 492 608 421 199 16 787 81 72 60 198 671 37 828 275 651 99 24 182 117 279 580 0 460 280 839 106 246 492 799 439 111 672 608 599 102 482 428 404 135 145 460 557 666 604 25 298 472 557 601 332 270 362 667 267 445 515 191 124 334 846 628 832 731 440 362 593 74 176 810 710 60 658
423 867 180 259 503 709 198 400 857 643 443 1038 378 525 488 658 228 434 536 722 314 360 468 639 472 653 832 460 0 305 399 545 576 871 1253 692 411 728 1019 899 532 794 884 469 328 601 641 251 1033 314 435 324 340 983 636 134 729 727 577 727 884 758 440 361 533 727 1028 500 1172 848 351 542 385 637 355 493 400 879
245 790 469 492 216 487 447 328 590 477 267 738 229 314 335 447 456 279 812 475 385 216 271 449 220 552 827 280 305 0 701 386 502 770 1055 679 176 840 887 594 298 489 687 192 174 382 344 514 732 576 257 389 518 703 394 186 526 432 760 516 718 756 154 157 540 589 735 557 1001 720 453 700 232 429 648 430 233 896
805 1147 237 295 884 1030 372 676 1251 1001 823 1419 758 909 855 1035 315 808 362 1111 517 741 851 1008 868 973 1053 839 399 701 0 908 890 1169 1603 941 806 833 1330 1293 922 1191 1245 846 717 984 1025 332 1433 332 815 610 498 1379 980 532 1100 1126 615 1102 1227 987 840 754 796 978 1427 612 1506 1167 592 631 765 1013 88 728 781 1072
142 414 722 798 495 796 547 715 392 98 119 832 173 104 57 140 764 115 857 246 754 191 118 101 205 179 494 106 545 386 908 0 168 386 708 361 215 628 502 635 148 521 340 503 233 121 537 606 671 646 129 324 495 532 694 424 192 389 658 197 344 435 287 230 289 948 617 937 632 334 378 582 167 120 886 816 158 576
268 296 738 835 646 949 517 825 527 181 251 999 273 271 187 278 804 229 773 390 835 286 267 226 361 83 333 246 576 502 890 168 0 294 719 194 354 469 445 801 315 688 386 649 329 283 701 564 824 589 258 279 420 665 847 481 290 555 531 307 344 269 437 348 143 1085 760 1025 616 278 305 454 271 264 885 930 272 412
525 67 1030 1130 874 1170 799 1098 554 311 503 1107 545 479 435 394 1099 491 1003 474 1124 561 504 358 586 222 260 492 871 770 1169 386 294 0 490 258 602 558 165 907 515 811 293 886 606 443 893 837 864 852 513 565 679 662 1069 773 340 677 712 364 195 264 671 613 374 1332 773 1312 364 84 576 642 541 398 1171 1201 537 338
838 547 1429 1505 1062 1306 1233 1364 540 610 816 1046 878 746 765 609 1470 820 1481 593 1440 896 797 617 834 636 735 799 1253 1055 1603 708 719 490 0 747 881 1046 338 880 756 838 371 1091 934 673 1013 1282 740 1308 825 995 1138 541 1217 1131 531 746 1201 539 376 753 911 917 840 1509 633 1609 139 454 1025 1129 871 628 1590 1453 859 797
458 215 831 944 837 1140 581 991 686 350 442 1187 455 465 381 454 917 418 748 563 980 464 460 402 555 206 147 439 692 679 941 361 194 258 747 0 544 319 422 987 509 877 484 837 505 471 896 608 994 613 449 369 442 817 1039 623 443 742 454 464 407 76 629 532 159 1268 920 1173 622 299 357 384 454 444 954 1097 458 219
86 628 590 639 293 596 488 502 446 301 103 725 103 137 171 272 603 125 844 315 558 105 97 273 62 390 687 111 411 176 806 215 354 602 881 544 0 755 712 548 127 432 512 294 99 208 369 556 646 611 95 339 504 573 494 276 351 333 722 342 541 621 87 53 426 734 626 734 824 548 407 653 100 253 767 602 89 764
676 499 807 937 1036 1326 550 1102 993 648 669 1457 652 721 625 747 919 640 542 859 1042 654 696 695 787 513 318 672 728 840 833 628 469 558 1046 319 755 0 710 1263 764 1147 803 1024 682 749 1124 540 1293 511 672 452 391 1127 1230 716 751 1018 225 770 725 294 842 724 340 1413 1226 1227 914 614 395 204 655 733 875 1204 666 285
644 211 1184 1278 961 1246 959 1215 553 411 621 1116 672 579 556 466 1246 615 1168 515 1255 689 616 445 684 366 397 608 1019 887 1330 502 445 165 338 422 712 710 0 922 607 841 277 979 733 526 958 1000 845 1017 631 723 843 632 1147 913 393 715 875 414 191 418 770 732 539 1423 744 1439 203 171 739 806 667 477 1330 1314 660 460
606 963 1058 1056 420 497 1024 731 370 639 606 201 644 542 639 536 1021 634 1387 435 879 651 574 586 496 783 1103 599 899 594 1293 635 801 907 880 987 548 1263 922 0 500 117 645 461 646 517 284 1093 195 1152 606 885 1052 341 443 776 569 245 1264 545 737 1055 479 597 922 717 273 976 910 824 952 1191 639 543 1234 774 623 1189
122 551 712 766 358 656 586 615 329 203 113 693 170 44 138 149 730 140 928 190 683 184 80 162 79 324 642 102 532 298 922 148 315 515 756 509 127 764 607 500 0 384 389 373 205 85 390 652 563 702 117 400 574 462 554 399 229 260 768 218 428 583 162 171 424 819 528 854 705 450 464 694 163 133 887 711 146 725
488 865 957 963 336 482 911 662 303 531 489 310 527 426 523 430 928 517 1273 337 800 534 457 478 379 675 996 482 794 489 1191 521 688 811 838 877 432 1147 841 117 384 0 566 377 530 405 216 980 252 1038 488 768 936 320 408 667 472 136 1147 447 653 946 365 482 807 698 290 913 851 730 835 1074 521 435 1135 718 506 1082
467 359 1062 1135 718 989 878 1003 276 244 445 840 507 375 396 240 1100 450 1159 251 1071 525 426 246 468 310 541 428 884 687 1245 340 386 293 371 484 512 803 277 645 389 566 0 742 563 304 696 933 577 966 454 644 802 371 892 760 160 443 910 171 99 523 548 546 524 1178 483 1244 318 210 684 833 500 258 1226 1096 488 624
380 917 609 595 41 304 633 291 573 576 398 573 384 406 464 514 562 419 996 499 422 377 387 535 300 682 982 404 469 192 846 503 649 886 1091 837 294 1024 979 461 373 377 742 0 343 453 180 699 629 762 390 578 711 655 205 370 591 376 952 574 795 914 215 308 711 446 658 546 1060 823 644 892 384 502 781 366 379 1057
96 621 509 572 353 647 389 496 534 331 118 819 60 196 177 331 536 118 744 395 522 44 139 317 159 384 652 135 328 174 717 233 329 606 934 505 99 682 733 646 205 530 563 343 0 273 450 457 745 511 109 248 407 665 549 198 405 432 632 401 577 581 172 48 369 762 722 707 865 563 316 565 65 310 682 600 75 722
179 485 782 842 435 727 636 700 281 134 161 716 226 76 146 64 807 178 964 133 766 243 133 85 164 272 595 145 601 382 984 121 283 443 673 471 208 749 526 517 85 405 304 453 273 0 450 699 550 744 168 430 604 420 626 471 144 271 778 133 344 541 247 247 411 897 499 939 620 374 488 702 218 49 954 796 202 679
449 935 788 776 140 294 790 449 475 585 460 396 471 433 516 499 742 487 1156 445 595 471 437 535 342 714 1032 460 641 344 1025 537 701 893 1013 896 369 1124 958 284 390 216 696 180 450 450 0 858 462 920 455 698 849 526 203 530 565 267 1081 543 767 971 282 404 792 497 507 698 1005 820 766 1015 469 495 961 501 457 1114
529 814 270 401 728 957 68 649 978 692 542 1251 481 629 558 742 388 521 297 832 544 468 574 707 616 647 725 557 251 514 332 606 564 837 1282 608 556 540 1000 1093 652 980 933 699 457 699 858 0 1202 63 536 288 168 1114 880 329 798 890 350 803 906 657 614 503 463 978 1178 713 1180 839 261 337 489 720 349 738 506 750
683 927 1202 1214 588 693 1134 911 312 646 677 308 728 598 691 545 1178 703 1487 433 1052 738 643 597 586 787 1090 666 1033 732 1433 671 824 864 740 994 646 1293 845 195 563 252 577 629 745 550 462 1202 0 1256 679 964 1137 213 636 903 552 312 1327 529 677 1053 595 698 959 912 107 1161 793 779 1028 1251 721 559 1380 962 704 1176
579 824 314 445 791 1021 129 711 1025 728 590 1311 532 676 601 784 436 568 236 878 601 519 623 747 670 672 721 604 314 576 332 646 589 852 1308 613 611 511 1017 1152 702 1038 966 762 511 744 920 63 1256 0 585 322 173 1162 944 392 836 944 308 843 933 656 672 559 477 1039 1229 765 1202 860 283 306 539 763 364 799 556 739
13 535 615 681 388 691 471 586 441 224 9 792 57 93 78 223 646 31 811 297 626 74 37 208 115 297 592 25 435 257 815 129 258 513 825 449 95 672 631 606 117 488 454 390 109 168 455 536 679 585 0 284 457 577 589 306 296 372 658 293 470 526 179 100 337 829 645 808 757 463 349 585 50 202 786 688 34 669
281 552 468 576 594 877 238 657 711 405 286 1064 241 368 283 464 548 260 534 563 621 234 320 425 388 362 508 298 324 389 610 324 279 565 995 369 339 452 723 885 400 768 644 578 248 430 698 288 964 322 284 0 174 850 783 271 513 657 383 521 618 434 420 295 209 962 925 812 896 557 68 317 246 443 606 761 262 559
454 651 421 548 733 996 160 729 884 570 460 1226 411 542 457 636 529 434 362 736 654 402 493 594 557 502 557 472 340 518 498 495 420 679 1138 442 504 391 843 1052 574 936 802 711 407 604 849 168 1137 173 457 174 0 1024 909 356 680 829 246 690 764 489 579 456 304 1052 1099 837 1029 688 118 202 417 615 517 828 433 583
584 727 1161 1195 618 802 1048 947 140 483 572 508 632 485 566 394 1159 594 1384 287 1065 647 539 442 510 614 899 557 983 703 1379 532 665 662 541 817 573 1127 632 341 462 320 371 655 665 420 526 1114 213 1162 577 850 1024 0 725 848 376 280 1189 357 470 870 550 625 806 1017 112 1202 582 578 908 1111 625 412 1338 1017 608 985
580 1105 747 702 201 102 817 325 679 757 596 479 588 593 661 682 673 620 1172 641 491 582 582 711 489 874 1181 601 636 394 980 694 847 1069 1217 1039 494 1230 1147 443 554 408 892 205 549 626 203 880 636 944 589 783 909 725 0 557 753 471 1152 733 958 1115 410 512 916 293 696 546 1205 1000 847 1094 588 674 905 341 581 1258
294 777 313 374 398 641 263 386 723 523 316 924 252 394 367 529 339 310 627 589 358 234 338 514 338 551 768 332 134 186 532 424 481 773 1131 623 276 716 913 776 399 667 760 370 198 471 530 329 903 392 306 271 356 848 557 0 603 594 602 599 768 694 308 227 467 699 895 550 1056 741 321 552 259 508 490 490 272 826
308 394 909 977 570 852 739 845 243 112 287 771 351 214 245 80 942 295 1042 134 910 369 266 91 309 238 540 270 729 526 1100 192 290 340 531 443 351 751 393 569 229 472 160 591 405 144 565 798 552 836 296 513 680 376 753 603 0 337 820 24 205 501 390 386 434 1032 477 1083 475 260 562 743 344 97 1076 939 330 627
375 730 900 924 339 560 821 667 208 395 371 445 418 300 397 293 888 399 1176 203 785 428 338 342 274 539 860 362 727 432 1126 389 555 677 746 742 333 1018 715 245 260 136 443 376 432 271 267 890 312 944 372 657 829 280 471 594 337 0 1029 313 525 810 286 386 678 764 302 922 743 597 722 955 412 299 1078 740 395 946
658 664 619 751 972 1241 381 972 1049 709 658 1447 621 730 636 795 738 630 319 904 886 617 690 746 768 600 509 667 577 760 615 658 531 712 1201 454 722 225 875 1264 768 1147 910 952 632 778 1081 350 1327 308 658 383 246 1189 1152 602 820 1029 0 835 848 462 803 679 388 1297 1276 1062 1076 749 315 77 626 777 663 1069 641 497
304 418 907 973 552 832 744 831 222 126 284 747 349 207 247 70 937 295 1052 110 900 366 261 96 296 259 563 267 727 516 1102 197 307 364 539 464 342 770 414 545 218 447 171 574 401 133 543 803 529 843 293 521 690 357 733 599 24 313 835 0 224 523 376 379 450 1013 456 1072 489 283 572 758 342 91 1076 925 327 650
483 263 1058 1140 775 1057 856 1042 373 246 460 935 518 405 401 281 1107 459 1113 324 1096 535 448 268 507 261 449 445 884 718 1227 344 344 195 376 407 541 725 191 737 428 653 99 795 577 344 767 906 677 933 470 618 764 470 958 768 205 525 848 224 0 438 591 568 471 1237 582 1275 288 116 650 774 511 294 1215 1139 501 531
535 206 890 1006 914 1217 636 1066 743 416 519 1255 531 539 456 519 980 495 770 626 1051 541 536 469 631 271 74 515 758 756 987 435 269 264 753 76 621 294 418 1055 583 946 523 914 581 541 971 657 1053 656 526 434 489 870 1115 694 501 810 462 523 438 0 705 608 227 1344 975 1243 622 323 415 400 531 511 1005 1172 535 143
172 701 614 646 209 512 546 455 436 362 186 647 189 192 251 310 609 211 908 323 535 189 172 324 85 466 771 191 440 154 840 287 437 671 911 629 87 842 770 479 162 365 548 215 172 247 282 614 595 672 179 420 579 550 410 308 390 286 803 376 591 705 0 124 514 661 588 698 865 610 488 735 187 296 792 549 177 848
88 633 541 595 313 612 435 485 497 323 110 770 77 172 178 309 559 122 792 362 527 70 120 302 115 395 677 124 361 157 754 230 348 613 917 532 53 724 732 597 171 482 546 308 48 247 404 503 698 559 100 295 456 625 512 227 386 386 679 379 568 608 124 0 403 737 679 708 854 564 364 612 77 289 716 588 76 751
343 351 674 785 716 1015 429 842 668 323 333 1117 327 381 285 416 758 305 642 528 823 333 358 365 451 214 302 334 533 540 796 289 143 374 840 159 426 340 539 922 424 807 524 711 369 411 792 463 959 477 337 209 304 806 916 467 434 678 388 450 471 227 514 403 0 1129 899 1016 727 386 204 311 328 400 803 947 337 360
818 1362 774 683 462 219 926 328 972 1022 838 699 814 852 906 957 666 856 1245 928 463 803 830 981 746 1125 1414 846 727 589 978 948 1085 1332 1509 1268 734 1413 1423 717 819 698 1178 446 762 897 497 978 912 1039 829 962 1052 1017 293 699 1032 764 1297 1013 1237 1344 661 737 1129 0 981 405 1493 1270 1018 1251 815 946 892 250 813 1485
650 838 1202 1225 618 762 1111 948 233 579 641 413 697 557 645 483 1189 665 1456 372 1078 710 608 534 564 715 1007 628 1028 735 1427 617 760 773 633 920 626 1226 744 273 528 290 483 658 722 499 507 1178 107 1229 645 925 1099 112 696 895 477 302 1276 456 582 975 588 679 899 981 0 1201 686 689 986 1200 690 500 1381 1008 673 1094
795 1322 456 334 585 543 682 254 1115 1031 818 1025 767 871 883 1003 333 824 930 1020 192 751 827 1007 775 1089 1318 832 500 557 612 937 1025 1312 1609 1173 734 1227 1439 976 854 913 1244 546 707 939 698 713 1161 765 808 812 837 1202 546 550 1083 922 1062 1072 1275 1243 698 708 1016 405 1201 0 1558 1270 849 1036 772 986 524 205 779 1372
770 415 1344 1428 1036 1299 1134 1320 547 534 747 1089 806 687 689 555 1395 747 1364 564 1381 824 733 552 784 533 600 731 1172 1001 1506 632 616 364 139 622 824 914 203 910 705 851 318 1060 865 620 1005 1180 793 1202 757 896 1029 582 1205 1056 475 743 1076 489 288 622 865 854 727 1493 686 1558 0 341 920 1006 799 572 1499 1414 789 660
476 149 1014 1107 809 1102 795 1049 469 248 453 1024 502 418 387 320 1074 445 1026 393 1085 519 450 289 525 196 332 440 848 720 1167 334 278 84 454 299 548 614 171 824 450 730 210 823 563 374 820 839 779 860 463 557 688 578 1000 741 260 597 749 283 116 323 610 564 386 1270 689 1270 341 0 578 676 497 326 1163 1150 491 415
348 556 475 592 661 940 225 707 768 451 351 1132 308 430 341 518 567 324 480 620 659 302 384 476 456 389 488 362 351 453 592 378 305 576 1025 357 407 395 739 952 464 835 684 644 316 488 766 261 1028 283 349 68 118 908 847 321 562 722 315 572 650 415 488 364 204 1018 986 849 920 578 0 249 313 498 598 810 329 529
586 597 606 736 910 1185 354 930 972 631 585 1376 551 655 560 718 721 557 370 827 855 548 617 669 697 523 453 593 542 700 631 582 454 642 1129 384 653 204 806 1191 694 1074 833 892 565 702 1015 337 1251 306 585 317 202 1111 1094 552 743 955 77 758 774 400 735 612 311 1251 1200 1036 1006 676 249 0 555 700 670 1029 570 451
40 559 565 634 388 688 423 558 490 265 57 820 7 143 111 272 599 52 767 347 588 24 86 254 142 321 600 74 385 232 765 167 271 541 871 454 100 655 667 639 163 521 500 384 65 218 469 489 721 539 50 246 417 625 588 259 344 412 626 342 511 531 187 77 328 815 690 772 799 497 313 555 0 251 736 662 17 673
213 442 817 881 484 775 659 749 272 96 193 744 258 117 162 21 846 205 977 128 812 276 170 43 212 240 561 176 637 429 1013 120 264 398 628 444 253 733 477 543 133 435 258 502 310 49 495 720 559 763 202 443 615 412 674 508 97 299 777 91 294 511 296 289 400 946 500 986 572 326 498 700 251 0 986 845 236 647
775 1154 178 210 820 951 373 595 1213 982 794 1353 728 877 832 1008 234 781 437 1077 433 711 820 985 828 967 1074 810 355 648 88 886 885 1171 1590 954 767 875 1330 1234 887 1135 1226 781 682 954 961 349 1380 364 786 606 517 1338 905 490 1076 1078 663 1076 1215 1005 792 716 803 892 1381 524 1499 1163 598 670 736 986 0 643 751 1099
675 1221 523 433 400 341 691 105 940 903 698 819 658 735 766 860 415 710 997 860 213 644 699 871 632 983 1245 710 493 430 728 816 930 1201 1453 1097 602 1204 1314 774 711 718 1096 366 600 796 501 738 962 799 688 761 828 1017 341 490 939 740 1069 925 1139 1172 549 588 947 250 1008 205 1414 1150 810 1029 662 845 643 0 664 1308
24 556 580 646 381 682 440 561 473 255 43 805 24 127 103 258 611 45 784 330 596 40 69 242 127 318 603 60 400 233 781 158 272 537 859 458 89 666 660 623 146 506 488 379 75 202 457 506 704 556 34 262 433 608 581 272 330 395 641 327 501 535 177 76 337 813 673 779 789 491 329 570 17 236 751 664 0 678
678 270 999 1120 1057 1360 739 1202 865 551 662 1390 674 681 599 653 1096 638 816 756 1180 683 679 604 774 407 86 658 879 896 1072 576 412 338 797 219 764 285 460 1189 725 1082 624 1057 722 679 1114 750 1176 739 669 559 583 985 1258 826 627 946 497 650 531 143 848 751 360 1485 1094 1372 660 415 529 451 673 647 1099 1308 678 0
