0 106 1501 566 232 819 1499 46 830 527 191 435 273 488 1727 460
106 0 1606 459 277 875 1424 118 848 609 298 341 350 527 1745 509
1501 1606 0 2056 1514 1139 2642 1489 1468 1087 1312 1869 1399 1342 2370 1299
566 459 2056 0 664 1193 1152 570 1044 1010 757 238 771 836 1902 846
232 277 1514 664 0 1002 1700 277 1052 675 276 607 118 700 1495 663
819 875 1139 1193 1002 0 1508 777 328 350 731 958 954 361 2430 366
1499 1424 2642 1152 1700 1508 0 1469 1183 1606 1633 1099 1771 1337 3055 1390
46 118 1489 570 277 777 1469 0 784 494 191 421 308 443 1772 416
830 848 1468 1044 1052 328 1183 784 0 545 818 807 1040 358 2540 406
527 609 1087 1010 675 350 1606 494 545 0 399 799 613 268 2079 218
191 298 1312 757 276 731 1633 191 818 399 0 611 226 459 1724 414
435 341 1869 238 607 958 1099 421 807 799 611 0 691 604 1996 619
273 350 1399 771 118 954 1771 308 1040 613 226 691 0 683 1499 639
488 527 1342 836 700 361 1337 443 358 268 459 604 683 0 2182 57
1727 1745 2370 1902 1495 2430 3055 1772 2540 2079 1724 1996 1499 2182 0 2138
460 509 1299 846 663 366 1390 416 406 218 414 619 639 57 2138 0
