0 486 133 818 635 12 28 796 193 147 50 22 419 744 236 261 380 236 320 496 288 438 169 358 657 646 853 597 141 601 302 860 769 775 355 767 659 256 588 190 580 739 367 208 848 41 533 739 0 589 181 368 660 509 681 26 267 408 418 55 252 223 673 727 735 707 450 803 298 106 343 289 316 814 27 347 11 325
486 0 547 806 1076 480 513 1189 636 611 521 470 675 467 722 346 698 718 581 974 200 698 587 219 952 1126 1322 1019 351 174 251 499 288 1155 349 1118 759 667 934 640 755 1085 539 278 1214 493 899 1157 486 443 472 789 858 984 1074 477 754 330 590 527 676 710 1114 354 1039 691 531 1280 250 555 702 453 766 1064 476 380 480 803
133 547 0 951 534 145 137 677 278 225 89 126 291 860 240 241 247 194 448 433 348 309 276 372 762 641 775 486 242 629 408 966 835 847 321 639 790 132 680 94 707 610 265 283 723 93 405 793 132 714 314 252 782 520 752 114 251 530 550 85 339 207 714 727 602 840 360 801 316 42 448 215 219 681 115 475 127 345
818 806 951 0 1374 806 816 1574 750 784 864 827 1230 456 902 957 1198 967 523 1170 797 1251 713 926 532 1098 1503 1365 750 974 644 596 863 797 1030 1570 205 1066 621 989 324 1544 1147 777 1640 858 1341 888 818 365 637 1161 347 972 776 838 943 502 411 868 718 930 925 1155 1551 119 1199 1186 901 920 613 1049 1091 1632 838 507 824 889
635 1076 534 1374 0 646 619 223 626 600 586 640 492 1378 473 741 424 417 854 222 881 480 670 880 999 492 279 85 770 1133 935 1494 1364 929 785 300 1180 408 884 448 1070 300 615 817 314 609 257 816 634 1214 779 287 1107 502 848 630 431 1040 966 580 656 450 710 1190 389 1281 698 601 832 537 766 655 318 522 631 971 636 494
12 480 145 806 646 0 33 808 190 147 62 27 430 733 242 263 392 245 310 505 282 450 164 356 650 650 863 609 132 597 291 849 761 772 358 780 648 268 582 202 570 751 376 202 860 52 546 737 12 577 169 380 650 512 679 35 274 396 407 68 249 231 673 725 747 695 457 807 297 118 336 296 328 826 35 335 19 329
28 513 137 816 619 33 0 786 167 120 48 50 427 759 209 288 384 214 311 474 315 446 149 386 638 618 832 585 164 629 321 878 794 750 382 762 653 251 565 180 570 734 384 235 840 56 528 711 28 599 180 358 647 481 656 50 241 421 413 52 227 198 645 755 734 708 470 775 327 103 323 310 302 817 52 356 38 297
796 1189 677 1574 223 808 786 0 823 790 746 797 535 1538 673 843 493 606 1050 445 1006 515 862 977 1220 708 377 209 920 1216 1085 1641 1471 1152 864 136 1385 545 1106 606 1278 160 674 954 95 764 290 1037 796 1385 959 428 1321 726 1072 786 633 1204 1163 740 860 644 932 1242 265 1476 734 802 938 691 974 741 487 382 787 1143 795 708
193 636 278 750 626 190 167 823 0 52 202 215 562 790 153 454 503 218 228 436 451 577 55 543 485 496 792 615 290 772 407 927 903 582 548 826 563 348 403 266 463 803 541 370 892 221 604 547 193 609 186 420 523 351 488 218 196 458 340 202 61 179 487 910 823 655 632 645 484 235 174 475 345 922 219 377 204 181
147 611 225 784 600 147 120 790 52 0 151 170 510 797 134 408 453 184 261 422 420 526 71 503 537 515 781 582 260 739 392 929 884 631 502 787 603 299 455 218 506 762 489 339 855 172 562 591 148 621 187 379 571 373 537 171 176 460 373 151 114 149 525 872 779 685 581 668 444 183 225 424 307 875 172 382 158 192
50 521 89 864 586 62 48 746 202 151 0 54 379 794 210 265 335 196 359 454 321 398 192 376 681 622 809 548 185 626 349 908 807 782 356 718 701 206 604 140 618 689 341 245 798 29 484 738 49 639 227 318 694 490 687 45 235 458 461 6 264 190 666 743 687 754 430 781 317 56 366 273 268 769 46 397 49 307
22 470 126 827 640 27 50 797 215 170 54 0 405 741 254 238 370 249 336 508 271 426 191 337 678 665 864 600 130 581 294 854 754 797 333 764 672 253 609 193 596 735 348 192 846 33 530 761 22 590 192 369 677 529 704 11 284 407 432 60 274 239 695 705 728 716 430 823 277 105 364 268 321 804 10 349 11 345
419 675 291 1230 492 430 427 535 562 510 379 405 0 1078 478 333 82 402 738 520 515 23 567 456 1046 806 772 413 486 683 632 1156 946 1103 334 447 1078 230 957 303 998 412 140 486 545 377 252 1030 418 959 598 261 1074 721 1007 395 467 773 837 376 622 436 939 709 365 1116 206 959 428 331 735 222 314 410 395 735 410 577
744 467 860 456 1378 733 759 1538 790 797 794 741 1078 0 931 750 1076 966 602 1218 564 1102 736 660 847 1262 1578 1342 618 601 453 160 421 1107 788 1494 529 992 888 934 599 1463 958 594 1582 774 1262 1160 745 192 609 1111 684 1116 1054 752 973 338 525 800 794 940 1159 769 1438 378 974 1389 664 847 744 860 1061 1486 751 414 745 969
236 722 240 902 473 242 209 673 153 134 210 254 478 931 0 470 406 81 381 287 524 489 200 586 588 412 646 464 372 835 519 1062 1002 624 557 684 712 248 488 178 606 662 495 444 744 239 470 558 236 755 321 287 657 282 529 249 42 594 493 205 187 42 475 953 692 808 594 571 527 204 305 455 208 801 251 517 244 105
261 346 241 957 741 263 288 843 454 408 265 238 333 750 470 0 351 436 534 670 185 357 426 138 901 880 1000 678 220 394 321 823 628 1036 95 772 836 338 842 334 782 739 208 179 868 239 552 1000 261 648 381 454 874 753 943 237 489 467 606 268 512 443 931 485 698 838 242 1040 96 268 593 111 447 736 236 450 250 571
380 698 247 1198 424 392 384 493 503 453 335 370 82 1076 406 351 0 328 693 438 523 85 514 484 984 723 701 348 468 725 624 1165 977 1029 373 422 1037 159 891 238 951 390 191 482 516 339 202 953 380 946 561 178 1022 640 934 359 392 759 797 331 561 364 860 768 363 1086 276 876 447 282 678 247 232 434 359 713 373 502
236 718 194 967 417 245 214 606 218 184 196 249 402 966 81 436 328 0 444 260 517 411 255 562 669 447 618 398 377 816 536 1090 1003 701 515 609 782 171 570 112 679 586 432 441 673 224 391 629 236 797 362 207 734 333 606 241 65 627 556 190 262 40 540 921 613 869 532 607 504 169 381 403 129 719 242 555 241 174
320 581 448 523 854 310 311 1050 228 261 359 336 738 602 381 534 693 444 0 659 445 757 190 570 380 660 1008 842 316 744 330 752 802 576 625 1048 344 551 353 471 259 1023 683 382 1117 361 821 592 320 411 152 639 343 515 499 345 423 304 112 362 206 407 570 910 1035 426 758 788 521 411 144 596 568 1125 345 222 329 385
496 974 433 1170 222 505 474 445 436 422 454 508 520 1218 287 670 438 260 659 0 774 517 486 804 777 307 360 256 637 1062 795 1346 1261 714 737 502 971 341 662 338 858 493 606 700 532 482 364 606 496 1043 608 259 890 284 630 500 245 880 769 449 454 279 502 1150 561 1083 703 447 749 419 557 612 228 691 501 804 500 281
288 200 348 797 881 282 315 1006 451 420 321 271 515 564 524 185 523 517 445 774 0 539 406 133 826 932 1123 828 160 320 153 642 487 1001 236 946 700 473 788 441 666 913 393 81 1039 292 719 989 288 469 310 595 764 792 914 277 555 296 488 326 497 510 936 469 879 677 417 1088 106 355 544 295 568 921 275 299 280 609
438 698 309 1251 480 450 446 515 577 526 398 426 23 1102 489 357 85 411 757 517 539 0 584 479 1061 807 760 399 509 705 656 1180 969 1113 356 424 1098 241 971 316 1017 390 162 510 523 397 235 1038 438 982 619 260 1091 726 1017 415 476 796 857 395 637 447 945 728 341 1138 222 959 451 348 751 246 317 387 415 757 431 586
169 587 276 713 670 164 149 862 55 71 192 191 567 736 200 426 514 255 190 486 406 584 0 504 489 550 843 653 246 726 353 873 850 610 521 858 533 365 418 284 439 833 533 326 927 205 631 585 170 557 131 449 508 404 519 196 242 403 302 194 91 219 530 870 847 614 619 698 447 236 174 459 378 941 197 323 181 236
358 219 372 926 880 356 386 977 543 503 376 337 456 660 586 138 484 562 570 804 133 479 504 0 950 999 1138 816 263 257 285 714 493 1112 130 901 833 476 905 466 798 867 319 189 998 347 687 1089 358 589 427 593 896 866 1022 339 610 424 620 380 595 564 1029 368 820 807 316 1158 59 392 657 237 583 845 337 432 348 682
657 952 762 532 999 650 638 1220 485 537 681 678 1046 847 588 901 984 669 380 777 826 1061 489 950 0 612 1055 1019 690 1121 705 1008 1144 268 996 1257 343 826 116 746 248 1239 1022 761 1303 694 1056 356 658 665 524 875 185 516 246 684 617 642 367 682 424 629 405 1289 1279 513 1108 671 899 720 315 947 796 1389 685 575 668 519
646 1126 641 1098 492 650 618 708 496 515 622 665 806 1262 412 880 723 447 660 307 932 807 550 999 612 0 454 550 775 1247 904 1409 1398 462 962 791 893 595 498 557 774 787 868 851 802 651 671 338 646 1071 680 548 770 147 400 661 390 944 750 618 474 436 236 1364 864 1038 969 160 939 611 520 850 493 995 663 861 654 323
853 1322 775 1503 279 863 832 377 792 781 809 864 772 1578 646 1000 701 618 1008 360 1123 760 843 1138 1055 454 0 363 994 1395 1154 1707 1611 915 1053 506 1299 662 939 682 1182 521 891 1052 465 836 535 788 853 1401 968 548 1197 541 854 855 605 1240 1115 803 802 639 690 1462 625 1425 976 487 1087 768 892 923 556 752 856 1164 857 622
597 1019 486 1365 85 609 585 209 615 582 548 600 413 1342 464 678 348 398 842 256 828 399 653 816 1019 550 363 0 727 1066 893 1452 1305 970 716 246 1176 355 906 407 1069 237 539 768 284 568 171 862 597 1184 754 233 1114 540 885 590 424 1006 955 542 651 435 757 1116 315 1268 619 670 771 495 766 587 282 448 590 941 597 503
141 351 242 750 770 132 164 920 290 260 185 130 486 618 372 220 468 377 316 637 160 509 246 263 690 775 994 727 0 481 166 725 630 849 310 878 618 374 642 321 562 848 396 80 965 160 645 830 141 477 166 494 654 633 759 139 406 291 385 191 337 363 776 624 831 634 455 929 209 232 393 299 451 895 138 249 137 452
601 174 629 974 1133 597 629 1216 772 739 626 581 683 601 835 394 725 816 744 1062 320 705 726 257 1121 1247 1395 1066 481 0 416 595 285 1314 352 1129 934 732 1096 723 929 1095 543 401 1228 597 927 1307 600 609 624 848 1031 1109 1230 585 862 504 762 631 818 816 1257 181 1034 861 502 1404 313 647 857 479 841 1037 584 552 592 926
302 251 408 644 935 291 321 1085 407 392 349 294 632 453 519 321 624 536 330 795 153 656 353 285 705 904 1154 893 166 416 0 559 496 904 386 1041 550 540 683 487 524 1009 524 146 1128 326 808 908 302 328 228 660 625 758 823 304 557 146 350 355 437 517 870 586 988 524 562 1052 257 398 452 424 616 1043 304 148 300 584
860 499 966 596 1494 849 878 1641 927 929 908 854 1156 160 1062 823 1165 1090 752 1346 642 1180 873 714 1008 1409 1707 1452 725 595 559 0 354 1267 845 1587 687 1097 1048 1047 760 1555 1028 687 1679 885 1358 1318 860 349 743 1218 843 1262 1213 864 1103 469 681 914 937 1067 1315 743 1521 531 1029 1540 730 957 895 934 1176 1557 863 551 858 1108
769 288 835 863 1364 761 794 1471 903 884 807 754 946 421 1002 628 977 1003 802 1261 487 969 850 493 1144 1398 1611 1305 630 285 496 354 0 1375 613 1393 884 955 1148 928 916 1359 807 561 1491 779 1180 1394 769 515 725 1077 1015 1254 1301 761 1036 504 778 812 934 993 1363 399 1306 766 780 1548 534 843 938 730 1055 1317 760 581 763 1077
775 1155 847 797 929 772 750 1152 582 631 782 797 1103 1107 624 1036 1029 701 576 714 1001 1113 610 1112 268 462 915 970 849 1314 904 1267 1375 0 1130 1216 612 872 226 802 513 1206 1112 927 1243 803 1050 128 775 920 692 884 452 429 95 800 637 871 601 781 523 666 225 1471 1265 781 1208 464 1056 805 457 1055 809 1388 802 794 786 526
355 349 321 1030 785 358 382 864 548 502 356 333 334 788 557 95 373 515 625 737 236 356 521 130 996 962 1053 716 310 352 386 845 613 1130 0 781 919 397 937 408 870 747 194 257 879 331 575 1093 355 706 474 505 964 839 1037 331 572 532 693 358 607 527 1023 413 694 910 186 1123 130 353 688 130 509 714 329 525 344 660
767 1118 639 1570 300 780 762 136 826 787 718 764 447 1494 684 772 422 609 1048 502 946 424 858 901 1257 791 506 246 878 1129 1041 1587 1393 1216 781 0 1390 511 1146 583 1289 34 587 902 100 731 234 1108 767 1354 940 408 1341 786 1131 753 647 1169 1159 712 870 649 1003 1140 130 1466 634 901 868 661 989 665 480 246 753 1114 764 737
659 759 790 205 1180 648 653 1385 563 603 701 672 1078 529 712 836 1037 782 344 971 700 1098 533 833 343 893 1299 1176 618 934 550 687 884 612 919 1390 0 895 421 816 118 1366 1010 662 1455 700 1165 693 659 370 479 982 161 766 581 682 752 430 240 705 525 743 723 1114 1380 169 1074 983 798 755 414 916 909 1469 682 401 667 690
256 667 132 1066 408 268 251 545 348 299 206 253 230 992 248 338 159 171 551 341 473 241 365 476 826 595 662 355 374 732 540 1097 955 872 397 511 895 0 732 81 804 483 273 412 593 220 277 800 256 844 431 122 870 496 777 242 236 661 658 201 404 205 710 810 485 959 373 753 425 150 522 270 112 576 243 603 253 346
588 934 680 621 884 582 565 1106 403 455 604 609 957 888 488 842 891 570 353 662 788 971 418 905 116 498 939 906 642 1096 683 1048 1148 226 937 1146 421 732 0 654 309 1130 945 717 1190 621 951 275 588 699 479 772 277 399 166 614 513 644 375 605 341 530 304 1257 1173 584 1035 567 851 638 249 876 693 1287 615 568 599 411
190 640 94 989 448 202 180 606 266 218 140 193 303 934 178 334 238 112 471 338 441 316 284 466 746 557 682 407 321 723 487 1047 928 802 408 583 816 81 654 0 723 556 320 371 660 161 352 736 190 779 357 178 789 445 706 183 176 599 580 134 323 137 651 818 564 883 420 717 411 89 441 292 129 657 183 536 189 281
580 755 707 324 1070 570 570 1278 463 506 618 596 998 599 606 782 951 679 259 858 666 1017 439 798 248 774 1182 1069 562 929 524 760 916 513 870 1289 118 804 309 723 0 1266 941 616 1351 621 1067 584 580 421 408 883 102 648 473 605 645 429 178 621 419 640 608 1106 1285 274 1013 866 756 669 304 852 808 1380 605 378 589 577
739 1085 610 1544 300 751 734 160 803 762 689 735 412 1463 662 739 390 586 1023 493 913 390 833 867 1239 787 521 237 848 1095 1009 1555 1359 1206 747 34 1366 483 1130 556 1266 0 552 870 134 702 205 1099 738 1324 913 383 1320 776 1119 724 627 1139 1134 684 848 626 995 1105 105 1440 600 901 835 633 967 631 457 230 724 1085 735 720
367 539 265 1147 615 376 384 674 541 489 341 348 140 958 495 208 191 432 683 606 393 162 533 319 1022 868 891 539 396 543 524 1028 807 1112 194 587 1010 273 945 320 941 552 0 378 685 328 387 1054 366 853 533 352 1025 764 1017 341 496 669 771 340 603 457 970 576 500 1029 100 1026 297 307 707 99 381 529 340 642 357 600
208 278 283 777 817 202 235 954 370 339 245 192 486 594 444 179 482 441 382 700 81 510 326 189 761 851 1052 768 80 401 146 687 561 927 257 902 662 412 717 371 616 870 378 0 992 217 671 910 208 474 238 535 712 711 838 200 476 290 438 250 418 432 856 545 844 658 422 1007 140 283 470 278 501 897 198 270 202 528
848 1214 723 1640 314 860 840 95 892 855 798 846 545 1582 744 868 516 673 1117 532 1039 523 927 998 1303 802 465 284 965 1228 1128 1679 1491 1243 879 100 1455 593 1190 660 1351 134 685 992 0 813 320 1129 848 1437 1017 482 1398 815 1162 835 705 1253 1229 792 932 712 1024 1240 221 1539 734 897 964 742 1048 761 549 316 836 1195 845 787
41 493 93 858 609 52 56 764 221 172 29 33 377 774 239 239 339 224 361 482 292 397 205 347 694 651 836 568 160 597 326 885 779 803 331 731 700 220 621 161 621 702 328 217 813 0 497 762 41 623 222 336 700 518 709 22 265 440 460 34 282 219 692 715 696 747 414 810 288 72 379 254 290 773 22 383 34 335
533 899 405 1341 257 546 528 290 604 562 484 530 252 1262 470 552 202 391 821 364 719 235 631 687 1056 671 535 171 645 927 808 1358 1180 1050 575 234 1165 277 951 352 1067 205 387 671 320 497 0 954 533 1119 708 184 1125 628 959 519 439 935 931 478 653 432 853 961 222 1235 457 807 648 427 773 450 262 338 519 880 530 540
739 1157 793 888 816 737 711 1037 547 591 738 761 1030 1160 558 1000 953 629 592 606 989 1038 585 1089 356 338 788 862 830 1307 908 1318 1394 128 1093 1108 693 800 275 736 584 1099 1054 910 1129 762 954 0 739 969 685 797 540 326 111 762 563 895 639 736 493 598 105 1455 1164 858 1152 336 1031 753 457 1006 725 1291 764 814 750 454
0 486 132 818 634 12 28 796 193 148 49 22 418 745 236 261 380 236 320 496 288 438 170 358 658 646 853 597 141 600 302 860 769 775 355 767 659 256 588 190 580 738 366 208 848 41 533 739 0 589 181 368 660 509 682 26 267 408 419 55 252 224 673 727 735 708 450 803 298 105 343 289 316 814 27 347 10 325
589 443 714 365 1214 577 599 1385 609 621 639 590 959 192 755 648 946 797 411 1043 469 982 557 589 665 1071 1401 1184 477 609 328 349 515 920 706 1354 370 844 699 779 421 1324 853 474 1437 623 1119 969 589 0 436 957 513 927 864 601 798 186 332 645 608 768 966 789 1309 256 887 1197 576 694 553 753 901 1370 600 243 591 785
181 472 314 637 779 169 180 959 186 187 227 192 598 609 321 381 561 362 152 608 310 619 131 427 524 680 968 754 166 624 228 743 725 692 474 940 479 431 479 357 408 913 533 238 1017 222 708 685 181 436 0 534 495 533 606 203 363 274 239 231 209 332 642 779 914 528 606 825 375 283 234 444 471 995 203 195 188 367
368 789 252 1161 287 380 358 428 420 379 318 369 261 1111 287 454 178 207 639 259 595 260 449 593 875 548 548 233 494 848 660 1218 1077 884 505 408 982 122 772 178 883 383 352 535 482 336 184 797 368 957 534 0 941 476 791 358 258 777 750 312 468 248 700 915 405 1058 446 699 545 264 588 375 78 514 359 715 367 364
660 858 782 347 1107 650 647 1321 523 571 694 677 1074 684 657 874 1022 734 343 890 764 1091 508 896 185 770 1197 1114 654 1031 625 843 1015 452 964 1341 161 870 277 789 102 1320 1025 712 1398 700 1125 540 660 513 495 941 0 656 429 686 693 531 276 697 472 693 581 1208 1346 331 1101 845 852 743 352 939 864 1446 686 480 670 613
509 984 520 972 502 512 481 726 351 373 490 529 721 1116 282 753 640 333 515 284 792 726 404 866 516 147 541 540 633 1109 758 1262 1254 429 839 786 766 496 399 445 648 776 764 711 815 518 628 326 509 927 533 476 656 0 346 526 270 797 609 486 327 313 225 1234 838 904 865 295 806 486 378 734 409 964 528 714 518 183
681 1074 752 776 848 679 656 1072 488 537 687 704 1007 1054 529 943 934 606 499 630 914 1017 519 1022 246 400 854 885 759 1230 823 1213 1301 95 1037 1131 581 777 166 706 473 1119 1017 838 1162 709 959 111 682 864 606 791 429 346 0 707 542 799 536 687 430 571 170 1383 1176 747 1112 431 965 710 372 960 715 1298 708 720 693 432
26 477 114 838 630 35 50 786 218 171 45 11 395 752 249 237 359 241 345 500 277 415 196 339 684 661 855 590 139 585 304 864 761 800 331 753 682 242 614 183 605 724 341 200 835 22 519 762 26 601 203 358 686 526 707 0 278 418 441 51 278 233 695 707 717 727 423 819 279 94 370 262 311 794 1 360 16 343
267 754 251 943 431 274 241 633 196 176 235 284 467 973 42 489 392 65 423 245 555 476 242 610 617 390 605 424 406 862 557 1103 1036 637 572 647 752 236 513 176 645 627 496 476 705 265 439 563 267 798 363 258 693 270 542 278 0 635 535 231 227 46 475 974 661 850 596 550 551 220 342 464 179 773 279 559 274 110
408 330 530 502 1040 396 421 1204 458 460 458 407 773 338 594 467 759 627 304 880 296 796 403 424 642 944 1240 1006 291 504 146 469 504 871 532 1169 430 661 644 599 429 1139 669 290 1253 440 935 895 408 186 274 777 531 797 799 418 635 0 275 464 470 602 874 684 1123 382 708 1082 402 513 446 569 724 1184 418 84 409 639
418 590 550 411 966 407 413 1163 340 373 461 432 837 525 493 606 797 556 112 769 488 857 302 620 367 750 1115 955 385 762 350 681 778 601 693 1159 240 658 375 580 178 1134 771 438 1229 460 931 639 419 332 239 750 276 609 536 441 535 275 0 465 315 519 633 935 1143 314 839 868 578 515 230 680 680 1230 442 210 426 492
55 527 85 868 580 68 52 740 202 151 6 60 376 800 205 268 331 190 362 449 326 395 194 380 682 618 803 542 191 631 355 914 812 781 358 712 705 201 605 134 621 684 340 250 792 34 478 736 55 645 231 312 697 486 687 51 231 464 465 0 264 185 664 747 682 759 430 777 321 51 367 273 261 765 52 403 55 304
252 676 339 718 656 249 227 860 61 114 264 274 622 794 187 512 561 262 206 454 497 637 91 595 424 474 802 651 337 818 437 937 934 523 607 870 525 404 341 323 419 848 603 418 932 282 653 493 252 608 209 468 472 327 430 278 227 470 315 264 0 221 439 961 874 628 694 616 538 297 119 537 391 976 279 387 263 179
223 710 207 930 450 231 198 644 179 149 190 239 436 940 42 443 364 40 407 279 510 447 219 564 629 436 639 435 363 816 517 1067 993 666 527 649 743 205 530 137 640 626 457 432 712 219 432 598 224 768 332 248 693 313 571 233 46 602 519 185 221 0 513 928 653 833 556 596 505 174 341 420 170 760 234 527 230 144
673 1114 714 925 710 673 645 932 487 525 666 695 939 1159 475 931 860 540 570 502 936 945 530 1029 405 236 690 757 776 1257 870 1315 1363 225 1023 1003 723 710 304 651 608 995 970 856 1024 692 853 105 673 966 642 700 581 225 170 695 475 874 633 664 439 513 0 1397 1061 883 1070 265 970 676 427 929 630 1188 696 791 683 370
727 354 727 1155 1190 725 755 1242 910 872 743 705 709 769 953 485 768 921 910 1150 469 728 870 368 1289 1364 1462 1116 624 181 586 743 399 1471 413 1140 1114 810 1257 818 1106 1105 576 545 1240 715 961 1455 727 789 779 915 1208 1234 1383 707 974 684 935 747 961 928 1397 0 1031 1042 507 1524 428 753 1013 541 923 1010 706 727 717 1050
735 1039 602 1551 389 747 734 265 823 779 687 728 365 1438 692 698 363 613 1035 561 879 341 847 820 1279 864 625 315 831 1034 988 1521 1306 1265 694 130 1380 485 1173 564 1285 105 500 844 221 696 222 1164 735 1309 914 405 1346 838 1176 717 661 1123 1143 682 874 653 1061 1031 0 1442 533 986 793 631 993 588 484 133 717 1075 730 762
707 691 840 119 1281 695 708 1476 655 685 754 716 1116 378 808 838 1086 869 426 1083 677 1138 614 807 513 1038 1425 1268 634 861 524 531 766 781 910 1466 169 959 584 883 274 1440 1029 658 1539 747 1235 858 708 256 528 1058 331 904 747 727 850 382 314 759 628 833 883 1042 1442 0 1081 1138 782 811 533 931 990 1520 727 388 713 804
450 531 360 1199 698 457 470 734 632 581 430 430 206 974 594 242 276 532 758 703 417 222 619 316 1108 969 976 619 455 502 562 1029 780 1208 186 634 1074 373 1035 420 1013 600 100 422 734 414 457 1152 450 887 606 446 1101 865 1112 423 596 708 839 430 694 556 1070 507 533 1081 0 1127 312 402 793 161 480 537 422 692 439 700
803 1280 801 1186 601 807 775 802 645 668 781 823 959 1389 571 1040 876 607 788 447 1088 959 698 1158 671 160 487 670 929 1404 1052 1540 1548 464 1123 901 983 753 567 717 866 901 1026 1007 897 810 807 336 803 1197 825 699 845 295 431 819 550 1082 868 777 616 596 265 1524 986 1138 1127 0 1098 771 645 1010 649 1119 821 998 812 478
298 250 316 901 832 297 327 938 484 444 317 277 428 664 527 96 447 504 521 749 106 451 447 59 899 939 1087 771 209 313 257 730 534 1056 130 868 798 425 851 411 756 835 297 140 964 288 648 1031 298 576 375 545 852 806 965 279 551 402 578 321 538 505 970 428 793 782 312 1098 0 335 602 205 530 827 278 400 288 622
106 555 42 920 537 118 103 691 235 183 56 105 331 847 204 268 282 169 411 419 355 348 236 392 720 611 768 495 232 647 398 957 843 805 353 661 755 150 638 89 669 633 307 283 742 72 427 753 105 694 283 264 743 486 710 94 220 513 515 51 297 174 676 753 631 811 402 771 335 0 406 253 218 714 95 453 103 308
343 702 448 613 766 336 323 974 174 225 366 364 735 744 305 593 678 381 144 557 544 751 174 657 315 520 892 766 393 857 452 895 938 457 688 989 414 522 249 441 304 967 707 470 1048 379 773 457 343 553 234 588 352 378 372 370 342 446 230 367 119 341 427 1013 993 533 793 645 602 406 0 633 511 1095 371 363 354 275
289 453 215 1049 655 296 310 741 475 424 273 268 222 860 455 111 247 403 596 612 295 246 459 237 947 850 923 587 299 479 424 934 730 1055 130 665 916 270 876 292 852 631 99 278 761 254 450 1006 289 753 444 375 939 734 960 262 464 569 680 273 537 420 929 541 588 931 161 1010 205 253 633 0 383 625 261 543 278 560
316 766 219 1091 318 328 302 487 345 307 268 321 314 1061 208 447 232 129 568 228 568 317 378 583 796 493 556 282 451 841 616 1176 1055 809 509 480 909 112 693 129 808 457 381 501 549 290 262 725 316 901 471 78 864 409 715 311 179 724 680 261 391 170 630 923 484 990 480 649 530 218 511 383 0 593 312 658 317 286
814 1064 681 1632 522 826 817 382 922 875 769 804 410 1486 801 736 434 719 1125 691 921 387 941 845 1389 995 752 448 895 1037 1043 1557 1317 1388 714 246 1469 576 1287 657 1380 230 529 897 316 773 338 1291 814 1370 995 514 1446 964 1298 794 773 1184 1230 765 976 760 1188 1010 133 1520 537 1119 827 714 1095 625 593 0 793 1144 808 877
27 476 115 838 631 35 52 787 219 172 46 10 395 751 251 236 359 242 345 501 275 415 197 337 685 663 856 590 138 584 304 863 760 802 329 753 682 243 615 183 605 724 340 198 836 22 519 764 27 600 203 359 686 528 708 1 279 418 442 52 279 234 696 706 717 727 422 821 278 95 371 261 312 793 0 360 16 344
347 380 475 507 971 335 356 1143 377 382 397 349 735 414 517 450 713 555 222 804 299 757 323 432 575 861 1164 941 249 552 148 551 581 794 525 1114 401 603 568 536 378 1085 642 270 1195 383 880 814 347 243 195 715 480 714 720 360 559 84 210 403 387 527 791 727 1075 388 692 998 400 453 363 543 658 1144 360 0 350 557
11 480 127 824 636 19 38 795 204 158 49 11 410 745 244 250 373 241 329 500 280 431 181 348 668 654 857 597 137 592 300 858 763 786 344 764 667 253 599 189 589 735 357 202 845 34 530 750 10 591 188 367 670 518 693 16 274 409 426 55 263 230 683 717 730 713 439 812 288 103 354 278 317 808 16 350 0 334
325 803 345 889 494 329 297 708 181 192 307 345 577 969 105 571 502 174 385 281 609 586 236 682 519 323 622 503 452 926 584 1108 1077 526 660 737 690 346 411 281 577 720 600 528 787 335 540 454 325 785 367 364 613 183 432 343 110 639 492 304 179 144 370 1050 762 804 700 478 622 308 275 560 286 877 344 557 334 0
