0 757 1666 996 1154 1106 561 1085 580 677 1388 295 1354 676 1266 905
757 0 2393 1753 1665 1372 1293 1495 524 1143 656 563 1583 1426 1911 1658
1666 2393 0 787 1085 1605 1106 2031 2209 1388 2952 1833 1696 1000 1496 966
996 1753 787 0 1064 1432 514 1258 1477 1028 2373 1233 1621 352 832 183
1154 1665 1085 1064 0 527 787 2054 1718 524 2082 1140 617 866 1853 1175
1106 1372 1605 1432 527 0 1001 2158 1579 469 1662 958 247 1140 2122 1493
561 1293 1106 514 787 1001 0 1268 1122 550 1885 745 1223 163 1121 512
1085 1495 2031 1258 2054 2158 1268 0 974 1695 2118 1342 2403 1225 694 1075
580 524 2209 1477 1718 1579 1122 974 0 1213 1147 621 1819 1208 1452 1343
677 1143 1388 1028 524 469 550 1695 1213 0 1601 617 709 702 1662 1058
1388 656 2952 2373 2082 1662 1885 2118 1147 1601 0 1141 1811 2032 2567 2294
295 563 1833 1233 1140 958 745 1342 621 617 1141 0 1199 890 1561 1167
1354 1583 1696 1621 617 247 1223 2403 1819 709 1811 1199 0 1352 2344 1698
676 1426 1000 352 866 1140 163 1225 1208 702 2032 890 1352 0 997 356
1266 1911 1496 832 1853 2122 1121 694 1452 1662 2567 1561 2344 997 0 683
905 1658 966 183 1175 1493 512 1075 1343 1058 2294 1167 1698 356 683 0
