0 1646 268 584 1641 1725 708 1279 886 526 760 1131 1636 975 1503 756 915
1646 0 1540 1222 1806 3371 1085 2584 1806 2003 2119 2762 2934 2609 387 2398 1927
268 1540 0 364 1374 1870 505 1546 648 792 650 1318 1902 1080 1343 887 1164
584 1222 364 0 1177 2231 144 1838 673 1097 898 1682 2201 1436 990 1249 1361
1641 1806 1374 1177 0 2837 1160 2909 850 2158 1319 2476 3255 2076 1420 1992 2520
1725 3371 1870 2231 2837 0 2374 1439 2022 1462 1533 648 1469 804 3211 983 1885
708 1085 505 144 1160 2374 0 1937 766 1207 1034 1819 2301 1581 846 1392 1426
1279 2584 1546 1838 2909 1439 1937 0 2099 753 1764 916 365 1281 2588 1156 675
886 1806 648 673 850 2022 766 2099 0 1363 488 1626 2433 1238 1494 1142 1801
526 2003 792 1097 2158 1462 1207 753 1363 0 1091 814 1110 891 1933 676 554
760 2119 650 898 1319 1533 1034 1764 488 1091 0 1168 2070 756 1858 692 1611
1131 2762 1318 1682 2476 648 1819 916 1626 814 1168 0 1080 456 2634 484 1252
1636 2934 1902 2201 3255 1469 2301 365 2433 1110 2070 1080 0 1504 2949 1421 1009
975 2609 1080 1436 2076 804 1581 1281 1238 891 756 456 1504 0 2424 228 1429
1503 387 1343 990 1420 3211 846 2588 1494 1933 1858 2634 2949 2424 0 2228 1967
756 2398 887 1249 1992 983 1392 1156 1142 676 692 484 1421 228 2228 0 1224
915 1927 1164 1361 2520 1885 1426 675 1801 554 1611 1252 1009 1429 1967 1224 0
