0 93 454 228 447 626 634 413 17 623 687 562 314 309 395 537 611 225 234 782 767 127 717 88 681 657 332 200 540 822 627 150 15 792 212 452 67 172 521 403 391 594 94 437 297 683 631 837 854 39 369 247 243 678 225 321 197 573 800 152 803 551 672 356 788 717 390 754 94 287 398 839 107 686 184 318 430 456 75 464 609 463 380 314 181 637 484 719 448 434 264 656 211 817 403 638 342 744 108 575 803 113 146 60 713 424 192 452 121 235 154 843 743 505 373 666
93 0 361 206 496 708 573 493 80 631 768 568 356 403 319 565 688 211 175 797 674 198 642 166 593 750 413 230 599 733 560 162 104 803 277 384 56 182 600 316 299 661 187 356 356 669 665 930 947 114 324 335 246 770 315 414 281 562 892 133 895 601 747 412 698 639 483 847 5 330 406 879 197 690 265 385 438 399 141 371 559 475 433 224 108 716 409 805 540 404 265 744 240 838 486 568 393 829 126 613 890 206 91 42 644 484 99 405 67 229 202 797 792 455 289 729
454 361 0 434 792 1026 500 841 442 811 1115 679 608 763 280 744 993 453 342 901 315 530 379 523 330 1107 764 535 859 444 458 435 466 891 615 351 398 441 912 186 138 937 548 254 644 689 845 1290 1308 474 423 679 454 1116 665 775 622 698 1254 416 1256 889 1082 684 349 451 844 1202 361 591 564 1060 558 854 619 686 585 323 482 86 454 623 741 181 293 1058 315 1157 902 440 511 1100 502 962 816 355 659 1154 431 875 1221 566 362 401 519 799 262 370 350 427 506 758 1067 386 222 990
228 206 434 0 358 826 424 441 212 430 703 773 542 452 236 762 821 20 91 1000 710 354 782 212 545 794 377 122 766 685 427 361 223 1007 225 262 250 382 730 295 314 816 272 290 525 874 858 954 954 204 148 448 450 843 419 444 408 356 889 77 885 455 658 584 782 540 505 895 200 515 610 1068 258 487 263 542 642 581 304 400 745 678 310 253 297 642 312 756 554 606 78 709 434 1039 605 725 570 935 321 446 986 302 118 189 511 370 231 596 272 434 382 617 636 643 251 890
447 496 792 358 0 793 650 216 444 300 387 983 702 401 572 926 818 338 450 1184 1063 516 1129 363 866 631 229 268 846 998 677 593 432 1201 240 562 509 613 735 647 671 862 401 625 651 1122 1003 738 714 408 426 503 683 723 471 365 503 355 637 385 627 104 320 704 1141 815 380 726 493 678 824 1182 372 359 292 640 855 895 499 757 1053 883 68 611 605 321 624 455 396 882 282 433 634 1205 615 1062 705 864 554 142 889 417 445 457 747 65 566 897 556 680 568 727 296 949 602 941
626 708 1026 826 793 0 1250 587 643 1085 678 596 435 402 1021 465 67 814 858 651 1335 510 1138 614 1300 303 566 731 255 1438 1248 591 622 685 644 1075 654 585 114 1024 1002 184 555 1063 383 768 452 453 518 633 974 380 583 198 408 432 429 1096 527 762 546 854 743 355 1300 1343 414 322 711 445 552 508 568 1147 582 339 557 845 566 1062 912 544 743 929 737 685 1110 639 413 723 821 572 525 625 223 1038 383 129 602 926 204 526 771 686 1334 730 795 803 688 609 522 1431 992 845 997 228
634 573 500 424 650 1250 0 816 617 479 1037 1105 928 874 268 1128 1243 438 401 1337 586 761 864 636 306 1206 771 532 1171 396 51 731 634 1335 633 190 629 749 1152 332 384 1229 695 259 928 1158 1230 1353 1342 620 277 871 802 1264 842 861 827 350 1270 489 1263 705 968 984 738 185 916 1308 568 903 956 1447 682 490 683 952 984 801 706 415 949 1024 640 413 608 972 192 1104 960 887 445 1073 812 1388 1028 854 966 1360 699 647 1410 724 490 580 97 696 523 839 622 779 775 258 822 868 322 1299
413 493 841 441 216 587 816 0 418 516 275 868 580 223 677 788 618 421 523 1046 1140 427 1131 327 986 417 81 319 674 1125 834 530 398 1068 226 691 480 546 542 733 742 676 331 731 516 1024 851 539 526 381 557 356 607 507 331 182 378 560 454 429 449 266 262 561 1187 964 174 514 491 560 721 1011 309 575 228 493 749 863 434 827 1007 770 186 671 594 224 748 317 181 817 385 267 545 1056 431 1050 569 651 498 340 673 332 479 450 912 150 584 852 535 613 482 927 421 907 690 754
17 80 442 212 444 643 617 418 0 613 693 573 329 323 377 551 629 210 217 795 754 144 712 91 664 671 337 191 557 805 609 159 24 804 211 434 65 181 539 387 375 612 107 420 314 691 646 850 866 38 352 264 252 694 242 333 214 560 812 135 814 548 676 372 778 700 402 769 80 302 409 855 116 675 189 335 441 455 91 449 610 475 378 299 175 642 467 727 460 439 251 665 224 830 420 634 358 761 117 569 820 128 128 44 695 423 179 454 117 243 169 827 740 506 356 683
623 631 811 430 300 1085 479 516 613 0 642 1186 926 684 537 1153 1103 420 501 1404 1014 729 1185 561 763 931 519 425 1108 872 523 772 612 1416 467 485 667 794 1017 631 673 1136 617 578 888 1299 1241 1029 997 587 387 760 865 1024 727 652 745 131 919 498 906 290 557 946 1133 664 677 1025 626 899 1022 1436 591 64 531 889 1054 1010 694 748 1173 1087 342 641 727 580 545 718 696 1035 366 712 834 1435 892 1139 941 1162 730 210 1189 642 548 605 567 365 659 1026 698 853 772 465 350 1073 590 1214
687 768 1115 703 387 678 1037 275 693 642 0 1094 812 442 935 996 730 682 789 1245 1410 686 1404 602 1239 402 355 585 842 1375 1063 795 672 1271 499 938 754 809 678 998 1012 819 601 989 742 1260 1041 418 369 655 801 585 865 523 569 406 622 730 291 700 273 353 93 775 1462 1200 354 463 766 796 961 1165 581 686 503 708 986 1131 701 1097 1270 1001 403 942 868 65 998 77 310 1074 638 110 798 1243 602 1322 790 691 767 432 682 598 753 726 1134 344 860 1117 808 874 740 1100 380 1171 954 888
562 568 679 773 983 596 1105 868 573 1186 1094 0 287 655 836 133 533 776 737 231 923 467 612 630 1009 843 797 762 342 1121 1079 414 573 234 746 916 523 392 504 783 738 424 584 851 353 175 196 1026 1079 598 888 514 323 777 537 695 491 1129 1063 697 1077 1082 1118 319 826 1114 740 899 574 309 164 389 612 1248 691 386 132 374 494 752 357 100 915 693 501 1068 917 1091 785 241 823 1017 353 285 510 516 304 713 456 1121 791 566 660 586 1156 943 586 322 504 339 417 1349 1269 335 784 430
314 356 608 542 702 435 928 580 329 926 812 287 0 371 668 227 392 539 531 483 908 196 708 364 909 609 509 502 254 1040 913 198 321 499 469 739 300 182 321 644 611 329 309 698 73 447 317 799 841 344 676 228 153 571 249 409 204 885 814 464 825 799 833 80 865 980 458 683 361 26 151 526 337 989 411 117 173 412 238 657 501 189 635 546 338 783 757 816 507 300 576 742 117 509 266 609 52 565 229 842 638 288 443 356 997 659 414 374 308 181 160 1151 983 420 629 386
309 403 763 452 401 402 874 223 323 684 442 655 371 0 674 568 419 437 506 824 1077 259 995 255 977 350 173 342 452 1118 880 373 299 847 246 713 367 383 334 703 696 461 216 724 301 818 627 527 545 295 597 142 430 390 127 41 182 694 495 403 500 478 463 341 1091 990 92 449 404 354 519 789 212 748 191 272 544 708 291 772 836 560 345 620 480 412 759 452 149 637 431 380 361 833 213 905 352 494 354 541 537 197 433 366 964 342 502 687 419 443 308 1035 644 741 667 539
395 319 280 236 572 1021 268 677 377 537 935 836 668 674 0 862 1005 256 168 1068 495 515 659 420 308 1022 614 359 917 449 245 470 398 1067 460 82 375 487 916 94 142 980 471 54 675 894 964 1188 1190 390 155 641 536 1061 617 672 592 419 1125 271 1122 658 885 729 597 322 735 1123 315 644 688 1181 466 577 492 704 716 545 459 211 700 756 535 147 340 873 90 991 787 621 297 945 551 1119 797 628 709 1138 441 628 1195 498 249 335 328 596 257 579 360 512 521 517 821 612 61 1047
537 565 744 762 926 465 1128 788 551 1153 996 133 227 568 862 0 401 761 741 258 1012 424 728 592 1067 721 723 729 210 1188 1107 404 546 279 696 937 513 383 376 822 781 291 537 884 276 303 102 900 955 570 890 433 325 649 460 609 423 1111 944 684 959 1020 1029 227 930 1159 645 772 571 254 180 321 565 1217 636 295 159 466 463 809 479 123 859 726 521 976 947 987 686 327 801 913 328 281 399 629 221 580 442 1067 658 515 656 573 1189 880 604 415 508 349 383 1362 1201 440 815 300
611 688 993 821 818 67 1243 618 629 1103 730 533 392 419 1005 401 0 810 845 583 1298 490 1087 609 1277 366 588 733 190 1413 1238 561 610 618 652 1063 633 553 91 1002 978 116 548 1045 348 703 385 520 585 622 969 373 543 266 403 453 415 1107 592 753 611 884 791 312 1256 1327 444 389 692 405 499 445 564 1167 588 308 501 796 547 1034 856 486 764 906 708 732 1095 695 452 670 823 626 490 558 218 987 339 182 576 954 259 519 758 670 1324 756 771 753 663 570 495 1432 1031 793 978 164
225 211 453 20 338 814 438 421 210 420 682 776 539 437 256 761 810 0 111 1002 731 349 799 201 565 777 357 103 760 705 442 362 219 1010 206 279 253 384 719 316 334 808 262 310 520 881 856 936 935 198 161 437 453 827 407 427 399 352 869 79 866 436 638 579 802 557 487 878 206 512 613 1065 246 479 247 535 645 593 301 420 757 680 290 273 307 621 331 735 536 614 61 688 433 1040 593 740 566 922 321 429 971 292 127 190 526 350 245 607 278 438 379 624 619 655 272 883
234 175 342 91 450 858 401 523 217 501 789 737 531 506 168 741 845 111 0 967 621 360 695 252 473 854 454 204 770 614 392 337 235 971 299 217 231 357 755 210 223 828 304 217 527 823 840 1022 1026 225 151 477 418 893 451 504 430 411 963 103 961 547 748 584 690 488 568 955 170 505 578 1055 298 555 326 551 608 509 305 309 673 646 401 161 240 729 254 840 621 550 169 790 416 1011 634 641 567 973 302 535 1028 332 89 178 478 461 162 530 234 398 375 621 727 574 167 898
782 797 901 1000 1184 651 1337 1046 795 1404 1245 231 483 824 1068 258 583 1002 967 0 1122 676 773 844 1231 939 982 979 413 1338 1310 639 792 37 952 1148 749 617 590 1014 968 468 792 1082 535 249 206 1104 1166 817 1118 691 550 849 719 865 682 1354 1166 923 1183 1279 1282 485 1005 1342 899 973 802 508 390 241 820 1467 894 553 358 584 710 977 519 321 1117 925 732 1228 1148 1230 935 461 1046 1156 571 72 642 686 480 742 680 1325 816 771 888 811 1387 1139 817 533 733 569 632 1581 1460 532 1015 433
767 674 315 710 1063 1335 586 1140 754 1014 1410 923 908 1077 495 1012 1298 731 621 1122 0 845 398 833 285 1423 1067 824 1152 284 534 747 779 1104 914 530 713 750 1221 416 398 1234 861 445 951 883 1107 1605 1621 785 650 994 755 1431 981 1088 937 887 1565 711 1566 1152 1369 987 179 439 1157 1517 673 893 839 1312 869 1044 926 995 854 549 797 313 612 888 1020 469 608 1351 469 1458 1214 686 782 1404 809 1190 1129 452 960 1464 745 1123 1533 880 662 712 549 1081 575 601 665 728 819 810 1315 591 461 1281
127 198 530 354 516 510 761 427 144 729 686 467 196 259 515 424 490 349 360 676 845 0 735 167 789 582 348 306 413 928 752 114 130 690 278 577 143 124 402 513 492 468 116 554 170 607 513 770 797 151 496 148 180 585 140 286 91 690 752 279 758 616 689 229 842 837 351 674 201 169 308 717 144 793 225 191 338 449 56 556 584 367 448 418 237 646 606 705 408 390 381 636 120 706 290 646 217 633 101 654 696 100 271 181 837 479 285 431 181 187 55 970 805 485 487 539
717 642 379 782 1129 1138 864 1131 712 1185 1404 612 708 995 659 728 1087 799 695 773 398 735 0 803 620 1303 1049 861 911 671 817 621 732 749 919 730 650 613 1026 565 517 997 803 631 772 524 809 1494 1527 750 798 873 579 1278 873 1019 820 1075 1487 743 1494 1231 1388 785 242 771 1086 1385 644 704 588 990 823 1231 902 819 590 296 708 455 257 613 1070 543 537 1355 688 1433 1144 416 860 1367 649 845 969 100 758 1266 642 1229 1342 810 684 684 863 1123 563 334 595 560 689 1117 1417 293 600 1025
88 166 523 212 363 614 636 327 91 561 602 630 364 255 420 592 609 201 252 844 833 167 803 0 721 605 247 139 565 863 636 230 72 857 124 465 155 250 517 447 444 609 61 468 331 761 680 778 789 53 361 236 320 640 206 258 199 526 731 151 733 466 585 390 865 740 325 705 165 337 468 881 46 625 99 340 499 544 137 523 696 530 295 368 266 551 507 638 381 519 221 578 277 873 392 725 382 724 190 495 777 90 177 124 721 337 262 540 208 317 213 825 658 593 411 684
681 593 330 545 866 1300 306 986 664 763 1239 1009 909 977 308 1067 1277 565 473 1231 285 789 620 721 0 1326 923 668 1163 141 254 718 687 1222 769 304 646 729 1190 277 299 1235 766 256 932 1017 1169 1495 1498 684 439 928 760 1358 907 977 874 632 1434 575 1431 942 1184 980 451 156 1041 1426 590 888 886 1386 765 784 799 969 910 651 734 258 768 948 836 371 572 1176 242 1297 1094 770 602 1253 795 1293 1080 637 956 1423 700 899 1484 791 544 620 264 897 505 700 614 733 781 526 1087 712 310 1295
657 750 1107 794 631 303 1206 417 671 931 402 843 609 350 1022 721 366 777 854 939 1423 582 1303 605 1326 0 439 676 526 1468 1217 692 647 971 573 1056 709 695 349 1053 1046 475 565 1072 538 1018 734 191 235 645 933 435 723 121 443 350 492 977 227 751 245 660 482 542 1424 1334 290 101 751 605 755 811 562 988 531 491 769 1007 626 1121 1110 769 602 970 817 427 1105 350 247 909 761 292 654 920 343 1207 566 289 683 741 281 543 783 715 1299 566 849 976 758 743 620 1340 759 1026 1016 530
332 413 764 377 229 566 771 81 337 519 355 797 509 173 614 723 588 357 454 982 1067 348 1049 247 923 439 0 254 623 1063 786 450 317 1002 154 634 399 466 506 664 670 635 250 667 448 950 791 582 578 300 504 290 528 514 262 136 305 544 511 356 508 305 343 497 1109 910 159 539 411 488 647 960 227 582 148 429 675 782 353 754 927 698 177 598 513 305 688 393 191 737 330 337 467 996 387 969 502 644 417 367 675 251 404 370 866 169 506 771 454 533 403 902 478 826 622 713
200 230 535 122 268 731 532 319 191 425 585 762 502 342 359 729 733 103 204 979 824 306 861 139 668 676 254 0 702 808 540 351 188 991 103 382 252 372 642 413 426 742 199 412 470 883 819 833 832 163 257 364 444 731 332 329 335 387 766 119 763 372 547 529 885 659 386 778 226 475 598 1020 175 488 151 477 630 630 268 512 790 663 209 358 338 526 434 636 434 628 90 587 409 1011 515 793 521 834 309 382 880 226 178 194 623 265 297 635 294 435 347 699 562 686 370 819
540 599 859 766 846 255 1171 674 557 1108 842 342 254 452 917 210 190 760 770 413 1152 413 911 565 1163 526 623 702 0 1294 1159 449 543 444 641 984 542 435 177 897 866 86 503 950 243 513 207 698 757 562 909 348 405 444 381 492 367 1089 753 692 770 929 888 187 1094 1232 510 568 604 275 324 337 526 1173 577 225 321 628 466 911 673 301 784 799 592 832 1007 822 538 496 786 749 369 402 245 811 208 371 475 988 448 476 681 592 1244 791 666 581 558 433 396 1383 1096 617 880 131
822 733 444 685 998 1438 396 1125 805 872 1375 1121 1040 1118 449 1188 1413 705 614 1338 284 928 671 863 141 1468 1063 808 1294 0 349 853 828 1326 910 437 785 863 1328 418 436 1368 908 397 1067 1114 1289 1637 1639 826 574 1068 889 1500 1047 1118 1014 741 1574 717 1571 1070 1318 1113 464 213 1183 1568 730 1021 1008 1504 907 886 940 1105 1029 754 873 383 853 1067 972 509 706 1312 377 1435 1236 880 740 1392 928 1402 1219 708 1089 1562 837 1023 1624 932 686 761 325 1032 643 805 750 862 918 568 1207 809 451 1426
627 560 458 427 677 1248 51 834 609 523 1063 1079 913 880 245 1107 1238 442 392 1310 534 752 817 636 254 1217 786 540 1159 349 0 715 628 1307 643 175 617 732 1147 299 349 1220 693 228 916 1126 1209 1368 1360 616 283 868 782 1270 840 869 822 392 1289 486 1283 737 997 972 687 142 927 1318 555 888 932 1427 682 536 689 943 961 766 696 373 910 1000 663 385 586 998 161 1128 972 857 456 1095 796 1363 1025 810 953 1361 685 683 1413 721 481 570 85 720 503 805 605 758 762 301 862 832 294 1288
150 162 435 361 593 591 731 530 159 772 795 414 198 373 470 404 561 362 337 639 747 114 621 230 718 692 450 351 449 853 715 0 163 647 354 541 110 21 478 448 419 517 201 501 214 532 503 881 909 189 486 257 92 687 253 399 200 715 866 284 872 697 793 263 733 783 465 781 167 174 250 717 227 834 313 253 282 337 97 472 477 318 526 351 147 752 559 817 522 290 409 749 81 678 382 532 241 718 42 724 786 198 252 172 799 565 217 322 110 86 73 959 888 376 431 580
15 104 466 223 432 622 634 398 24 612 672 573 321 299 398 546 610 219 235 792 779 130 732 72 687 647 317 188 543 828 628 163 0 803 196 453 82 184 519 410 399 596 82 442 301 696 639 826 842 25 366 243 256 671 219 309 194 564 788 148 790 537 657 360 801 721 378 745 105 294 409 846 93 675 169 320 441 471 82 474 624 474 366 323 196 622 487 705 436 449 255 643 221 826 399 653 347 740 122 561 798 104 148 68 714 409 203 467 136 249 162 840 728 521 379 668
792 803 891 1007 1201 685 1335 1068 804 1416 1271 234 499 847 1067 279 618 1010 971 37 1104 690 749 857 1222 971 1002 991 444 1326 1307 647 803 0 967 1147 756 625 622 1010 963 501 806 1079 554 225 237 1137 1199 828 1122 712 557 882 739 888 700 1362 1198 930 1215 1297 1307 506 984 1336 923 1007 808 523 396 277 834 1479 910 575 364 572 722 969 498 329 1134 923 734 1253 1146 1258 961 454 1055 1184 581 103 670 664 500 778 688 1341 852 786 894 819 1383 1157 819 522 738 574 644 1581 1480 517 1013 469
212 277 615 225 240 644 633 226 211 467 499 746 469 246 460 696 652 206 299 952 914 278 919 124 769 573 154 103 641 910 643 354 196 967 0 485 277 374 562 509 516 672 162 513 424 882 778 730 729 173 359 294 443 631 261 228 279 455 664 203 662 342 471 481 963 762 283 675 274 444 585 969 133 531 64 422 616 667 259 601 821 645 172 445 383 443 537 543 330 644 188 491 395 977 435 844 478 741 315 375 783 181 253 234 725 212 362 664 328 441 329 789 534 717 467 750
452 384 351 262 562 1075 190 691 434 485 938 916 739 713 82 937 1063 279 217 1148 530 577 730 465 304 1056 634 382 984 437 175 541 453 1147 485 0 441 559 973 166 218 1044 520 98 741 976 1039 1215 1212 442 136 694 612 1103 668 706 648 361 1144 314 1140 639 881 796 650 277 767 1158 380 714 765 1256 511 519 525 767 794 626 521 275 781 834 534 229 417 874 62 998 816 703 306 957 622 1198 851 704 778 1189 510 600 1243 548 306 395 260 594 333 661 432 588 587 435 790 694 142 1113
67 56 398 250 509 654 629 480 65 667 754 523 300 367 375 513 633 253 231 749 713 143 650 155 646 709 399 252 542 785 617 110 82 756 277 441 0 131 545 369 349 604 156 412 299 633 611 893 912 103 377 286 199 723 269 382 230 605 861 174 864 613 739 355 725 695 451 805 61 274 360 825 173 728 252 329 391 389 88 416 544 427 443 275 115 705 466 785 509 376 301 722 186 789 434 570 336 777 71 633 839 170 143 62 701 489 143 388 54 186 145 851 805 441 344 672
172 182 441 382 613 585 749 546 181 794 809 392 182 383 487 383 553 384 357 617 750 124 613 250 729 695 466 372 435 863 732 21 184 625 374 559 131 0 471 462 431 505 219 516 205 511 483 885 915 210 506 261 71 687 260 410 206 736 873 305 880 716 809 250 731 798 475 783 187 159 229 698 245 856 331 245 261 325 115 481 461 296 546 364 157 767 575 829 532 272 430 761 65 657 379 522 227 713 63 745 782 214 273 193 815 584 232 308 126 67 76 978 908 362 446 567
521 600 912 730 735 114 1152 542 539 1017 678 504 321 334 916 376 91 719 755 590 1221 402 1026 517 1190 349 506 642 177 1328 1147 478 519 622 562 973 545 471 0 915 892 140 457 956 269 678 385 523 580 531 878 281 468 273 312 370 325 1018 575 662 592 806 732 242 1186 1238 369 395 603 330 444 487 473 1081 499 225 451 732 458 950 805 442 679 819 624 674 1006 652 385 613 732 580 411 576 127 927 269 244 490 874 317 428 667 580 1233 675 684 692 577 494 410 1341 960 735 889 214
403 316 186 295 647 1024 332 733 387 631 998 783 644 703 94 822 1002 316 210 1014 416 513 565 447 277 1053 664 413 897 418 299 448 410 1010 509 166 369 462 915 0 52 966 490 73 661 827 925 1225 1233 408 246 650 502 1082 629 705 597 514 1171 308 1170 738 954 712 506 337 771 1152 313 622 643 1143 490 671 531 695 670 468 457 118 618 709 605 97 306 938 140 1049 826 558 366 999 528 1069 803 537 689 1146 427 713 1206 514 270 343 373 665 232 507 341 476 508 589 906 536 45 1029
391 299 138 314 671 1002 384 742 375 673 1012 738 611 696 142 781 978 334 223 968 398 492 517 444 299 1046 670 426 866 436 349 419 399 963 516 218 349 431 892 52 0 937 481 125 633 777 884 1222 1233 400 285 634 465 1069 615 702 579 559 1173 313 1173 765 972 681 473 377 769 1144 297 590 602 1102 484 715 532 670 628 417 438 86 566 667 625 76 273 952 192 1060 825 510 388 1007 497 1024 783 486 658 1126 401 745 1189 504 268 331 421 684 207 456 314 439 482 641 938 484 83 998
594 661 937 816 862 184 1229 676 612 1136 819 424 329 461 980 291 116 808 828 468 1234 468 997 609 1235 475 635 742 86 1368 1220 517 596 501 672 1044 604 505 140 966 937 0 547 1015 305 591 268 636 699 612 962 379 482 381 412 500 409 1126 702 744 721 938 873 255 1178 1299 506 505 665 347 410 346 567 1200 608 276 407 713 523 985 759 387 803 868 663 815 1070 791 525 582 829 720 440 444 247 897 279 290 540 1002 367 518 739 649 1305 804 734 667 625 510 459 1433 1097 703 946 78
94 187 548 272 401 555 695 331 107 617 601 584 309 216 471 537 548 262 304 792 861 116 803 61 766 565 250 199 503 908 693 201 82 806 162 520 156 219 457 490 481 547 0 517 272 721 623 743 759 81 420 175 286 592 147 227 138 586 706 206 709 502 593 330 882 793 296 663 188 283 423 821 28 681 112 278 454 532 104 556 678 483 332 405 272 555 559 630 354 491 282 565 233 819 333 720 324 668 167 537 723 29 223 150 778 366 286 522 211 287 167 887 692 576 456 622
437 356 254 290 625 1063 259 731 420 578 989 851 698 724 54 884 1045 310 217 1082 445 554 631 468 256 1072 667 412 950 397 228 501 442 1079 513 98 412 516 956 73 125 1015 517 0 710 899 987 1239 1242 435 205 685 561 1109 661 722 634 457 1178 320 1175 710 939 763 555 283 786 1173 352 675 707 1205 513 615 543 741 735 542 498 177 692 774 589 158 364 927 67 1045 838 629 351 999 581 1136 840 608 741 1182 475 678 1240 543 294 376 305 650 284 579 391 536 555 516 870 609 69 1081
297 356 644 525 651 383 928 516 314 888 742 353 73 301 675 276 348 520 527 535 951 170 772 331 932 538 448 470 243 1067 916 214 301 554 424 741 299 205 269 661 633 305 272 710 0 518 354 728 769 321 666 160 200 506 185 341 147 857 741 449 752 744 764 59 919 993 387 614 361 67 224 549 297 952 363 47 246 475 223 686 572 259 584 564 361 714 765 743 435 370 550 670 142 554 197 674 54 513 234 792 584 246 437 348 1001 604 429 440 320 225 154 1141 925 489 641 372
683 669 689 874 1122 768 1158 1024 691 1299 1260 175 447 818 894 303 703 881 823 249 883 607 524 761 1017 1018 950 883 513 1114 1126 532 696 225 882 976 633 511 678 827 777 591 721 899 518 0 338 1201 1254 722 971 675 440 951 695 856 646 1230 1238 802 1252 1224 1279 489 758 1140 905 1074 674 465 302 477 749 1360 833 554 275 366 623 771 273 259 1054 747 582 1230 966 1260 953 274 933 1186 488 321 684 440 471 881 574 1256 959 708 756 695 1197 1087 662 321 602 448 554 1411 1413 305 836 588
631 665 845 858 1003 452 1230 851 646 1241 1041 196 317 627 964 102 385 856 840 206 1107 513 809 680 1169 734 791 819 207 1289 1209 503 639 237 778 1039 611 483 385 925 884 268 623 987 354 338 0 902 963 662 989 502 427 647 531 669 500 1203 960 780 977 1093 1081 298 1019 1261 698 772 670 344 282 218 650 1305 717 363 259 559 556 911 554 222 937 829 623 1026 1050 1024 732 421 894 951 425 205 438 712 300 554 540 1144 630 599 755 670 1291 953 707 507 609 451 477 1462 1269 527 917 251
837 930 1290 954 738 453 1353 539 850 1029 418 1026 799 527 1188 900 520 936 1022 1104 1605 770 1494 778 1495 191 582 833 698 1637 1368 881 826 1137 730 1215 893 885 523 1225 1222 636 743 1239 728 1201 902 0 75 822 1086 624 914 255 630 520 680 1093 133 919 155 742 511 731 1612 1492 453 131 931 796 944 952 738 1080 696 681 957 1198 812 1300 1300 956 724 1146 1003 466 1267 344 400 1099 912 322 845 1078 533 1399 755 389 871 825 342 724 956 894 1448 678 1030 1167 943 934 809 1464 798 1217 1187 679
854 947 1308 954 714 518 1342 526 866 997 369 1079 841 545 1190 955 585 935 1026 1166 1621 797 1527 789 1498 235 578 832 757 1639 1360 909 842 1199 729 1212 912 915 580 1233 1233 699 759 1242 769 1254 963 75 0 835 1081 654 949 319 656 532 709 1069 79 925 96 708 462 776 1636 1487 464 198 947 836 989 1021 751 1046 701 723 1004 1233 834 1312 1342 1005 706 1157 1025 423 1266 293 407 1140 907 285 879 1143 577 1434 800 461 896 790 416 742 965 908 1438 656 1046 1205 964 967 839 1441 748 1255 1193 745
39 114 474 204 408 633 620 381 38 587 655 598 344 295 390 570 622 198 225 817 785 151 750 53 684 645 300 163 562 826 616 189 25 828 173 442 103 210 531 408 400 612 81 435 321 722 662 822 835 0 349 252 281 674 226 303 207 541 780 131 781 512 638 380 813 712 371 744 113 317 435 868 84 650 152 337 467 493 106 477 647 499 341 324 213 605 479 691 428 473 231 630 246 850 409 672 369 748 147 536 804 108 141 73 701 386 211 490 155 274 186 821 704 544 375 685
369 324 423 148 426 974 277 557 352 387 801 888 676 597 155 890 969 161 151 1118 650 496 798 361 439 933 504 257 909 574 283 486 366 1122 359 136 377 506 878 246 285 962 420 205 666 971 989 1086 1081 349 0 596 569 987 567 586 555 278 1012 218 1007 506 745 724 752 406 643 1035 319 650 729 1202 406 432 406 686 760 646 443 364 807 797 398 257 390 738 197 862 689 697 174 822 564 1162 753 757 709 1083 449 473 1133 450 233 320 366 458 308 671 384 549 518 475 665 712 203 1035
247 335 679 448 503 380 871 356 264 760 585 514 228 142 641 433 373 437 477 691 994 148 873 236 928 435 290 364 348 1068 868 257 243 712 294 694 286 261 281 650 634 379 175 685 160 675 502 624 654 252 596 0 298 437 32 181 57 746 614 382 622 591 604 206 989 964 232 525 337 211 376 680 191 825 229 139 401 581 198 702 701 418 438 559 386 554 730 592 284 500 452 519 227 706 157 781 213 497 249 645 555 146 392 308 953 451 429 556 329 314 185 1060 769 608 621 457
243 246 454 450 683 583 802 607 252 865 865 323 153 430 536 325 543 453 418 550 755 180 579 320 760 723 528 444 405 889 782 92 256 557 443 612 199 71 468 502 465 482 286 561 200 440 427 914 949 281 569 298 0 703 303 461 248 805 912 373 920 786 869 231 719 840 523 806 251 138 160 645 313 926 398 246 192 284 184 506 406 229 615 405 196 826 623 881 578 209 500 811 70 593 392 484 205 712 134 815 784 277 337 262 864 652 279 258 184 27 125 1037 977 311 491 537
678 770 1116 843 723 198 1264 507 694 1024 523 777 571 390 1061 649 266 827 893 849 1431 585 1278 640 1358 121 514 731 444 1500 1270 687 671 882 631 1103 723 687 273 1082 1069 381 592 1109 506 951 647 255 319 674 987 437 703 0 454 403 494 1058 332 791 353 762 601 497 1418 1380 355 124 771 573 708 704 595 1083 581 458 719 982 635 1139 1069 713 686 993 823 544 1147 471 327 871 819 413 636 824 310 1180 523 168 686 842 168 567 815 739 1354 658 865 945 767 725 614 1415 872 992 1049 426
225 315 665 419 471 408 842 331 242 727 569 537 249 127 617 460 403 407 451 719 981 140 873 206 907 443 262 332 381 1047 840 253 219 739 261 668 269 260 312 629 615 412 147 661 185 695 531 630 656 226 567 32 303 454 0 162 54 713 613 354 620 561 584 234 982 939 220 536 317 230 394 712 161 792 196 168 420 584 183 685 709 439 407 539 374 535 705 579 275 509 420 508 234 735 185 782 239 521 240 614 578 119 367 286 926 421 411 561 315 317 184 1029 740 614 598 489
321 414 775 444 365 432 861 182 333 652 406 695 409 41 672 609 453 427 504 865 1088 286 1019 258 977 350 136 329 492 1118 869 399 309 888 228 706 382 410 370 705 702 500 227 722 341 856 669 520 532 303 586 181 461 403 162 0 215 667 478 401 482 438 423 382 1108 984 69 451 414 391 556 829 218 715 180 313 582 736 312 780 868 599 311 626 497 374 754 420 127 669 416 350 393 874 252 932 392 518 377 503 556 213 435 375 952 304 513 717 436 472 337 1014 603 771 668 578
197 281 622 408 503 429 827 378 214 745 622 491 204 182 592 423 415 399 430 682 937 91 820 199 874 492 305 335 367 1014 822 200 194 700 279 648 230 206 325 597 579 409 138 634 147 646 500 680 709 207 555 57 248 494 54 215 0 722 667 338 674 597 634 202 932 914 275 583 283 182 343 690 159 810 216 143 371 529 141 646 654 392 436 504 329 587 681 634 330 454 420 563 179 702 206 728 202 548 192 644 609 109 343 257 908 457 373 506 272 262 130 1024 780 559 569 484
573 562 698 356 355 1096 350 560 560 131 730 1129 885 694 419 1111 1107 352 411 1354 887 690 1075 526 632 977 544 387 1089 741 392 715 564 1362 455 361 605 736 1018 514 559 1126 586 457 857 1230 1203 1093 1069 541 278 746 805 1058 713 667 722 0 992 431 981 379 650 916 1011 534 704 1074 557 858 965 1407 563 158 519 865 997 920 647 630 1083 1033 375 536 649 665 418 803 732 959 309 786 784 1390 890 1036 907 1185 674 309 1220 613 473 543 440 415 574 942 629 790 727 372 474 985 476 1203
800 892 1254 889 637 527 1270 454 812 919 291 1063 814 495 1125 944 592 869 963 1166 1565 752 1487 731 1434 227 511 766 753 1574 1289 866 788 1198 664 1144 861 873 575 1171 1173 702 706 1178 741 1238 960 133 79 780 1012 614 912 332 613 478 667 992 0 863 23 629 384 753 1587 1418 409 225 892 806 963 1035 695 967 641 696 981 1195 786 1254 1310 985 632 1099 975 344 1199 214 351 1108 838 206 841 1147 554 1395 775 489 849 711 455 691 905 853 1366 580 991 1169 914 928 797 1364 670 1221 1131 756
152 133 416 77 385 762 489 429 135 498 700 697 464 403 271 684 753 79 103 923 711 279 743 151 575 751 356 119 692 717 486 284 148 930 203 314 174 305 662 308 313 744 206 320 449 802 780 919 925 131 218 382 373 791 354 401 338 431 863 0 862 488 665 508 766 588 466 852 127 437 534 990 197 557 223 468 566 523 227 398 685 601 328 242 233 642 356 746 519 537 132 693 356 962 539 678 494 875 243 491 928 235 59 111 572 385 180 533 200 359 304 691 675 583 268 816
803 895 1256 885 627 546 1263 449 814 906 273 1077 825 500 1122 959 611 866 961 1183 1566 758 1494 733 1431 245 508 763 770 1571 1283 872 790 1215 662 1140 864 880 592 1170 1173 721 709 1175 752 1252 977 155 96 781 1007 622 920 353 620 482 674 981 23 862 0 615 366 766 1590 1413 413 247 894 817 975 1055 697 953 641 708 993 1203 791 1255 1320 998 623 1099 979 328 1196 196 354 1118 834 194 850 1165 568 1402 788 511 855 697 478 695 905 855 1359 571 993 1178 918 936 804 1353 652 1230 1129 775
551 601 889 455 104 854 705 266 548 290 353 1082 799 478 658 1020 884 436 547 1279 1152 616 1231 466 942 660 305 372 929 1070 737 697 537 1297 342 639 613 716 806 738 765 938 502 710 744 1224 1093 742 708 512 506 591 786 762 561 438 597 379 629 488 615 0 271 796 1236 879 440 748 597 775 925 1266 474 338 391 730 955 1000 601 850 1158 982 171 708 709 290 702 428 443 986 377 423 735 1297 691 1165 799 913 657 83 930 516 547 562 801 140 669 1002 661 783 669 747 191 1054 692 1016
672 747 1082 658 320 743 968 262 676 557 93 1118 833 463 885 1029 791 638 748 1282 1369 689 1388 585 1184 482 343 547 888 1318 997 793 657 1307 471 881 739 809 732 954 972 873 593 939 764 1279 1081 511 462 638 745 604 869 601 584 423 634 650 384 665 366 271 0 804 1431 1136 383 550 745 814 978 1218 570 597 487 735 1004 1125 696 1058 1270 1023 350 906 851 58 942 170 350 1079 588 195 806 1285 644 1310 815 767 761 347 763 595 721 705 1065 289 834 1115 793 875 744 1018 287 1169 909 945
356 412 684 584 704 355 984 561 372 946 775 319 80 341 729 227 312 579 584 485 987 229 785 390 980 542 497 529 187 1113 972 263 360 506 481 796 355 250 242 712 681 255 330 763 59 489 298 731 776 380 724 206 231 497 234 382 202 916 753 508 766 796 804 0 945 1046 422 611 416 93 213 490 356 1011 419 68 228 491 281 731 572 232 638 614 408 751 819 772 465 374 609 698 185 500 199 686 27 485 287 846 559 305 495 405 1056 656 480 451 371 258 209 1199 975 496 693 318
788 698 349 782 1141 1300 738 1187 778 1133 1462 826 865 1091 597 930 1256 802 690 1005 179 842 242 865 451 1424 1109 885 1094 464 687 733 801 984 963 650 725 731 1186 506 473 1178 882 555 919 758 1019 1612 1636 813 752 989 719 1418 982 1108 932 1011 1587 766 1590 1236 1431 945 0 607 1177 1514 699 855 770 1212 895 1169 963 965 779 466 801 389 486 809 1091 529 611 1406 595 1502 1235 604 859 1443 782 1076 1109 319 917 1430 741 1218 1503 895 710 740 713 1149 603 516 672 694 806 975 1411 491 550 1216
717 639 451 540 815 1343 185 964 700 664 1200 1114 980 990 322 1159 1327 557 488 1342 439 837 771 740 156 1334 910 659 1232 213 142 783 721 1336 762 277 695 798 1238 337 377 1299 793 283 993 1140 1261 1492 1487 712 406 964 840 1380 939 984 914 534 1418 588 1413 879 1136 1046 607 0 1044 1435 635 957 979 1480 786 675 803 1025 1005 773 780 368 903 1045 797 434 644 1135 233 1263 1093 881 580 1227 864 1400 1120 782 1024 1461 759 825 1516 820 572 657 114 856 566 819 674 813 839 372 1005 837 352 1364
390 483 844 505 380 414 916 174 402 677 354 740 458 92 735 645 444 487 568 899 1157 351 1086 325 1041 290 159 386 510 1183 927 465 378 923 283 767 451 475 369 771 769 506 296 786 387 905 698 453 464 371 643 232 523 355 220 69 275 704 409 466 413 440 383 422 1177 1044 0 391 483 443 608 845 287 738 243 354 632 800 379 848 929 646 335 694 566 330 816 359 58 729 471 288 454 902 265 997 435 485 444 512 516 282 502 444 1009 316 582 780 505 535 401 1059 591 833 733 582
754 847 1202 895 726 322 1308 514 769 1025 463 899 683 449 1123 772 389 878 955 973 1517 674 1385 705 1426 101 539 778 568 1568 1318 781 745 1007 675 1158 805 783 395 1152 1144 505 663 1173 614 1074 772 131 198 744 1035 525 806 124 536 451 583 1074 225 852 247 748 550 611 1514 1435 391 0 848 682 824 823 661 1080 632 567 836 1088 720 1218 1183 832 699 1068 911 497 1206 400 348 984 862 355 738 947 417 1288 637 265 775 830 230 640 882 813 1400 662 945 1055 852 827 708 1439 834 1103 1116 548
94 5 361 200 493 711 568 491 80 626 766 574 361 404 315 571 692 206 170 802 673 201 644 165 590 751 411 226 604 730 555 167 105 808 274 380 61 187 603 313 297 665 188 352 361 674 670 931 947 113 319 337 251 771 317 414 283 557 892 127 894 597 745 416 699 635 483 848 0 335 412 884 196 685 264 389 443 403 145 369 563 480 430 221 112 714 405 803 541 409 260 743 246 844 489 571 398 832 131 609 893 208 86 40 640 480 98 409 72 234 207 792 788 460 286 733
287 330 591 515 678 445 903 560 302 899 796 309 26 354 644 254 405 512 505 508 893 169 704 337 888 605 488 475 275 1021 888 174 294 523 444 714 274 159 330 622 590 347 283 675 67 465 344 796 836 317 650 211 138 573 230 391 182 858 806 437 817 775 814 93 855 957 443 682 335 0 164 553 311 963 386 115 190 408 211 638 505 209 610 524 316 766 733 802 493 303 549 729 93 536 265 606 68 574 204 818 647 262 417 330 972 636 391 372 284 165 133 1125 960 421 605 407
398 406 564 610 824 552 956 721 409 1022 961 164 151 519 688 180 499 613 578 390 839 308 588 468 886 755 647 598 324 1008 932 250 409 396 585 765 360 229 444 643 602 410 423 707 224 302 282 944 989 435 729 376 160 708 394 556 343 965 963 534 975 925 978 213 770 979 608 824 412 164 0 500 452 1084 533 267 31 304 330 628 361 68 756 549 347 930 772 966 658 172 659 893 190 434 411 488 188 680 292 961 756 408 498 422 1013 787 432 256 344 179 256 1195 1113 294 638 446
839 879 1060 1068 1182 508 1447 1011 855 1436 1165 389 526 789 1181 321 445 1065 1055 241 1312 717 990 881 1386 811 960 1020 337 1504 1427 717 846 277 969 1256 825 698 487 1143 1102 346 821 1205 549 477 218 952 1021 868 1202 680 645 704 712 829 690 1407 1035 990 1055 1266 1218 490 1212 1480 845 823 884 553 500 0 846 1500 906 547 476 763 764 1128 733 437 1118 1047 841 1161 1268 1136 868 628 1099 1066 638 176 580 897 499 568 753 1324 633 795 968 882 1509 1127 924 711 825 669 686 1676 1433 724 1135 280
107 197 558 258 372 568 682 309 116 591 581 612 337 212 466 565 564 246 298 820 869 144 823 46 765 562 227 175 526 907 682 227 93 834 133 511 173 245 473 490 484 567 28 513 297 749 650 738 751 84 406 191 313 595 161 218 159 563 695 197 697 474 570 356 895 786 287 661 196 311 452 846 0 655 85 302 482 555 130 562 702 511 304 408 288 533 552 612 344 518 262 549 261 846 346 741 350 678 192 509 731 51 220 157 767 339 295 546 228 313 196 869 664 600 455 643
686 690 854 487 359 1147 490 575 675 64 686 1248 989 748 577 1217 1167 479 555 1467 1044 793 1231 625 784 988 582 488 1173 886 536 834 675 1479 531 519 728 856 1081 671 715 1200 681 615 952 1360 1305 1080 1046 650 432 825 926 1083 792 715 810 158 967 557 953 338 597 1011 1169 675 738 1080 685 963 1084 1500 655 0 596 953 1116 1064 757 788 1228 1150 404 689 785 625 576 763 756 1094 426 761 897 1499 956 1188 1005 1223 792 255 1249 706 606 665 572 425 715 1082 758 914 835 441 367 1128 632 1279
184 265 619 263 292 582 683 228 189 531 503 691 411 191 492 636 588 247 326 894 926 225 902 99 799 531 148 151 577 940 689 313 169 910 64 525 252 331 499 531 532 608 112 543 363 833 717 696 701 152 406 229 398 581 196 180 216 519 641 223 641 391 487 419 963 803 243 632 264 386 533 906 85 596 0 358 564 638 216 614 788 591 224 458 365 452 574 539 295 604 241 480 345 917 371 823 417 683 277 431 728 125 264 223 773 254 359 631 306 399 279 848 580 685 491 685
318 385 686 542 640 339 952 493 335 889 708 386 117 272 704 295 308 535 551 553 995 191 819 340 969 491 429 477 225 1105 943 253 320 575 422 767 329 245 225 695 670 276 278 741 47 554 363 681 723 337 686 139 246 458 168 313 143 865 696 468 708 730 735 68 965 1025 354 567 389 115 267 547 302 953 358 0 286 523 246 725 618 295 575 598 399 683 795 706 399 417 561 632 185 567 149 722 82 468 268 782 538 251 462 372 1028 590 464 488 355 271 187 1159 907 536 673 348
430 438 585 642 855 557 984 749 441 1054 986 132 173 544 716 159 501 645 608 358 854 338 590 499 910 769 675 630 321 1029 961 282 441 364 616 794 391 261 451 670 628 407 454 735 246 275 259 957 1004 467 760 401 192 719 420 582 371 997 981 566 993 955 1004 228 779 1005 632 836 443 190 31 476 482 1116 564 286 0 312 362 652 355 39 787 577 377 956 800 989 681 176 691 916 222 404 427 489 205 683 324 992 760 438 529 454 1040 817 462 263 375 210 287 1225 1143 296 666 437
456 399 323 581 895 845 801 863 455 1010 1131 374 412 708 545 466 796 593 509 584 549 449 296 544 651 1007 782 630 628 754 766 337 471 572 667 626 389 325 732 468 417 713 532 542 475 366 559 1198 1233 493 646 581 284 982 584 736 529 920 1195 523 1203 1000 1125 491 466 773 800 1088 403 408 304 763 555 1064 638 523 312 0 430 405 163 343 831 400 291 1087 609 1154 857 138 653 1086 354 649 672 200 463 974 364 1012 1049 533 466 437 834 878 350 52 339 267 400 1058 1191 67 484 749
75 141 482 304 499 566 706 434 91 694 701 494 238 291 459 463 547 301 305 710 797 56 708 137 734 626 353 268 466 873 696 97 82 722 259 521 88 115 458 457 438 523 104 498 223 623 556 812 834 106 443 198 184 635 183 312 141 647 786 227 791 601 696 281 801 780 379 720 145 211 330 764 130 757 216 246 362 430 0 504 574 394 431 363 191 656 549 726 438 388 338 659 140 744 345 622 266 688 65 632 750 103 215 126 781 468 231 418 132 183 79 918 792 473 431 593
464 371 86 400 757 1062 415 827 449 748 1097 752 657 772 211 809 1034 420 309 977 313 556 455 523 258 1121 754 512 911 383 373 472 474 969 601 275 416 481 950 118 86 985 556 177 686 771 911 1300 1312 477 364 702 506 1139 685 780 646 630 1254 398 1255 850 1058 731 389 368 848 1218 369 638 628 1128 562 788 614 725 652 405 504 0 540 690 711 156 325 1038 233 1145 904 516 475 1091 546 1037 847 438 706 1188 461 829 1253 577 350 406 433 771 273 450 375 478 540 673 1022 469 161 1042
609 559 454 745 1053 912 949 1007 610 1173 1270 357 501 836 700 479 856 757 673 519 612 584 257 696 768 1110 927 790 673 853 910 477 624 498 821 781 544 461 805 618 566 759 678 692 572 273 554 1300 1342 647 807 701 406 1069 709 868 654 1083 1310 685 1320 1158 1270 572 486 903 929 1183 563 505 361 733 702 1228 788 618 355 163 574 540 0 371 988 557 452 1229 758 1288 984 202 816 1217 475 590 767 167 546 1038 510 1172 1115 675 629 596 973 1033 513 156 496 396 530 1207 1349 103 638 779
463 475 623 678 883 544 1024 770 475 1087 1001 100 189 560 756 123 486 680 646 321 888 367 613 530 948 769 698 663 301 1067 1000 318 474 329 645 834 427 296 442 709 667 387 483 774 259 259 222 956 1005 499 797 418 229 713 439 599 392 1033 985 601 998 982 1023 232 809 1045 646 832 480 209 68 437 511 1150 591 295 39 343 394 690 371 0 815 616 416 973 839 1001 694 205 726 928 253 365 430 513 213 668 359 1021 745 466 567 490 1080 843 501 292 412 248 317 1263 1169 321 706 411
380 433 741 310 68 743 640 186 378 342 403 915 635 345 535 859 764 290 401 1117 1020 448 1070 295 836 602 177 209 784 972 663 526 366 1134 172 534 443 546 679 605 625 803 332 589 584 1054 937 724 706 341 398 438 615 686 407 311 436 375 632 328 623 171 350 638 1091 797 335 699 430 610 756 1118 304 404 224 575 787 831 431 711 988 815 0 562 542 340 594 465 359 814 238 432 566 1139 557 1001 639 821 486 207 850 349 387 393 737 60 507 832 492 612 500 741 362 884 560 882
314 224 181 253 611 929 413 671 299 641 942 693 546 620 147 726 906 273 161 925 469 418 543 368 371 970 598 358 799 509 385 351 323 923 445 229 275 364 819 97 76 868 405 158 564 747 829 1146 1157 324 257 559 405 993 539 626 504 536 1099 242 1099 708 906 614 529 434 694 1068 221 524 549 1047 408 689 458 598 577 400 363 156 557 616 562 0 209 884 223 989 749 475 330 935 430 978 709 499 591 1052 330 695 1114 427 193 254 463 621 134 432 243 379 411 664 887 467 90 931
181 108 293 297 605 737 608 594 175 727 868 501 338 480 340 521 708 307 240 732 608 237 537 266 572 817 513 338 592 706 586 147 196 734 383 417 115 157 624 306 273 663 272 364 361 582 623 1003 1025 213 390 386 196 823 374 497 329 649 975 233 979 709 851 408 611 644 566 911 112 316 347 841 288 785 365 399 377 291 191 325 452 416 542 209 0 818 426 901 624 310 365 838 223 781 524 460 384 863 137 720 929 284 179 149 668 592 85 300 61 171 215 848 900 350 294 724
637 716 1058 642 321 685 972 224 642 580 65 1068 783 412 873 976 732 621 729 1228 1351 646 1355 551 1176 427 305 526 832 1312 998 752 622 1253 443 874 705 767 674 938 952 815 555 927 714 1230 1026 466 423 605 738 554 826 544 535 374 587 665 344 642 328 290 58 751 1406 1135 330 497 714 766 930 1161 533 625 452 683 956 1087 656 1038 1229 973 340 884 818 0 934 138 294 1036 575 145 761 1230 588 1275 764 710 722 371 708 554 696 673 1069 280 806 1075 759 833 700 1036 336 1129 893 887
484 409 315 312 624 1110 192 748 467 545 998 917 757 759 90 947 1095 331 254 1148 469 606 688 507 242 1105 688 434 1007 377 161 559 487 1146 537 62 466 575 1006 140 192 1070 559 67 765 966 1050 1267 1266 479 197 730 623 1147 705 754 681 418 1199 356 1196 702 942 819 595 233 816 1206 405 733 772 1268 552 576 574 795 800 609 549 233 758 839 594 223 426 934 0 1057 866 696 363 1015 640 1202 887 670 799 1227 531 663 1283 586 338 425 241 655 344 647 449 598 611 449 853 676 133 1137
719 805 1157 756 455 639 1104 317 727 718 77 1091 816 452 991 987 695 735 840 1230 1458 705 1433 638 1297 350 393 636 822 1435 1128 817 705 1258 543 998 785 829 652 1049 1060 791 630 1045 743 1260 1024 344 293 691 862 592 881 471 579 420 634 803 214 746 196 428 170 772 1502 1263 359 400 803 802 966 1136 612 763 539 706 989 1154 726 1145 1288 1001 465 989 901 138 1057 0 308 1089 694 74 813 1224 588 1348 788 640 792 509 624 623 797 762 1201 408 899 1137 840 892 757 1174 455 1191 1006 857
448 540 902 554 396 413 960 181 460 696 310 785 507 149 787 686 452 536 621 935 1214 408 1144 381 1094 247 191 434 538 1236 972 522 436 961 330 816 509 532 385 826 825 525 354 838 435 953 732 400 407 428 689 284 578 327 275 127 330 732 351 519 354 443 350 465 1235 1093 58 348 541 493 658 868 344 756 295 399 681 857 438 904 984 694 359 749 624 294 866 308 0 784 516 235 509 935 294 1055 481 470 502 520 493 340 557 501 1054 331 639 836 563 592 457 1094 579 889 787 599
434 404 440 606 882 723 887 817 439 1035 1074 241 300 637 621 327 670 614 550 461 686 390 416 519 770 909 737 628 496 880 857 290 449 454 644 703 376 272 613 558 510 582 491 629 370 274 421 1099 1140 473 697 500 209 871 509 669 454 959 1108 537 1118 986 1079 374 604 881 729 984 409 303 172 628 518 1094 604 417 176 138 388 516 202 205 814 475 310 1036 696 1089 784 0 669 1018 276 522 567 316 348 851 328 1009 927 485 488 434 931 855 389 87 337 204 335 1139 1177 122 565 614
264 265 511 78 282 821 445 385 251 366 638 823 576 431 297 801 823 61 169 1046 782 381 860 221 602 761 330 90 786 740 456 409 255 1055 188 306 301 430 732 366 388 829 282 351 550 933 894 912 907 231 174 452 500 819 420 416 420 309 838 132 834 377 588 609 859 580 471 862 260 549 659 1099 262 426 241 561 691 653 338 475 816 726 238 330 365 575 363 694 516 669 0 651 475 1081 604 801 599 924 367 368 969 311 186 239 538 299 305 665 332 488 417 609 558 714 321 905
656 744 1100 709 433 572 1073 267 665 712 110 1017 742 380 945 913 626 688 790 1156 1404 636 1367 578 1253 292 337 587 749 1392 1095 749 643 1184 491 957 722 761 580 999 1007 720 565 999 670 1186 951 322 285 630 822 519 811 413 508 350 563 786 206 693 194 423 195 698 1443 1227 288 355 743 729 893 1066 549 761 480 632 916 1086 659 1091 1217 928 432 935 838 145 1015 74 235 1018 651 0 742 1151 514 1281 715 581 725 506 572 557 742 702 1170 378 840 1067 777 823 688 1159 481 1121 957 787
211 240 502 434 634 525 812 545 224 834 798 353 117 361 551 328 490 433 416 571 809 120 649 277 795 654 467 409 369 928 796 81 221 581 395 622 186 65 411 528 497 440 233 581 142 488 425 845 879 246 564 227 70 636 234 393 179 784 841 356 850 735 806 185 782 864 454 738 246 93 190 638 261 897 345 185 222 354 140 546 475 253 566 430 223 761 640 813 509 276 475 742 0 606 327 554 161 654 114 770 724 220 330 245 880 599 297 328 191 89 65 1037 925 381 512 501
817 838 962 1039 1205 625 1388 1056 830 1435 1243 285 509 833 1119 281 558 1040 1011 72 1190 706 845 873 1293 920 996 1011 402 1402 1363 678 826 103 977 1198 789 657 576 1069 1024 444 819 1136 554 321 205 1078 1143 850 1162 706 593 824 735 874 702 1390 1147 962 1165 1297 1285 500 1076 1400 902 947 844 536 434 176 846 1499 917 567 404 649 744 1037 590 365 1139 978 781 1230 1202 1224 935 522 1081 1151 606 0 641 757 500 707 718 1346 777 796 930 850 1441 1157 866 597 777 613 664 1629 1474 599 1068 400
403 486 816 605 615 223 1028 431 420 892 602 510 266 213 797 399 218 593 634 642 1129 290 969 392 1080 343 387 515 245 1219 1025 382 399 670 435 851 434 379 127 803 783 247 333 840 197 684 438 533 577 409 753 157 392 310 185 252 206 890 554 539 568 691 644 199 1109 1120 265 417 489 265 411 580 346 956 371 149 427 672 345 847 767 430 557 709 524 588 887 588 294 567 604 514 327 641 0 871 223 343 386 755 406 304 548 463 1111 556 576 638 471 415 309 1214 853 686 775 326
638 568 355 725 1062 1038 854 1050 634 1139 1322 516 609 905 628 629 987 740 641 686 452 646 100 725 637 1207 969 793 811 708 810 532 653 664 844 704 570 522 927 537 486 897 720 608 674 440 712 1399 1434 672 757 781 484 1180 782 932 728 1036 1395 678 1402 1165 1310 686 319 782 997 1288 571 606 488 897 741 1188 823 722 489 200 622 438 167 513 1001 499 460 1275 670 1348 1055 316 801 1281 554 757 871 0 659 1166 556 1168 1242 725 619 609 865 1052 497 235 517 466 598 1111 1354 193 567 925
342 393 659 570 705 383 966 569 358 941 790 304 52 352 709 221 339 566 567 480 960 217 758 382 956 566 502 521 208 1089 953 241 347 500 478 778 336 227 269 689 658 279 324 741 54 471 300 755 800 369 709 213 205 523 239 392 202 907 775 494 788 799 815 27 917 1024 435 637 398 68 188 499 350 1005 417 82 205 463 266 706 546 213 639 591 384 764 799 788 481 348 599 715 161 500 223 659 0 513 268 847 587 299 478 389 1037 658 458 423 350 232 191 1184 980 469 672 339
744 829 1154 935 864 129 1360 651 761 1162 691 713 565 494 1138 580 182 922 973 742 1464 633 1266 724 1423 289 644 834 371 1562 1361 718 740 778 741 1189 777 713 244 1146 1126 290 668 1182 513 881 554 389 461 748 1083 497 712 168 521 518 548 1185 489 875 511 913 767 485 1430 1461 485 265 832 574 680 568 678 1223 683 468 683 974 688 1188 1038 668 821 1052 863 710 1227 640 470 851 924 581 654 707 343 1166 513 0 727 990 77 641 888 805 1446 800 919 932 813 738 648 1530 1034 973 1117 308
108 126 431 321 554 602 699 498 117 730 767 456 229 354 441 442 576 321 302 680 745 101 642 190 700 683 417 309 475 837 685 42 122 688 315 510 71 63 490 427 401 540 167 475 234 574 540 871 896 147 449 249 134 686 240 377 192 674 849 243 855 657 761 287 741 759 444 775 131 204 292 753 192 792 277 268 324 364 65 461 510 359 486 330 137 722 531 792 502 328 367 725 114 718 386 556 268 727 0 683 792 168 215 132 769 527 195 354 86 127 81 923 849 408 406 605
575 613 875 446 142 926 647 340 569 210 432 1121 842 541 628 1067 954 429 535 1325 1123 654 1229 495 899 741 367 382 988 1023 683 724 561 1341 375 600 633 745 874 713 745 1002 537 678 792 1256 1144 825 790 536 473 645 815 842 614 503 644 309 711 491 697 83 347 846 1218 825 512 830 609 818 961 1324 509 255 431 782 992 1012 632 829 1172 1021 207 695 720 371 663 509 520 1009 368 506 770 1346 755 1168 847 990 683 0 1009 555 549 577 741 198 671 1018 676 810 705 672 193 1069 668 1081
803 890 1221 986 889 204 1410 673 820 1189 682 791 638 537 1195 658 259 971 1028 816 1533 696 1342 777 1484 281 675 880 448 1624 1413 786 798 852 783 1243 839 782 317 1206 1189 367 723 1240 584 959 630 342 416 804 1133 555 784 168 578 556 609 1220 455 928 478 930 763 559 1503 1516 516 230 893 647 756 633 731 1249 728 538 760 1049 750 1253 1115 745 850 1114 929 708 1283 624 493 927 969 572 724 777 406 1242 587 77 792 1009 0 696 945 864 1498 824 982 1007 877 809 715 1571 1039 1050 1177 382
113 206 566 302 417 526 724 332 128 642 598 566 288 197 498 515 519 292 332 771 880 100 810 90 791 543 251 226 476 932 721 198 104 786 181 548 170 214 428 514 504 518 29 543 246 708 599 724 742 108 450 146 277 567 119 213 109 613 691 235 695 516 595 305 895 820 282 640 208 262 408 795 51 706 125 251 438 533 103 577 675 466 349 427 284 554 586 623 340 485 311 557 220 796 304 725 299 641 168 555 696 0 249 172 807 379 305 520 222 281 154 916 705 575 482 593
146 91 362 118 445 771 490 479 128 548 753 660 443 433 249 656 758 127 89 888 662 271 684 177 544 783 404 178 681 686 481 252 148 894 253 306 143 273 667 270 268 739 223 294 437 756 755 956 965 141 233 392 337 815 367 435 343 473 905 59 905 547 721 495 710 572 502 882 86 417 498 968 220 606 264 462 529 466 215 350 629 567 387 193 179 696 338 797 557 488 186 742 330 930 548 619 478 888 215 549 945 249 0 89 567 443 121 479 156 320 286 708 735 527 234 809
60 42 401 189 457 686 580 450 44 605 726 586 356 366 335 573 670 190 178 811 712 181 684 124 620 715 370 194 592 761 570 172 68 819 234 395 62 193 580 343 331 649 150 376 348 695 670 894 908 73 320 308 262 739 286 375 257 543 853 111 855 562 705 405 740 657 444 813 40 330 422 882 157 665 223 372 454 437 126 406 596 490 393 254 149 673 425 762 501 434 239 702 245 850 463 609 389 805 132 577 864 172 89 0 655 443 138 441 99 248 197 795 753 492 312 719
713 644 519 511 747 1334 97 912 695 567 1134 1156 997 964 328 1189 1324 526 478 1387 549 837 863 721 264 1299 866 623 1244 325 85 799 714 1383 725 260 701 815 1233 373 421 1305 778 305 1001 1197 1291 1448 1438 701 366 953 864 1354 926 952 908 440 1366 572 1359 801 1065 1056 713 114 1009 1400 640 972 1013 1509 767 572 773 1028 1040 834 781 433 973 1080 737 463 668 1069 241 1201 1054 931 538 1170 880 1441 1111 865 1037 1446 769 741 1498 807 567 655 0 793 585 876 689 840 847 262 914 900 374 1373
424 484 799 370 65 730 696 150 423 365 344 943 659 342 596 880 756 350 461 1139 1081 479 1123 337 897 566 169 265 791 1032 720 565 409 1157 212 594 489 584 675 665 684 804 366 650 604 1087 953 678 656 386 458 451 652 658 421 304 457 415 580 385 571 140 289 656 1149 856 316 662 480 636 787 1127 339 425 254 590 817 878 468 771 1033 843 60 621 592 280 655 408 331 855 299 378 599 1157 556 1052 658 800 527 198 824 379 443 443 793 0 561 877 539 651 533 786 325 930 620 882
192 99 262 231 566 795 523 584 179 659 860 586 414 502 257 604 771 245 162 817 575 285 563 262 505 849 506 297 666 643 503 217 203 819 362 333 143 232 684 232 207 734 286 284 429 662 707 1030 1046 211 308 429 279 865 411 513 373 574 991 180 993 669 834 480 603 566 582 945 98 391 432 924 295 715 359 464 462 350 231 273 513 501 507 134 85 806 344 899 639 389 305 840 297 866 576 497 458 919 195 671 982 305 121 138 585 561 0 368 108 255 276 763 856 413 214 798
452 405 370 596 897 803 839 852 454 1026 1117 322 374 687 579 415 753 607 530 533 601 431 334 540 700 976 771 635 581 805 805 322 467 522 664 661 388 308 692 507 456 667 522 579 440 321 507 1167 1205 490 671 556 258 945 561 717 506 942 1169 533 1178 1002 1115 451 516 819 780 1055 409 372 256 711 546 1082 631 488 263 52 418 450 156 292 832 432 300 1075 647 1137 836 87 665 1067 328 597 638 235 423 932 354 1018 1007 520 479 441 876 877 368 0 341 244 379 1095 1193 54 519 701
121 67 350 272 556 688 622 535 117 698 808 504 308 419 360 508 663 278 234 733 665 181 595 208 614 758 454 294 558 750 605 110 136 738 328 432 54 126 577 341 314 625 211 391 320 602 609 943 964 155 384 329 184 767 315 436 272 629 914 200 918 661 793 371 672 674 505 852 72 284 344 825 228 758 306 355 375 339 132 375 496 412 492 243 61 759 449 840 563 337 332 777 191 777 471 517 350 813 86 676 877 222 156 99 689 539 108 341 0 164 167 853 852 393 322 689
235 229 427 434 680 609 779 613 243 853 874 339 181 443 512 349 570 438 398 569 728 187 560 317 733 743 533 435 433 862 758 86 249 574 441 588 186 67 494 476 439 510 287 536 225 448 451 934 967 274 549 314 27 725 317 472 262 790 928 359 936 783 875 258 694 813 535 827 234 165 179 669 313 914 399 271 210 267 183 478 396 248 612 379 171 833 598 892 592 204 488 823 89 613 415 466 232 738 127 810 809 281 320 248 840 651 255 244 164 0 134 1016 975 298 466 564
154 202 506 382 568 522 775 482 169 772 740 417 160 308 521 383 495 379 375 632 819 55 689 213 781 620 403 347 396 918 762 73 162 644 329 587 145 76 410 508 482 459 167 555 154 554 477 809 839 186 518 185 125 614 184 337 130 727 797 304 804 669 744 209 806 839 401 708 207 133 256 686 196 835 279 187 287 400 79 540 530 317 500 411 215 700 611 757 457 335 417 688 65 664 309 598 191 648 81 705 715 154 286 197 847 533 276 379 167 134 0 993 859 433 487 526
843 797 758 617 727 1431 258 927 827 465 1100 1349 1151 1035 517 1362 1432 624 621 1581 810 970 1117 825 526 1340 902 699 1383 568 301 959 840 1581 789 435 851 978 1341 589 641 1433 887 516 1141 1411 1462 1464 1441 821 475 1060 1037 1415 1029 1014 1024 372 1364 691 1353 747 1018 1199 975 372 1059 1439 792 1125 1195 1676 869 441 848 1159 1225 1058 918 673 1207 1263 741 664 848 1036 449 1174 1094 1139 609 1159 1037 1629 1214 1111 1184 1530 923 672 1571 916 708 795 262 786 763 1095 853 1016 993 0 808 1125 575 1507
743 792 1067 636 296 992 822 421 740 350 380 1269 983 644 821 1201 1031 619 727 1460 1315 805 1417 658 1087 759 478 562 1096 1207 862 888 728 1480 534 790 805 908 960 906 938 1097 692 870 925 1413 1269 798 748 704 665 769 977 872 740 603 780 474 670 675 652 191 287 975 1411 1005 591 834 788 960 1113 1433 664 367 580 907 1143 1191 792 1022 1349 1169 362 887 900 336 853 455 579 1177 558 481 925 1474 853 1354 980 1034 849 193 1039 705 735 753 914 325 856 1193 852 975 859 808 0 1246 862 1173
505 455 386 643 949 845 868 907 506 1073 1171 335 420 741 612 440 793 655 574 532 591 485 293 593 712 1026 826 686 617 809 832 376 521 517 717 694 441 362 735 536 484 703 576 609 489 305 527 1217 1255 544 712 608 311 992 614 771 559 985 1221 583 1230 1054 1169 496 491 837 833 1103 460 421 294 724 600 1128 685 536 296 67 473 469 103 321 884 467 350 1129 676 1191 889 122 714 1121 381 599 686 193 469 973 408 1069 1050 575 527 492 900 930 413 54 393 298 433 1125 1246 0 552 733
373 289 222 251 602 997 322 690 356 590 954 784 629 667 61 815 978 272 167 1015 461 487 600 411 310 1016 622 370 880 451 294 431 379 1013 467 142 344 446 889 45 83 946 456 69 641 836 917 1187 1193 375 203 621 491 1049 598 668 569 476 1131 268 1129 692 909 693 550 352 733 1116 286 605 638 1135 455 632 491 673 666 484 431 161 638 706 560 90 294 893 133 1006 787 565 321 957 512 1068 775 567 672 1117 406 668 1177 482 234 312 374 620 214 519 322 466 487 575 862 552 0 1011
666 729 990 890 941 228 1299 754 683 1214 888 430 386 539 1047 300 164 883 898 433 1281 539 1025 684 1295 530 713 819 131 1426 1288 580 668 469 750 1113 672 567 214 1029 998 78 622 1081 372 588 251 679 745 685 1035 457 537 426 489 578 484 1203 756 816 775 1016 945 318 1216 1364 582 548 733 407 446 280 643 1279 685 348 437 749 593 1042 779 411 882 931 724 887 1137 857 599 614 905 787 501 400 326 925 339 308 605 1081 382 593 809 719 1373 882 798 701 689 564 526 1507 1173 733 1011 0
