0 441 1473 968 476 1701 1687 539 1591 730 1447 1722 149 1651 1534 999
441 0 1885 1317 291 1779 1258 948 1738 651 1646 1309 299 2027 1378 1275
1473 1885 0 668 1940 1672 3011 938 2377 1692 1163 3191 1592 1550 2215 900
968 1317 668 0 1441 1175 2363 472 2267 1030 713 2622 1051 1768 1568 269
476 291 1940 1441 0 2039 1416 1013 1458 930 1862 1281 401 1853 1670 1448
1701 1779 1672 1175 2039 0 2211 1484 3263 1140 508 2821 1676 2936 899 919
1687 1258 3011 2363 1416 2211 0 2124 2745 1343 2365 869 1538 3267 1361 2208
539 948 938 472 1013 1484 2124 0 1824 899 1103 2253 654 1501 1621 607
1591 1738 2377 2267 1458 3263 2745 1824 0 2303 2926 2223 1664 1177 3093 2431
730 651 1692 1030 930 1140 1343 899 2303 0 1094 1748 638 2328 803 865
1447 1646 1163 713 1862 508 2365 1103 2926 1094 0 2842 1466 2480 1214 496
1722 1309 3191 2622 1281 2821 869 2253 2223 1748 2842 0 1599 3016 2082 2549
149 299 1592 1051 401 1676 1538 654 1664 638 1466 1599 0 1792 1435 1046
1651 2027 1550 1768 1853 2936 3267 1501 1177 2328 2480 3016 1792 0 3105 2017
1534 1378 2215 1568 1670 899 1361 1621 3093 803 1214 2082 1435 3105 0 1316
999 1275 900 269 1448 919 2208 607 2431 865 496 2549 1046 2017 1316 0
