0 1238 1029 170 369 1574 99 677 798 913 608 874 376 864 1524 115
1238 0 2239 1092 1415 2793 1280 601 1854 941 1846 2109 1587 1574 2013 1123
1029 2239 0 1151 1074 890 966 1644 1044 1872 468 247 798 1048 1500 1142
170 1092 1151 0 513 1740 187 514 959 894 757 1018 546 810 1456 99
369 1415 1074 513 0 1394 447 938 463 809 606 858 277 1207 1867 417
1574 2793 890 1740 1394 0 1562 2252 1044 2149 1010 814 1208 1907 2391 1684
99 1280 966 187 447 1562 0 700 849 1008 571 830 393 770 1430 184
677 601 1644 514 938 2252 700 0 1401 851 1271 1528 1048 1018 1549 568
798 1854 1044 959 463 1044 849 1401 0 1112 655 797 484 1536 2179 869
913 941 1872 894 809 2149 1008 851 1112 0 1406 1665 1078 1692 2313 834
608 1846 468 757 606 1010 571 1271 655 1406 0 269 329 981 1578 723
874 2109 247 1018 858 814 830 1528 797 1665 269 0 588 1097 1628 990
376 1587 798 546 277 1208 393 1048 484 1078 329 588 0 1053 1702 479
864 1574 1048 810 1207 1907 770 1018 1536 1692 981 1097 1053 0 661 892
1524 2013 1500 1456 1867 2391 1430 1549 2179 2313 1578 1628 1702 661 0 1544
115 1123 1142 99 417 1684 184 568 869 834 723 990 479 892 1544 0
