0 1251 751 1517 1078 504 1101 1691 604 71 632 1671 819 814 695 991 1328
1251 0 1475 491 2040 1753 1927 2730 1229 1264 1859 425 1904 2061 1841 1416 2370
751 1475 0 1499 577 943 454 1266 252 680 1119 1878 1456 1168 1299 1734 920
1517 491 1499 0 2076 2016 1915 2758 1289 1509 2150 565 2264 2325 2177 1878 2419
1078 2040 577 2076 0 976 233 690 812 1013 1122 2450 1516 1051 1355 2040 344
504 1753 943 2016 976 0 1102 1430 926 506 176 2171 545 310 383 1157 1104
1101 1927 454 1915 233 1102 0 848 706 1030 1263 2324 1648 1226 1485 2088 545
1691 2730 1266 2758 690 1430 848 0 1502 1634 1520 3140 1902 1356 1758 2580 367
604 1229 252 1289 812 926 706 1502 0 541 1098 1638 1387 1195 1241 1549 1147
71 1264 680 1509 1013 506 1030 1634 541 0 648 1688 865 815 733 1063 1270
632 1859 1119 2150 1122 176 1263 1520 1098 648 0 2271 397 230 240 1113 1214
1671 425 1878 565 2450 2171 2324 3140 1638 1688 2271 0 2288 2477 2238 1708 2784
819 1904 1456 2264 1516 545 1648 1902 1387 865 397 2288 0 551 162 854 1607
814 2061 1168 2325 1051 310 1226 1356 1195 815 230 2477 551 0 425 1334 1080
695 1841 1299 2177 1355 383 1485 1758 1241 733 240 2238 162 425 0 919 1454
991 1416 1734 1878 2040 1157 2088 2580 1549 1063 1113 1708 854 1334 919 0 2238
1328 2370 920 2419 344 1104 545 367 1147 1270 1214 2784 1607 1080 1454 2238 0
