0 892 125 248 1109 1112 1054 187 185 43 1308 1445 397 190 349 1164
892 0 896 914 1984 1364 1674 989 739 933 959 578 1281 771 848 1817
125 896 0 373 1153 987 948 306 156 148 1399 1426 448 128 231 1065
248 914 373 0 1084 1359 1283 124 374 238 1129 1490 426 402 587 1383
1109 1984 1153 1084 0 1820 1342 995 1288 1065 2072 2550 712 1276 1334 1327
1112 1364 987 1359 1820 0 625 1288 1014 1132 2214 1603 1296 973 777 754
1054 1674 948 1283 1342 625 0 1172 1061 1049 2344 2057 1029 1014 854 149
187 989 306 124 995 1288 1172 0 358 158 1253 1560 311 372 535 1268
185 739 156 374 1288 1014 1061 358 0 229 1283 1275 577 47 239 1186
43 933 148 238 1065 1132 1049 158 229 0 1325 1488 353 230 378 1155
1308 959 1399 1129 2072 2214 2344 1253 1283 1325 0 1293 1540 1331 1507 2464
1445 578 1426 1490 2550 1603 2057 1560 1275 1488 1293 0 1841 1298 1323 2206
397 1281 448 426 712 1296 1029 311 577 353 1540 1841 0 567 654 1095
190 771 128 402 1276 973 1014 372 47 230 1331 1298 567 0 196 1140
349 848 231 587 1334 777 854 535 239 378 1507 1323 654 196 0 989
1164 1817 1065 1383 1327 754 149 1268 1186 1155 2464 2206 1095 1140 989 0
