0 150 1341 231 130 210 836 1201 1721 1281 374 167 1606 282 1131 1685 1167
150 0 1196 339 158 332 793 1085 1573 1364 492 17 1521 400 981 1835 1311
1341 1196 0 1435 1268 1456 1490 1111 729 2098 1676 1180 1008 1586 417 2987 2507
231 339 1435 0 191 43 1063 1422 1887 1050 474 353 1546 404 1282 1553 1126
130 158 1268 191 0 196 935 1242 1697 1206 496 169 1480 407 1095 1729 1255
210 332 1456 43 196 0 1034 1409 1893 1077 431 347 1586 362 1292 1535 1093
836 793 1490 1063 935 1034 0 654 1479 2111 771 791 2165 758 1100 2181 1476
1201 1085 1111 1422 1242 1409 654 0 864 2436 1310 1073 2008 1262 696 2771 2100
1721 1573 729 1887 1697 1893 1479 864 0 2726 1966 1556 1725 1892 612 3403 2810
1281 1364 2098 1050 1206 1077 2111 2436 2726 0 1418 1374 1628 1388 2123 1421 1534
374 492 1676 474 496 431 771 1310 1966 1418 0 507 1977 92 1414 1464 848
167 17 1180 353 169 347 791 1073 1556 1374 507 0 1511 415 964 1852 1327
1606 1521 1008 1546 1480 1586 2165 2008 1725 1628 1977 1511 0 1888 1343 2890 2649
282 400 1586 404 407 362 758 1262 1892 1388 92 415 1888 0 1332 1524 930
1131 981 417 1282 1095 1292 1100 696 612 2123 1414 964 1343 1332 0 2816 2262
1685 1835 2987 1553 1729 1535 2181 2771 3403 1421 1464 1852 2890 1524 2816 0 748
1167 1311 2507 1126 1255 1093 1476 2100 2810 1534 848 1327 2649 930 2262 748 0
