0 5 1009 1128 703 1663 1141 144 116 1622 220 72 166 728 300 605 1387
5 0 1014 1133 704 1658 1140 145 120 1622 217 67 161 726 299 610 1386
1009 1014 0 207 1053 2659 1572 992 920 1874 1152 1080 1175 1458 1098 600 1929
1128 1133 207 0 1251 2790 1774 1133 1052 2082 1293 1201 1294 1483 1167 624 1892
703 704 1053 1251 0 1856 539 559 612 956 595 713 753 1429 1001 1050 2090
1663 1658 2659 2790 1856 0 1744 1666 1741 2123 1507 1590 1497 1681 1704 2239 2085
1141 1140 1572 1774 539 1744 0 1002 1080 503 962 1124 1127 1821 1435 1579 2490
144 145 992 1133 559 1666 1002 0 95 1480 160 160 230 870 444 673 1531
116 120 920 1052 612 1741 1080 95 0 1549 246 173 264 832 393 577 1483
1622 1622 1874 2082 956 2123 503 1480 1549 0 1456 1613 1623 2318 1921 1999 2988
220 217 1152 1293 595 1507 962 160 246 1456 0 173 167 862 481 815 1532
72 67 1080 1201 713 1590 1124 160 173 1613 173 0 94 717 311 673 1383
166 161 1175 1294 753 1497 1127 230 264 1623 167 94 0 695 333 757 1365
728 726 1458 1483 1429 1681 1821 870 832 2318 862 717 695 0 442 864 669
300 299 1098 1167 1001 1704 1435 444 393 1921 481 311 333 442 0 557 1089
605 610 600 624 1050 2239 1579 673 577 1999 815 673 757 864 557 0 1343
1387 1386 1929 1892 2090 2085 2490 1531 1483 2988 1532 1383 1365 669 1089 1343 0
