0 194 1442 35 79 738 1522 1441 767 256 1392 847 1047 115 273 1048
194 0 1259 181 263 543 1716 1250 670 117 1284 962 855 151 265 933
1442 1259 0 1416 1518 797 2889 755 916 1187 827 1815 719 1407 1272 754
35 181 1416 0 112 723 1535 1431 732 228 1357 828 1037 133 238 1013
79 263 1518 112 0 803 1464 1496 843 334 1468 857 1105 143 344 1125
738 543 797 723 803 0 2259 723 698 525 1139 1392 329 669 686 821
1522 1716 2889 1535 1464 2259 0 2961 2018 1744 2529 1210 2569 1606 1623 2279
1441 1250 755 1431 1496 723 2961 0 1311 1246 1507 2105 396 1354 1408 1302
767 670 916 732 843 698 2018 1311 0 553 624 899 973 804 504 287
256 117 1187 228 334 525 1744 1246 553 0 1169 906 850 256 184 819
1392 1284 827 1357 1468 1139 2529 1507 624 1169 0 1329 1295 1425 1127 352
847 962 1815 828 857 1392 1210 2105 899 906 1329 0 1720 961 722 1118
1047 855 719 1037 1105 329 2569 396 973 850 1295 1720 0 964 1015 1027
115 151 1407 133 143 669 1606 1354 804 256 1425 961 964 0 343 1075
273 265 1272 238 344 686 1623 1408 504 184 1127 722 1015 343 0 790
1048 933 754 1013 1125 821 2279 1302 287 819 352 1118 1027 1075 790 0
