0 183 1567 1379 884 1304 1224 1506 341 1209 910 764 1013 472 1397 1398
183 0 1389 1538 926 1459 1142 1410 322 1026 727 595 850 307 1581 1478
1567 1389 0 2909 1708 2823 1691 1099 1558 614 679 812 606 1099 2937 2251
1379 1538 2909 0 1927 100 1816 2825 1359 2439 2231 2133 2388 1845 812 2123
884 926 1708 1927 0 1887 2067 1027 1218 1665 1286 1029 1123 900 1531 592
1304 1459 2823 100 1887 0 1715 2765 1269 2346 2144 2053 2309 1766 859 2109
1224 1142 1691 1816 2067 1715 0 2311 888 1077 1180 1325 1513 1236 2298 2616
1506 1410 1099 2825 1027 2765 2311 0 1720 1436 1156 987 819 1150 2545 1384
341 322 1558 1359 1218 1269 888 1720 0 1087 879 830 1088 579 1565 1739
1209 1026 614 2439 1665 2346 1077 1436 1087 0 378 636 641 821 2604 2254
910 727 679 2231 1286 2144 1180 1156 879 378 0 258 338 470 2303 1876
764 595 812 2133 1029 2053 1325 987 830 636 258 0 258 291 2125 1617
1013 850 606 2388 1123 2309 1513 819 1088 641 338 258 0 542 2346 1690
472 307 1099 1845 900 1766 1236 1150 579 821 470 291 542 0 1843 1489
1397 1581 2937 812 1531 859 2298 2545 1565 2604 2303 2125 2346 1843 0 1515
1398 1478 2251 2123 592 2109 2616 1384 1739 2254 1876 1617 1690 1489 1515 0
