0 1561 1632 652 349 1539 98 566 555 803 509 34 1218 237 158 90
1561 0 3127 913 1425 2641 1589 1486 2081 1275 1293 1537 2751 1749 1718 1534
1632 3127 0 2261 1920 1081 1572 2051 1321 2357 2100 1644 447 1541 1496 1694
652 913 2261 0 539 1966 692 672 1168 620 460 631 1862 835 808 620
349 1425 1920 539 0 1888 445 232 681 457 179 362 1487 381 435 260
1539 2641 1081 1966 1888 0 1443 2101 1610 2336 2038 1527 1131 1611 1490 1629
98 1589 1572 692 445 1443 0 664 578 896 600 85 1169 293 173 188
566 1486 2051 672 232 2101 664 0 751 312 212 584 1609 524 618 476
555 2081 1321 1168 681 1610 578 751 0 1063 851 587 874 334 407 555
803 1275 2357 620 457 2336 896 312 1063 0 297 811 1916 818 891 716
509 1293 2100 460 179 2038 600 212 851 297 0 515 1667 561 612 426
34 1537 1644 631 362 1527 85 584 587 811 515 0 1234 272 186 111
1218 2751 447 1862 1487 1131 1169 1609 874 1916 1667 1234 0 1106 1074 1273
237 1749 1541 835 381 1611 293 524 334 818 561 272 1106 0 138 221
158 1718 1496 808 435 1490 173 618 407 891 612 186 1074 138 0 199
90 1534 1694 620 260 1629 188 476 555 716 426 111 1273 221 199 0
