0 394 1149 1074 488 509 853 1242 787 531 192 543 579 24 1723 1033
394 0 1511 1461 548 840 1084 887 1115 428 300 425 502 400 1367 911
1149 1511 0 287 1139 1095 693 2389 1130 1646 1331 1367 1672 1133 2614 1565
1074 1461 287 0 1186 901 856 2310 885 1522 1237 1400 1536 1063 2669 1680
488 548 1139 1186 0 958 569 1394 1220 919 615 230 985 465 1484 575
509 840 1095 901 958 0 1120 1527 279 695 540 1050 686 522 2206 1527
853 1084 693 856 569 1120 0 1957 1306 1378 1038 792 1430 828 1963 879
1242 887 2389 2310 1394 1527 1957 0 1750 833 1073 1197 853 1256 1202 1513
787 1115 1130 885 1220 279 1306 1750 0 921 815 1326 896 800 2483 1794
531 428 1646 1522 919 695 1378 833 921 0 340 844 74 554 1669 1339
192 300 1331 1237 615 540 1038 1073 815 340 0 602 392 214 1668 1110
543 425 1367 1400 230 1050 792 1197 1326 844 602 0 917 528 1271 508
579 502 1672 1536 985 686 1430 853 896 74 392 917 0 602 1731 1413
24 400 1133 1063 465 522 828 1256 800 554 214 528 602 0 1718 1015
1723 1367 2614 2669 1484 2206 1963 1202 2483 1669 1668 1271 1731 1718 0 1118
1033 911 1565 1680 575 1527 879 1513 1794 1339 1110 508 1413 1015 1118 0
