0 498 454 624 529 744 1621 1078 1418 1589 1670 1455 811 347 1237 1329
498 0 717 175 1028 754 2071 581 1916 1136 1239 1438 1233 167 741 1816
454 717 0 890 664 1193 1397 1249 1401 1849 1956 1908 561 560 1407 1229
624 175 890 0 1144 683 2226 471 2038 975 1071 1326 1394 331 623 1953
529 1028 664 1144 0 1026 1200 1606 893 2087 2153 1629 556 875 1764 837
744 754 1193 683 1026 0 2226 1057 1833 1259 1273 720 1499 775 1165 1845
1621 2071 1397 2226 1200 2226 0 2635 694 3202 3289 2798 841 1903 2796 465
1078 581 1249 471 1606 1057 2635 0 2497 643 781 1564 1794 745 160 2396
1418 1916 1401 2038 893 1833 694 2497 0 2975 3034 2288 910 1758 2655 281
1589 1136 1849 975 2087 1259 3202 643 2975 0 157 1467 2368 1303 523 2915
1670 1239 1956 1071 2153 1273 3289 781 3034 157 0 1400 2463 1402 672 2987
1455 1438 1908 1326 1629 720 2798 1564 2288 1467 1400 0 2156 1486 1616 2371
811 1233 561 1394 556 1499 841 1794 910 2368 2463 2156 0 1066 1954 694
347 167 560 331 875 775 1903 745 1758 1303 1402 1486 1066 0 905 1651
1237 741 1407 623 1764 1165 2796 160 2655 523 672 1616 1954 905 0 2556
1329 1816 1229 1953 837 1845 465 2396 281 2915 2987 2371 694 1651 2556 0
