0 574 592 1358 304 340 1017 1358 216 1363 1200 842 344 932 892 817
574 0 1167 1801 542 669 1379 1693 528 1857 1628 444 833 791 1007 627
592 1167 0 1061 754 689 926 1230 710 941 955 1385 457 1338 1134 1275
1358 1801 1061 0 1646 1132 468 394 1287 1808 176 2177 1450 2282 1031 2175
304 542 754 1646 0 634 1320 1661 482 1319 1493 634 326 636 1170 537
340 669 689 1132 634 0 730 1062 166 1588 961 1054 646 1234 554 1101
1017 1379 926 468 1320 730 0 341 895 1824 297 1783 1200 1948 565 1823
1358 1693 1230 394 1661 1062 341 0 1228 2084 332 2109 1536 2287 774 2160
216 528 710 1287 482 166 895 1228 0 1553 1118 892 556 1070 687 935
1363 1857 941 1808 1319 1588 1824 2084 1553 0 1765 1872 1034 1597 2074 1634
1200 1628 955 176 1493 961 297 332 1118 1765 0 2010 1316 2129 862 2018
842 444 1385 2177 634 1054 1783 2109 892 1872 2010 0 958 439 1449 295
344 833 457 1450 326 646 1200 1536 556 1034 1316 958 0 881 1197 821
932 791 1338 2282 636 1234 1948 2287 1070 1597 2129 439 881 0 1722 164
892 1007 1134 1031 1170 554 565 774 687 2074 862 1449 1197 1722 0 1572
817 627 1275 2175 537 1101 1823 2160 935 1634 2018 295 821 164 1572 0
