0 436 1086 782 1312 367 687 57 609 1602 291 478 1474 360 1570 126
436 0 1360 898 1579 512 1045 401 935 1261 490 88 1660 441 1886 550
1086 1360 0 1804 225 847 1419 1143 484 1889 876 1442 478 922 2175 979
782 898 1804 0 2024 1145 572 740 1323 2139 1072 847 2232 1123 1103 850
1312 1579 225 2024 0 1066 1620 1368 708 2020 1098 1662 351 1139 2342 1204
367 512 847 1145 1066 0 1012 405 449 1370 78 595 1166 78 1898 350
687 1045 1419 572 1620 1012 0 686 983 2282 935 1042 1886 1030 886 662
57 401 1143 740 1368 405 686 0 666 1596 332 435 1527 388 1563 181
609 935 484 1323 708 449 983 666 0 1740 446 1008 916 527 1807 497
1602 1261 1889 2139 2020 1370 2282 1596 1740 0 1428 1296 1860 1315 3144 1665
291 490 876 1072 1098 78 935 332 446 1428 0 568 1217 112 1821 272
478 88 1442 847 1662 595 1042 435 1008 1296 568 0 1747 526 1864 599
1474 1660 478 2232 351 1166 1886 1527 916 1860 1217 1747 0 1226 2653 1385
360 441 922 1123 1139 78 1030 388 527 1315 112 526 1226 0 1917 370
1570 1886 2175 1103 2342 1898 886 1563 1807 3144 1821 1864 2653 1917 0 1549
126 550 979 850 1204 350 662 181 497 1665 272 599 1385 370 1549 0
