0 1377 862 1338 1319 959 890 719 331 143 175 1659 995 1016 1522 810
1377 0 2140 84 528 2193 1342 1848 1162 1234 1206 1187 436 459 2424 702
862 2140 0 2084 2169 1126 1080 363 1190 985 1027 1999 1714 1710 1896 1663
1338 84 2084 0 590 2177 1265 1785 1140 1196 1171 1107 372 388 2436 704
1319 528 2169 590 0 1946 1608 1942 1018 1186 1146 1675 724 782 2030 508
959 2193 1126 2177 1946 0 1796 1302 1040 1068 1071 2618 1885 1920 776 1505
890 1342 1080 1265 1608 1796 0 717 1065 854 884 919 925 887 2413 1220
719 1848 363 1785 1942 1302 717 0 1042 805 850 1635 1413 1402 2032 1451
331 1162 1190 1140 1018 1040 1065 1042 0 245 201 1687 847 886 1438 516
143 1234 985 1196 1186 1068 854 805 245 0 45 1565 856 879 1580 678
175 1206 1027 1171 1146 1071 884 850 201 45 0 1574 837 863 1562 637
1659 1187 1999 1107 1675 2618 919 1635 1687 1565 1574 0 1011 947 3125 1544
995 436 1714 372 724 1885 925 1413 847 856 837 1011 0 64 2234 543
1016 459 1710 388 782 1920 887 1402 886 879 863 947 64 0 2285 604
1522 2424 1896 2436 2030 776 2413 2032 1438 1580 1562 3125 2234 2285 0 1733
810 702 1663 704 508 1505 1220 1451 516 678 637 1544 543 604 1733 0
