0 441 166 465 362 198 274 619 275 267 851 806 718 160 356 310 178 606 10 507 497 735 636 139 430 114 586 801 269 829 616 24 165 726 650 630 57 788 297 416 508 838 292 817 29 162 776 765 329 636 743 355 197 133 419 569 48 488 271 189 379 456 219 758 35 86 490 143 40 245 221 774 799 401 186 414 689 248
441 0 317 356 122 361 705 792 282 381 721 1131 1031 385 787 649 572 1012 431 880 273 564 667 542 862 332 965 664 255 1169 805 449 374 1124 311 661 457 1227 638 225 669 862 606 1243 459 400 753 1175 641 321 1134 642 509 327 342 396 461 930 248 388 804 632 296 660 406 509 868 308 466 195 437 394 1068 838 524 72 1098 526
166 317 0 304 278 69 394 736 110 323 702 833 874 238 518 464 256 772 156 566 459 736 705 228 551 69 751 650 251 991 737 160 234 807 582 514 212 940 451 250 435 914 298 978 170 249 834 930 335 577 910 345 196 37 259 559 208 631 249 264 490 386 54 612 135 252 552 47 205 140 143 613 947 558 207 314 780 377
465 356 304 0 421 270 625 1025 196 595 406 869 1179 531 798 769 479 1061 455 687 615 912 959 471 764 372 1050 352 486 1294 1029 453 525 936 665 307 515 1188 756 131 359 1165 426 1248 461 545 1069 1214 445 678 1203 425 378 341 46 737 510 871 481 553 697 340 251 325 438 552 681 344 505 341 289 405 1250 827 404 410 929 678
362 122 278 421 0 339 635 671 288 260 810 1111 910 276 690 535 516 903 353 840 198 494 557 482 792 267 851 754 136 1050 683 375 265 1075 304 712 365 1133 524 294 686 757 577 1140 385 290 654 1067 614 300 1021 622 473 274 394 317 372 847 129 274 738 642 279 741 329 417 825 252 380 137 416 516 946 745 481 59 1043 409
198 361 69 270 339 0 378 796 100 390 654 775 916 300 530 507 232 791 189 519 525 805 773 213 530 130 780 603 321 1026 796 184 297 765 641 449 251 936 494 247 365 981 245 985 191 310 903 945 279 639 933 284 150 98 224 628 245 622 319 327 466 317 65 561 175 283 507 115 238 202 77 617 995 563 168 369 743 430
274 705 394 625 635 378 0 743 478 512 943 589 710 412 228 387 147 483 283 275 768 984 831 166 157 373 515 903 541 777 729 260 421 460 925 666 289 562 379 626 487 1014 235 631 250 407 978 615 246 910 632 285 246 377 581 829 278 246 544 437 104 442 433 845 306 247 256 396 266 511 336 995 824 225 221 685 418 417
619 792 736 1025 671 796 743 0 833 432 1431 1329 344 498 575 355 756 562 624 1017 584 530 230 724 821 667 455 1377 554 493 28 642 502 1151 732 1244 562 886 364 926 1127 306 892 800 642 486 336 682 925 696 585 958 812 700 984 515 573 766 561 473 818 1075 784 1346 628 559 998 690 585 690 838 1185 309 633 797 722 1092 371
275 282 110 196 288 100 478 833 0 408 599 849 984 337 622 574 332 879 265 609 485 777 783 313 630 176 861 545 312 1101 836 267 331 858 580 437 322 1034 561 148 397 991 332 1080 276 350 903 1036 364 583 1019 362 247 146 152 598 318 721 308 360 566 356 56 512 245 362 598 148 314 169 162 517 1054 659 267 304 838 482
267 381 323 595 260 390 512 432 408 0 1001 1072 650 107 488 288 445 665 265 769 282 472 383 406 653 260 602 947 127 790 440 291 103 973 455 836 229 926 279 493 750 591 557 911 297 107 516 827 595 431 772 618 456 291 556 319 241 672 134 78 615 698 363 919 255 265 751 275 254 257 449 774 689 551 450 318 929 161
851 721 702 406 810 654 943 1431 599 1001 0 949 1569 936 1150 1161 813 1416 843 898 993 1284 1361 820 1052 771 1421 56 890 1675 1435 835 930 1116 1003 300 905 1485 1148 519 493 1566 710 1572 841 949 1465 1558 709 1024 1563 674 713 739 447 1117 899 1176 885 958 986 521 650 98 829 935 900 745 891 746 641 519 1648 1165 739 787 1131 1079
806 1131 833 869 1111 775 589 1329 849 1072 949 0 1238 966 768 974 627 943 809 313 1286 1541 1417 666 521 857 1019 941 1062 1261 1313 783 971 275 1416 669 844 798 967 954 516 1603 535 943 776 965 1563 1002 498 1411 1070 490 641 841 848 1372 831 621 1063 994 511 529 838 871 824 817 332 864 818 974 697 1268 1366 725 637 1144 332 1002
718 1031 874 1179 910 916 710 344 984 650 1569 1238 0 664 486 410 787 317 727 949 878 872 574 768 719 807 221 1520 776 151 316 734 673 1009 1041 1333 664 621 422 1108 1178 615 921 501 728 649 673 377 944 1008 270 982 874 838 1134 834 671 619 783 652 745 1127 928 1475 742 634 931 837 677 881 931 1422 133 516 851 968 945 513
160 385 238 531 276 300 412 498 337 107 936 966 664 0 419 266 338 627 159 663 360 577 482 299 558 170 580 882 147 794 500 184 11 873 526 750 124 863 254 445 651 688 451 864 190 15 619 791 488 507 748 512 351 202 489 417 136 590 152 29 516 599 286 848 150 166 646 192 149 217 352 764 723 478 344 335 830 151
356 787 518 798 690 530 228 575 622 488 1150 768 486 419 0 247 336 266 367 467 769 925 713 331 249 470 287 1106 567 549 556 358 430 575 941 884 330 443 246 769 712 871 456 460 348 407 859 415 472 918 413 511 436 489 752 798 326 200 572 431 261 665 569 1052 391 278 449 500 323 595 515 1130 605 65 411 748 516 341
310 649 464 769 535 507 387 355 574 288 1161 974 410 266 247 0 412 377 318 662 564 684 467 384 476 397 316 1111 399 531 343 328 276 810 738 936 255 654 12 700 797 634 549 626 324 250 613 539 579 711 486 614 483 427 724 570 262 447 405 261 466 745 518 1068 332 230 642 427 270 481 529 1030 489 312 463 594 755 127
178 572 256 479 516 232 147 756 332 445 813 627 787 338 336 412 0 602 182 330 670 913 803 39 298 249 614 771 442 874 748 156 343 559 815 550 219 709 400 479 390 1000 137 771 149 338 946 745 168 805 750 202 102 245 435 747 206 393 443 366 235 340 290 715 200 201 314 266 192 384 190 849 888 353 76 561 527 395
606 1012 772 1061 903 791 483 562 879 665 1416 943 317 627 266 377 602 0 616 675 940 1028 762 597 441 716 108 1372 770 317 535 612 638 700 1114 1148 568 324 385 1022 971 867 718 253 603 612 892 163 730 1086 148 769 702 739 1014 938 568 322 776 629 484 926 824 1318 638 521 659 747 568 829 780 1375 450 259 677 963 636 503
10 431 156 455 353 189 283 624 265 265 843 809 727 159 367 318 182 616 0 512 491 731 637 143 439 103 596 793 262 839 621 26 162 733 643 624 64 798 305 406 505 839 292 827 34 161 777 775 329 629 754 355 195 123 409 565 56 498 264 188 386 452 209 749 25 96 495 133 49 235 215 763 807 412 186 405 696 253
507 880 566 687 840 519 275 1017 609 769 898 313 949 663 467 662 330 675 512 0 1000 1240 1104 368 233 575 736 871 772 990 1002 485 669 250 1142 597 540 618 654 738 404 1290 277 737 478 661 1251 766 247 1133 815 262 370 565 654 1077 527 357 774 690 205 383 584 803 530 508 19 587 514 703 447 1091 1072 433 358 880 243 690
497 273 459 615 198 525 768 584 485 282 993 1286 878 360 769 564 670 940 491 1000 0 296 416 632 918 429 868 937 228 1026 603 516 350 1224 174 910 479 1208 556 485 881 599 751 1190 525 369 485 1100 789 148 1037 803 645 446 592 123 490 949 226 342 872 837 470 930 470 526 984 423 501 324 602 628 885 831 649 207 1185 440
735 564 736 912 494 805 984 530 777 472 1284 1541 872 577 925 684 913 1028 731 1240 296 0 301 874 1119 694 935 1228 487 1022 557 758 571 1444 313 1206 701 1333 682 781 1168 393 1014 1281 764 579 270 1174 1052 280 1090 1071 909 717 888 178 713 1121 488 550 1085 1122 756 1224 716 737 1223 695 726 610 879 876 834 990 908 502 1398 587
636 667 705 959 557 773 831 230 783 383 1361 1417 574 482 713 467 803 762 637 1104 416 301 0 765 940 644 662 1305 473 724 258 661 482 1274 536 1217 585 1081 470 842 1133 208 927 1010 663 476 147 897 964 498 806 991 832 675 924 319 598 913 478 452 922 1081 743 1285 631 603 1086 658 612 619 832 1043 533 777 823 594 1221 414
139 542 228 471 482 213 166 724 313 406 820 666 768 299 331 384 39 597 143 368 632 874 765 0 322 215 603 775 404 860 717 117 304 594 779 565 180 722 372 461 413 963 168 776 110 299 908 745 201 768 744 233 107 214 426 708 167 408 405 327 262 362 267 722 161 166 352 234 154 351 184 830 866 356 83 528 561 360
430 862 551 764 792 530 157 821 630 653 1052 521 719 558 249 476 298 441 439 233 918 1119 940 322 0 531 504 1017 693 756 803 417 567 334 1078 761 438 433 471 777 570 1110 347 528 407 551 1087 540 343 1062 583 377 389 535 723 972 428 130 697 580 67 533 588 954 463 392 217 554 418 669 481 1146 845 204 366 843 281 537
114 332 69 372 267 130 373 667 176 260 771 857 807 170 470 397 249 716 103 575 429 694 644 215 531 0 690 719 207 926 668 117 167 808 567 580 149 901 385 307 490 851 322 931 128 181 775 877 361 558 852 377 216 32 327 520 148 599 207 197 474 439 121 682 79 195 560 30 148 137 190 660 878 515 220 313 776 307
586 965 751 1050 851 780 515 455 861 602 1421 1019 221 580 287 316 614 108 596 736 868 935 662 603 504 690 0 1375 715 262 428 596 590 788 1041 1165 541 433 327 998 998 759 740 348 588 564 788 239 758 1011 170 797 710 717 1003 855 543 399 722 577 536 949 805 1324 616 499 719 721 546 791 780 1340 353 304 685 911 724 442
801 664 650 352 754 603 903 1377 545 947 56 941 1520 882 1106 1111 771 1372 793 871 937 1228 1305 775 1017 719 1375 0 835 1627 1381 786 876 1096 948 279 855 1450 1098 463 467 1510 672 1534 792 896 1409 1516 673 969 1519 640 669 687 393 1061 849 1139 830 905 950 490 598 70 778 886 873 692 842 691 595 475 1597 1124 695 731 1108 1027
269 255 251 486 136 321 541 554 312 127 890 1062 776 147 567 399 442 770 262 772 228 487 473 404 693 207 715 835 0 914 563 288 136 996 384 749 255 1010 389 375 687 681 530 1010 296 160 591 934 568 368 885 585 424 230 450 312 265 734 6 140 646 638 278 812 242 305 756 209 275 145 392 647 817 625 425 195 958 273
829 1169 991 1294 1050 1026 777 493 1101 790 1675 1261 151 794 549 531 874 317 839 990 1026 1022 724 860 756 926 262 1627 914 0 465 842 804 1013 1191 1425 779 565 544 1232 1260 749 1002 423 836 779 817 305 1021 1158 204 1059 968 955 1248 985 784 640 921 785 794 1211 1045 1579 856 743 974 957 789 1011 1033 1557 224 563 943 1108 949 645
616 805 737 1029 683 796 729 28 836 440 1435 1313 316 500 556 343 748 535 621 1002 603 557 258 717 803 668 428 1381 563 465 0 638 505 1131 754 1243 558 860 352 932 1123 332 885 772 637 487 365 653 916 718 557 950 807 701 988 538 569 745 570 476 802 1070 786 1349 626 552 983 692 580 697 836 1199 285 613 790 735 1072 367
24 449 160 453 375 184 260 642 267 291 835 783 734 184 358 328 156 612 26 485 516 758 661 117 417 117 596 786 288 842 638 0 189 708 667 609 80 784 316 411 485 863 267 818 10 186 801 769 304 654 751 330 172 131 407 591 69 481 290 214 363 432 212 741 46 100 469 145 59 253 201 772 818 399 161 426 672 272
165 374 234 525 265 297 421 502 331 103 930 971 673 11 430 276 343 638 162 669 350 571 482 304 567 167 590 876 136 804 505 189 0 880 516 747 132 874 265 437 651 688 454 875 194 26 618 802 491 497 759 515 353 199 483 409 143 601 141 30 525 599 281 843 152 175 652 187 156 207 351 753 731 489 347 324 839 160
726 1124 807 936 1075 765 460 1151 858 973 1116 275 1009 873 575 810 559 700 733 250 1224 1444 1274 594 334 808 788 1096 996 1013 1131 708 880 0 1374 817 748 523 805 989 631 1443 526 672 699 867 1422 739 498 1362 816 512 615 803 904 1290 737 394 998 897 358 620 830 1026 754 708 259 824 725 942 696 1341 1141 519 600 1119 64 868
650 311 582 665 304 641 925 732 580 455 1003 1416 1041 526 941 738 815 1114 643 1142 174 313 536 779 1078 567 1041 948 384 1191 754 667 516 1374 0 972 640 1381 731 535 975 687 881 1364 676 537 565 1274 918 37 1210 926 777 577 653 218 650 1117 381 511 1029 936 580 954 620 689 1127 555 660 442 719 565 1039 1002 785 275 1339 614
630 661 514 307 712 449 666 1244 437 836 300 669 1333 750 884 936 550 1148 624 597 910 1206 1217 565 761 580 1165 279 749 1425 1243 609 747 817 972 0 688 1192 924 436 194 1426 430 1286 613 760 1340 1281 422 983 1296 385 459 547 320 1028 678 888 745 777 697 227 473 208 617 705 600 561 669 606 409 639 1425 891 482 710 831 876
57 457 212 515 365 251 289 562 322 229 905 844 664 124 330 255 219 568 64 540 479 701 585 180 438 149 541 855 255 779 558 80 132 748 640 688 0 770 242 457 565 786 342 788 80 121 728 729 378 624 702 406 252 176 469 541 12 481 259 150 393 512 266 813 77 52 522 180 26 265 279 807 743 381 239 421 707 191
788 1227 940 1188 1133 936 562 886 1034 926 1485 798 621 863 443 654 709 324 798 618 1208 1333 1081 722 433 901 433 1450 1010 565 860 784 874 523 1381 1192 770 0 659 1183 999 1191 780 156 774 850 1214 259 776 1357 362 810 809 915 1144 1225 765 316 1015 873 500 965 985 1387 823 717 608 929 760 1032 899 1551 751 388 784 1190 465 770
297 638 451 756 524 494 379 364 561 279 1148 967 422 254 246 12 400 385 305 654 556 682 470 372 471 385 327 1098 389 544 352 316 265 805 731 924 242 659 0 688 785 640 538 633 311 239 617 548 568 704 496 603 470 415 711 566 249 445 395 250 459 733 505 1055 319 218 635 414 257 469 516 1018 502 311 451 584 751 118
416 225 250 131 294 247 626 926 148 493 519 954 1108 445 769 700 479 1022 406 738 485 781 842 461 777 307 998 463 375 1232 932 411 437 989 535 436 457 1183 688 0 461 1047 463 1228 420 460 947 1181 491 547 1159 481 389 282 119 608 455 870 369 463 711 432 199 447 383 501 729 277 454 235 299 369 1169 807 411 279 974 596
508 669 435 359 686 365 487 1127 397 750 493 516 1178 651 712 797 390 971 505 404 881 1168 1133 413 570 490 998 467 687 1260 1123 485 651 631 975 194 565 999 785 461 0 1339 257 1097 485 658 1266 1098 240 979 1120 202 315 461 345 990 554 699 684 680 508 52 412 399 505 571 406 480 542 558 300 752 1279 712 334 700 641 757
838 862 914 1165 757 981 1014 306 991 591 1566 1603 615 688 871 634 1000 867 839 1290 599 393 208 963 1110 851 759 1510 681 749 332 863 688 1443 687 1426 786 1191 640 1047 1339 0 1128 1099 865 681 123 978 1164 651 876 1192 1035 882 1131 485 798 1066 685 658 1099 1287 952 1491 836 798 1271 867 812 827 1039 1226 531 931 1024 790 1386 605
292 606 298 426 577 245 235 892 332 557 710 535 921 451 456 549 137 718 292 277 751 1014 927 168 347 322 740 672 530 1002 885 267 454 526 881 430 342 780 538 463 257 1128 0 862 264 453 1069 851 38 875 866 65 106 305 388 842 329 466 530 480 280 209 310 611 301 334 266 328 316 439 171 822 1025 460 106 612 510 527
817 1243 978 1248 1140 985 631 800 1080 911 1572 943 501 864 460 626 771 253 827 737 1190 1281 1010 776 528 931 348 1534 1010 423 772 818 875 672 1364 1286 788 156 633 1228 1097 1099 862 0 808 850 1135 124 864 1337 231 901 873 950 1203 1191 786 398 1015 869 589 1059 1028 1473 852 738 726 961 784 1054 960 1591 625 421 847 1199 611 750
29 459 170 461 385 191 250 642 276 297 841 776 728 190 348 324 149 603 34 478 525 764 663 110 407 128 588 792 296 836 637 10 194 699 676 613 80 774 311 420 485 865 264 808 0 191 805 760 300 663 743 327 171 142 415 599 68 470 298 219 353 433 221 746 56 94 461 155 56 264 205 782 813 389 159 436 662 271
162 400 249 545 290 310 407 486 350 107 949 965 649 15 407 250 338 612 161 661 369 579 476 299 551 181 564 896 160 779 487 186 26 867 537 760 121 850 239 460 658 681 453 850 191 0 615 776 491 517 733 516 355 214 502 422 133 580 165 29 510 606 298 861 155 160 643 204 147 232 360 779 708 466 347 350 824 136
776 753 834 1069 654 903 978 336 903 516 1465 1563 673 619 859 613 946 892 777 1251 485 270 147 908 1087 775 788 1409 591 817 365 801 618 1422 565 1340 728 1214 617 947 1266 123 1069 1135 805 615 0 1018 1105 528 922 1132 971 805 1037 367 741 1058 595 590 1069 1215 868 1394 770 748 1233 787 755 735 966 1109 608 922 963 683 1368 561
765 1175 930 1214 1067 945 615 682 1036 827 1558 1002 377 791 415 539 745 163 775 766 1100 1174 897 745 540 877 239 1516 934 305 653 769 802 739 1274 1281 729 259 548 1181 1098 978 851 124 760 776 1018 0 859 1246 107 897 848 899 1168 1093 729 410 940 793 594 1055 982 1459 798 681 752 907 728 991 929 1537 501 392 821 1127 676 666
329 641 335 445 614 279 246 925 364 595 709 498 944 488 472 579 168 730 329 247 789 1052 964 201 343 361 758 673 568 1021 916 304 491 498 918 422 378 776 568 491 240 1164 38 864 300 491 1105 859 0 913 879 38 144 343 409 880 365 467 568 518 277 196 344 611 339 368 239 366 352 476 204 845 1050 471 144 648 485 562
636 321 577 678 300 639 910 696 583 431 1024 1411 1008 507 918 711 805 1086 629 1133 148 280 498 768 1062 558 1011 969 368 1158 718 654 497 1362 37 983 624 1357 704 547 979 651 875 1337 663 517 528 1246 913 0 1179 922 770 570 663 181 633 1097 366 490 1015 939 578 973 608 671 1118 548 644 437 717 596 1004 980 777 278 1326 588
743 1134 910 1203 1021 933 632 585 1019 772 1563 1070 270 748 413 486 750 148 754 815 1037 1090 806 744 583 852 170 1519 885 204 557 751 759 816 1210 1296 702 362 496 1159 1120 876 866 231 743 733 922 107 879 1179 0 918 849 876 1157 1020 703 458 892 746 629 1074 963 1465 775 657 799 882 705 957 925 1506 393 407 824 1081 751 613
355 642 345 425 622 284 285 958 362 618 674 490 982 512 511 614 202 769 355 262 803 1071 991 233 377 377 797 640 585 1059 950 330 515 512 926 385 406 810 603 481 202 1192 65 901 327 516 1132 897 38 922 918 0 162 357 392 897 394 502 584 542 312 158 348 576 362 399 256 379 380 485 207 829 1087 510 168 653 504 593
197 509 196 378 473 150 246 812 247 456 713 641 874 351 436 483 102 702 195 370 645 909 832 107 389 216 710 669 424 968 807 172 353 615 777 459 252 809 470 389 315 1035 106 873 171 355 971 848 144 770 849 162 0 200 335 736 240 492 424 381 323 263 214 616 201 255 358 222 227 335 91 757 969 456 26 510 592 442
133 327 37 341 274 98 377 700 146 291 739 841 838 202 489 427 245 739 123 565 446 717 675 214 535 32 717 687 230 955 701 131 199 803 577 547 176 915 415 282 461 882 305 950 142 214 805 899 343 570 876 357 200 0 296 541 173 609 229 229 476 411 90 649 101 219 551 22 171 139 163 641 910 531 207 316 773 340
419 342 259 46 394 224 581 984 152 556 447 848 1134 489 752 724 435 1014 409 654 592 888 924 426 723 327 1003 393 450 1248 988 407 483 904 653 320 469 1144 711 119 345 1131 388 1203 415 502 1037 1168 409 663 1157 392 335 296 0 712 464 828 445 511 656 320 206 363 392 505 647 300 459 304 245 436 1206 782 360 390 894 634
569 396 559 737 317 628 829 515 598 319 1117 1372 834 417 798 570 747 938 565 1077 123 178 319 708 972 520 855 1061 312 985 538 591 409 1290 218 1028 541 1225 566 608 990 485 842 1191 599 422 367 1093 880 181 1020 897 736 541 712 0 553 988 312 392 933 943 577 1053 548 582 1060 519 566 431 702 741 824 862 737 330 1247 457
48 461 208 510 372 245 278 573 318 241 899 831 671 136 326 262 206 568 56 527 490 713 598 167 428 148 543 849 265 784 569 69 143 737 650 678 12 765 249 455 554 798 329 786 68 133 741 729 365 633 703 394 240 173 464 553 0 474 268 163 382 501 262 806 72 48 510 179 13 268 269 807 751 376 226 427 696 202
488 930 631 871 847 622 246 766 721 672 1176 621 619 590 200 447 393 322 498 357 949 1121 913 408 130 599 399 1139 734 640 745 481 601 394 1117 888 481 316 445 870 699 1066 466 398 470 580 1058 410 467 1097 458 502 492 609 828 988 474 0 738 607 190 660 674 1077 524 430 342 625 466 734 583 1239 749 135 467 901 331 535
271 248 249 481 129 319 544 561 308 134 885 1063 783 152 572 405 443 776 264 774 226 488 478 405 697 207 722 830 6 921 570 290 141 998 381 745 259 1015 395 369 684 685 530 1015 298 165 595 940 568 366 892 584 424 229 445 312 268 738 0 146 649 636 275 807 244 309 758 207 278 141 391 640 824 630 426 189 960 280
189 388 264 553 274 327 437 473 360 78 958 994 652 29 431 261 366 629 188 690 342 550 452 327 580 197 577 905 140 785 476 214 30 897 511 777 150 873 250 463 680 658 480 869 219 29 590 793 518 490 746 542 381 229 511 392 163 607 146 0 540 629 310 872 180 189 673 217 176 230 381 772 706 491 374 334 854 139
379 804 490 697 738 466 104 818 566 615 986 511 745 516 261 466 235 484 386 205 872 1085 922 262 67 474 536 950 646 794 802 363 525 358 1029 697 393 500 459 711 508 1099 280 589 353 510 1069 594 277 1015 629 312 323 476 656 933 382 190 649 540 0 469 525 888 410 350 187 496 371 612 414 1080 867 231 300 787 314 511
456 632 386 340 642 317 442 1075 356 698 521 529 1127 599 665 745 340 926 452 383 837 1122 1081 362 533 439 949 490 638 1211 1070 432 599 620 936 227 512 965 733 432 52 1287 209 1059 433 606 1215 1055 196 939 1074 158 263 411 320 943 501 660 636 629 469 0 366 424 452 518 383 431 489 513 249 741 1227 667 281 660 625 704
219 296 54 251 279 65 433 784 56 363 650 838 928 286 569 518 290 824 209 584 470 756 743 267 588 121 805 598 278 1045 786 212 281 830 580 473 266 985 505 199 412 952 310 1028 221 298 868 982 344 578 963 348 214 90 206 577 262 674 275 310 525 366 0 562 189 306 572 94 259 146 141 566 1000 607 231 305 806 428
758 660 612 325 741 561 845 1346 512 919 98 871 1475 848 1052 1068 715 1318 749 803 930 1224 1285 722 954 682 1324 70 812 1579 1349 741 843 1026 954 208 813 1387 1055 447 399 1491 611 1473 746 861 1394 1459 611 973 1465 576 616 649 363 1053 806 1077 807 872 888 424 562 0 736 841 805 657 798 666 545 513 1557 1067 641 723 1039 989
35 406 135 438 329 175 306 628 245 255 829 824 742 150 391 332 200 638 25 530 470 716 631 161 463 79 616 778 242 856 626 46 152 754 620 617 77 823 319 383 505 836 301 852 56 155 770 798 339 608 775 362 201 101 392 548 72 524 244 180 410 452 189 736 0 117 514 109 70 210 210 739 820 436 195 380 718 259
86 509 252 552 417 283 247 559 362 265 935 817 634 166 278 230 201 521 96 508 526 737 603 166 392 195 499 886 305 743 552 100 175 708 689 705 52 717 218 501 571 798 334 738 94 160 748 681 368 671 657 399 255 219 505 582 48 430 309 189 350 518 306 841 117 0 490 226 47 316 298 855 720 329 238 474 664 194
490 868 552 681 825 507 256 998 598 751 900 332 931 646 449 642 314 659 495 19 984 1223 1086 352 217 560 719 873 756 974 983 469 652 259 1127 600 522 608 635 729 406 1271 266 726 461 643 1233 752 239 1118 799 256 358 551 647 1060 510 342 758 673 187 383 572 805 514 490 0 573 496 689 436 1084 1054 415 345 866 247 671
143 308 47 344 252 115 396 690 148 275 745 864 837 192 500 427 266 747 133 587 423 695 658 234 554 30 721 692 209 957 692 145 187 824 555 561 180 929 414 277 480 867 328 961 155 204 787 907 366 548 882 379 222 22 300 519 179 625 207 217 496 431 94 657 109 226 573 0 178 117 183 630 906 544 229 294 794 334
40 466 205 505 380 238 266 585 314 254 891 818 677 149 323 270 192 568 49 514 501 726 612 154 418 148 546 842 275 789 580 59 156 725 660 669 26 760 257 454 542 812 316 784 56 147 755 728 352 644 705 380 227 171 459 566 13 466 278 176 371 489 259 798 70 47 496 178 0 272 259 808 760 372 214 434 684 215
245 195 140 341 137 202 511 690 169 257 746 974 881 217 595 481 384 829 235 703 324 610 619 351 669 137 791 691 145 1011 697 253 207 942 442 606 265 1032 469 235 558 827 439 1054 264 232 735 991 476 437 957 485 335 139 304 431 268 734 141 230 612 513 146 666 210 316 689 117 272 0 280 549 936 644 344 177 912 368
221 437 143 289 416 77 336 838 162 449 641 697 931 352 515 529 190 780 215 447 602 879 832 184 481 190 780 595 392 1033 836 201 351 696 719 409 279 899 516 299 300 1039 171 960 205 360 966 929 204 717 925 207 91 163 245 702 269 583 391 381 414 249 141 545 210 298 436 183 259 280 0 666 1018 540 115 446 677 468
774 394 613 405 516 617 995 1185 517 774 519 1268 1422 764 1130 1030 849 1375 763 1091 628 876 1043 830 1146 660 1340 475 647 1557 1199 772 753 1341 565 639 807 1551 1018 369 752 1226 822 1591 782 779 1109 1537 845 596 1506 829 757 641 436 741 807 1239 640 772 1080 741 566 513 739 855 1084 630 808 549 666 0 1463 1172 779 464 1331 912
799 1068 947 1250 946 995 824 309 1054 689 1648 1366 133 723 605 489 888 450 807 1072 885 834 533 866 845 878 353 1597 817 224 285 818 731 1141 1039 1425 743 751 502 1169 1279 531 1025 625 813 708 608 501 1050 1004 393 1087 969 910 1206 824 751 749 824 706 867 1227 1000 1557 820 720 1054 906 760 936 1018 1463 0 641 947 1001 1077 573
401 838 558 827 745 563 225 633 659 551 1165 725 516 478 65 312 353 259 412 433 831 990 777 356 204 515 304 1124 625 563 613 399 489 519 1002 891 381 388 311 807 712 931 460 421 389 466 922 392 471 980 407 510 456 531 782 862 376 135 630 491 231 667 607 1067 436 329 415 544 372 644 540 1172 641 0 430 802 459 406
186 524 207 404 481 168 221 797 267 450 739 637 851 344 411 463 76 677 186 358 649 908 823 83 366 220 685 695 425 943 790 161 347 600 785 482 239 784 451 411 334 1024 106 847 159 347 963 821 144 777 824 168 26 207 360 737 226 467 426 374 300 281 231 641 195 238 345 229 214 344 115 779 947 430 0 521 575 428
414 72 314 410 59 369 685 722 304 318 787 1144 968 335 748 594 561 963 405 880 207 502 594 528 843 313 911 731 195 1108 735 426 324 1119 275 710 421 1190 584 279 700 790 612 1199 436 350 683 1127 648 278 1081 653 510 316 390 330 427 901 189 334 787 660 305 723 380 474 866 294 434 177 446 464 1001 802 521 0 1089 469
689 1098 780 929 1043 743 418 1092 838 929 1131 332 945 830 516 755 527 636 696 243 1185 1398 1221 561 281 776 724 1108 958 949 1072 672 839 64 1339 831 707 465 751 974 641 1386 510 611 662 824 1368 676 485 1326 751 504 592 773 894 1247 696 331 960 854 314 625 806 1039 718 664 247 794 684 912 677 1331 1077 459 575 1089 0 818
248 526 377 678 409 430 417 371 482 161 1079 1002 513 151 341 127 395 503 253 690 440 587 414 360 537 307 442 1027 273 645 367 272 160 868 614 876 191 770 118 596 757 605 527 750 271 136 561 666 562 588 613 593 442 340 634 457 202 535 280 139 511 704 428 989 259 194 671 334 215 368 468 912 573 406 428 469 818 0
