0 1430 1551 236 1457 1563 185 1123 1688 584 472 468 796 759 1462 909 119
1430 0 2101 1554 1825 880 1558 2139 3098 1442 1144 1392 2170 1332 1405 2235 1313
1551 2101 0 1765 306 2742 1696 692 2030 2128 1911 2008 1395 2269 2894 1276 1529
236 1554 1765 0 1686 1556 71 1285 1643 424 462 331 826 636 1358 968 327
1457 1825 306 1686 0 2508 1620 837 2203 2010 1760 1890 1466 2127 2712 1375 1412
1563 880 2742 1556 2508 0 1598 2580 3198 1227 1103 1256 2355 1017 644 2472 1483
185 1558 1696 71 1620 1598 0 1214 1608 492 496 393 770 699 1419 908 290
1123 2139 692 1285 837 2580 1214 0 1366 1698 1571 1587 724 1883 2578 589 1152
1688 3098 2030 1643 2203 3198 1608 1366 0 1994 2104 1946 934 2220 2910 913 1797
584 1442 2128 424 2010 1227 492 1698 1994 0 332 120 1240 226 942 1388 600
472 1144 1911 462 1760 1103 496 1571 2104 332 0 252 1253 369 1008 1377 419
468 1392 2008 331 1890 1256 393 1587 1946 120 252 0 1157 305 1026 1300 480
796 2170 1395 826 1466 2355 770 724 934 1240 1253 1157 0 1460 2181 168 892
759 1332 2269 636 2127 1017 699 1883 2220 226 369 305 1460 0 721 1605 747
1462 1405 2894 1358 2712 644 1419 2578 2910 942 1008 1026 2181 721 0 2326 1427
909 2235 1276 968 1375 2472 908 589 913 1388 1377 1300 168 1605 2326 0 993
119 1313 1529 327 1412 1483 290 1152 1797 600 419 480 892 747 1427 993 0
