0 472 1681 23 1526 1583 343 194 980 1372 672 576 498 1696 516 1125
472 0 1367 482 1357 1350 606 576 1448 1411 1063 367 51 1578 883 1525
1681 1367 0 1674 2505 315 1946 1859 2565 2736 2353 1696 1392 746 2190 2804
23 482 1674 0 1549 1572 363 210 975 1394 680 597 509 1680 528 1131
1526 1357 2505 1549 0 2596 1258 1417 2072 632 1506 1009 1308 2899 1399 1759
1583 1350 315 1572 2596 0 1882 1772 2398 2757 2250 1706 1384 441 2100 2687
343 606 1946 363 1258 1882 0 169 952 1036 471 473 603 2026 288 927
194 576 1859 210 1417 1772 169 0 890 1204 499 553 587 1890 330 960
980 1448 2565 975 2072 2398 952 890 0 1617 566 1423 1467 2370 702 527
1372 1411 2736 1394 632 2757 1036 1204 1617 0 1084 1051 1374 2982 1044 1214
672 1063 2353 680 1506 2250 471 499 566 1084 0 933 1066 2327 183 462
576 367 1696 597 1009 1706 473 553 1423 1051 933 0 325 1946 753 1371
498 51 1392 509 1308 1384 603 587 1467 1374 1066 325 0 1620 884 1527
1696 1578 746 1680 2899 441 2026 1890 2370 2982 2327 1946 1620 0 2200 2731
516 883 2190 528 1399 2100 288 330 702 1044 183 753 884 2200 0 642
1125 1525 2804 1131 1759 2687 927 960 527 1214 462 1371 1527 2731 642 0
