0 107 1426 1663 1392 60 1558 145 679 215 953 1292 291 1216 979 613
107 0 1522 1745 1453 59 1490 150 614 245 1015 1188 322 1192 1084 701
1426 1522 0 450 743 1463 2925 1413 1721 1333 1633 2543 1286 1683 946 834
1663 1745 450 0 509 1687 3212 1614 1793 1522 2035 2619 1459 1581 1373 1050
1392 1453 743 509 0 1400 2943 1307 1364 1210 1990 2173 1136 1076 1432 835
60 59 1463 1687 1400 0 1544 111 623 198 1005 1233 276 1176 1039 641
1558 1490 2925 3212 2943 1544 0 1637 1791 1733 1572 1530 1808 2455 2173 2164
145 150 1413 1614 1307 111 1637 0 546 96 1095 1217 172 1071 1067 581
679 614 1721 1793 1364 623 1791 546 0 544 1628 828 529 668 1586 933
215 245 1333 1522 1210 198 1733 96 544 0 1135 1266 78 1014 1045 498
953 1015 1633 2035 1990 1005 1572 1095 1628 1135 0 2095 1192 2146 706 1186
1292 1188 2543 2619 2173 1233 1530 1217 828 1266 2095 0 1287 1253 2272 1731
291 322 1286 1459 1136 276 1808 172 529 78 1192 1287 0 954 1057 454
1216 1192 1683 1581 1076 1176 2455 1071 668 1014 2146 1253 954 0 1906 1128
979 1084 946 1373 1432 1039 2173 1067 1586 1045 706 2272 1057 1906 0 784
613 701 834 1050 835 641 2164 581 933 498 1186 1731 454 1128 784 0
