0 1512 648 1102 206 1003 1580 830 1620 660 144 1456 528 1533 784 1609
1512 0 1832 2586 1424 2424 2312 1742 1414 2157 1373 1110 1814 3026 2091 2765
648 1832 0 1256 533 1305 958 1454 2247 888 672 2056 142 1597 271 999
1102 2586 1256 0 1258 284 2082 1151 2241 443 1247 2212 1138 440 1097 1651
206 1424 533 1258 0 1187 1417 1017 1716 816 145 1523 446 1678 729 1528
1003 2424 1305 284 1187 0 2199 887 1976 416 1143 1964 1171 665 1199 1849
1580 2312 958 2082 1417 2199 0 2405 3093 1797 1563 2859 1099 2318 1000 771
830 1742 1454 1151 1017 887 2405 0 1090 904 884 1084 1319 1552 1518 2331
1620 1414 2247 2241 1716 1976 3093 1090 0 1961 1575 306 2143 2637 2404 3229
660 2157 888 443 816 416 1797 904 1961 0 805 1885 755 873 800 1518
144 1373 672 1247 145 1143 1563 884 1575 805 0 1389 573 1678 850 1661
1456 1110 2056 2212 1523 1964 2859 1084 306 1885 1389 0 1963 2629 2236 3050
528 1814 142 1138 446 1171 1099 1319 2143 755 573 1963 0 1496 286 1087
1533 3026 1597 440 1678 665 2318 1552 2637 873 1678 2629 1496 0 1391 1764
784 2091 271 1097 729 1199 1000 1518 2404 800 850 2236 286 1391 0 827
1609 2765 999 1651 1528 1849 771 2331 3229 1518 1661 3050 1087 1764 827 0
