0 1274 1482 766 576 793 1724 1291 950 707 411 468 1173 714 1183 1587
1274 0 1477 1718 731 983 2294 254 1895 748 863 1463 1580 1915 2182 1831
1482 1477 0 1124 1482 736 975 1708 1165 984 1365 1944 479 1564 1374 2911
766 1718 1124 0 1204 802 995 1831 192 973 1005 1175 663 446 468 2344
576 731 1482 1204 0 758 2022 717 1395 499 199 742 1350 1275 1665 1433
793 983 736 802 758 0 1334 1153 954 281 629 1233 625 1128 1239 2177
1724 2294 975 995 2022 1334 0 2484 865 1610 1841 2162 714 1360 848 3310
1291 254 1708 1831 717 1153 2484 0 2016 890 889 1397 1770 1974 2299 1615
950 1895 1165 192 1395 954 865 2016 0 1147 1197 1341 686 500 287 2517
707 748 984 973 499 281 1610 890 1147 0 414 1087 906 1215 1434 1932
411 863 1365 1005 199 629 1841 889 1197 414 0 689 1186 1087 1466 1550
468 1463 1944 1175 742 1233 2162 1397 1341 1087 689 0 1640 970 1529 1182
1173 1580 479 663 1350 625 714 1770 686 906 1186 1640 0 1109 899 2715
714 1915 1564 446 1275 1128 1360 1974 500 1215 1087 970 1109 0 586 2146
1183 2182 1374 468 1665 1239 848 2299 287 1434 1466 1529 899 586 0 2712
1587 1831 2911 2344 1433 2177 3310 1615 2517 1932 1550 1182 2715 2146 2712 0
