0 767 10 834 494 778 46 84 282 833 50 384 519 199 491 393 693 596 190 314 281 634 741 863 297 10 211 723 819 210 100 116 215 216 810 546 246 218 103 566 696 563 724 447 755 615 329 672 736 604 239 835 118 606 499 828 438 293 35 133 74 515 189 520 649 517 858 798 397 570 127 347 793 387 402 844 335 583
767 0 763 1186 1256 293 808 803 942 288 816 1144 849 614 805 407 584 1315 931 453 960 1145 674 703 876 766 892 1248 875 680 851 859 578 561 1183 504 538 976 711 638 1177 392 1318 544 1492 1219 1073 307 850 1073 963 1307 739 1339 1146 131 329 840 792 720 788 989 935 559 290 1166 1604 1389 398 714 887 1114 1501 1028 773 1474 1064 1234
10 763 0 826 500 770 46 78 292 832 53 386 528 191 499 387 697 595 199 311 276 644 731 868 306 3 222 733 826 200 109 125 207 210 802 549 245 219 108 556 706 564 719 451 755 625 337 665 743 614 236 828 108 614 509 825 434 302 32 139 66 525 198 510 642 513 865 793 396 576 135 351 791 381 410 854 334 579
834 1186 826 0 1016 967 808 754 1076 1412 820 790 1353 756 1322 849 1446 677 941 934 610 1436 576 1624 1122 824 1015 1508 1635 679 889 906 790 828 34 1287 959 771 925 548 1503 1246 400 1210 816 1370 999 895 1556 1422 685 200 727 1191 1244 1308 963 1125 807 961 761 1340 931 627 903 497 1326 417 1045 1380 879 860 724 520 1233 1535 676 500
494 1256 500 1016 0 1268 461 486 369 1280 449 227 706 682 710 887 1040 410 326 803 457 570 1160 1177 465 497 387 594 1037 657 405 396 706 710 983 933 719 326 545 987 632 990 704 832 448 439 193 1161 951 605 394 913 562 175 339 1303 930 501 476 541 498 574 321 967 1140 524 371 755 867 849 369 178 552 509 651 530 351 546
778 293 770 967 1268 0 807 783 1016 581 819 1111 1020 585 975 387 832 1233 965 509 890 1287 410 973 973 773 953 1390 1118 621 875 889 563 564 970 718 608 954 759 430 1330 612 1170 722 1417 1330 1107 107 1077 1224 915 1115 708 1383 1236 421 392 944 792 781 770 1132 966 377 128 1056 1635 1234 521 919 905 1104 1402 930 921 1581 1007 1119
46 808 46 808 461 807 0 55 285 878 14 340 550 223 524 426 737 550 175 356 239 645 748 907 314 42 217 730 857 216 91 110 244 251 783 591 291 173 146 572 708 609 683 492 709 614 306 701 772 620 193 800 117 582 495 871 478 316 15 173 54 534 171 532 679 474 828 756 442 609 105 307 746 346 436 835 289 540
84 803 78 754 486 783 55 0 340 892 69 340 602 199 575 410 773 531 223 359 199 700 702 945 370 76 272 785 904 174 145 164 228 242 729 623 307 174 187 525 764 632 641 526 697 667 345 676 820 676 168 750 76 617 546 874 474 371 54 217 15 590 218 491 655 437 856 715 454 654 153 321 726 303 486 884 269 504
282 942 292 1076 369 1016 285 340 0 925 271 410 355 471 350 630 670 663 137 510 471 362 1022 810 96 291 70 444 690 492 195 176 475 461 1048 567 413 320 258 848 427 634 883 469 771 333 182 916 602 347 398 1040 398 402 223 970 637 132 293 235 340 273 148 798 889 669 671 951 543 483 197 328 848 573 283 571 449 722
833 288 832 1412 1280 581 878 892 925 0 883 1217 726 738 688 571 375 1424 956 541 1078 1037 943 445 841 836 893 1136 654 817 893 896 697 667 1404 375 587 1051 749 877 1054 291 1483 460 1588 1141 1087 580 651 958 1061 1509 846 1327 1095 172 460 802 865 744 877 889 964 792 557 1306 1595 1557 438 562 931 1168 1618 1165 689 1391 1162 1375
50 816 53 820 449 819 14 69 271 883 0 334 541 236 516 437 735 549 160 364 245 631 763 903 302 49 202 716 850 231 76 95 256 261 795 591 296 168 145 587 695 611 688 491 706 599 292 713 765 607 195 809 132 568 480 878 487 305 27 168 69 521 157 547 691 479 815 762 447 603 91 298 745 353 427 820 289 543
384 1144 386 790 227 1111 340 340 410 1217 334 0 764 536 755 749 1039 252 296 696 244 715 956 1196 498 383 387 764 1098 490 330 332 568 583 757 907 631 168 469 789 782 940 503 805 378 612 253 1004 1010 730 197 698 409 401 493 1211 814 525 355 481 356 673 285 781 986 306 575 563 782 875 292 87 440 282 678 747 127 339
519 849 528 1353 706 1020 550 602 355 726 541 764 0 630 45 688 384 1017 474 544 782 311 1160 483 266 529 382 409 334 690 485 471 610 579 1330 356 460 653 429 1002 331 463 1217 306 1126 427 533 940 247 232 719 1351 626 681 417 827 634 245 549 393 594 170 486 930 909 1003 934 1288 500 172 508 683 1203 889 122 668 789 1062
199 614 191 756 682 585 223 199 471 738 236 536 630 0 593 213 693 701 390 199 348 805 555 871 462 193 401 900 882 82 299 316 40 75 738 534 202 372 223 384 862 510 748 454 877 804 527 478 807 763 349 804 127 804 693 696 290 446 208 257 185 670 389 327 457 569 1051 822 311 628 325 520 891 427 508 1040 449 638
491 805 499 1322 710 975 524 575 350 688 516 755 45 593 0 644 356 1006 461 500 759 349 1118 469 257 501 369 450 343 655 464 452 571 539 1300 316 418 636 397 962 373 421 1198 261 1122 458 531 895 255 272 699 1325 595 697 436 785 589 231 522 362 566 201 473 888 864 984 954 1269 455 146 490 676 1195 867 89 703 773 1044
393 407 387 849 887 387 426 410 630 571 437 749 688 213 644 0 627 908 578 144 554 922 483 800 595 390 567 1024 869 273 489 502 182 177 839 474 236 585 372 351 972 408 921 429 1087 951 720 285 808 867 561 938 340 997 852 501 113 568 411 396 396 773 579 265 259 760 1251 993 220 630 520 730 1094 621 575 1199 660 829
693 584 697 1446 1040 832 737 773 670 375 735 1039 384 693 356 627 0 1278 747 514 973 689 1098 178 575 700 663 781 292 774 713 708 657 619 1430 159 492 892 590 978 696 228 1413 247 1417 812 851 786 276 608 931 1495 757 1047 792 516 525 539 728 568 758 554 757 892 755 1210 1308 1487 409 212 748 971 1473 1076 392 1049 1022 1276
596 1315 595 677 410 1233 550 531 663 1424 549 252 1017 701 1006 908 1278 0 545 886 354 957 997 1440 750 592 637 995 1349 635 564 570 739 763 643 1139 838 386 693 852 1023 1160 309 1037 185 841 501 1128 1262 977 362 534 581 575 729 1397 992 775 562 711 547 924 533 869 1116 204 655 349 985 1123 530 337 196 303 927 934 261 177
190 931 199 941 326 965 175 223 137 956 160 296 474 390 461 578 747 545 0 480 334 495 923 901 208 196 92 571 805 392 90 75 404 400 913 623 393 184 219 747 561 670 749 520 671 445 143 860 717 484 261 903 293 418 323 977 609 230 187 214 227 410 11 707 836 535 676 818 540 579 70 224 736 436 382 660 316 590
314 453 311 934 803 509 356 359 510 541 364 696 544 199 500 144 514 886 480 0 538 783 622 692 464 314 452 885 738 281 398 407 158 126 919 356 99 528 262 478 831 315 948 295 1056 820 624 414 672 725 525 997 306 895 728 515 128 434 341 277 343 631 484 397 385 765 1156 1022 113 492 433 662 1079 624 430 1072 627 835
281 960 276 610 457 890 239 199 471 1078 245 244 782 348 759 554 973 354 334 538 0 827 712 1144 529 273 415 898 1095 280 297 312 386 412 580 823 501 161 384 546 894 827 443 726 534 761 394 783 1010 818 75 572 232 622 635 1044 639 539 246 412 214 741 323 543 769 237 818 517 642 849 279 280 543 107 671 942 121 304
634 1145 644 1436 570 1287 645 700 362 1037 631 715 311 805 349 922 689 957 495 783 827 0 1360 758 342 644 428 104 551 841 555 537 798 776 1408 665 686 670 581 1189 67 769 1215 603 1018 154 463 1197 482 80 753 1389 753 474 230 1133 894 359 650 547 698 156 505 1129 1167 1007 687 1278 770 479 558 628 1118 926 372 361 788 1051
741 674 731 576 1160 410 748 702 1022 943 763 956 1160 555 1118 483 1098 997 923 622 712 1360 0 1264 1018 733 952 1455 1352 532 837 855 561 587 585 951 700 835 778 176 1416 871 852 912 1179 1356 1046 367 1291 1315 767 747 630 1311 1241 805 574 1000 737 812 696 1221 919 231 387 797 1528 905 702 1114 853 981 1133 705 1041 1584 832 847
863 703 868 1624 1177 973 907 945 810 445 903 1196 483 871 469 800 178 1440 901 692 1144 758 1264 0 714 870 813 838 241 952 875 869 835 797 1608 337 670 1055 760 1151 750 394 1586 422 1572 898 992 938 282 680 1099 1672 933 1164 900 610 695 680 898 735 931 647 912 1064 908 1381 1417 1660 585 327 909 1124 1634 1248 527 1117 1188 1447
297 876 306 1122 465 973 314 370 96 841 302 498 266 462 257 595 575 750 208 464 529 342 1018 714 0 307 117 437 599 499 233 217 458 437 1096 476 365 390 239 846 402 550 956 381 865 356 278 877 512 307 461 1101 414 486 269 895 586 38 317 206 366 219 220 788 849 741 754 1025 479 387 250 419 938 635 187 608 524 798
10 766 3 824 497 773 42 76 291 836 49 383 529 193 501 390 700 592 196 314 273 644 733 870 307 0 221 733 828 201 107 123 210 213 800 552 248 216 111 557 706 567 716 453 752 624 334 667 745 614 233 826 108 611 507 828 437 303 29 141 65 525 195 512 645 510 862 790 399 578 132 348 788 379 411 852 331 576
211 892 222 1015 387 953 217 272 70 893 202 387 382 401 369 567 663 637 92 452 415 428 952 813 117 221 0 513 712 422 127 109 406 395 988 547 357 273 194 777 492 603 839 446 759 404 194 852 625 407 345 986 328 447 291 927 580 138 223 174 271 327 104 728 826 624 713 908 495 489 136 311 827 520 291 639 407 681
723 1248 733 1508 594 1390 730 785 444 1136 716 764 409 900 450 1024 781 995 571 885 898 104 1455 838 437 733 513 0 619 932 639 621 896 874 1479 766 788 738 677 1283 88 871 1267 706 1039 155 518 1300 557 177 823 1451 841 471 271 1235 998 458 737 644 784 260 580 1226 1270 1063 651 1327 874 575 638 678 1146 992 476 280 847 1103
819 875 826 1635 1037 1118 857 904 690 654 850 1098 334 882 343 869 292 1349 805 738 1095 551 1352 241 599 828 712 619 0 956 804 793 852 816 1614 405 684 979 719 1216 531 505 1537 442 1461 701 867 1063 87 478 1038 1654 912 995 727 805 781 574 852 686 893 470 816 1133 1032 1324 1232 1609 650 254 831 1018 1537 1203 426 899 1115 1385
210 680 200 679 657 621 216 174 492 817 231 490 690 82 655 273 774 635 392 281 280 841 532 952 499 201 422 932 956 0 305 323 122 158 660 615 282 335 267 356 901 593 667 533 814 825 519 513 878 805 295 722 99 792 708 768 364 489 204 303 166 714 388 316 496 492 1028 741 394 701 322 486 820 351 568 1051 391 561
100 851 109 889 405 875 91 145 195 893 76 330 485 299 464 489 713 564 90 398 297 555 837 875 233 107 127 639 804 305 0 18 314 311 863 577 316 179 144 661 620 612 734 475 708 523 231 770 717 534 235 868 207 508 404 902 525 242 100 151 145 451 90 618 747 520 762 805 467 564 38 275 760 405 377 746 314 581
116 859 125 906 396 889 110 164 176 896 95 332 471 316 452 502 708 570 75 407 312 537 855 869 217 123 109 621 793 323 18 0 329 325 880 575 323 187 149 680 602 613 746 473 710 504 218 784 706 516 247 884 226 494 385 909 535 227 119 152 164 434 77 636 760 532 751 817 473 555 40 273 765 419 366 728 323 592
215 578 207 790 706 563 244 228 475 697 256 568 610 40 571 182 657 739 404 158 386 798 561 835 458 210 406 896 852 122 314 329 0 37 773 497 169 402 219 395 854 470 789 420 914 806 544 457 779 753 384 842 161 821 698 658 252 439 229 251 213 659 404 331 434 609 1072 863 271 599 342 548 929 468 488 1045 485 678
216 561 210 828 710 564 251 242 461 667 261 583 579 75 539 177 619 763 400 126 412 776 587 797 437 213 395 874 816 158 311 325 37 0 811 460 132 416 203 424 830 435 822 382 936 789 543 460 743 728 404 879 182 819 684 634 231 416 235 231 227 634 402 356 435 639 1074 896 237 563 343 557 955 497 457 1032 506 708
810 1183 802 34 983 970 783 729 1048 1404 795 757 1330 738 1300 839 1430 643 913 919 580 1408 585 1608 1096 800 988 1479 1614 660 863 880 773 811 0 1271 941 741 902 547 1474 1233 368 1192 783 1340 969 896 1535 1395 656 175 705 1158 1214 1304 952 1100 783 938 736 1314 903 623 903 464 1292 387 1031 1360 852 828 692 489 1211 1503 644 466
546 504 549 1287 933 718 591 623 567 375 591 907 356 534 316 474 159 1139 623 356 823 665 951 337 476 552 547 766 405 615 577 575 497 460 1271 0 334 753 446 825 687 112 1260 102 1286 766 740 658 358 588 785 1337 602 962 722 471 378 438 581 427 608 515 632 739 627 1060 1228 1335 253 210 614 845 1335 924 314 1016 880 1127
246 538 245 959 719 608 291 307 413 587 296 631 460 202 418 236 492 838 393 99 501 686 700 670 365 248 357 788 684 282 316 323 169 132 941 334 0 464 174 545 735 326 930 251 1001 721 535 513 612 630 476 1003 273 803 629 586 224 335 278 183 292 536 398 470 484 737 1066 1005 151 431 354 588 1034 597 342 973 576 805
218 976 219 771 326 954 173 174 320 1051 168 168 653 372 636 585 892 386 184 528 161 670 835 1055 390 216 273 738 979 335 179 187 402 416 741 753 464 0 308 662 737 779 565 651 538 599 232 847 892 666 86 721 246 477 473 1043 647 408 187 325 189 593 172 641 827 351 697 635 616 743 147 151 582 255 553 783 136 408
103 711 108 925 545 759 146 187 258 749 145 469 429 223 397 372 590 693 219 262 384 581 778 760 239 111 194 677 719 267 144 149 219 203 902 446 174 308 0 607 639 471 828 346 845 586 362 658 636 541 340 934 197 632 481 759 391 224 138 36 174 448 224 549 631 621 894 901 323 468 182 419 889 490 308 829 434 686
566 638 556 548 987 430 572 525 848 877 587 789 1002 384 962 351 978 852 747 478 546 1189 176 1151 846 557 777 1283 1216 356 661 680 395 424 547 825 545 662 607 0 1247 757 746 773 1036 1181 870 349 1150 1147 596 685 454 1136 1065 762 457 831 561 642 520 1053 743 87 355 658 1357 807 571 970 677 810 1002 552 881 1408 667 715
696 1177 706 1503 632 1330 708 764 427 1054 695 782 331 862 373 972 696 1023 561 831 894 67 1416 750 402 706 492 88 531 901 620 602 854 830 1474 687 735 737 639 1247 0 794 1282 633 1081 203 530 1242 468 106 820 1457 815 528 294 1158 938 415 714 605 762 199 571 1185 1212 1074 727 1345 810 491 624 695 1182 993 410 368 855 1118
563 392 564 1246 990 612 609 632 634 291 611 940 463 510 421 408 228 1160 670 315 827 769 871 394 550 567 603 871 505 593 612 613 470 435 1233 112 326 779 471 757 794 0 1254 172 1317 861 797 559 466 693 799 1312 598 1035 807 364 300 511 597 461 616 615 678 670 529 1063 1303 1329 201 322 650 886 1356 923 406 1114 898 1131
724 1318 719 400 704 1170 683 641 883 1483 688 503 1217 748 1198 921 1413 309 749 948 443 1215 852 1586 956 716 839 1267 1537 667 734 746 789 822 368 1260 930 565 828 746 1282 1254 0 1166 419 1116 752 1076 1451 1222 498 230 658 876 996 1421 1025 972 690 856 655 1156 737 793 1072 214 962 74 1059 1292 708 589 323 337 1111 1234 433 164
447 544 451 1210 832 722 492 526 469 460 491 805 306 454 261 429 247 1037 520 295 726 603 912 422 381 453 446 706 442 533 475 473 420 382 1192 102 251 651 346 773 633 172 1166 0 1184 689 639 650 379 529 686 1251 510 868 635 533 350 342 482 326 511 447 530 691 618 963 1135 1240 214 203 512 743 1234 828 235 943 779 1030
755 1492 755 816 448 1417 709 697 771 1588 706 378 1126 877 1122 1087 1417 185 671 1056 534 1018 1179 1572 865 752 759 1039 1461 814 708 710 914 936 783 1286 1001 538 845 1036 1081 1317 419 1184 0 885 594 1312 1374 1052 531 648 754 580 788 1570 1167 895 723 859 713 1013 660 1054 1300 381 580 431 1151 1249 671 448 124 488 1049 928 429 338
615 1219 625 1370 439 1330 614 667 333 1141 599 612 427 804 458 951 812 841 445 820 761 154 1356 898 356 624 404 155 701 825 523 504 806 789 1340 766 721 599 586 1181 203 861 1116 689 885 0 372 1234 627 222 685 1304 730 324 125 1222 941 386 623 557 668 257 453 1131 1206 915 533 1175 828 600 515 528 991 851 454 255 702 952
329 1073 337 999 193 1107 306 345 182 1087 292 253 533 527 531 720 851 501 143 624 394 463 1046 992 278 334 194 518 867 519 231 218 544 543 969 740 535 232 362 870 530 797 752 639 594 372 0 1001 780 476 318 933 420 277 247 1115 752 312 320 354 353 424 141 836 978 545 533 815 680 665 202 166 677 479 465 551 330 588
672 307 665 895 1161 107 701 676 916 580 713 1004 940 478 895 285 786 1128 860 414 783 1197 367 938 877 667 852 1300 1063 513 770 784 457 460 896 658 513 847 658 349 1242 559 1076 650 1312 1234 1001 0 1016 1136 808 1033 600 1278 1137 437 306 848 686 681 663 1044 861 283 31 954 1529 1141 441 851 800 997 1300 827 836 1483 900 1018
736 850 743 1556 951 1077 772 820 602 651 765 1010 247 807 255 808 276 1262 717 672 1010 482 1291 282 512 745 625 557 87 878 717 706 779 743 1535 358 612 892 636 1150 468 466 1451 379 1374 627 780 1016 0 405 952 1571 831 914 646 791 725 486 768 603 810 388 729 1069 985 1238 1155 1523 591 180 745 930 1450 1118 339 836 1028 1299
604 1073 614 1422 605 1224 620 676 347 958 607 730 232 763 272 867 608 977 484 725 818 80 1315 680 307 614 407 177 478 805 534 516 753 728 1395 588 630 666 541 1147 106 693 1222 529 1052 222 476 1136 405 0 746 1387 722 529 268 1057 832 316 624 505 672 94 495 1084 1106 1011 755 1288 704 399 542 642 1146 920 304 441 790 1059
239 963 236 685 394 915 193 168 398 1061 195 197 719 349 699 561 931 362 261 525 75 753 767 1099 461 233 345 823 1038 295 235 247 384 404 656 785 476 86 340 596 820 799 498 686 531 685 318 808 952 746 0 641 223 553 560 1039 636 474 204 364 184 671 250 584 791 286 761 571 623 796 211 215 557 174 612 868 101 349
835 1307 828 200 913 1115 800 750 1040 1509 809 698 1351 804 1325 938 1495 534 903 997 572 1389 747 1672 1101 826 986 1451 1654 722 868 884 842 879 175 1337 1003 721 934 685 1457 1312 230 1251 648 1304 933 1033 1571 1387 641 0 744 1088 1181 1423 1049 1110 803 967 761 1312 892 752 1036 391 1190 226 1111 1402 851 778 544 467 1236 1443 603 369
118 739 108 727 562 708 117 76 398 846 132 409 626 127 595 340 757 581 293 306 232 753 630 933 414 108 328 841 912 99 207 226 161 182 705 602 273 246 197 454 815 598 658 510 754 730 420 600 831 722 223 744 0 693 611 816 412 409 106 233 67 633 289 416 581 464 933 733 410 658 223 396 773 324 506 953 324 533
606 1339 614 1191 175 1383 582 617 402 1327 568 401 681 804 697 997 1047 575 418 895 622 474 1311 1164 486 611 447 471 995 792 508 494 821 819 1158 962 803 477 632 1136 528 1035 876 868 580 324 277 1278 914 529 553 1088 693 0 267 1372 1024 525 596 619 627 525 417 1108 1255 700 268 924 942 843 479 342 695 681 657 359 522 719
499 1146 509 1244 339 1236 495 546 223 1095 480 493 417 693 436 852 792 729 323 728 635 230 1241 900 269 507 291 271 727 708 404 385 698 684 1214 722 629 473 481 1065 294 807 996 635 788 125 247 1137 646 268 560 1181 611 267 0 1160 853 305 504 456 548 257 329 1018 1110 792 518 1057 749 583 393 407 888 725 409 348 578 832
828 131 825 1308 1303 421 871 874 970 172 878 1211 827 696 785 501 516 1397 977 515 1044 1133 805 610 895 828 927 1235 805 768 902 909 658 634 1304 471 586 1043 759 762 1158 364 1421 533 1570 1222 1115 437 791 1057 1039 1423 816 1372 1160 0 405 857 856 762 858 980 982 681 419 1260 1639 1493 436 677 940 1174 1587 1120 768 1476 1141 1329
438 329 434 963 930 392 478 474 637 460 487 814 634 290 589 113 525 992 609 128 639 894 574 695 586 437 580 998 781 364 525 535 252 231 952 378 224 647 391 457 938 300 1025 350 1167 941 752 306 725 832 636 1049 412 1024 853 405 0 554 463 405 458 740 612 369 275 856 1285 1098 136 553 560 785 1182 715 530 1194 737 925
293 840 302 1125 501 944 316 371 132 802 305 525 245 446 231 568 539 775 230 434 539 359 1000 680 38 303 138 458 574 489 242 227 439 416 1100 438 335 408 224 831 415 511 972 342 895 386 312 848 486 316 474 1110 409 525 305 857 554 0 317 189 365 224 242 770 820 758 793 1043 444 354 263 447 965 646 154 640 543 816
35 792 32 807 476 792 15 54 293 865 27 355 549 208 522 411 728 562 187 341 246 650 737 898 317 29 223 737 852 204 100 119 229 235 783 581 278 187 138 561 714 597 690 482 723 623 320 686 768 624 204 803 106 596 504 856 463 317 0 166 48 537 184 520 664 482 843 763 428 603 118 322 759 352 433 846 301 548
133 720 139 961 541 781 173 217 235 744 168 481 393 257 362 396 568 711 214 277 412 547 812 735 206 141 174 644 686 303 151 152 251 231 938 427 183 325 36 642 605 461 856 326 859 557 354 681 603 505 364 967 233 619 456 762 405 189 166 0 206 412 221 582 654 647 883 929 326 437 189 425 907 519 272 803 454 712
74 788 66 761 498 770 54 15 340 877 69 356 594 185 566 396 758 547 227 343 214 698 696 931 366 65 271 784 893 166 145 164 213 227 736 608 292 189 174 520 762 616 655 511 713 668 353 663 810 672 184 761 67 627 548 858 458 365 48 206 0 585 223 483 643 451 867 729 438 642 157 335 742 317 476 888 285 519
515 989 525 1340 574 1132 534 590 273 889 521 673 170 670 201 773 554 924 410 631 741 156 1221 647 219 525 327 260 470 714 451 434 659 634 1314 515 536 593 448 1053 199 615 1156 447 1013 257 424 1044 388 94 671 1312 633 525 257 980 740 224 537 412 585 0 421 990 1014 943 770 1223 614 342 463 587 1101 845 216 501 723 994
189 935 198 931 321 966 171 218 148 964 157 285 486 389 473 579 757 533 11 484 323 505 919 912 220 195 104 580 816 388 90 77 404 402 903 632 398 172 224 743 571 678 737 530 660 453 141 861 729 495 250 892 289 417 329 982 612 242 184 221 223 421 0 704 837 523 673 806 546 590 66 214 724 425 394 665 304 578
520 559 510 627 967 377 532 491 798 792 547 781 930 327 888 265 892 869 707 397 543 1129 231 1064 788 512 728 1226 1133 316 618 636 331 356 623 739 470 641 549 87 1185 670 793 691 1054 1131 836 283 1069 1084 584 752 416 1108 1018 681 369 770 520 582 483 990 704 0 284 684 1339 858 486 890 638 792 1031 566 810 1364 665 745
649 290 642 903 1140 128 679 655 889 557 691 986 909 457 864 259 755 1116 836 385 769 1167 387 908 849 645 826 1270 1032 496 747 760 434 435 903 627 484 827 631 355 1212 529 1072 618 1300 1206 978 31 985 1106 791 1036 581 1255 1110 419 275 820 664 654 643 1014 837 284 0 946 1507 1139 409 819 777 977 1290 816 805 1456 885 1010
517 1166 513 497 524 1056 474 437 669 1306 479 306 1003 569 984 760 1210 204 535 765 237 1007 797 1381 741 510 624 1063 1324 492 520 532 609 639 464 1060 737 351 621 658 1074 1063 214 963 381 915 545 954 1238 1011 286 391 464 700 792 1260 856 758 482 647 451 943 523 684 946 0 829 285 873 1082 495 387 346 141 898 1052 220 69
858 1604 865 1326 371 1635 828 856 671 1595 815 575 934 1051 954 1251 1308 655 676 1156 818 687 1528 1417 754 862 713 651 1232 1028 762 751 1072 1074 1292 1228 1066 697 894 1357 727 1303 962 1135 580 533 533 1529 1155 755 761 1190 933 268 518 1639 1285 793 843 883 867 770 673 1339 1507 829 0 993 1208 1101 730 547 704 852 920 428 703 827
798 1389 793 417 755 1234 756 715 951 1557 762 563 1288 822 1269 993 1487 349 818 1022 517 1278 905 1660 1025 790 908 1327 1609 741 805 817 863 896 387 1335 1005 635 901 807 1345 1329 74 1240 431 1175 815 1141 1523 1288 571 226 733 924 1057 1493 1098 1043 763 929 729 1223 806 858 1139 285 993 0 1133 1365 780 650 321 412 1183 1283 501 228
397 398 396 1045 867 521 442 454 543 438 447 782 500 311 455 220 409 985 540 113 642 770 702 585 479 399 495 874 650 394 467 473 271 237 1031 253 151 616 323 571 810 201 1059 214 1151 828 680 441 591 704 623 1111 410 942 749 436 136 444 428 326 438 614 546 486 409 873 1208 1133 0 417 505 740 1180 732 400 1083 724 942
570 714 576 1380 849 919 609 654 483 562 603 875 172 628 146 630 212 1123 579 492 849 479 1114 327 387 578 489 575 254 701 564 555 599 563 1360 210 431 743 468 970 491 322 1292 203 1249 600 665 851 180 399 796 1402 658 843 583 677 553 354 603 437 642 342 590 890 819 1082 1101 1365 417 0 595 801 1315 956 200 839 878 1145
127 887 135 879 369 905 105 153 197 931 91 292 508 325 490 520 748 530 70 433 279 558 853 909 250 132 136 638 831 322 38 40 342 343 852 614 354 147 182 677 624 650 708 512 671 515 202 800 745 542 211 851 223 479 393 940 560 263 118 189 157 463 66 638 777 495 730 780 505 595 0 236 725 385 405 731 283 554
347 1114 351 860 178 1104 307 321 328 1168 298 87 683 520 676 730 971 337 224 662 280 628 981 1124 419 348 311 678 1018 486 275 273 548 557 828 845 588 151 419 810 695 886 589 743 448 528 166 997 930 642 215 778 396 342 407 1174 785 447 322 425 335 587 214 792 977 387 547 650 740 801 236 0 519 342 602 675 184 424
793 1501 791 724 552 1402 746 726 848 1618 745 440 1203 891 1195 1094 1473 196 736 1079 543 1118 1133 1634 938 788 827 1146 1537 820 760 765 929 955 692 1335 1034 582 889 1002 1182 1356 323 1234 124 991 677 1300 1450 1146 557 544 773 695 888 1587 1182 965 759 907 742 1101 724 1031 1290 346 704 321 1180 1315 725 519 0 475 1118 1047 457 287
387 1028 381 520 509 930 346 303 573 1165 353 282 889 427 867 621 1076 303 436 624 107 926 705 1248 635 379 520 992 1203 351 405 419 468 497 489 924 597 255 490 552 993 923 337 828 488 851 479 827 1118 920 174 467 324 681 725 1120 715 646 352 519 317 845 425 566 816 141 852 412 732 956 385 342 475 0 779 1016 158 210
402 773 410 1233 651 921 436 486 283 689 427 678 122 508 89 575 392 927 382 430 671 372 1041 527 187 411 291 476 426 568 377 366 488 457 1211 314 342 553 308 881 410 406 1111 235 1049 454 465 836 339 304 612 1236 506 657 409 768 530 154 433 272 476 216 394 810 805 898 920 1183 400 200 405 602 1118 779 0 708 689 959
844 1474 854 1535 530 1581 835 884 571 1391 820 747 668 1040 703 1199 1049 934 660 1072 942 361 1584 1117 608 852 639 280 899 1051 746 728 1045 1032 1503 1016 973 783 829 1408 368 1114 1234 943 928 255 551 1483 836 441 868 1443 953 359 348 1476 1194 640 846 803 888 501 665 1364 1456 1052 428 1283 1083 839 731 675 1047 1016 708 0 859 1076
335 1064 334 676 351 1007 289 269 449 1162 289 127 789 449 773 660 1022 261 316 627 121 788 832 1188 524 331 407 847 1115 391 314 323 485 506 644 880 576 136 434 667 855 898 433 779 429 702 330 900 1028 790 101 603 324 522 578 1141 737 543 301 454 285 723 304 665 885 220 703 501 724 878 283 184 457 158 689 859 0 273
583 1234 579 500 546 1119 540 504 722 1375 543 339 1062 638 1044 829 1276 177 590 835 304 1051 847 1447 798 576 681 1103 1385 561 581 592 678 708 466 1127 805 408 686 715 1118 1131 164 1030 338 952 588 1018 1299 1059 349 369 533 719 832 1329 925 816 548 712 519 994 578 745 1010 69 827 228 942 1145 554 424 287 210 959 1076 273 0
