0 753 611 1268 803 511 67 651 1397 1267 202 1289 1562 557 575 305
753 0 1157 2005 1506 1161 707 1076 1358 2020 638 1546 1669 516 825 676
611 1157 0 985 1039 190 591 1203 2005 1163 563 1842 1085 691 1181 916
1268 2005 985 0 892 881 1303 1478 2350 371 1369 1963 1840 1632 1630 1487
803 1506 1039 892 0 849 868 641 1477 666 996 1071 2125 1350 860 843
511 1161 190 881 849 0 512 1047 1876 1012 528 1680 1275 750 1055 809
67 707 591 1303 868 512 0 708 1428 1316 135 1342 1510 489 613 333
651 1076 1203 1478 641 1047 708 0 880 1303 831 642 2213 1146 268 442
1397 1358 2005 2350 1477 1876 1428 880 0 2140 1509 555 2894 1705 824 1095
1267 2020 1163 371 666 1012 1316 1303 2140 0 1413 1700 2132 1725 1502 1420
202 638 563 1369 996 528 135 831 1509 1413 0 1457 1402 356 709 426
1289 1546 1842 1963 1071 1680 1342 642 555 1700 1457 0 2851 1743 770 1039
1562 1669 1085 1840 2125 1275 1510 2213 2894 2132 1402 2851 0 1202 2112 1829
557 516 691 1632 1350 750 489 1146 1705 1725 356 1743 1202 0 974 709
575 825 1181 1630 860 1055 613 268 824 1502 709 770 2112 974 0 283
305 676 916 1487 843 809 333 442 1095 1420 426 1039 1829 709 283 0
