0 1245 277 825 977 1342 119 563 1690 1660 1112 1574 487 811 1464 1240
1245 0 973 421 1989 2580 1275 1563 768 1738 202 358 1105 1995 2476 2405
277 973 0 556 1193 1608 340 754 1424 1642 851 1309 480 1042 1690 1466
825 421 556 0 1599 2164 854 1164 1022 1583 302 753 723 1591 2094 2009
977 1989 1193 1599 0 1239 870 443 2591 1354 1803 2238 883 1184 499 1477
1342 2580 1608 2164 1239 0 1341 1310 2904 2564 2455 2916 1679 643 1342 466
119 1275 340 854 870 1341 0 446 1764 1558 1128 1592 403 854 1362 1280
563 1563 754 1164 443 1310 446 0 2148 1301 1385 1832 465 1024 943 1404
1690 768 1424 1022 2591 2904 1764 2148 0 2506 958 874 1736 2266 3091 2617
1660 1738 1642 1583 1354 2564 1558 1301 2506 0 1549 1764 1182 2320 1571 2705
1112 202 851 302 1803 2455 1128 1385 958 1549 0 463 922 1891 2286 2311
1574 358 1309 753 2238 2916 1592 1832 874 1764 463 0 1366 2343 2709 2757
487 1105 480 723 883 1679 403 465 1736 1182 922 1366 0 1248 1373 1670
811 1995 1042 1591 1184 643 854 1024 2266 2320 1891 2343 1248 0 1506 428
1464 2476 1690 2094 499 1342 1362 943 3091 1571 2286 2709 1373 1506 0 1697
1240 2405 1466 2009 1477 466 1280 1404 2617 2705 2311 2757 1670 428 1697 0
