0 177 1701 654 20 713 121 1596 245 1464 307 656 1029 1141 1101 901
177 0 1593 482 190 674 283 1464 244 1639 484 813 1115 1198 1040 729
1701 1593 0 1254 1721 1057 1820 311 1470 2722 1892 1902 1564 2776 702 1118
654 482 1254 0 669 664 765 1063 557 2081 952 1215 1335 1548 885 247
20 190 1721 669 0 733 102 1615 264 1456 297 655 1039 1122 1121 916
713 674 1057 664 733 0 819 1040 468 1723 846 862 725 1853 393 782
121 283 1820 765 102 819 0 1717 355 1388 233 626 1063 1048 1210 1013
1596 1464 311 1063 1615 1040 1717 0 1385 2758 1825 1902 1655 2611 766 886
245 244 1470 557 264 468 355 1385 0 1527 443 657 877 1385 856 786
1464 1639 2722 2081 1456 1723 1388 2758 1527 0 1159 882 1195 1806 2022 2314
307 484 1892 952 297 846 233 1825 443 1159 0 407 915 1133 1237 1196
656 813 1902 1215 655 862 626 1902 657 882 407 0 598 1480 1203 1439
1029 1115 1564 1335 1039 725 1063 1655 877 1195 915 598 0 2045 888 1495
1141 1198 2776 1548 1122 1853 1048 2611 1385 1806 1133 1480 2045 0 2234 1755
1101 1040 702 885 1121 393 1210 766 856 2022 1237 1203 888 2234 0 898
901 729 1118 247 916 782 1013 886 786 2314 1196 1439 1495 1755 898 0
