0 1432 1113 133 378 54 1427 1330 1567 1245 1155 915 884 267 1461 589
1432 0 347 1494 1726 1443 2465 550 455 2611 2223 520 1957 1267 2192 1140
1113 347 0 1188 1388 1130 2262 643 694 2325 1879 259 1728 979 2050 794
133 1494 1188 0 439 82 1293 1343 1592 1145 1240 973 751 248 1333 719
378 1726 1388 439 0 409 1564 1689 1912 1165 805 1229 1076 644 1706 683
54 1443 1130 82 409 0 1376 1321 1563 1213 1197 925 831 239 1406 637
1427 2465 2262 1293 1564 1376 0 2059 2335 828 2271 2003 555 1366 517 2008
1330 550 643 1343 1689 1321 2059 0 279 2352 2341 555 1605 1094 1720 1278
1567 455 694 1592 1912 1563 2335 279 0 2626 2518 708 1884 1345 1984 1434
1245 2611 2325 1145 1165 1213 828 2352 2626 0 1661 2094 823 1347 1282 1800
1155 2223 1879 1240 805 1197 2271 2341 2518 1661 0 1809 1843 1415 2485 1088
915 520 259 973 1229 925 2003 555 708 2094 1809 0 1473 748 1793 730
884 1957 1728 751 1076 831 555 1605 1884 823 1843 1473 0 811 644 1457
267 1267 979 248 644 239 1366 1094 1345 1347 1415 748 811 0 1308 676
1461 2192 2050 1333 1706 1406 517 1720 1984 1282 2485 1793 644 1308 0 1985
589 1140 794 719 683 637 2008 1278 1434 1800 1088 730 1457 676 1985 0
