0 1694 1250 847 74 1504 1524 528 282 1031 551 1362 1058 621 1380 1251
1694 0 2151 2493 1705 205 2439 2214 1521 1541 1314 1665 2750 1419 3033 2010
1250 2151 0 1156 1176 2045 2762 1233 1066 611 1022 633 1529 1802 1483 2501
847 2493 1156 0 811 2315 1932 350 971 1364 1202 1618 377 1420 540 1822
74 1705 1176 811 0 1519 1596 509 239 969 515 1299 1045 688 1349 1326
1504 205 2045 2315 1519 0 2243 2028 1345 1442 1155 1603 2562 1213 2856 1814
1524 2439 2762 1932 1596 2243 0 1640 1767 2525 1967 2856 1801 1165 2236 429
528 2214 1233 350 509 2028 1640 0 713 1274 975 1572 536 1072 859 1492
282 1521 1066 971 239 1345 1767 713 0 762 276 1094 1247 735 1512 1459
1031 1541 611 1364 969 1442 2525 1274 762 0 575 332 1728 1428 1828 2195
551 1314 1022 1202 515 1155 1967 975 276 575 0 898 1504 852 1736 1624
1362 1665 633 1618 1299 1603 2856 1572 1094 332 898 0 1992 1749 2039 2522
1058 2750 1529 377 1045 2562 1801 536 1247 1728 1504 1992 0 1539 437 1776
621 1419 1802 1420 688 1213 1165 1072 735 1428 852 1749 1539 0 1923 784
1380 3033 1483 540 1349 2856 2236 859 1512 1828 1736 2039 437 1923 0 2212
1251 2010 2501 1822 1326 1814 429 1492 1459 2195 1624 2522 1776 784 2212 0
