0 640 609 618 848 617 275 721 93 325 472 638 426 239 557 38 3 174 449 132 520 843 518 2 4 178 95 411 655 324 12 238 652 828 285 788 698 828 684 86 854 159 454 566 564 92 630 320 527 188 295 352 55 489 741 543 607 236 67 327 289 766 86 21 369 119 206 636 252 649 61 722 727 705 215 842 410 88 611 377 677 183 261 455 35 856 332 652 53 310 535 414 846 638 46 774 431 84 737 446 862 277 197 279 28 239 686 499 61 352 712 397 592 266 185 848
640 0 998 70 1464 1113 900 1031 618 759 1109 767 930 865 1064 674 638 630 460 739 902 552 236 639 636 752 735 858 1290 474 652 509 355 1107 778 1349 1000 291 511 725 965 515 1094 161 1201 731 773 730 402 573 885 824 614 601 382 241 954 649 574 712 771 1327 557 635 435 758 461 160 882 1288 579 1353 1304 1341 841 1331 903 682 895 727 582 575 841 762 675 1033 972 1124 678 531 1174 983 1182 348 680 684 815 704 263 1075 1501 907 834 781 630 592 1253 804 587 548 1140 448 1178 814 634 1474
609 998 0 940 1085 197 486 1301 533 289 595 347 955 683 202 617 613 461 546 496 99 1394 1006 611 611 441 600 980 667 529 602 829 1177 1409 860 457 1282 1271 1253 611 416 738 610 848 640 611 332 918 632 494 396 920 663 420 827 775 1185 405 642 930 319 441 656 630 941 608 760 1081 506 712 629 680 1091 709 675 352 951 522 1206 279 1263 495 394 1058 593 1458 621 1157 562 909 655 329 238 753 623 1368 1019 652 1204 760 862 684 546 331 637 847 403 197 598 451 145 549 410 361 794 1050
618 70 940 0 1455 1061 870 1060 586 711 1081 700 936 850 1015 654 617 590 398 708 845 618 277 617 614 717 714 868 1260 422 630 512 414 1141 780 1302 1029 360 567 705 895 506 1067 93 1174 711 706 739 334 533 848 831 598 537 317 174 978 604 554 723 726 1281 538 615 456 737 454 223 853 1262 558 1322 1303 1312 825 1277 909 653 923 673 634 535 803 784 653 1074 950 1136 652 545 1148 942 1119 279 660 739 830 687 332 1060 1474 891 808 737 611 597 1208 744 562 492 1083 390 1137 774 633 1461
848 1464 1085 1455 0 922 676 803 909 970 494 1333 582 608 890 810 848 952 1269 803 1063 1451 1284 848 851 829 755 677 445 1150 838 963 1347 864 704 813 814 1583 1288 762 1487 949 486 1412 445 756 1320 777 1360 999 753 679 858 1256 1582 1391 750 986 906 801 919 806 920 846 1073 731 1003 1416 675 387 905 475 230 424 633 1011 610 845 838 1057 1229 995 787 835 817 1016 543 526 829 968 430 764 1262 1479 802 1264 750 770 1484 404 377 570 690 896 849 887 770 1133 909 1146 1068 1223 702 836 834 62
617 1113 197 1061 922 0 412 1246 564 354 453 538 887 618 60 613 621 511 687 487 245 1449 1082 619 620 438 578 929 488 639 607 854 1243 1353 822 266 1232 1369 1296 591 610 768 473 975 478 588 523 893 781 559 339 874 672 579 992 908 1133 472 666 909 354 248 683 637 979 578 801 1174 438 539 654 491 958 526 617 227 889 530 1169 390 1293 559 360 1034 592 1423 522 1068 564 927 501 229 340 909 616 1391 981 635 1292 642 671 606 493 353 644 852 206 359 626 571 146 677 225 351 790 882
275 900 486 870 676 412 0 834 283 297 215 665 477 206 354 252 278 295 605 161 429 1108 793 277 279 162 197 517 390 496 263 503 926 941 412 528 819 1103 945 211 842 433 207 805 306 207 653 489 702 349 91 462 321 580 930 764 721 315 342 507 245 507 360 289 637 187 482 910 28 396 333 452 626 442 205 618 477 218 757 383 927 346 113 628 240 1011 143 671 227 562 286 183 714 829 252 1014 571 253 1013 292 606 199 90 222 296 476 427 472 317 478 541 565 326 162 407 659
721 1031 1301 1060 803 1246 834 0 813 1036 864 1356 362 628 1188 700 718 895 1117 808 1223 757 795 719 721 863 703 321 992 1002 723 600 754 108 442 1310 30 1006 628 694 1575 667 835 1070 913 693 1349 403 1164 899 914 380 678 1195 1321 1097 115 958 721 401 992 1292 718 701 606 692 691 909 809 943 731 1064 573 1016 630 1442 357 796 136 1097 546 895 908 291 723 215 736 277 755 535 869 1017 1537 1232 692 530 290 657 915 668 1089 641 759 976 697 529 1219 1218 759 1054 1374 1063 1115 939 548 852
93 618 533 586 909 564 283 813 0 244 495 544 518 310 506 123 96 81 367 122 440 884 530 95 93 139 159 505 673 244 94 296 681 920 379 760 790 833 732 157 761 206 483 523 587 162 536 412 452 97 272 446 137 397 673 488 700 145 108 417 218 738 122 112 415 183 236 637 266 676 95 735 804 725 287 792 502 67 701 287 734 93 231 543 104 944 375 743 82 375 564 383 769 570 132 836 523 172 747 505 888 342 227 213 116 316 659 410 64 262 646 317 573 218 272 905
325 759 289 711 970 354 297 1036 244 0 488 368 709 451 305 339 329 171 359 231 196 1110 732 327 326 178 335 718 629 288 320 539 898 1144 594 592 1016 1014 966 343 558 449 489 627 565 344 356 642 459 209 217 658 377 295 685 566 921 120 353 651 52 571 366 346 652 349 471 820 303 654 340 673 920 681 436 578 700 241 933 86 974 210 184 779 315 1181 439 926 283 619 560 255 524 591 346 1078 749 379 939 589 849 465 316 75 352 560 501 186 309 231 410 337 442 135 511 950
472 1109 595 1081 494 453 215 864 495 488 0 842 506 298 410 441 474 510 818 374 569 1267 985 473 476 378 380 577 184 712 459 675 1102 963 509 447 856 1296 1099 392 993 620 28 1019 92 386 829 596 916 565 272 536 508 781 1144 980 760 527 539 619 439 431 557 481 808 361 672 1107 229 180 532 255 505 233 314 601 518 429 818 573 1069 562 312 721 436 1064 158 644 431 719 72 270 791 1044 438 1144 647 425 1203 203 392 261 275 418 487 629 362 641 522 689 599 780 263 358 559 467
638 767 347 700 1333 538 665 1356 544 368 842 0 1056 813 525 664 641 464 319 585 300 1252 850 639 637 538 680 1050 959 383 638 788 1028 1461 923 802 1331 1058 1140 685 226 703 848 606 910 688 14 953 366 456 581 990 677 183 511 526 1243 404 635 955 421 786 640 656 861 699 699 887 672 994 624 988 1288 1007 795 690 1044 574 1239 285 1173 460 552 1077 642 1472 807 1279 613 869 912 581 441 458 673 1285 1066 712 1011 957 1170 831 682 444 660 838 740 203 596 311 479 354 725 503 808 1309
426 930 955 936 582 887 477 362 518 709 506 1056 0 272 830 394 424 593 869 478 884 870 725 425 427 531 377 95 649 745 423 423 768 466 158 949 351 1010 705 371 1264 445 478 914 564 369 1047 204 938 614 561 106 401 915 1133 916 254 652 453 226 661 932 458 411 508 360 490 856 453 607 459 724 383 681 279 1080 28 481 315 780 649 609 561 256 415 557 373 225 444 404 520 658 1188 1033 385 696 171 346 911 320 780 280 409 642 409 339 857 896 479 778 1018 815 753 597 308 612
239 865 683 850 608 618 206 628 310 451 298 813 272 0 560 201 240 368 677 228 616 970 710 240 243 274 151 312 475 554 230 390 812 734 218 709 613 1021 802 155 1010 352 272 803 381 149 802 303 762 405 289 259 252 692 979 782 515 417 298 324 400 689 312 237 519 126 407 838 181 454 296 550 494 520 24 819 271 253 554 529 771 401 290 435 211 808 139 477 227 425 342 389 916 876 194 847 370 162 924 210 661 42 138 379 240 335 611 638 301 565 747 627 507 330 266 611
557 1064 202 1015 890 60 354 1188 506 305 410 525 830 560 0 552 561 455 647 427 225 1391 1027 559 560 379 517 871 465 592 547 795 1186 1295 762 295 1173 1317 1237 530 619 709 429 930 444 528 510 833 744 505 279 815 612 547 959 865 1075 419 608 849 300 275 624 577 921 518 743 1121 380 512 595 477 914 506 558 285 831 470 1109 349 1234 505 299 974 532 1364 468 1014 504 867 463 171 381 873 556 1331 922 575 1239 593 660 549 434 297 584 792 217 335 568 527 193 634 207 291 729 852
38 674 617 654 810 613 252 700 123 339 441 664 394 201 552 0 38 200 485 126 531 858 545 38 41 178 61 386 625 361 30 252 673 807 260 773 678 856 697 50 878 181 423 603 533 56 656 303 565 220 282 326 69 521 779 581 585 260 100 313 299 751 117 39 386 83 232 665 227 617 96 693 689 674 177 836 380 97 594 397 685 216 253 441 23 842 297 620 55 317 502 402 855 676 9 779 411 49 763 408 830 240 168 286 45 239 671 518 99 385 714 433 574 265 178 811
3 638 613 617 848 621 278 718 96 329 474 641 424 240 561 38 0 177 450 136 523 839 515 1 3 182 97 409 657 326 15 235 649 824 282 791 695 825 680 88 857 156 457 565 566 94 633 317 528 190 298 349 51 492 741 542 604 240 65 324 293 770 83 17 366 120 203 634 255 651 59 725 726 707 215 846 407 92 608 380 673 185 265 451 38 853 333 650 57 306 537 418 850 638 46 770 427 83 734 447 864 278 199 283 24 235 690 503 61 354 716 398 596 270 182 849
174 630 461 590 952 511 295 895 81 171 510 464 593 368 455 200 177 0 316 148 365 941 572 175 174 132 222 585 680 202 173 369 732 1002 459 724 872 865 795 224 680 278 502 517 600 228 456 493 409 57 258 525 218 325 636 471 781 63 186 499 156 703 197 193 480 244 299 669 285 690 174 737 861 732 347 738 579 115 783 206 802 55 213 625 178 1025 409 818 150 449 581 353 694 534 208 907 605 247 784 550 899 396 262 158 198 396 626 329 143 197 580 272 548 184 353 943
449 460 546 398 1269 687 605 1117 367 359 818 319 869 677 647 485 450 316 0 465 455 934 532 449 446 444 526 837 977 124 455 520 710 1217 716 942 1089 746 827 524 536 449 813 304 904 529 321 722 99 271 550 782 467 141 328 228 1010 290 415 718 393 922 412 460 567 550 428 570 599 994 409 1027 1171 1029 654 892 849 425 989 298 865 276 507 827 469 1204 726 1094 450 595 890 614 721 231 494 978 835 533 694 866 1198 708 579 411 461 587 856 349 391 131 691 54 802 465 578 1259
132 739 496 708 803 487 161 808 122 231 374 585 478 228 427 126 136 148 465 0 415 975 640 134 136 55 105 488 551 348 121 371 782 916 365 656 788 947 817 114 787 291 362 644 465 114 575 422 557 197 163 428 186 466 782 607 692 189 192 434 184 635 210 151 502 118 334 753 144 555 181 614 717 603 210 710 469 57 710 303 809 193 129 561 105 961 262 697 79 441 443 281 735 680 130 904 523 155 859 402 766 251 113 168 159 365 555 417 160 344 589 420 463 139 304 795
520 902 99 845 1063 245 429 1223 440 196 569 300 884 616 225 531 523 365 455 415 0 1295 907 522 521 359 520 903 666 431 514 734 1078 1331 780 511 1203 1173 1155 529 423 644 580 754 626 530 285 834 545 396 338 842 572 337 749 683 1107 308 549 844 231 493 562 541 844 530 663 982 445 706 536 690 1049 713 606 436 879 434 1124 180 1166 398 326 972 507 1373 570 1093 475 815 634 299 328 670 538 1272 938 569 1105 715 873 621 477 247 547 756 442 114 505 354 238 454 425 287 705 1033
843 552 1394 618 1451 1449 1108 757 884 1110 1267 1252 870 970 1391 858 839 941 934 975 1295 0 402 841 839 1016 910 775 1446 886 854 606 223 786 778 1631 730 338 168 897 1470 684 1243 691 1352 901 1254 692 911 901 1138 782 791 1070 935 764 742 990 785 667 1097 1609 767 825 473 922 647 394 1082 1421 797 1520 1239 1490 952 1676 843 924 653 1116 223 900 1104 617 874 651 1108 971 896 549 1312 1257 1614 892 857 234 701 856 298 1145 1621 1010 1020 1095 818 638 1529 1224 823 967 1521 899 1433 1101 708 1483
518 236 1006 277 1284 1082 793 795 530 732 985 850 725 710 1027 545 515 572 532 640 907 402 0 516 514 669 605 644 1169 487 530 323 178 871 582 1290 764 311 306 592 1068 364 965 319 1076 598 851 521 515 524 801 619 476 668 581 380 723 612 451 500 728 1268 432 506 216 624 312 132 770 1157 461 1238 1107 1217 687 1309 697 584 660 727 363 523 761 534 553 798 834 904 566 320 1043 913 1219 518 547 473 593 560 219 915 1368 753 713 730 499 396 1190 829 480 569 1140 497 1102 747 453 1301
2 639 611 617 848 619 277 719 95 327 473 639 425 240 559 38 1 175 449 134 522 841 516 0 3 180 96 410 656 325 14 236 650 826 284 790 696 826 682 87 856 157 456 565 565 93 632 318 528 189 297 350 53 491 741 542 605 238 66 325 292 768 84 19 367 120 204 635 253 650 59 723 727 706 215 844 408 90 609 378 675 184 264 453 37 854 333 651 55 308 536 416 849 638 46 772 429 83 735 447 863 278 198 281 25 237 688 501 61 353 714 397 594 268 183 849
4 636 611 614 851 620 279 721 93 326 476 637 427 243 560 41 3 174 446 136 521 839 514 3 0 181 99 412 659 322 16 235 648 827 286 791 698 824 681 90 854 156 458 562 568 96 630 320 525 186 298 352 52 488 738 539 607 237 63 326 291 770 81 19 366 123 202 632 256 653 57 726 730 709 218 845 411 90 610 377 674 182 265 454 39 855 336 653 56 307 539 417 848 635 49 771 430 86 733 450 866 281 201 281 26 237 690 500 58 351 714 394 596 269 184 852
178 752 441 717 829 438 162 863 139 178 378 538 531 274 379 178 182 132 444 55 359 1016 669 180 181 0 160 543 548 334 169 415 817 971 421 621 843 972 860 170 736 331 370 647 467 170 528 477 539 188 133 483 233 430 767 604 748 156 230 488 130 599 248 198 543 172 369 777 155 557 218 606 755 600 258 664 523 91 765 254 855 185 91 616 155 1016 286 748 126 488 449 244 679 666 183 953 579 210 887 432 766 292 145 112 206 416 520 365 193 318 536 403 433 87 357 816
95 735 600 714 755 578 197 703 159 335 380 680 377 151 517 61 97 222 526 105 520 910 605 96 99 160 0 383 564 403 84 305 730 811 260 723 683 916 747 13 887 240 361 661 472 10 671 319 610 255 240 323 128 548 829 636 587 277 161 333 289 702 178 101 440 24 292 726 171 556 156 633 645 613 127 797 366 107 606 403 731 251 218 460 62 858 236 599 76 364 441 359 838 725 57 822 419 57 823 352 768 185 110 273 106 281 622 520 154 417 688 476 523 240 214 754
411 858 980 868 677 929 517 321 505 718 577 1050 95 312 871 386 409 585 837 488 903 775 644 410 412 543 383 0 731 716 411 358 678 428 126 1013 303 923 611 375 1264 396 549 854 642 374 1042 129 899 597 594 60 376 898 1083 863 205 647 425 146 673 995 426 393 428 372 435 775 491 691 433 806 473 765 312 1131 69 480 243 782 554 592 587 162 409 495 433 269 440 327 598 700 1216 986 377 602 77 340 823 403 871 332 439 656 390 274 918 902 457 758 1054 783 813 618 261 707
655 1290 667 1260 445 488 390 992 673 629 184 959 649 475 465 625 657 680 977 551 666 1446 1169 656 659 548 564 731 0 878 642 858 1285 1085 678 375 989 1480 1278 576 1081 804 205 1194 94 570 945 766 1076 736 427 696 692 925 1305 1152 897 689 722 790 587 366 741 664 991 545 856 1291 408 60 715 75 539 52 494 567 666 607 964 710 1244 733 471 883 619 1201 339 745 612 900 134 381 824 1207 621 1314 804 609 1387 329 220 436 457 567 670 810 324 756 703 846 630 943 263 512 741 398
324 474 529 422 1150 639 496 1002 244 288 712 383 745 554 592 361 326 202 124 348 431 886 487 325 322 334 403 716 878 0 330 413 663 1104 594 881 975 741 762 400 609 335 704 338 800 405 381 603 209 151 451 660 343 202 434 280 894 191 292 601 309 860 290 336 478 427 321 552 487 891 286 932 1048 930 531 857 726 305 877 253 791 155 407 714 345 1100 610 970 327 491 783 530 733 332 369 902 717 409 675 747 1098 586 461 323 337 473 789 343 266 81 669 73 724 369 458 1143
12 652 602 630 838 607 263 723 94 320 459 638 423 230 547 30 15 173 455 121 514 854 530 14 16 169 84 411 642 330 0 249 664 830 285 776 700 841 695 76 853 171 442 577 551 82 630 323 535 191 283 351 64 492 749 553 608 235 80 331 283 755 98 29 381 108 218 649 239 637 73 709 719 692 205 832 408 80 614 374 687 186 251 459 23 861 320 649 42 319 522 403 840 646 39 784 433 78 749 436 850 267 184 271 37 247 674 496 70 356 704 403 580 257 191 838
238 509 829 512 963 854 503 600 296 539 675 788 423 390 795 252 235 369 520 371 734 606 323 236 235 415 305 358 858 413 249 0 426 698 268 1025 572 631 445 291 1014 90 653 496 764 296 784 229 564 347 533 318 185 613 731 508 499 429 188 216 514 1003 173 220 134 319 92 454 476 842 201 930 795 905 368 1080 396 324 470 570 439 344 500 309 268 687 520 628 292 81 728 652 1063 636 251 540 332 252 534 591 1051 432 415 508 212 84 923 691 231 477 942 467 827 503 129 978
652 355 1177 414 1347 1243 926 754 681 898 1102 1028 768 812 1186 673 649 732 710 782 1078 223 178 650 648 817 730 678 1285 663 664 426 0 811 647 1438 723 253 158 716 1246 492 1079 478 1190 721 1030 570 690 688 945 668 604 846 732 547 705 777 590 546 889 1416 571 637 293 745 448 196 900 1266 601 1357 1151 1331 792 1470 740 728 627 898 237 687 908 537 686 710 945 914 704 389 1154 1061 1394 680 674 330 613 679 161 1005 1473 854 840 889 630 479 1337 1004 624 745 1308 675 1245 900 546 1371
828 1107 1409 1141 864 1353 941 108 920 1144 963 1461 466 734 1295 807 824 1002 1217 916 1331 786 871 826 827 971 811 428 1085 1104 830 698 811 0 550 1410 129 1059 673 802 1681 769 935 1157 1009 801 1455 508 1261 1005 1021 488 784 1298 1412 1188 223 1065 826 506 1100 1393 822 808 693 800 790 978 916 1034 836 1156 636 1106 738 1546 463 904 228 1204 589 1001 1016 390 831 165 840 349 862 629 965 1123 1645 1324 799 553 397 764 972 765 1170 747 866 1084 803 631 1321 1325 865 1159 1481 1164 1217 1047 653 917
285 778 860 780 704 822 412 442 379 594 509 923 158 218 762 260 282 459 716 365 780 778 582 284 286 421 260 126 678 594 285 268 647 550 0 927 422 878 609 251 1138 286 482 756 585 250 915 88 782 471 483 66 252 773 975 758 327 520 301 112 550 908 304 267 369 251 332 714 385 647 309 753 526 718 210 1031 135 354 348 656 568 467 471 217 283 602 354 378 314 264 543 594 1098 875 251 636 160 215 779 367 843 249 328 533 264 187 829 777 332 634 941 663 725 499 150 725
788 1349 457 1302 813 266 528 1310 760 592 447 802 949 709 295 773 791 724 942 656 511 1631 1290 790 791 621 723 1013 375 881 776 1025 1438 1410 927 0 1301 1589 1470 737 852 947 475 1219 418 733 787 1010 1039 778 493 966 840 842 1254 1157 1204 699 848 1030 577 21 866 805 1157 715 990 1393 556 435 837 338 911 388 717 206 959 709 1257 644 1455 777 530 1144 756 1506 580 1089 735 1088 457 376 519 1169 774 1543 1078 780 1506 649 487 682 618 568 812 1004 101 625 813 820 351 927 203 543 936 761
698 1000 1282 1029 814 1232 819 30 790 1016 856 1331 351 613 1173 678 695 872 1089 788 1203 730 764 696 698 843 683 303 989 975 700 572 723 129 422 1301 0 976 598 673 1551 640 828 1040 908 673 1325 378 1136 875 898 362 654 1169 1292 1068 98 935 696 376 972 1284 693 678 576 673 663 878 794 941 707 1062 584 1014 615 1430 344 774 105 1075 518 871 890 262 702 212 725 287 733 506 864 1002 1519 1202 670 505 267 636 884 663 1091 629 742 956 673 502 1209 1196 735 1029 1358 1036 1105 920 523 861
828 291 1271 360 1583 1369 1103 1006 833 1014 1296 1058 1010 1021 1317 856 825 865 746 947 1173 338 311 826 824 972 916 923 1480 741 841 631 253 1059 878 1589 976 0 387 904 1256 676 1277 452 1388 909 1063 808 693 812 1106 907 788 888 652 533 958 897 761 785 1017 1567 742 817 510 935 624 196 1080 1469 770 1549 1394 1529 998 1592 982 890 880 994 472 813 1064 788 864 947 1146 1165 875 615 1355 1215 1466 635 859 540 861 872 99 1223 1680 1063 1024 1022 810 699 1490 1082 787 820 1411 728 1406 1046 760 1603
684 511 1253 567 1288 1296 945 628 732 966 1099 1140 705 802 1237 697 680 795 827 817 1155 168 306 682 681 860 747 611 1278 762 695 445 158 673 609 1470 598 387 0 733 1362 528 1075 623 1183 738 1140 524 820 759 979 615 631 956 882 686 596 847 629 499 948 1449 612 665 316 758 496 354 918 1253 642 1352 1078 1321 785 1523 678 768 510 979 84 757 946 455 714 560 940 819 737 383 1144 1098 1479 823 696 172 538 691 308 976 1452 842 855 945 658 471 1368 1092 670 842 1376 786 1271 946 541 1318
86 725 611 705 762 591 211 694 157 343 392 685 371 155 530 50 88 224 524 114 529 897 592 87 90 170 13 375 576 400 76 291 716 802 251 737 673 904 733 0 893 228 373 653 484 6 676 308 607 254 254 314 115 550 824 629 578 281 151 321 298 716 168 90 426 32 280 714 185 567 146 645 647 625 131 810 360 110 595 409 717 250 231 448 56 847 247 594 75 350 453 373 849 721 45 808 409 44 811 359 780 191 124 282 95 267 636 527 146 418 700 473 537 251 200 762
854 965 416 895 1487 610 842 1575 761 558 993 226 1264 1010 619 878 857 680 536 787 423 1470 1068 856 854 736 887 1264 1081 609 853 1014 1246 1681 1138 852 1551 1256 1362 893 0 928 1003 804 1048 895 229 1172 565 678 752 1204 896 408 655 724 1461 617 856 1176 610 839 862 873 1087 904 925 1095 854 1125 845 1096 1468 1125 995 694 1253 784 1460 484 1397 681 731 1299 855 1696 985 1484 824 1095 1058 723 375 630 886 1510 1284 924 1217 1133 1278 1023 874 631 878 1062 814 372 816 537 501 576 826 685 1029 1457
159 515 738 506 949 768 433 667 206 449 620 703 445 352 709 181 156 278 449 291 644 684 364 157 156 331 240 396 804 335 171 90 492 769 286 947 640 676 528 228 928 0 600 473 711 233 699 274 504 257 454 346 112 532 689 471 561 338 101 268 424 926 84 144 212 259 54 489 409 793 113 873 798 853 328 995 421 240 541 480 527 254 419 379 193 768 470 662 212 172 678 572 972 590 183 630 385 196 583 561 1004 394 350 419 137 137 846 601 142 394 853 396 752 417 136 958
454 1094 610 1067 486 473 207 835 483 489 28 848 478 272 429 423 457 502 813 362 580 1243 965 456 458 370 361 549 205 704 442 653 1079 935 482 475 828 1277 1075 373 1003 600 0 1006 111 367 834 570 909 556 272 508 489 781 1138 969 732 522 522 593 440 458 540 463 786 341 653 1088 218 194 515 277 485 252 290 626 490 416 790 575 1043 553 310 693 419 1036 134 617 415 696 80 282 810 1036 419 1117 619 404 1183 176 407 234 259 417 468 605 389 647 506 684 619 773 289 357 536 461
566 161 848 93 1412 975 805 1070 523 627 1019 606 914 803 930 603 565 517 304 644 754 691 319 565 562 647 661 854 1194 338 577 496 478 1157 756 1219 1040 452 623 653 804 473 1006 0 1110 659 612 725 241 460 776 812 553 443 262 80 981 525 505 711 646 1198 491 566 464 685 424 299 789 1199 507 1254 1271 1246 778 1188 889 590 934 585 683 463 731 786 599 1103 894 1124 594 541 1087 864 1025 201 610 792 824 641 416 1012 1411 843 749 658 563 580 1127 652 507 404 992 300 1059 699 606 1415
564 1201 640 1174 445 478 306 913 587 565 92 910 564 381 444 533 566 600 904 465 626 1352 1076 565 568 467 472 642 94 800 551 764 1190 1009 585 418 908 1388 1183 484 1048 711 111 1110 0 478 896 673 1002 655 354 606 599 861 1231 1070 815 613 631 697 519 404 649 573 897 452 764 1199 321 90 624 168 498 141 400 593 579 521 879 649 1150 652 396 792 528 1119 244 676 523 806 44 329 818 1131 529 1221 715 515 1294 245 300 341 367 498 578 715 348 707 614 774 624 867 263 441 646 409
92 731 611 711 756 588 207 693 162 344 386 688 369 149 528 56 94 228 529 114 530 901 598 93 96 170 10 374 570 405 82 296 721 801 250 733 673 909 738 6 895 233 367 659 478 0 678 309 612 259 251 313 121 554 829 635 578 284 157 322 299 712 174 96 431 26 285 720 180 561 153 640 642 620 125 808 358 113 595 411 721 254 229 449 61 847 241 591 79 355 447 370 849 726 51 811 408 47 816 353 774 185 119 282 101 270 632 529 152 422 698 479 533 250 203 756
630 773 332 706 1320 523 653 1349 536 356 829 14 1047 802 510 656 633 456 321 575 285 1254 851 632 630 528 671 1042 945 381 630 784 1030 1455 915 787 1325 1063 1140 676 229 699 834 612 896 678 0 946 372 450 568 982 670 184 522 532 1236 396 628 949 409 771 634 649 859 689 696 890 660 980 618 973 1277 993 785 676 1035 566 1233 274 1172 454 539 1071 634 1467 795 1270 604 865 898 567 431 467 665 1283 1059 703 1014 945 1156 820 671 432 653 833 725 188 589 307 465 354 710 491 802 1296
320 730 918 739 777 893 489 403 412 642 596 953 204 303 833 303 317 493 722 422 834 692 521 318 320 477 319 129 766 603 323 229 570 508 88 1010 378 808 524 308 1172 274 570 725 673 309 946 0 778 496 553 99 275 792 957 736 291 557 318 25 602 990 316 300 304 316 309 652 461 735 328 842 587 806 292 1107 176 400 290 697 480 492 537 140 327 539 440 398 359 200 632 668 1157 861 296 548 113 266 708 454 930 336 401 588 295 145 911 820 356 652 1007 667 807 559 145 801
527 402 632 334 1360 781 702 1164 452 459 916 366 938 762 744 565 528 409 99 557 545 911 515 528 525 539 610 899 1076 209 535 564 690 1261 782 1039 1136 693 820 607 565 504 909 241 1002 612 372 778 0 360 649 846 539 213 229 160 1062 388 486 772 493 1019 480 536 588 635 473 530 694 1093 482 1126 1254 1129 738 982 917 514 1033 396 867 365 606 873 551 1236 819 1161 535 633 988 714 792 131 573 979 889 612 652 956 1297 795 670 511 536 638 954 435 467 230 778 137 902 564 638 1352
188 573 494 533 999 559 349 899 97 209 565 456 614 405 505 220 190 57 271 197 396 901 524 189 186 188 255 597 736 151 191 347 688 1005 471 778 875 812 759 254 678 257 556 460 655 259 450 496 360 0 315 538 221 301 585 415 787 89 178 499 205 757 185 203 448 279 269 616 338 745 168 794 900 789 383 785 598 154 782 224 771 4 271 621 202 1019 458 840 179 429 636 410 722 483 229 878 609 269 733 595 955 436 310 210 206 385 681 344 140 164 620 224 605 241 352 992
295 885 396 848 753 339 91 914 272 217 272 581 561 289 279 282 298 258 550 163 338 1138 801 297 298 133 240 594 427 451 283 533 945 1021 483 493 898 1106 979 254 752 454 272 776 354 251 568 553 649 315 0 537 348 509 878 728 800 261 355 569 167 471 373 313 665 238 497 910 109 444 344 480 715 479 283 556 559 217 831 303 968 313 44 694 264 1085 233 760 242 600 344 119 627 779 285 1061 643 298 1019 381 647 287 155 145 320 520 391 385 322 420 459 516 301 86 454 733
352 824 920 831 679 874 462 380 446 658 536 990 106 259 815 326 349 525 782 428 842 782 619 350 352 483 323 60 696 660 351 318 668 488 66 966 362 907 615 314 1204 346 508 812 606 313 982 99 846 538 537 0 318 839 1035 817 265 586 368 122 613 947 370 334 403 312 389 751 435 661 375 772 488 733 257 1078 78 420 295 722 565 534 528 186 349 549 386 316 379 298 562 645 1157 937 317 623 112 280 808 374 847 283 381 596 331 233 869 841 399 700 997 728 764 558 210 705
55 614 663 598 858 672 321 678 137 377 508 677 401 252 612 69 51 218 467 186 572 791 476 53 52 233 128 376 692 343 64 185 604 784 252 840 654 788 631 115 896 112 489 553 599 121 670 275 539 221 348 318 0 521 744 537 566 282 52 280 343 818 62 35 318 147 164 599 296 682 57 761 724 741 227 897 382 143 565 424 622 217 316 406 83 807 361 627 107 255 568 467 900 642 70 719 388 89 695 462 895 293 237 333 27 184 738 547 81 382 767 413 642 321 135 863
489 601 420 537 1256 579 580 1195 397 295 781 183 915 692 547 521 492 325 141 466 337 1070 668 491 488 430 548 898 925 202 492 613 846 1298 773 842 1169 888 956 550 408 532 781 443 861 554 184 792 213 301 509 839 521 0 412 365 1084 276 474 793 342 823 476 505 680 570 523 711 580 950 465 966 1183 976 672 771 900 441 1073 214 989 306 471 910 501 1300 715 1141 475 693 854 547 582 333 530 1101 906 570 835 862 1144 717 575 363 508 669 763 224 440 140 565 170 722 423 647 1240
741 382 827 317 1582 992 930 1321 673 685 1144 511 1133 979 959 779 741 636 328 782 749 935 581 741 738 767 829 1083 1305 434 749 731 732 1412 975 1254 1292 652 882 824 655 689 1138 262 1231 829 522 957 229 585 878 1035 744 412 0 223 1227 617 691 947 721 1235 682 747 719 853 648 541 921 1322 690 1355 1467 1357 955 1180 1110 737 1186 616 945 589 835 1033 768 1364 1044 1351 754 787 1216 940 952 103 787 1052 1063 823 643 1178 1526 1014 895 739 745 812 1173 635 679 459 970 364 1126 793 826 1577
543 241 775 174 1391 908 764 1097 488 566 980 526 916 782 865 581 542 471 228 607 683 764 380 542 539 604 636 863 1152 280 553 508 547 1188 758 1157 1068 533 686 629 724 471 969 80 1070 635 532 736 160 415 728 817 537 365 223 0 1004 471 487 724 589 1137 475 545 497 660 427 375 751 1160 487 1208 1261 1204 758 1118 892 555 962 517 742 418 683 809 573 1144 863 1132 565 563 1050 810 947 140 588 852 840 622 495 988 1370 820 716 603 543 590 1067 578 482 337 920 231 1004 648 608 1390
607 954 1185 978 750 1133 721 115 700 921 760 1243 254 515 1075 585 604 781 1010 692 1107 742 723 605 607 748 587 205 897 894 608 499 705 223 327 1204 98 958 596 578 1461 561 732 981 815 578 1236 291 1062 787 800 265 566 1084 1227 1004 0 844 610 292 877 1187 607 587 522 577 588 844 695 851 619 971 523 925 517 1332 246 681 91 982 521 783 793 195 609 303 627 233 640 441 771 904 1422 1135 577 529 177 542 863 570 1009 530 644 860 583 424 1112 1103 647 944 1260 956 1007 824 437 794
236 649 405 604 986 472 315 958 145 120 527 404 652 417 419 260 240 63 290 189 308 990 612 238 237 156 277 647 689 191 235 429 777 1065 520 699 935 897 847 281 617 338 522 525 613 284 396 557 388 89 261 586 282 276 617 471 844 0 248 562 122 678 259 256 536 297 355 701 311 704 236 741 907 741 397 697 639 170 847 143 858 90 217 688 238 1089 442 875 208 510 600 339 635 518 269 964 667 307 820 588 909 441 299 133 261 459 604 266 205 162 530 254 534 177 417 973
67 574 642 554 906 666 342 721 108 353 539 635 453 298 608 100 65 186 415 192 549 785 451 66 63 230 161 425 722 292 80 188 590 826 301 848 696 761 629 151 856 101 522 505 631 157 628 318 486 178 355 368 52 474 691 487 610 248 0 320 325 827 18 61 313 184 141 569 319 717 12 790 776 773 273 893 434 139 604 392 628 174 319 443 103 842 398 678 115 266 602 472 877 589 106 729 432 135 670 507 929 338 265 319 57 210 747 515 43 334 753 362 655 316 173 909
327 712 930 723 801 909 507 401 417 651 619 955 226 324 849 313 324 499 718 434 844 667 500 325 326 488 333 146 790 601 331 216 546 506 112 1030 376 785 499 321 1176 268 593 711 697 322 949 25 772 499 569 122 280 793 947 724 292 562 320 0 612 1010 316 307 283 331 300 631 479 760 330 866 610 830 313 1124 197 410 284 704 455 495 551 127 337 529 463 413 369 181 655 685 1168 851 306 524 117 278 685 479 954 358 419 599 301 135 930 827 359 653 1021 664 827 572 146 826
289 771 319 726 919 354 245 992 218 52 439 421 661 400 300 299 293 156 393 184 231 1097 728 292 291 130 289 673 587 309 283 514 889 1100 550 577 972 1017 948 298 610 424 440 646 519 299 409 602 493 205 167 613 343 342 721 589 877 122 325 612 0 555 340 311 632 302 452 821 250 609 313 633 867 639 386 582 653 203 892 138 952 204 132 740 275 1142 386 876 244 592 512 222 557 624 306 1054 707 337 939 536 807 413 264 22 317 528 482 237 282 262 428 365 414 83 475 900
766 1327 441 1281 806 248 507 1292 738 571 431 786 932 689 275 751 770 703 922 635 493 1609 1268 768 770 599 702 995 366 860 755 1003 1416 1393 908 21 1284 1567 1449 716 839 926 458 1198 404 712 771 990 1019 757 471 947 818 823 1235 1137 1187 678 827 1010 555 0 845 784 1136 694 968 1371 535 426 815 332 899 382 697 207 941 688 1238 623 1434 756 508 1125 735 1488 561 1073 713 1067 444 355 512 1149 753 1522 1059 759 1485 633 487 663 598 547 791 983 80 606 792 799 339 906 183 521 915 755
86 557 656 538 920 683 360 718 122 366 557 640 458 312 624 117 83 197 412 210 562 767 432 84 81 248 178 426 741 290 98 173 571 822 304 866 693 742 612 168 862 84 540 491 649 174 634 316 480 185 373 370 62 476 682 475 607 259 18 316 340 845 0 77 296 200 123 550 337 734 29 808 786 791 287 910 437 157 598 402 612 181 337 437 121 834 415 682 133 253 620 490 890 580 122 714 429 149 652 522 947 353 283 334 73 200 765 524 57 336 769 358 673 333 170 924
21 635 630 615 846 637 289 701 112 346 481 656 411 237 577 39 17 193 460 151 541 825 506 19 19 198 101 393 664 336 29 220 637 808 267 805 678 817 665 90 873 144 463 566 573 96 649 300 536 203 313 334 35 505 747 545 587 256 61 307 311 784 77 0 352 123 193 626 265 657 58 732 720 714 212 862 394 109 591 397 657 199 281 434 49 835 337 637 72 290 542 432 868 644 44 754 411 76 725 446 869 277 207 300 7 218 703 520 69 367 733 407 609 286 164 848
369 435 941 456 1073 979 637 606 415 652 808 861 508 519 921 386 366 480 567 502 844 473 216 367 366 543 440 428 991 478 381 134 293 693 369 1157 576 510 316 426 1087 212 786 464 897 431 859 304 588 448 665 403 318 680 719 497 522 536 313 283 632 1136 296 352 0 454 180 348 611 973 325 1063 891 1037 498 1206 480 452 470 672 322 446 630 328 401 649 652 690 423 105 860 783 1170 635 385 430 380 387 411 715 1180 561 550 628 345 188 1056 789 353 552 1061 518 960 629 253 1092
119 758 608 737 731 578 187 692 183 349 361 699 360 126 518 83 120 244 550 118 530 922 624 120 123 172 24 372 545 427 108 319 745 800 251 715 673 935 758 32 904 259 341 685 452 26 689 316 635 279 238 312 147 570 853 660 577 297 184 331 302 694 200 123 454 0 311 746 160 535 179 614 621 594 103 795 351 128 599 420 739 274 221 456 86 852 214 580 100 374 420 356 846 750 78 828 411 66 842 328 747 161 97 284 128 289 614 535 178 440 692 500 514 247 220 730
206 461 760 454 1003 801 482 691 236 471 672 699 490 407 743 232 203 299 428 334 663 647 312 204 202 369 292 435 856 321 218 92 448 790 332 990 663 624 496 280 925 54 653 424 764 285 696 309 473 269 497 389 164 523 648 427 588 355 141 300 452 968 123 193 180 311 0 435 458 846 152 925 849 905 383 1029 465 280 561 493 503 266 459 400 241 778 524 704 256 169 732 613 990 551 234 609 417 250 531 616 1058 449 401 449 186 165 888 612 176 388 880 375 797 454 182 1013
636 160 1081 223 1416 1174 910 909 637 820 1107 887 856 838 1121 665 634 669 570 753 982 394 132 635 632 777 726 775 1291 552 649 454 196 978 714 1393 878 196 354 714 1095 489 1088 299 1199 720 890 652 530 616 910 751 599 711 541 375 844 701 569 631 821 1371 550 626 348 746 435 0 888 1281 577 1359 1239 1340 815 1398 828 696 775 802 428 617 868 658 672 891 959 1032 682 452 1167 1019 1282 499 669 526 722 685 124 1044 1493 881 833 827 620 529 1294 895 593 632 1219 545 1211 850 584 1432
252 882 506 853 675 438 28 809 266 303 229 672 453 181 380 227 255 285 599 144 445 1082 770 253 256 155 171 491 408 487 239 476 900 916 385 556 794 1080 918 185 854 409 218 789 321 180 660 461 694 338 109 435 296 580 921 751 695 311 319 479 250 535 337 265 611 160 458 888 0 410 310 472 616 459 178 646 452 200 730 388 899 334 122 600 216 984 135 651 206 534 298 209 736 820 226 987 544 226 989 285 621 177 62 228 271 448 455 483 296 473 565 557 354 169 380 662
649 1288 712 1262 387 539 396 943 676 654 180 994 607 454 512 617 651 690 994 555 706 1421 1157 650 653 557 556 691 60 891 637 842 1266 1034 647 435 941 1469 1253 567 1125 793 194 1199 90 561 980 735 1093 745 444 661 682 950 1322 1160 851 704 717 760 609 426 734 657 973 535 846 1281 410 0 710 122 479 73 474 627 626 609 921 737 1215 742 487 847 613 1154 323 692 610 879 114 413 877 1222 613 1282 766 596 1374 288 212 412 454 588 662 789 383 791 701 864 683 958 316 531 720 343
61 579 629 558 905 654 333 731 95 340 532 624 459 296 595 96 59 174 409 181 536 797 461 59 57 218 156 433 715 286 73 201 601 836 309 837 707 770 642 146 845 113 515 507 624 153 618 328 482 168 344 375 57 465 690 487 619 236 12 330 313 815 29 58 325 179 152 577 310 710 0 782 777 765 271 881 440 127 614 380 641 164 307 454 96 853 393 684 105 279 596 461 865 587 102 742 441 135 680 505 923 335 257 306 56 222 735 503 31 326 741 356 644 304 184 907
722 1353 680 1322 475 491 452 1064 735 673 255 988 724 550 477 693 725 737 1027 614 690 1520 1238 723 726 606 633 806 75 932 709 930 1357 1156 753 338 1062 1549 1352 645 1096 873 277 1254 168 640 973 842 1126 794 480 772 761 966 1355 1208 971 741 790 866 633 332 808 732 1063 614 925 1359 472 122 782 0 594 54 568 539 741 671 1039 751 1319 791 525 958 686 1274 412 814 678 974 210 418 817 1257 690 1390 880 679 1457 403 183 510 525 615 739 883 307 787 769 896 627 995 269 563 814 423
727 1304 1091 1303 230 958 626 573 804 920 505 1288 383 494 914 689 726 861 1171 717 1049 1239 1107 727 730 755 645 473 539 1048 719 795 1151 636 526 911 584 1394 1078 647 1468 798 485 1271 498 642 1277 587 1254 900 715 488 724 1183 1467 1261 523 907 776 610 867 899 786 720 891 621 849 1239 616 479 777 594 0 540 517 1091 412 747 612 1003 1015 895 738 623 702 786 482 296 721 786 464 761 1296 1364 681 1043 541 643 1295 334 556 466 609 844 721 713 846 1099 788 1059 1105 1121 758 786 670 280
705 1341 709 1312 424 526 442 1016 725 681 233 1007 681 520 506 674 707 732 1029 603 713 1490 1217 706 709 600 613 765 52 930 692 905 1331 1106 718 388 1014 1529 1321 625 1125 853 252 1246 141 620 993 806 1129 789 479 733 741 976 1357 1204 925 741 773 830 639 382 791 714 1037 594 905 1340 459 73 765 54 540 0 539 587 699 659 995 761 1285 786 523 919 669 1227 385 763 663 945 177 430 857 1259 671 1353 839 657 1435 361 168 479 508 619 720 855 350 805 754 898 665 995 301 564 786 373
215 841 675 825 633 617 205 630 287 436 314 795 279 24 558 177 215 347 654 210 606 952 687 215 218 258 127 312 494 531 205 368 792 738 210 717 615 998 785 131 995 328 290 778 400 125 785 292 738 383 283 257 227 672 955 758 517 397 273 313 386 697 287 212 498 103 383 815 178 474 271 568 517 539 0 822 276 231 552 512 755 378 281 427 187 806 155 490 204 406 362 388 909 852 169 834 366 137 902 235 682 66 129 366 215 315 618 623 276 544 743 604 514 318 246 636
842 1331 352 1277 1011 227 618 1442 792 578 601 690 1080 819 285 836 846 738 892 710 436 1676 1309 844 845 664 797 1131 567 857 832 1080 1470 1546 1031 206 1430 1592 1523 810 694 995 626 1188 593 808 676 1107 982 785 556 1078 897 771 1180 1118 1332 697 893 1124 582 207 910 862 1206 795 1029 1398 646 627 881 539 1091 587 822 0 1085 756 1374 604 1519 785 582 1246 815 1627 706 1242 789 1152 628 438 333 1105 839 1615 1189 855 1518 803 693 801 705 581 869 1075 246 547 853 784 211 888 338 577 1011 961
410 903 951 909 610 889 477 357 502 700 518 1044 28 271 831 380 407 579 849 469 879 843 697 408 411 523 366 69 666 726 408 396 740 463 135 959 344 982 678 360 1253 421 490 889 579 358 1035 176 917 598 559 78 382 900 1110 892 246 639 434 197 653 941 437 394 480 351 465 828 452 626 440 741 412 699 276 1085 0 469 300 769 623 593 557 231 401 547 381 244 430 376 535 660 1186 1011 371 671 146 331 882 338 802 284 405 634 392 312 866 886 461 762 1018 796 761 592 284 639
88 682 522 653 845 530 218 796 67 241 429 574 481 253 470 97 92 115 425 57 434 924 584 90 90 91 107 480 607 305 80 324 728 904 354 709 774 890 768 110 784 240 416 590 521 113 566 400 514 154 217 420 143 441 737 555 681 170 139 410 203 688 157 109 452 128 280 696 200 609 127 671 747 659 231 756 469 0 691 301 763 149 179 538 73 939 308 705 41 397 497 333 760 634 104 862 507 139 803 442 821 282 160 191 116 327 608 422 104 312 624 378 518 179 272 840
611 895 1206 923 838 1169 757 136 701 933 818 1239 315 554 1109 594 608 783 989 710 1124 653 660 609 610 765 606 243 964 877 614 470 627 228 348 1257 105 880 510 595 1460 541 790 934 879 595 1233 290 1033 782 831 295 565 1073 1186 962 91 847 604 284 892 1238 598 591 470 599 561 775 730 921 614 1039 612 995 552 1374 300 691 0 988 433 779 819 162 618 254 677 324 650 401 835 940 1445 1098 587 438 187 555 787 635 1086 575 675 877 585 404 1162 1111 644 933 1289 936 1057 846 430 881
377 727 279 673 1057 390 383 1097 287 86 573 285 780 529 349 397 380 206 298 303 180 1116 727 378 377 254 403 782 710 253 374 570 898 1204 656 644 1075 994 979 409 484 480 575 585 649 411 274 697 396 224 303 722 424 214 616 517 982 143 392 704 138 623 402 397 672 420 493 802 388 737 380 751 1003 761 512 604 769 301 988 0 994 226 270 830 373 1232 524 1000 342 652 645 332 499 526 405 1102 807 441 925 673 929 546 397 160 402 602 558 123 349 180 416 286 510 221 559 1036
677 582 1263 634 1229 1293 927 546 734 974 1069 1173 649 771 1234 685 673 802 865 809 1166 223 363 675 674 855 731 554 1244 791 687 439 237 589 568 1455 518 472 84 717 1397 527 1043 683 1150 721 1172 480 867 771 968 565 622 989 945 742 521 858 628 455 952 1434 612 657 322 739 503 428 899 1215 641 1319 1015 1285 755 1519 623 763 433 994 0 769 938 394 704 476 910 748 730 368 1109 1088 1493 881 683 112 479 674 392 934 1410 808 836 947 650 450 1353 1111 670 869 1381 821 1253 942 519 1261
183 575 495 535 995 559 346 895 93 210 562 460 609 401 505 216 185 55 276 193 398 900 523 184 182 185 251 592 733 155 186 344 687 1001 467 777 871 813 757 250 681 254 553 463 652 254 454 492 365 4 313 534 217 306 589 418 783 90 174 495 204 756 181 199 446 274 266 617 334 742 164 791 895 786 378 785 593 149 779 226 769 0 268 618 197 1016 455 835 175 426 633 408 724 487 225 876 605 265 734 591 952 432 306 209 202 382 680 347 136 169 621 228 603 239 348 988
261 841 394 803 787 360 113 908 231 184 312 552 561 290 299 253 265 213 507 129 326 1104 761 264 265 91 218 587 471 407 251 500 908 1016 471 530 890 1064 946 231 731 419 310 731 396 229 539 537 606 271 44 528 316 471 835 683 793 217 319 551 132 508 337 281 630 221 459 868 122 487 307 525 738 523 281 582 557 179 819 270 938 268 0 677 233 1072 256 767 208 570 385 153 629 735 257 1033 631 275 978 405 691 295 152 109 288 493 429 361 283 377 470 472 342 49 429 769
455 762 1058 784 835 1034 628 291 543 779 721 1077 256 435 974 441 451 625 827 561 972 617 534 453 454 616 460 162 883 714 459 309 537 390 217 1144 262 788 455 448 1299 379 693 786 792 449 1071 140 873 621 694 186 406 910 1033 809 195 688 443 127 740 1125 437 434 328 456 400 658 600 847 454 958 623 919 427 1246 231 538 162 830 394 618 677 0 465 401 568 377 496 246 749 808 1296 942 434 440 85 406 690 559 1031 464 541 727 428 241 1046 953 484 771 1148 774 942 700 271 867
35 675 593 653 817 592 240 723 104 315 436 642 415 211 532 23 38 178 469 105 507 874 553 37 39 155 62 409 619 345 23 268 686 831 283 756 702 864 714 56 855 193 419 599 528 61 634 327 551 202 264 349 83 501 768 573 609 238 103 337 275 735 121 49 401 86 241 672 216 613 96 686 702 669 187 815 401 73 618 373 704 197 233 465 0 866 297 640 31 336 499 384 832 665 31 799 434 69 772 415 826 247 161 262 56 260 654 494 91 366 692 418 559 243 201 817
856 1033 1458 1074 1016 1423 1011 215 944 1181 1064 1472 557 808 1364 842 853 1025 1204 961 1373 651 798 854 855 1016 858 495 1201 1100 861 687 710 165 602 1506 212 947 560 847 1696 768 1036 1103 1119 847 1467 539 1236 1019 1085 549 807 1300 1364 1144 303 1089 842 529 1142 1488 834 835 649 852 778 891 984 1154 853 1274 786 1227 806 1627 547 939 254 1232 476 1016 1072 401 866 0 927 492 898 609 1075 1194 1696 1284 835 417 441 805 867 874 1304 827 929 1127 830 634 1413 1355 883 1162 1543 1152 1308 1098 672 1066
332 972 621 950 543 522 143 736 375 439 158 807 373 139 468 297 333 409 726 262 570 1108 834 333 336 286 236 433 339 610 320 520 945 840 354 580 725 1146 940 247 985 470 134 894 244 241 795 440 819 458 233 386 361 715 1044 863 627 442 398 463 386 561 415 337 652 214 524 959 135 323 393 412 482 385 155 706 381 308 677 524 910 455 256 568 297 927 0 546 299 561 209 299 842 941 292 986 499 274 1051 149 534 104 148 363 342 471 485 616 388 603 660 682 380 304 401 533
652 1124 1157 1136 526 1068 671 277 743 926 644 1279 225 477 1014 620 650 818 1094 697 1093 971 904 651 653 748 599 269 745 970 649 628 914 349 378 1089 287 1165 819 594 1484 662 617 1124 676 591 1270 398 1161 840 760 316 627 1141 1351 1132 233 875 678 413 876 1073 682 637 690 580 704 1032 651 692 684 814 296 763 490 1242 244 705 324 1000 748 835 767 377 640 492 546 0 668 592 633 844 1385 1253 611 762 310 571 1068 440 820 473 616 856 635 543 1006 1113 705 1004 1206 1040 905 807 526 574
53 678 562 652 829 564 227 755 82 283 431 613 444 227 504 55 57 150 450 79 475 896 566 55 56 126 76 440 612 327 42 292 704 862 314 735 733 875 737 75 824 212 415 594 523 79 604 359 535 179 242 379 107 475 754 565 640 208 115 369 244 713 133 72 423 100 256 682 206 610 105 678 721 663 204 789 430 41 650 342 730 175 208 496 31 898 299 668 0 362 496 361 800 651 63 827 466 99 785 425 823 260 156 231 80 289 633 463 91 342 662 400 540 214 232 826
310 531 909 545 968 927 562 535 375 619 719 869 404 425 867 317 306 449 595 441 815 549 320 308 307 488 364 327 900 491 319 81 389 629 264 1088 506 615 383 350 1095 172 696 541 806 355 865 200 633 429 600 298 255 693 787 563 441 510 266 181 592 1067 253 290 105 374 169 452 534 879 279 974 786 945 406 1152 376 397 401 652 368 426 570 246 336 609 561 592 362 0 768 720 1143 696 315 464 285 308 515 615 1084 466 472 584 282 90 986 773 310 558 1019 543 888 576 159 988
535 1174 655 1148 430 501 286 869 564 560 72 912 520 342 463 502 537 581 890 443 634 1312 1043 536 539 449 441 598 134 783 522 728 1154 965 543 457 864 1355 1144 453 1058 678 80 1087 44 447 898 632 988 636 344 562 568 854 1216 1050 771 600 602 655 512 444 620 542 860 420 732 1167 298 114 596 210 464 177 362 628 535 497 835 645 1109 633 385 749 499 1075 209 633 496 768 0 335 841 1115 498 1179 671 482 1260 201 327 302 340 490 548 677 383 710 587 761 648 852 293 431 609 399
414 983 329 942 764 229 183 1017 383 255 270 581 658 389 171 402 418 353 614 281 299 1257 913 416 417 244 359 700 381 530 403 652 1061 1123 594 376 1002 1215 1098 373 723 572 282 864 329 370 567 668 714 410 119 645 467 547 940 810 904 339 472 685 222 355 490 432 783 356 613 1019 209 413 461 418 761 430 388 438 660 333 940 332 1088 408 153 808 384 1194 299 844 361 720 335 0 543 845 405 1181 753 417 1130 432 597 378 267 207 439 640 276 378 437 484 362 587 195 169 574 734
846 1182 238 1119 1262 340 714 1537 769 524 791 441 1188 916 381 855 850 694 721 735 328 1614 1219 849 848 679 838 1216 824 733 840 1063 1394 1645 1098 519 1519 1466 1479 849 375 972 810 1025 818 849 431 1157 792 722 627 1157 900 582 952 947 1422 635 877 1168 557 512 890 868 1170 846 990 1282 736 877 865 817 1296 857 909 333 1186 760 1445 499 1493 724 629 1296 832 1696 842 1385 800 1143 841 543 0 897 862 1600 1257 890 1406 973 990 913 780 569 874 1084 512 389 834 651 194 737 561 599 1032 1221
638 348 753 279 1479 909 829 1232 570 591 1044 458 1033 876 873 676 638 534 231 680 670 892 518 638 635 666 725 986 1207 332 646 636 680 1324 875 1169 1202 635 823 721 630 590 1036 201 1131 726 467 861 131 483 779 937 642 333 103 140 1135 518 589 851 624 1149 580 644 635 750 551 499 820 1222 587 1257 1364 1259 852 1105 1011 634 1098 526 881 487 735 942 665 1284 941 1253 651 696 1115 845 897 0 684 991 968 721 611 1075 1427 911 793 642 643 716 1085 558 576 362 898 263 1033 694 727 1474
46 680 623 660 802 616 252 692 132 346 438 673 385 194 556 9 46 208 494 130 538 857 547 46 49 183 57 377 621 369 39 251 674 799 251 774 670 859 696 45 886 183 419 610 529 51 665 296 573 229 285 317 70 530 787 588 577 269 106 306 306 753 122 44 385 78 234 669 226 613 102 690 681 671 169 839 371 104 587 405 683 225 257 434 31 835 292 611 63 315 498 405 862 684 0 776 403 40 766 402 825 233 167 292 49 235 672 526 107 394 719 442 575 270 173 804
774 684 1368 739 1264 1391 1014 530 836 1078 1144 1285 696 847 1331 779 770 907 978 904 1272 234 473 772 771 953 822 602 1314 902 784 540 330 553 636 1543 505 540 172 808 1510 630 1117 792 1221 811 1283 548 979 878 1061 623 719 1101 1052 852 529 964 729 524 1054 1522 714 754 430 828 609 526 987 1282 742 1390 1043 1353 834 1615 671 862 438 1102 112 876 1033 440 799 417 986 762 827 464 1179 1181 1600 991 776 0 525 764 472 996 1470 883 924 1048 746 541 1442 1220 772 980 1483 934 1340 1040 607 1301
431 815 1019 830 750 981 571 290 523 749 647 1066 171 370 922 411 427 605 835 523 938 701 593 429 430 579 419 77 804 717 433 332 613 397 160 1078 267 861 538 409 1284 385 619 824 715 408 1059 113 889 609 643 112 388 906 1063 840 177 667 432 117 707 1059 429 411 380 411 417 722 544 766 441 880 541 839 366 1189 146 507 187 807 479 605 631 85 434 441 499 310 466 285 671 753 1257 968 403 525 0 369 762 478 947 395 488 691 406 252 981 929 469 766 1102 780 876 658 259 782
84 704 652 687 770 635 253 657 172 379 425 712 346 162 575 49 83 247 533 155 569 856 560 83 86 210 57 340 609 409 78 252 679 764 215 780 636 872 691 44 924 196 404 641 515 47 703 266 612 269 298 280 89 570 823 622 542 307 135 278 337 759 149 76 387 66 250 685 226 596 135 679 643 657 137 855 331 139 555 441 674 265 275 406 69 805 274 571 99 308 482 417 890 721 40 764 369 0 778 372 808 203 164 322 78 223 679 561 144 434 743 481 580 294 156 774
737 263 1204 332 1484 1292 1013 915 747 939 1203 1011 911 924 1239 763 734 784 694 859 1105 298 219 735 733 887 823 823 1387 675 749 534 161 972 779 1506 884 99 308 811 1217 583 1183 416 1294 816 1014 708 652 733 1019 808 695 835 643 495 863 820 670 685 939 1485 652 725 411 842 531 124 989 1374 680 1457 1295 1435 902 1518 882 803 787 925 392 734 978 690 772 867 1051 1068 785 515 1260 1130 1406 611 766 472 762 778 0 1125 1584 967 932 942 718 600 1406 1018 698 756 1341 670 1320 963 662 1504
446 1075 760 1060 404 642 292 668 505 589 203 957 320 210 593 408 447 550 866 402 715 1145 915 447 450 432 352 403 329 747 436 591 1005 765 367 649 663 1223 976 359 1133 561 176 1012 245 353 945 454 956 595 381 374 462 862 1178 988 570 588 507 479 536 633 522 446 715 328 616 1044 285 288 505 403 334 361 235 803 338 442 635 673 934 591 405 559 415 874 149 440 425 615 201 432 973 1075 402 996 478 372 1125 0 475 169 288 513 450 526 565 765 506 746 785 820 465 454 463 402
862 1501 862 1474 377 671 606 1089 888 849 392 1170 780 661 660 830 864 899 1198 766 873 1621 1368 863 866 766 768 871 220 1098 850 1051 1473 1170 843 487 1091 1680 1452 780 1278 1004 407 1411 300 774 1156 930 1297 955 647 847 895 1144 1526 1370 1009 909 929 954 807 487 947 869 1180 747 1058 1493 621 212 923 183 556 168 682 693 802 821 1086 929 1410 952 691 1031 826 1304 534 820 823 1084 327 597 990 1427 825 1470 947 808 1584 475 0 618 667 787 875 994 478 969 914 1067 803 1163 452 733 927 316
277 907 684 891 570 606 199 641 342 465 261 831 280 42 549 240 278 396 708 251 621 1010 753 278 281 292 185 332 436 586 267 432 854 747 249 682 629 1063 842 191 1023 394 234 843 341 185 820 336 795 436 287 283 293 717 1014 820 530 441 338 358 413 663 353 277 561 161 449 881 177 412 335 510 466 479 66 801 284 282 575 546 808 432 295 464 247 827 104 473 260 466 302 378 913 911 233 883 395 203 967 169 618 0 148 391 280 376 586 650 338 593 739 659 481 338 308 571
197 834 546 808 690 493 90 759 227 316 275 682 409 138 434 168 199 262 579 113 477 1020 713 198 201 145 110 439 457 461 184 415 840 866 328 618 742 1024 855 124 874 350 259 749 367 119 671 401 670 310 155 381 237 575 895 716 644 299 265 419 264 598 283 207 550 97 401 833 62 454 257 525 609 508 129 705 405 160 675 397 836 306 152 541 161 929 148 616 156 472 340 267 780 793 167 924 488 164 932 288 667 148 0 243 214 386 517 502 247 457 615 533 417 191 317 681
279 781 331 737 896 353 222 976 213 75 418 444 642 379 297 286 283 158 411 168 247 1095 730 281 281 112 273 656 567 323 271 508 889 1084 533 568 956 1022 945 282 631 419 417 658 498 282 432 588 511 210 145 596 333 363 739 603 860 133 319 599 22 547 334 300 628 284 449 827 228 588 306 615 844 619 366 581 634 191 877 160 947 209 109 727 262 1127 363 856 231 584 490 207 569 642 292 1048 691 322 942 513 787 391 243 0 307 518 472 259 276 280 434 381 401 60 463 878
28 630 637 611 849 644 296 697 116 352 487 660 409 240 584 45 24 198 461 159 547 818 499 25 26 206 106 390 670 337 37 212 630 803 264 812 673 810 658 95 878 137 468 563 578 101 653 295 536 206 320 331 27 508 745 543 583 261 57 301 317 791 73 7 345 128 186 620 271 662 56 739 721 720 215 869 392 116 585 402 650 202 288 428 56 830 342 635 80 282 548 439 874 643 49 746 406 78 718 450 875 280 214 307 0 211 711 525 70 370 740 408 616 294 158 852
239 592 847 597 887 852 476 529 316 560 629 838 339 335 792 239 235 396 587 365 756 638 396 237 237 416 281 274 810 473 247 84 479 631 187 1004 502 699 471 267 1062 137 605 580 715 270 833 145 638 385 520 233 184 669 812 590 424 459 210 135 528 983 200 218 188 289 165 529 448 789 222 883 713 855 315 1075 312 327 404 602 450 382 493 241 260 634 471 543 289 90 677 640 1084 716 235 541 252 223 600 526 994 376 386 518 211 0 902 725 253 530 951 533 803 503 70 905
686 1253 403 1208 770 206 427 1219 659 501 362 740 857 611 217 671 690 626 856 555 442 1529 1190 688 690 520 622 918 324 789 674 923 1337 1321 829 101 1209 1490 1368 636 814 846 389 1127 348 632 725 911 954 681 391 869 738 763 1173 1067 1112 604 747 930 482 80 765 703 1056 614 888 1294 455 383 735 307 846 350 618 246 866 608 1162 558 1353 680 429 1046 654 1413 485 1006 633 986 383 276 512 1085 672 1442 981 679 1406 565 478 586 517 472 711 902 0 553 712 731 325 838 104 443 834 722
499 804 197 744 1133 359 472 1218 410 186 641 203 896 638 335 518 503 329 349 417 114 1224 829 501 500 365 520 902 756 343 496 691 1004 1325 777 625 1196 1082 1092 527 372 601 647 652 707 529 188 820 435 344 385 841 547 224 635 578 1103 266 515 827 237 606 524 520 789 535 612 895 483 791 503 787 1099 805 623 547 886 422 1111 123 1111 347 361 953 494 1355 616 1113 463 773 710 378 389 558 526 1220 929 561 1018 765 969 650 502 259 525 725 553 0 472 262 342 355 527 314 682 1108
61 587 598 562 909 626 317 759 64 309 522 596 479 301 568 99 61 143 391 160 505 823 480 61 58 193 154 457 703 266 70 231 624 865 332 813 735 787 670 146 816 142 506 507 614 152 589 356 467 140 322 399 81 440 679 482 647 205 43 359 282 792 57 69 353 178 176 593 296 701 31 769 788 754 276 853 461 104 644 349 670 136 283 484 91 883 388 705 91 310 587 437 834 576 107 772 469 144 698 506 914 338 247 276 70 253 712 472 0 301 711 338 623 277 213 909
352 548 451 492 1146 571 478 1054 262 231 689 311 778 565 527 385 354 197 131 344 354 967 569 353 351 318 417 758 846 81 356 477 745 1159 634 820 1029 820 842 418 537 394 684 404 774 422 307 652 230 164 420 700 382 140 459 337 944 162 334 653 262 799 336 367 552 440 388 632 473 864 326 896 1059 898 544 784 762 312 933 180 869 169 377 771 366 1162 603 1004 342 558 761 484 651 362 394 980 766 434 756 746 1067 593 457 280 370 530 731 262 301 0 592 106 673 334 507 1135
712 1140 145 1083 1068 146 541 1374 646 410 599 479 1018 747 193 714 716 580 691 589 238 1521 1140 714 714 536 688 1054 630 669 704 942 1308 1481 941 351 1358 1411 1376 700 501 853 619 992 624 698 465 1007 778 620 459 997 767 565 970 920 1260 530 753 1021 428 339 769 733 1061 692 880 1219 565 683 741 627 1105 665 743 211 1018 624 1289 416 1381 621 470 1148 692 1543 660 1206 662 1019 648 362 194 898 719 1483 1102 743 1341 785 803 739 615 434 740 951 325 342 711 592 0 693 367 449 893 1026
397 448 549 390 1223 677 565 1063 317 337 780 354 815 627 634 433 398 272 54 420 454 899 497 397 394 403 476 783 943 73 403 467 675 1164 663 927 1036 728 786 473 576 396 773 300 867 479 354 667 137 224 516 728 413 170 364 231 956 254 362 664 365 906 358 407 518 500 375 545 557 958 356 995 1121 995 604 888 796 378 936 286 821 228 472 774 418 1152 682 1040 400 543 852 587 737 263 442 934 780 481 670 820 1163 659 533 381 408 533 838 355 338 106 693 0 778 431 523 1215
592 1178 410 1137 702 225 326 1115 573 442 263 725 753 507 207 574 596 548 802 463 425 1433 1102 594 596 433 523 813 263 724 580 827 1245 1217 725 203 1105 1406 1271 537 826 752 289 1059 263 533 710 807 902 605 301 764 642 722 1126 1004 1007 534 655 827 414 183 673 609 960 514 797 1211 354 316 644 269 758 301 514 338 761 518 1057 510 1253 603 342 942 559 1308 380 905 540 888 293 195 561 1033 575 1340 876 580 1320 465 452 481 417 401 616 803 104 527 623 673 367 778 0 364 734 659
266 814 361 774 836 351 162 939 218 135 358 503 597 330 291 265 270 184 465 139 287 1101 747 268 269 87 240 618 512 369 257 503 900 1047 499 543 920 1046 946 251 685 417 357 699 441 250 491 559 564 241 86 558 321 423 793 648 824 177 316 572 83 521 333 286 629 247 454 850 169 531 304 563 786 564 318 577 592 179 846 221 942 239 49 700 243 1098 304 807 214 576 431 169 599 694 270 1040 658 294 963 454 733 338 191 60 294 503 443 314 277 334 449 431 364 0 443 817
185 634 794 633 834 790 407 548 272 511 559 808 308 266 729 178 182 353 578 304 705 708 453 183 184 357 214 261 741 458 191 129 546 653 150 936 523 760 541 200 1029 136 536 606 646 203 802 145 638 352 454 210 135 647 826 608 437 417 173 146 475 915 170 164 253 220 182 584 380 720 184 814 670 786 246 1011 284 272 430 559 519 348 429 271 201 672 401 526 232 159 609 574 1032 727 173 607 259 156 662 463 927 308 317 463 158 70 834 682 213 507 893 523 734 443 0 848
848 1474 1050 1461 62 882 659 852 905 950 467 1309 612 611 852 811 849 943 1259 795 1033 1483 1301 849 852 816 754 707 398 1143 838 978 1371 917 725 761 861 1603 1318 762 1457 958 461 1415 409 756 1296 801 1352 992 733 705 863 1240 1577 1390 794 973 909 826 900 755 924 848 1092 730 1013 1432 662 343 907 423 280 373 636 961 639 840 881 1036 1261 988 769 867 817 1066 533 574 826 988 399 734 1221 1474 804 1301 782 774 1504 402 316 571 681 878 852 905 722 1108 909 1135 1026 1215 659 817 848 0
