0 600 98 494 10 1044 1201 1517 393 99 1660 1463 389 774 1696 62
600 0 693 729 610 1358 1673 1642 534 673 1720 1110 990 1017 1909 580
98 693 0 478 88 1055 1168 1556 417 112 1707 1505 302 735 1643 149
494 729 478 0 491 1532 1625 2010 196 578 2147 1123 679 306 1237 549
10 610 88 491 0 1045 1198 1522 394 96 1665 1466 380 769 1690 70
1044 1358 1055 1532 1045 0 515 606 1432 954 807 2435 975 1783 2653 997
1201 1673 1168 1625 1198 515 0 1030 1585 1101 1240 2663 958 1812 2578 1176
1517 1642 1556 2010 1522 606 1030 0 1874 1445 209 2752 1543 2290 3194 1460
393 534 417 196 394 1432 1585 1874 0 491 2000 1092 684 497 1420 435
99 673 112 578 96 954 1101 1445 491 0 1595 1562 325 844 1755 92
1660 1720 1707 2147 1665 807 1240 209 2000 1595 0 2824 1718 2435 3350 1601
1463 1110 1505 1123 1466 2435 2663 2752 1092 1562 2824 0 1774 1142 1537 1487
389 990 302 679 380 975 958 1543 684 325 1718 1774 0 855 1680 414
774 1017 735 306 769 1783 1812 2290 497 844 2435 1142 855 0 932 834
1696 1909 1643 1237 1690 2653 2578 3194 1420 1755 3350 1537 1680 932 0 1757
62 580 149 549 70 997 1176 1460 435 92 1601 1487 414 834 1757 0
