0 636 831 536 903 810 6 1140 181 1144 1527 798 683 1436 305 1714
636 0 1457 142 1420 296 641 1358 806 1750 1980 572 1267 1035 372 1749
831 1457 0 1366 865 1639 826 1171 695 675 1022 1419 605 2040 1092 1825
536 142 1366 0 1282 294 541 1383 694 1624 1956 660 1139 1167 322 1817
903 1420 865 1282 0 1442 896 1859 737 487 1885 1702 290 2336 1188 2500
810 296 1639 294 1442 0 814 1652 951 1832 2249 859 1346 1240 616 2040
6 641 826 541 896 814 0 1143 175 1138 1526 805 676 1442 311 1718
1140 1358 1171 1383 1859 1652 1143 0 1210 1833 826 879 1572 1223 1092 655
181 806 695 694 737 951 175 1210 0 963 1494 970 504 1611 487 1816
1144 1750 675 1624 487 1832 1138 1833 963 0 1645 1905 487 2549 1450 2488
1527 1980 1022 1956 1885 2249 1526 826 1494 1645 0 1626 1613 2047 1634 1256
798 572 1419 660 1702 859 805 879 970 1905 1626 0 1472 644 531 1181
683 1267 605 1139 290 1346 676 1572 504 487 1613 1472 0 2115 985 2215
1436 1035 2040 1167 2336 1240 1442 1223 1611 2549 2047 644 2115 0 1149 1164
305 372 1092 322 1188 616 311 1092 487 1450 1634 531 985 1149 0 1585
1714 1749 1825 1817 2500 2040 1718 655 1816 2488 1256 1181 2215 1164 1585 0
