0 299 1549 293 937 237 899 286 767 1015 405 525 60 614 1233 1356
299 0 1366 531 1158 419 600 246 917 1310 604 321 246 912 1323 1391
1549 1366 0 1842 1726 1758 1117 1263 1382 2443 1456 1048 1494 2055 1278 1074
293 531 1842 0 1034 127 1110 580 956 819 596 808 348 459 1446 1599
937 1158 1726 1034 0 1093 1660 942 352 972 554 1139 956 776 643 899
237 419 1758 127 1093 0 986 507 975 946 608 714 277 580 1454 1588
899 600 1117 1110 1660 986 0 735 1353 1909 1130 523 844 1512 1630 1601
286 246 1263 580 942 507 735 0 677 1253 396 263 233 848 1077 1155
767 917 1382 956 352 975 1353 677 0 1169 366 830 765 863 494 690
1015 1310 2443 819 972 946 1909 1253 1169 0 987 1516 1074 405 1603 1842
405 604 1456 596 554 608 1130 396 366 987 0 627 412 611 850 1009
525 321 1048 808 1139 714 523 263 830 1516 627 0 466 1110 1141 1158
60 246 1494 348 956 277 844 233 765 1074 412 466 0 671 1220 1332
614 912 2055 459 776 580 1512 848 863 405 611 1110 671 0 1341 1553
1233 1323 1278 1446 643 1454 1630 1077 494 1603 850 1141 1220 1341 0 266
1356 1391 1074 1599 899 1588 1601 1155 690 1842 1009 1158 1332 1553 266 0
