0 1180 1046 1418 1441 221 358 1461 804 1152 363 1682 594 691 1261 1368
1180 0 1684 2596 2065 1373 822 2629 502 2266 1160 2787 1355 1849 1256 1122
1046 1684 0 1725 411 919 1137 1843 1589 1010 716 1384 1632 959 747 998
1418 2596 1725 0 1878 1250 1776 147 2173 774 1567 898 1446 838 2365 2566
1441 2065 411 1878 0 1292 1549 2011 1998 1108 1124 1333 2016 1221 976 1231
221 1373 919 1250 1292 0 555 1308 1021 932 354 1461 726 479 1265 1410
358 822 1137 1776 1549 555 0 1816 491 1473 441 2002 727 1034 1120 1165
1461 2629 1843 147 2011 1308 1816 0 2190 912 1639 1042 1428 928 2463 2656
804 502 1589 2173 1998 1021 491 2190 0 1952 925 2482 858 1496 1392 1346
1152 2266 1010 774 1108 932 1473 912 1952 0 1112 529 1493 480 1720 1950
363 1160 716 1567 1124 354 441 1639 925 1112 0 1628 955 743 918 1055
1682 2787 1384 898 1333 1461 2002 1042 2482 529 1628 0 1990 1001 2129 2374
594 1355 1632 1446 2016 726 727 1428 858 1493 955 1990 0 1021 1819 1888
691 1849 959 838 1221 479 1034 928 1496 480 743 1001 1021 0 1535 1729
1261 1256 747 2365 976 1265 1120 2463 1392 1720 918 2129 1819 1535 0 257
1368 1122 998 2566 1231 1410 1165 2656 1346 1950 1055 2374 1888 1729 257 0
