0 629 379 1645 803 6 641 942 1632 551 107 1399 203 152 1489 929 452
629 0 537 1513 563 634 388 1418 2190 1017 638 867 508 663 1998 1332 1082
379 537 0 1889 445 378 766 884 1673 492 293 1403 471 521 1465 795 723
1645 1513 1889 0 2074 1651 1146 2568 3129 2195 1745 1119 1457 1514 3066 2574 1878
803 563 445 2074 0 804 935 1167 1981 844 733 1338 828 926 1730 1022 1167
6 634 378 1651 804 0 647 936 1626 546 103 1404 209 156 1483 924 448
641 388 766 1146 935 647 0 1568 2273 1163 709 778 442 582 2128 1525 1047
942 1418 884 2568 1167 936 1568 0 813 406 859 2276 1144 1057 581 190 746
1632 2190 1673 3129 1981 1626 2273 813 0 1180 1577 3024 1831 1705 319 972 1265
551 1017 492 2195 844 546 1163 406 1180 0 460 1871 749 682 982 379 509
107 638 293 1745 733 103 709 859 1577 460 0 1447 290 259 1419 834 463
1399 867 1403 1119 1338 1404 778 2276 3024 1871 1447 0 1211 1358 2853 2199 1823
203 508 471 1457 828 209 442 1144 1831 749 290 1211 0 158 1693 1124 615
152 663 521 1514 926 156 582 1057 1705 682 259 1358 158 0 1585 1062 465
1489 1998 1465 3066 1730 1483 2128 581 319 982 1419 2853 1693 1585 0 707 1189
929 1332 795 2574 1022 924 1525 190 972 379 834 2199 1124 1062 707 0 826
452 1082 723 1878 1167 448 1047 746 1265 509 463 1823 615 465 1189 826 0
