0 1555 1081 23 1483 1628 1578 561 1576 414 1473 1679 1717 846 156 204
1555 0 2624 1538 2631 2679 3061 2059 1898 1183 1258 3166 2040 2080 1450 1753
1081 2624 0 1101 1119 1735 582 760 2276 1489 2421 664 2056 1180 1173 877
23 1538 1101 0 1505 1620 1601 568 1556 391 1450 1701 1729 840 157 225
1483 2631 1119 1505 0 2765 933 1589 3034 1829 2943 1003 1193 2070 1448 1345
1628 2679 1735 1620 2765 0 2269 1212 1095 1694 1685 2319 3328 782 1775 1607
1578 3061 582 1601 933 2269 0 1338 2859 1992 2983 104 2084 1761 1637 1377
561 2059 760 568 1589 1212 1338 0 1530 876 1671 1423 2142 481 713 442
1576 1898 2276 1556 3034 1095 2859 1530 0 1362 684 2938 3193 1107 1660 1689
414 1183 1489 391 1829 1694 1992 876 1362 0 1118 2093 1831 971 384 617
1473 1258 2421 1450 2943 1685 2983 1671 684 1118 0 3076 2844 1397 1494 1647
1679 3166 664 1701 1003 2319 104 1423 2938 2093 3076 0 2168 1836 1740 1477
1717 2040 2056 1729 1193 3328 2084 2142 3193 1831 2844 2168 0 2547 1585 1721
846 2080 1180 840 2070 782 1761 481 1107 971 1397 1836 2547 0 996 829
156 1450 1173 157 1448 1775 1637 713 1660 384 1494 1740 1585 996 0 311
204 1753 877 225 1345 1607 1377 442 1689 617 1647 1477 1721 829 311 0
