0 425 1138 1492 696 1380 687 478 320 786 760 1381 860 300 1731 780
425 0 721 1310 550 1518 1111 780 663 1194 1010 1653 999 326 1444 790
1138 721 0 1469 786 2068 1825 1483 1380 1862 1518 2308 1598 930 990 1091
1492 1310 1469 0 1842 1074 1895 1337 1403 2174 2246 1571 985 1605 2458 2100
696 550 786 1842 0 2025 1278 1171 1016 1196 747 2076 1497 396 1052 310
1380 1518 2068 1074 2025 0 1339 938 1095 1699 2053 537 527 1648 2951 2159
687 1111 1825 1895 1278 1339 0 558 529 364 868 1072 970 930 2328 1215
478 780 1483 1337 1171 938 558 0 163 856 1116 905 460 775 2189 1249
320 663 1380 1403 1016 1095 529 163 0 771 966 1061 599 619 2044 1086
786 1194 1862 2174 1196 1699 364 856 771 0 603 1430 1301 931 2207 1048
760 1010 1518 2246 747 2053 868 1116 966 603 0 1906 1566 684 1657 503
1381 1653 2308 1571 2076 537 1072 905 1061 1430 1906 0 730 1680 3088 2135
860 999 1598 985 1497 527 970 460 599 1301 1566 730 0 1121 2440 1636
300 326 930 1605 396 1648 930 775 619 931 684 1680 1121 0 1434 526
1731 1444 990 2458 1052 2951 2328 2189 2044 2207 1657 3088 2440 1434 0 1163
780 790 1091 2100 310 2159 1215 1249 1086 1048 503 2135 1636 526 1163 0
