0 345 122 666 1496 1233 389 744 529 222 1597 1651 664 779 1624 338
345 0 242 688 1161 1499 170 1086 833 429 1939 1990 673 540 1556 679
122 242 0 598 1378 1350 267 845 650 212 1714 1769 592 658 1648 457
666 688 598 0 1377 1822 530 1006 1115 457 1937 2008 26 536 2231 861
1496 1161 1378 1377 0 2622 1122 2203 1991 1489 3093 3148 1350 847 2104 1834
1233 1499 1350 1822 2622 0 1607 1008 713 1383 914 904 1830 2007 1527 961
389 170 267 530 1122 1607 0 1083 915 376 1974 2031 513 401 1726 722
744 1086 845 1006 2203 1008 1083 0 541 715 933 1002 1024 1400 2078 454
529 833 650 1115 1991 713 915 541 0 670 1148 1189 1121 1308 1536 256
222 429 212 457 1489 1383 376 715 670 0 1627 1689 459 694 1843 426
1597 1939 1714 1937 3093 914 1974 933 1148 1627 0 81 1956 2321 2425 1260
1651 1990 1769 2008 3148 904 2031 1002 1189 1689 81 0 2026 2383 2425 1313
664 673 592 26 1350 1830 513 1024 1121 459 1956 2026 0 509 2220 868
779 540 658 536 847 2007 401 1400 1308 694 2321 2383 509 0 2014 1097
1624 1556 1648 2231 2104 1527 1726 2078 1536 1843 2425 2425 2220 2014 0 1684
338 679 457 861 1834 961 722 454 256 426 1260 1313 868 1097 1684 0
