0 231 1161 73 105 318 721 1338 1603 455 679 69 540 760 982 343
231 0 1208 290 315 389 673 1311 1399 525 749 199 756 750 751 111
1161 1208 0 1107 1230 1479 616 2497 1627 707 484 1110 996 1920 1628 1249
73 290 1107 0 125 372 698 1399 1632 404 623 94 470 820 1040 401
105 315 1230 125 0 257 819 1284 1703 529 746 174 513 707 1056 423
318 389 1479 372 257 0 1022 1027 1760 772 995 376 738 450 1013 460
721 673 616 698 819 1022 0 1983 1180 367 362 654 872 1423 1014 681
1338 1311 2497 1399 1284 1027 1983 0 2328 1791 2017 1387 1717 578 1454 1308
1603 1399 1627 1632 1703 1760 1180 2328 0 1496 1542 1543 1988 1942 874 1306
455 525 707 404 529 772 367 1791 1496 0 227 403 507 1213 1130 593
679 749 484 623 746 995 362 2017 1542 227 0 630 589 1439 1296 808
69 199 1110 94 174 376 654 1387 1543 403 630 0 556 809 947 309
540 756 996 470 513 738 872 1717 1988 507 589 556 0 1163 1495 864
760 750 1920 820 707 450 1423 578 1942 1213 1439 809 1163 0 1092 767
982 751 1628 1040 1056 1013 1014 1454 874 1130 1296 947 1495 1092 0 639
343 111 1249 401 423 460 681 1308 1306 593 808 309 864 767 639 0
