0 1349 536 927 712 1668 1306 800 960 1528 973 706 1611 893 858 1684
1349 0 1827 538 1976 710 1212 869 496 2877 1131 915 2327 2217 2158 1929
536 1827 0 1452 701 2017 1447 1108 1483 1086 1480 1240 1289 680 717 1585
927 538 1452 0 1475 1153 1341 807 42 2439 624 376 2230 1736 1667 1997
712 1976 701 1475 0 2372 1993 1512 1516 1067 1201 1133 1988 299 201 2257
1668 710 2017 1153 2372 0 842 908 1118 3103 1778 1492 2083 2557 2526 1514
1306 1212 1447 1341 1993 842 0 584 1329 2485 1875 1520 1241 2093 2096 719
800 869 1108 807 1512 908 584 0 805 2194 1296 939 1470 1668 1648 1191
960 496 1483 42 1516 1118 1329 805 0 2476 659 419 2239 1776 1707 1992
1528 2877 1086 2439 1067 3103 2485 2194 2476 0 2262 2143 1874 768 873 2434
973 1131 1480 624 1201 1778 1875 1296 659 2262 0 357 2543 1499 1402 2459
706 915 1240 376 1133 1492 1520 939 419 2143 357 0 2212 1410 1331 2102
1611 2327 1289 2230 1988 2083 1241 1470 2239 1874 2543 2212 0 1902 1970 720
893 2217 680 1736 299 2557 2093 1668 1776 768 1499 1410 1902 0 112 2263
858 2158 717 1667 201 2526 2096 1648 1707 873 1402 1331 1970 112 0 2301
1684 1929 1585 1997 2257 1514 719 1191 1992 2434 2459 2102 720 2263 2301 0
