0 1 847 731 721 1 743 261 502 152 648 12 486 145 350 172 308 844 149 262 235 76 91 453 839 81 24 439 247 427 234 380 667 327 794 662 602 21 143 491 525 206 79 268 481 79 494 725 171 174 786 763 775 561 654 349 373 233 609 649 485 493 124 68 50 857 63 565 114 303 468 747 133 261 157 304 95 101 551 102 170 654 211 51 612 30 188 552 537 350 319 655 696 478 814 523 603 362 77 159 855 280 639 193 468 595 773 530 556 728 449 750 698 205 806 699
1 0 849 729 720 2 741 259 501 153 647 10 486 144 350 170 307 844 147 261 234 76 89 453 837 83 23 437 247 426 233 379 668 325 792 664 604 22 142 489 524 204 79 269 481 79 495 726 173 175 785 765 773 560 653 347 373 234 609 647 483 493 123 69 50 856 63 564 112 303 466 748 132 261 157 303 93 102 551 102 172 654 212 50 611 28 189 550 537 351 318 657 697 478 815 525 604 360 76 158 856 280 638 193 468 595 772 530 555 729 449 749 698 207 804 700
847 849 0 1575 1544 846 1470 1070 1152 793 1290 858 863 906 863 1017 1071 1174 996 1061 1083 894 936 1215 1674 811 870 1264 912 962 975 1049 562 1131 1454 758 247 843 987 1248 1031 1053 806 897 566 860 399 384 727 806 1535 494 1623 1348 1428 1068 754 799 1390 1395 1303 948 952 810 833 1702 838 1344 924 984 1223 1124 940 924 755 1143 913 748 1286 896 808 1071 670 868 1422 872 865 1368 897 541 1103 781 581 972 750 504 258 1209 924 963 1179 1019 1349 879 1230 1014 1615 1031 1282 1072 1129 1598 757 693 1522 1163
731 729 1575 0 352 731 648 570 752 792 782 721 1019 715 896 559 548 1204 587 530 495 681 648 457 308 765 707 330 710 880 690 736 1336 536 793 1169 1328 733 588 571 921 525 785 737 1166 716 1200 1392 855 786 432 1393 121 346 357 673 991 814 346 589 412 859 623 765 754 126 752 367 677 661 580 983 638 705 853 469 682 832 473 681 784 917 931 720 254 710 734 395 1045 1049 581 1148 1293 823 1421 1177 1334 377 653 650 1077 601 509 770 449 904 234 926 487 1007 599 90 1293 891 692 878
721 720 1544 352 0 722 307 474 505 839 481 710 827 638 737 583 687 918 577 637 519 706 630 669 149 786 704 505 815 682 572 543 1189 412 454 1309 1308 733 608 332 688 545 743 848 1047 745 1215 1444 885 845 766 1473 258 612 662 498 849 891 635 271 240 1032 659 779 721 400 712 635 625 796 353 1214 687 817 788 418 639 810 729 721 841 1133 873 688 546 692 811 175 837 1071 442 1293 1391 998 1225 1237 1287 398 655 582 1318 728 793 667 669 1102 145 692 744 1225 802 273 1099 921 343 1118
1 2 846 731 722 0 744 262 503 151 649 13 487 146 351 172 308 845 150 262 236 76 92 453 840 80 24 439 246 428 235 382 667 328 795 661 601 19 144 492 526 206 79 267 481 78 493 724 170 173 786 762 776 562 654 350 373 231 610 650 486 492 124 67 51 858 64 565 115 302 469 746 133 260 157 305 96 100 551 102 169 653 211 53 613 31 187 553 538 348 321 654 694 477 815 522 602 362 78 160 854 279 639 194 468 594 774 531 556 727 449 751 698 204 807 699
743 741 1470 648 307 744 0 486 322 888 220 731 652 615 609 663 830 642 631 766 617 759 664 863 432 822 733 706 915 521 526 422 1029 424 147 1395 1256 761 679 252 485 633 731 947 923 794 1200 1450 914 903 1034 1501 564 845 914 414 723 959 878 97 330 1161 731 810 721 707 708 866 629 921 274 1380 764 922 746 496 648 805 945 783 899 1291 826 695 800 712 888 293 644 1075 423 1385 1439 1133 1018 1260 1213 541 700 583 1489 856 1023 613 868 1248 451 488 959 1380 975 576 901 947 64 1296
261 259 1070 570 474 262 486 0 301 402 427 249 460 163 329 193 392 731 148 323 175 273 178 483 605 337 249 378 438 336 120 212 767 66 553 909 833 277 201 234 407 175 269 468 601 308 745 984 432 417 768 1025 580 535 628 149 421 473 582 390 234 691 250 326 250 690 240 549 153 458 214 928 283 447 314 105 169 339 584 298 413 835 399 219 545 231 404 300 495 607 67 899 956 667 856 784 814 209 214 108 1039 401 675 204 494 785 550 413 594 920 552 563 728 467 550 858
502 501 1152 752 505 503 322 301 0 655 150 492 335 358 289 492 693 457 441 625 476 544 447 780 654 583 501 655 723 198 268 124 711 274 311 1163 946 523 495 182 183 477 465 752 600 571 908 1162 662 676 1039 1225 714 814 902 159 401 734 858 265 339 979 538 570 466 850 451 830 392 753 171 1223 570 734 458 377 411 537 878 573 672 1130 530 450 805 475 679 366 336 796 238 1157 1176 958 722 987 897 472 487 354 1334 700 968 330 789 1077 634 187 889 1212 853 710 598 690 370 1157
152 153 793 792 839 151 888 402 655 0 801 162 611 297 483 256 280 982 265 267 323 133 224 430 943 71 156 471 144 570 387 533 724 466 945 511 546 132 230 636 670 294 205 150 538 95 407 611 68 28 762 634 855 558 643 501 481 82 602 793 610 355 180 85 192 918 207 556 265 219 614 612 157 160 260 422 245 159 514 118 25 520 268 204 628 180 81 677 663 257 465 503 556 346 896 399 572 452 189 308 717 232 591 339 445 458 872 675 514 588 378 827 789 100 952 577
648 647 1290 782 481 649 220 427 150 801 0 638 444 505 429 620 815 437 573 747 594 686 588 885 624 730 646 746 861 328 414 274 819 384 164 1311 1091 669 627 232 273 600 615 891 729 714 1057 1311 811 821 1115 1375 722 901 983 300 536 879 942 209 386 1116 673 716 614 864 600 920 536 885 238 1355 706 871 609 482 555 687 979 713 817 1262 680 597 878 620 820 387 430 946 359 1304 1327 1093 798 1138 1037 563 627 495 1466 828 1066 481 893 1212 623 274 992 1347 973 725 682 839 251 1284
12 10 858 721 710 13 731 249 492 162 638 0 483 136 345 163 306 838 138 258 226 76 79 451 827 92 19 432 252 420 224 371 671 315 783 673 613 30 135 479 518 196 80 275 485 85 505 737 183 184 782 775 765 557 650 338 372 242 605 637 473 500 119 79 49 848 60 561 102 306 456 754 132 266 159 293 83 110 549 104 180 660 217 42 606 18 195 540 533 361 307 666 707 484 815 535 612 351 69 148 862 280 637 187 465 602 762 523 554 735 450 740 698 217 794 705
486 486 863 1019 827 487 652 460 335 611 444 483 0 375 141 583 777 384 526 717 607 559 492 905 976 548 501 830 732 144 346 288 377 483 604 1060 691 505 569 494 172 591 412 751 296 565 704 954 583 638 1217 1039 1006 983 1077 346 146 691 1031 600 622 966 586 533 435 1131 423 994 429 789 474 1223 609 747 351 565 440 453 1008 587 635 1131 372 445 1003 475 670 668 53 636 437 1062 1019 956 404 822 621 670 523 423 1328 760 1099 307 919 1069 945 172 1016 1198 930 996 276 594 693 1183
145 144 906 715 638 146 615 163 358 297 505 136 375 0 233 209 403 711 154 342 244 199 118 531 769 226 148 471 382 291 92 235 627 226 655 805 670 166 194 367 386 223 116 407 451 219 590 836 306 320 849 886 737 616 711 208 293 378 665 525 397 634 214 212 109 838 95 625 54 428 342 886 241 395 150 249 66 189 633 229 316 792 235 93 648 120 330 463 421 459 202 799 827 617 742 645 650 339 152 64 995 390 724 67 545 735 713 392 641 869 558 717 618 335 677 832
350 350 863 896 737 351 609 329 289 483 429 345 141 233 0 442 635 498 385 575 468 420 351 764 883 417 363 692 597 108 210 197 453 361 594 956 661 369 427 410 203 451 279 617 316 429 640 895 464 510 1077 969 894 843 938 239 114 565 892 541 515 837 445 402 300 1013 286 853 287 652 387 1094 469 611 230 434 298 330 866 449 507 1001 274 306 866 336 537 569 188 548 317 955 936 825 527 740 608 537 382 283 1200 620 958 166 777 940 843 206 874 1071 789 881 399 480 660 1050
172 170 1017 559 583 172 663 193 492 256 620 163 583 209 442 0 205 900 57 138 67 127 100 322 687 211 148 272 251 486 252 389 821 243 743 739 770 174 29 418 572 38 235 283 638 165 651 866 308 261 640 890 608 408 503 334 499 309 457 566 361 501 76 208 202 686 204 416 156 265 400 734 105 258 311 173 150 273 425 137 258 642 379 171 449 154 231 426 628 502 260 726 808 475 949 656 775 197 94 162 845 208 516 277 335 593 617 578 432 727 365 582 826 345 728 665
308 307 1071 548 687 308 830 392 693 280 815 306 777 403 635 205 0 1105 261 68 220 231 284 151 758 288 287 218 165 689 456 594 973 431 926 633 825 296 211 599 777 216 387 190 786 245 677 848 349 264 486 845 632 278 362 537 677 276 321 734 505 345 191 297 356 668 365 275 348 115 585 549 174 158 465 338 337 390 244 210 263 460 511 336 353 308 205 560 824 530 457 614 745 312 1122 634 853 296 254 364 659 54 330 469 166 421 678 783 248 551 160 600 1004 379 894 470
844 844 1174 1204 918 845 642 731 457 982 437 838 384 711 498 900 1105 0 844 1039 904 909 827 1213 1061 915 854 1104 1090 419 648 519 617 721 520 1444 1043 864 894 632 328 897 777 1113 635 923 1079 1323 961 1009 1492 1414 1154 1263 1353 582 530 1064 1308 647 793 1335 924 900 795 1295 781 1278 762 1139 626 1591 952 1104 727 822 777 829 1315 939 1005 1498 756 797 1260 827 1033 810 331 1020 679 1446 1401 1322 489 1204 959 923 863 740 1699 1099 1406 651 1224 1438 1060 322 1325 1570 1265 1155 425 975 648 1543
149 147 996 587 577 150 631 148 441 265 573 138 526 154 385 57 261 844 0 195 95 132 60 379 690 208 128 319 289 429 195 334 773 206 702 765 751 158 53 381 515 69 197 320 593 170 642 867 307 276 694 898 627 461 556 282 446 329 510 534 345 543 101 201 166 713 165 470 102 312 361 782 134 298 269 159 100 247 482 153 272 689 343 132 496 124 257 412 570 495 216 754 822 519 896 660 749 214 78 104 893 260 573 222 392 638 624 521 490 773 421 603 772 344 695 716
262 261 1061 530 637 262 766 323 625 267 747 258 717 342 575 138 68 1039 195 0 153 188 224 193 717 259 239 204 185 624 391 526 929 363 859 673 813 253 148 533 711 147 339 215 743 211 674 861 334 258 524 867 604 302 393 470 623 283 349 670 444 399 139 264 306 654 313 304 287 159 518 614 131 183 418 272 277 353 293 174 256 524 471 283 363 257 204 502 763 524 389 657 772 369 1071 647 834 240 199 299 725 92 383 409 207 481 640 717 300 613 228 574 951 368 831 537
235 234 1083 495 519 236 617 175 476 323 594 226 607 244 468 67 220 904 95 153 0 195 154 309 620 279 212 226 303 498 264 385 868 210 706 796 836 240 96 379 577 30 292 336 688 233 719 934 376 327 609 956 541 375 470 325 537 372 424 520 304 544 142 276 259 621 259 386 195 303 364 767 168 308 364 121 195 336 411 204 323 676 437 226 403 214 292 366 648 570 238 782 872 516 986 723 839 129 158 185 878 240 502 310 320 631 549 583 421 764 378 515 861 413 682 691
76 76 894 681 706 76 759 273 544 133 686 76 559 199 420 127 231 909 132 188 195 0 98 378 814 84 57 376 182 490 279 427 742 336 823 636 646 64 99 508 586 165 156 209 555 38 523 740 180 144 712 767 735 490 582 386 449 199 538 663 477 436 58 83 126 808 137 493 153 231 487 686 57 195 233 289 135 164 475 29 140 593 282 113 546 83 134 544 609 374 338 626 690 418 891 531 656 325 59 190 796 203 562 258 393 536 744 592 480 671 373 708 774 217 824 633
91 89 936 648 630 92 664 178 447 224 588 79 492 118 351 100 284 827 60 224 154 98 0 416 747 160 73 372 276 408 185 332 720 242 725 732 691 103 78 412 500 126 137 304 538 130 585 815 257 239 739 850 687 508 603 289 401 296 557 568 395 531 97 150 105 774 105 515 64 314 390 778 126 287 211 213 52 187 517 125 235 685 283 72 549 64 232 462 539 440 241 723 778 511 850 611 688 274 39 93 889 272 608 185 429 630 682 506 524 765 440 663 728 293 728 720
453 453 1215 457 669 453 863 483 780 430 885 451 905 531 764 322 151 1213 379 193 309 378 416 0 711 439 431 164 303 805 570 695 1121 506 976 715 970 443 337 657 886 318 531 320 934 395 818 973 498 412 335 958 559 136 213 633 816 416 175 771 533 403 331 447 499 566 506 128 477 233 647 546 321 292 610 404 468 540 102 359 412 470 660 476 225 450 352 575 950 674 542 693 851 366 1264 762 1002 326 392 483 649 198 194 599 15 449 629 892 111 562 142 525 1144 528 925 449
839 837 1674 308 149 840 432 605 654 943 624 827 976 769 883 687 758 1061 690 717 620 814 747 711 0 896 819 554 902 831 710 691 1336 546 577 1390 1435 849 715 481 838 649 869 933 1189 852 1333 1554 995 946 740 1575 188 628 658 643 993 988 640 414 374 1098 763 891 844 308 837 650 750 872 501 1256 787 901 919 534 763 932 753 825 943 1181 1004 810 546 811 906 314 987 1186 581 1372 1487 1062 1375 1343 1419 492 768 710 1356 805 803 804 708 1158 82 842 768 1273 852 217 1248 1032 454 1155
81 83 811 765 786 80 822 337 583 71 730 92 548 226 417 211 288 915 208 259 279 84 160 439 896 0 88 455 187 501 316 462 689 402 875 581 563 61 183 569 600 249 137 203 502 49 439 659 98 95 775 690 819 560 649 430 424 152 606 727 553 420 141 15 122 891 137 560 195 255 547 676 130 203 201 367 176 107 531 86 91 584 226 133 621 110 123 620 600 290 398 574 618 408 851 452 577 409 130 239 783 249 614 269 455 523 828 605 533 654 410 793 740 135 885 635
24 23 870 707 704 24 733 249 501 156 646 19 501 148 363 148 287 854 128 239 212 57 73 431 819 88 0 414 236 436 234 381 690 314 789 667 624 29 119 481 533 182 100 259 504 70 513 741 184 175 763 777 753 537 630 346 392 233 586 639 468 486 100 77 69 834 79 542 109 288 459 738 112 249 179 286 90 125 529 86 171 645 235 57 588 27 181 536 551 367 310 659 706 469 835 537 626 339 54 152 847 261 617 203 446 587 753 538 534 721 431 728 718 219 797 688
439 437 1264 330 505 439 706 378 655 471 746 432 830 471 692 272 218 1104 319 204 226 376 372 164 554 455 414 0 380 713 484 587 1092 383 824 846 1016 436 298 514 784 249 507 407 910 406 878 1063 537 462 389 1063 415 158 250 522 764 486 204 616 377 545 318 457 473 451 476 175 421 332 508 709 324 375 583 281 419 538 239 369 460 630 649 443 177 424 408 414 869 728 425 827 963 509 1213 848 1032 184 364 412 813 271 320 536 166 604 472 790 253 722 299 383 1087 571 766 613
247 247 912 710 815 246 915 438 723 144 861 252 732 382 597 251 165 1090 289 185 303 182 276 303 902 187 236 380 0 672 461 609 868 493 991 494 668 227 237 669 769 283 320 32 682 167 515 683 208 119 627 683 789 437 515 564 611 113 478 818 608 255 188 201 297 832 310 432 336 76 650 503 154 15 388 422 318 293 377 152 120 410 409 293 517 263 65 670 783 371 505 479 587 235 1037 469 704 416 237 369 613 111 450 439 317 354 825 774 376 489 234 758 927 231 980 452
427 426 962 880 682 428 521 336 198 570 328 420 144 291 108 486 689 419 429 624 498 490 408 805 831 501 436 713 672 0 235 145 514 349 492 1056 766 448 477 349 100 487 365 695 403 505 748 1003 558 596 1103 1077 864 870 963 207 208 653 917 461 479 920 505 486 379 991 365 882 343 720 329 1174 533 686 328 438 358 424 908 520 592 1081 380 378 882 408 616 524 164 655 302 1054 1042 905 547 846 709 544 444 324 1283 680 999 233 817 1022 800 104 917 1155 847 854 419 578 567 1124
234 233 975 690 572 235 526 120 268 387 414 224 346 92 210 252 456 648 195 391 264 279 185 570 710 316 234 484 461 235 0 148 647 165 562 896 745 255 246 281 320 252 206 488 485 304 676 924 398 408 872 976 697 638 732 116 301 466 686 437 335 715 280 302 201 810 187 650 125 498 256 964 311 473 224 224 144 280 673 308 404 870 308 182 657 207 413 397 385 549 129 890 919 696 737 736 717 326 224 93 1074 453 764 95 582 815 660 326 682 950 616 681 610 428 587 904
380 379 1049 736 543 382 422 212 124 533 274 371 288 235 197 389 594 519 334 526 385 427 332 695 691 462 381 587 609 145 148 0 646 209 431 1040 835 401 388 213 196 381 341 636 513 452 788 1041 539 555 977 1102 718 745 837 65 311 613 792 346 334 864 426 447 343 845 328 760 274 644 191 1111 458 620 336 307 292 412 796 457 551 1018 410 328 749 355 561 380 309 673 164 1034 1052 844 692 864 791 410 372 239 1221 595 887 206 706 963 657 202 806 1098 755 709 564 566 477 1050
667 668 562 1336 1189 667 1029 767 711 724 819 671 377 627 453 821 973 617 773 929 868 742 720 1121 1336 689 690 1092 868 514 647 646 0 809 975 1020 482 677 797 859 546 843 591 874 187 728 583 783 667 751 1454 891 1343 1227 1320 692 347 783 1275 975 968 1042 790 679 624 1457 618 1232 672 941 837 1287 800 884 512 867 673 583 1217 762 749 1205 463 651 1269 673 803 1022 390 602 766 1032 915 1046 214 735 384 964 734 690 1377 938 1302 567 1136 1139 1297 545 1221 1248 1099 1328 195 656 1069 1278
327 325 1131 536 412 328 424 66 274 466 384 315 483 226 361 243 431 721 206 363 210 336 242 506 546 402 314 383 493 349 165 209 809 0 499 971 896 343 256 175 406 218 335 525 650 371 811 1050 498 480 770 1091 534 542 632 144 462 535 587 327 172 744 307 392 316 652 306 558 219 507 157 975 340 501 376 103 236 405 604 359 476 883 461 285 540 297 464 237 512 673 46 960 1021 718 885 850 875 202 277 174 1086 447 693 258 516 836 495 411 615 970 588 520 756 533 488 901
794 792 1454 793 454 795 147 553 311 945 164 783 604 655 594 743 926 520 702 859 706 823 725 976 577 875 789 824 991 492 562 431 975 499 0 1456 1255 813 754 326 431 718 768 1022 893 855 1219 1472 961 963 1169 1534 712 971 1044 446 700 1021 1007 212 447 1244 803 862 764 855 750 991 680 1007 342 1473 837 1000 768 587 699 841 1063 849 959 1382 841 743 932 765 956 422 585 1104 486 1448 1481 1218 936 1295 1201 650 763 636 1584 946 1145 637 982 1336 599 432 1076 1470 1078 723 827 991 130 1396
662 664 758 1169 1309 661 1395 909 1163 511 1311 673 1060 805 956 739 633 1444 765 673 796 636 732 715 1390 581 667 846 494 1056 896 1040 1020 971 1456 0 595 642 719 1144 1156 773 700 461 873 602 445 385 502 493 947 306 1262 844 888 1011 915 436 867 1299 1100 316 666 594 697 1282 711 828 776 518 1123 381 634 491 728 912 757 633 733 612 497 355 688 714 938 691 508 1163 1113 432 974 27 190 353 1230 291 686 910 695 819 422 585 756 838 725 318 1311 1160 723 327 578 1230 1157 478 1460 447
602 604 247 1328 1308 601 1256 833 946 546 1091 613 691 670 661 770 825 1043 751 813 836 646 691 970 1435 563 624 1016 668 766 745 835 482 896 1255 595 0 596 741 1024 847 806 565 655 407 612 169 301 479 560 1294 411 1377 1103 1183 846 562 555 1145 1176 1067 730 704 563 591 1455 597 1099 684 742 999 931 692 680 522 901 672 504 1044 648 561 867 437 625 1175 627 619 1133 734 297 871 613 452 749 695 308 100 964 678 725 1000 773 1110 651 985 806 1373 849 1041 883 890 1352 660 446 1312 956
21 22 843 733 733 19 761 277 523 132 669 30 505 166 369 174 296 864 158 253 240 64 103 443 849 61 29 436 227 448 255 401 677 343 813 642 596 0 144 509 546 209 95 248 490 59 483 711 155 153 777 747 781 554 646 369 389 212 602 666 498 472 118 49 69 860 83 557 133 285 486 726 122 242 170 315 114 101 540 87 149 633 218 72 608 48 168 565 556 338 337 635 678 457 828 508 601 368 81 178 835 265 626 214 458 574 782 551 544 707 434 756 712 189 824 680
143 142 987 588 608 144 679 201 495 230 627 135 569 194 427 29 211 894 53 148 96 99 78 337 715 183 119 298 237 477 246 388 797 256 754 719 741 144 0 431 566 66 208 268 613 137 622 839 280 236 661 864 637 430 525 336 479 286 479 582 383 490 52 179 175 715 179 437 139 258 412 728 84 245 285 194 130 244 440 112 233 635 352 145 474 126 210 449 614 473 269 707 784 466 929 629 745 226 66 153 839 207 531 261 351 584 645 572 447 719 370 612 807 317 744 663
491 489 1248 571 332 492 252 234 182 636 232 479 494 367 410 418 599 632 381 533 379 508 412 657 481 569 481 514 669 349 281 213 859 175 326 1144 1024 509 431 0 362 391 483 700 725 542 957 1203 662 652 884 1251 531 668 750 179 524 707 709 158 160 919 482 558 470 668 458 687 378 681 24 1147 516 676 505 261 396 556 749 532 648 1056 588 444 646 460 638 183 506 826 171 1134 1187 893 894 1010 990 332 449 331 1257 619 834 373 664 1010 455 367 762 1143 753 528 767 695 315 1070
525 524 1031 921 688 526 485 407 183 670 273 518 172 386 203 572 777 328 515 711 577 586 500 886 838 600 533 784 769 100 320 196 546 406 431 1156 847 546 566 362 0 569 465 793 465 603 839 1094 658 695 1173 1171 892 942 1034 262 285 752 989 443 510 1018 597 585 478 1025 464 956 436 814 347 1272 626 782 428 503 452 525 988 616 692 1178 477 476 946 505 714 544 158 751 361 1154 1139 1003 540 942 783 607 537 413 1381 772 1080 331 898 1120 817 5 998 1253 937 886 418 678 523 1219
206 204 1053 525 545 206 633 175 477 294 600 196 591 223 451 38 216 897 69 147 30 165 126 318 649 249 182 249 283 487 252 381 843 218 718 773 806 209 66 391 569 0 263 315 662 204 689 905 346 299 626 928 571 393 488 322 516 346 442 536 326 528 114 246 231 651 232 402 172 289 375 756 141 289 337 139 170 306 420 176 296 665 409 198 426 185 267 390 634 540 241 760 846 501 965 694 809 159 128 168 867 228 512 290 330 618 579 575 429 751 376 546 841 383 698 683
79 79 806 785 743 79 731 269 465 205 615 80 412 116 279 235 387 777 197 339 292 156 137 531 869 137 100 507 320 365 206 341 591 335 768 700 565 95 208 483 465 263 0 339 405 154 476 720 198 231 863 770 820 636 729 322 294 287 684 641 503 558 200 122 33 911 32 641 118 380 458 814 212 335 78 336 106 73 630 181 227 721 145 65 683 82 258 569 463 343 316 696 713 546 735 529 555 409 144 161 921 359 718 138 546 661 808 470 635 792 528 798 618 224 793 771
268 269 897 737 848 267 947 468 752 150 891 275 751 407 617 283 190 1113 320 215 336 209 304 320 933 203 259 407 32 695 488 636 874 525 1022 461 655 248 268 700 793 315 339 0 689 190 499 658 208 123 638 655 818 456 531 593 627 101 495 850 640 227 218 217 318 858 332 449 362 87 681 479 185 32 404 454 344 306 388 179 125 385 419 317 539 287 80 702 803 358 536 446 558 209 1047 445 696 449 265 398 587 136 457 462 335 327 855 798 386 462 238 787 939 227 1011 432
481 481 566 1166 1047 481 923 601 600 538 729 485 296 451 316 638 786 635 593 743 688 555 538 934 1189 502 504 910 682 403 485 513 187 650 893 873 407 490 613 725 465 662 405 689 0 541 458 691 483 565 1267 788 1181 1042 1135 549 201 601 1090 857 816 865 604 491 439 1289 434 1046 493 755 701 1114 613 698 327 698 492 396 1030 575 564 1029 275 467 1087 488 616 875 333 443 610 882 792 867 367 600 328 791 549 516 1208 750 1115 397 949 964 1144 465 1033 1078 912 1164 283 475 970 1100
79 79 860 716 745 78 794 308 571 95 714 85 565 219 429 165 245 923 170 211 233 38 130 395 852 49 70 406 167 505 304 452 728 371 855 602 612 59 137 542 603 204 154 190 541 0 486 701 142 109 731 729 772 513 603 414 448 165 560 698 515 415 93 52 129 842 142 514 178 226 521 669 81 182 227 328 159 145 489 37 105 575 265 127 573 98 110 582 616 336 372 593 652 399 884 492 626 363 94 219 777 210 574 272 411 517 783 608 492 650 376 745 770 179 858 620
494 495 399 1200 1215 493 1200 745 908 407 1057 505 704 590 640 651 677 1079 642 674 719 523 585 818 1333 439 513 878 515 748 676 788 583 811 1219 445 169 483 622 957 839 689 476 499 458 486 0 255 345 416 1135 335 1259 953 1030 786 561 402 994 1113 976 561 579 443 495 1325 505 947 592 586 932 764 562 526 454 798 576 406 887 519 418 699 377 527 1030 522 473 1043 753 150 793 460 334 580 796 154 245 849 565 637 838 624 949 587 833 637 1266 842 883 718 730 1232 737 309 1260 787
725 726 384 1392 1444 724 1450 984 1162 611 1311 737 954 836 895 866 848 1323 867 861 934 740 815 973 1554 659 741 1063 683 1003 924 1041 783 1050 1472 385 301 711 839 1203 1094 905 720 658 691 701 255 0 560 611 1260 115 1463 1109 1174 1036 813 577 1144 1360 1210 632 791 665 734 1515 745 1099 830 741 1178 763 768 689 705 1026 814 647 1021 729 613 724 631 764 1195 755 658 1277 1002 377 1036 411 199 662 997 214 401 1063 789 876 807 794 1068 838 986 675 1483 1097 1015 710 859 1434 957 523 1510 818
171 173 727 855 885 170 914 432 662 68 811 183 583 306 464 308 349 961 307 334 376 180 257 498 995 98 184 537 208 558 398 539 667 498 961 502 479 155 280 662 658 346 198 208 483 142 345 560 0 88 830 592 914 627 711 514 446 117 671 820 652 390 235 106 197 981 211 624 284 284 639 646 217 223 234 466 266 133 581 174 88 556 222 219 696 202 147 719 636 194 491 498 524 387 846 353 503 506 229 330 748 301 658 336 514 492 925 663 581 617 443 887 743 36 977 620
174 175 806 786 845 173 903 417 676 28 821 184 638 320 510 261 264 1009 276 258 327 144 239 412 946 95 175 462 119 596 408 555 751 480 963 493 560 153 236 652 695 299 231 123 565 109 416 611 88 0 742 629 852 543 625 521 509 58 586 807 620 327 185 110 217 911 232 539 284 195 630 584 158 134 288 431 265 187 493 124 3 492 296 226 615 201 59 685 691 267 481 484 547 318 924 398 590 454 203 327 690 214 569 364 427 430 873 700 493 561 354 824 817 115 967 548
786 785 1535 432 766 786 1034 768 1039 762 1115 782 1217 849 1077 640 486 1492 694 524 609 712 739 335 740 775 763 389 627 1103 872 977 1454 770 1169 947 1294 777 661 884 1173 626 863 638 1267 731 1135 1260 830 742 0 1226 553 234 139 911 1140 738 185 957 730 637 663 782 830 474 836 224 796 552 882 655 655 614 942 670 790 875 249 694 742 618 995 804 238 780 683 746 1257 996 813 921 1112 603 1590 1059 1332 568 721 794 725 530 193 916 320 633 666 1179 252 694 406 522 1467 857 1087 549
763 765 494 1393 1473 762 1501 1025 1225 634 1375 775 1039 886 969 890 845 1414 898 867 956 767 850 958 1575 690 777 1063 683 1077 976 1102 891 1091 1534 306 411 747 864 1251 1171 928 770 655 788 729 335 115 592 629 1226 0 1472 1093 1150 1091 895 587 1124 1409 1244 589 814 699 780 1513 792 1081 874 733 1227 687 788 687 766 1057 856 696 996 752 632 659 698 807 1183 794 669 1310 1089 429 1081 333 117 623 1105 240 511 1083 820 920 719 791 1033 896 970 616 1501 1174 987 633 834 1441 1060 558 1563 753
775 773 1623 121 258 776 564 580 714 855 722 765 1006 737 894 608 632 1154 627 604 541 735 687 559 188 819 753 415 789 864 697 718 1343 534 712 1262 1377 781 637 531 892 571 820 818 1181 772 1259 1463 914 852 553 1472 0 458 477 660 996 886 464 518 384 958 679 817 791 143 787 480 706 747 545 1095 698 786 882 488 714 874 586 739 850 1025 963 756 371 751 805 348 1027 1108 577 1242 1376 921 1411 1249 1375 413 699 673 1191 683 627 785 553 1008 122 897 601 1117 702 34 1282 950 601 991
561 560 1348 346 612 562 845 535 814 558 901 557 983 616 843 408 278 1263 461 302 375 490 508 136 628 560 537 158 437 870 638 745 1227 542 971 844 1103 554 430 668 942 393 636 456 1042 513 953 1109 627 543 234 1093 458 0 94 681 908 551 48 759 524 528 437 566 603 443 608 22 564 370 664 637 434 427 714 440 559 655 127 475 542 571 772 575 95 553 483 552 1023 807 583 821 985 491 1358 899 1130 342 492 560 732 329 181 683 123 562 546 948 142 661 265 424 1234 658 903 533
654 653 1428 357 662 654 914 628 902 643 983 650 1077 711 938 503 362 1353 556 393 470 582 603 213 658 649 630 250 515 963 732 837 1320 632 1044 888 1183 646 525 750 1034 488 729 531 1135 603 1030 1174 711 625 139 1150 477 94 0 772 1003 628 46 832 601 571 530 655 696 432 702 88 658 443 747 643 525 504 808 530 653 746 155 566 625 588 864 669 116 646 565 622 1118 886 674 863 1039 535 1453 966 1215 430 586 655 729 411 155 778 198 589 578 1040 165 674 316 444 1329 741 969 536
349 347 1068 673 498 350 414 149 159 501 300 338 346 208 239 334 537 582 282 470 325 386 289 633 643 430 346 522 564 207 116 65 692 144 446 1011 846 369 336 179 262 322 322 593 549 414 786 1036 514 521 911 1091 660 681 772 0 350 579 727 329 278 820 378 417 317 785 303 695 236 594 155 1064 411 575 332 241 255 395 733 415 517 970 413 297 683 320 521 329 371 663 98 1004 1035 799 751 851 810 344 328 196 1174 542 824 199 644 917 604 268 744 1052 698 649 622 544 473 999
373 373 754 991 849 373 723 421 401 481 536 372 146 293 114 499 677 530 446 623 537 449 401 816 993 424 392 764 611 208 301 311 347 462 700 915 562 389 479 524 285 516 294 627 201 448 561 813 446 509 1140 895 996 908 1003 350 0 558 957 655 623 834 486 410 323 1111 313 916 344 674 500 1091 504 626 223 523 349 322 917 476 506 1001 229 341 940 369 547 679 198 490 420 917 874 827 450 676 501 623 424 353 1194 653 1007 227 830 937 951 287 923 1064 823 981 327 454 772 1058
233 234 799 814 891 231 959 473 734 82 879 242 691 378 565 309 276 1064 329 283 372 199 296 416 988 152 233 486 113 653 466 613 783 535 1021 436 555 212 286 707 752 346 287 101 601 165 402 577 117 58 738 587 886 551 628 579 558 0 591 862 670 275 234 167 275 937 289 545 342 186 686 533 204 124 339 481 323 237 488 176 62 442 338 284 629 259 81 735 744 258 537 427 500 270 963 363 594 496 258 384 637 222 558 422 431 379 913 757 486 507 339 857 860 129 1023 503
609 609 1390 346 635 610 878 582 858 602 942 605 1031 665 892 457 321 1308 510 349 424 538 557 175 640 606 586 204 478 917 686 792 1275 587 1007 867 1145 602 479 709 989 442 684 495 1090 560 994 1144 671 586 185 1124 464 48 46 727 957 591 0 795 561 551 485 612 651 433 657 46 612 408 705 640 481 467 763 486 608 702 136 522 585 580 820 624 93 601 526 586 1072 849 629 843 1014 514 1407 934 1175 386 541 609 731 371 164 732 160 576 559 995 148 668 290 430 1283 701 935 534
649 647 1395 589 271 650 97 390 265 793 209 637 600 525 541 566 734 647 534 670 520 663 568 771 414 727 639 616 818 461 437 346 975 327 212 1299 1176 666 582 158 443 536 641 850 857 698 1113 1360 820 807 957 1409 518 759 832 329 655 862 795 0 238 1064 634 716 629 662 617 780 536 824 182 1283 667 824 660 399 554 714 855 686 804 1194 742 602 720 618 791 210 600 984 329 1288 1345 1036 983 1168 1137 447 604 490 1393 759 935 527 776 1151 415 446 869 1283 880 525 861 853 162 1201
485 483 1303 412 240 486 330 234 339 610 386 473 622 397 515 361 505 793 345 444 304 477 395 533 374 553 468 377 608 479 335 334 968 172 447 1100 1067 498 383 160 510 326 503 640 816 515 976 1210 652 620 730 1244 384 524 601 278 623 670 561 238 0 844 436 545 481 515 472 544 385 603 167 1052 466 612 547 189 399 570 616 495 616 965 632 448 492 455 592 67 642 834 206 1086 1167 813 1027 1005 1047 211 423 342 1162 536 697 429 538 925 328 515 630 1056 645 376 898 687 393 967
493 493 948 859 1032 492 1161 691 979 355 1116 500 966 634 837 501 345 1335 543 399 544 436 531 403 1098 420 486 545 255 920 715 864 1042 744 1244 316 730 472 490 919 1018 528 558 227 865 415 561 632 390 327 637 589 958 528 571 820 834 275 551 1064 844 0 443 435 540 969 555 512 590 241 901 257 409 245 615 665 572 513 416 407 330 166 612 542 623 514 304 902 1019 458 759 292 474 37 1231 447 795 639 492 625 363 307 444 686 411 103 1017 1023 406 235 263 925 1132 391 1226 236
124 123 952 623 659 124 731 250 538 180 673 119 586 214 445 76 191 924 101 139 142 58 97 331 763 141 100 318 188 505 280 426 790 307 803 666 704 118 52 482 597 114 200 218 604 93 579 791 235 185 663 814 679 437 530 378 486 234 485 634 436 443 0 141 167 750 175 441 161 218 463 685 33 197 279 247 148 219 431 62 182 592 335 145 490 118 158 501 634 429 317 655 732 420 933 580 715 271 63 187 796 175 520 279 346 539 691 603 437 674 344 652 813 272 795 624
68 69 810 765 779 67 810 326 570 85 716 79 533 212 402 208 297 900 201 264 276 83 150 447 891 15 77 457 201 486 302 447 679 392 862 594 563 49 179 558 585 246 122 217 491 52 443 665 106 110 782 699 817 566 655 417 410 167 612 716 545 435 141 0 107 891 122 567 182 267 535 691 133 216 187 360 163 95 540 90 106 599 216 119 626 97 137 612 585 294 386 587 629 423 839 460 574 406 123 227 798 259 624 254 462 538 823 590 543 669 422 791 727 142 873 650
50 50 833 754 721 51 721 250 466 192 614 49 435 109 300 202 356 795 166 306 259 126 105 499 844 122 69 473 297 379 201 343 624 316 764 697 591 69 175 470 478 231 33 318 439 129 495 734 197 217 830 780 791 603 696 317 323 275 651 629 481 540 167 107 0 880 14 607 96 354 447 795 181 311 111 310 81 89 598 153 213 702 177 34 649 49 237 548 486 357 301 691 719 527 766 539 583 379 110 142 903 330 686 147 514 643 782 483 603 775 499 768 648 227 783 749
857 856 1702 126 400 858 707 690 850 918 864 848 1131 838 1013 686 668 1295 713 654 621 808 774 566 308 891 834 451 832 991 810 845 1457 652 855 1282 1455 860 715 668 1025 651 911 858 1289 842 1325 1515 981 911 474 1513 143 443 432 785 1111 937 433 662 515 969 750 891 880 0 878 462 802 780 679 1074 764 826 979 591 808 958 567 807 909 1013 1056 846 348 836 858 485 1155 1175 696 1260 1411 931 1536 1300 1460 502 780 774 1162 722 588 892 557 1005 259 1030 581 1102 706 140 1407 1016 742 967
63 63 838 752 712 64 708 240 451 207 600 60 423 95 286 204 365 781 165 313 259 137 105 506 837 137 79 476 310 365 187 328 618 306 750 711 597 83 179 458 464 232 32 332 434 142 505 745 211 232 836 792 787 608 702 303 313 289 657 617 472 555 175 122 14 878 0 613 87 366 434 810 191 325 106 304 74 98 606 164 228 716 178 33 653 56 251 539 473 368 290 706 732 541 758 551 587 377 115 131 918 340 695 132 521 657 776 469 611 790 510 765 639 240 770 763
565 564 1344 367 635 565 866 549 830 556 920 561 994 625 853 416 275 1278 470 304 386 493 515 128 650 560 542 175 432 882 650 760 1232 558 991 828 1099 557 437 687 956 402 641 449 1046 514 947 1099 624 539 224 1081 480 22 88 695 916 545 46 780 544 512 441 567 607 462 613 0 572 362 682 616 436 421 719 455 566 657 106 477 539 551 775 581 114 558 480 573 1035 802 598 805 972 475 1366 890 1128 359 498 570 710 325 159 692 114 543 568 962 120 641 250 446 1242 655 924 511
114 112 924 677 625 115 629 153 392 265 536 102 429 54 287 156 348 762 102 287 195 153 64 477 750 195 109 421 336 343 125 274 672 219 680 776 684 133 139 378 436 172 118 362 493 178 592 830 284 284 796 874 706 564 658 236 344 342 612 536 385 590 161 182 96 802 87 572 0 377 354 839 189 348 176 219 19 185 579 183 280 746 257 66 598 84 287 452 475 453 207 768 809 571 794 633 671 300 101 46 949 337 670 122 490 690 690 442 586 824 505 685 670 317 692 783
303 303 984 661 796 302 921 458 753 219 885 306 789 428 652 265 115 1139 312 159 303 231 314 233 872 255 288 332 76 720 498 644 941 507 1007 518 742 285 258 681 814 289 380 87 755 226 586 741 284 195 552 733 747 370 443 594 674 186 408 824 603 241 218 267 354 780 366 362 377 0 664 469 187 62 453 425 362 362 302 202 196 377 480 345 454 315 139 661 840 444 526 500 631 212 1107 529 780 400 276 405 580 67 374 489 247 328 792 820 300 462 159 715 994 307 985 406
468 466 1223 580 353 469 274 214 171 614 238 456 474 342 387 400 585 626 361 518 364 487 390 647 501 547 459 508 650 329 256 191 837 157 342 1123 999 486 412 24 347 375 458 681 701 521 932 1178 639 630 882 1227 545 664 747 155 500 686 705 182 167 901 463 535 447 679 434 682 354 664 0 1131 496 658 480 247 373 532 741 512 626 1040 563 421 645 438 618 197 487 802 149 1113 1164 875 875 986 965 325 427 308 1242 603 827 348 655 993 472 352 753 1127 740 540 748 672 338 1055
747 748 1124 983 1214 746 1380 928 1223 612 1355 754 1223 886 1094 734 549 1591 782 614 767 686 778 546 1256 676 738 709 503 1174 964 1111 1287 975 1473 381 931 726 728 1147 1272 756 814 479 1114 669 764 763 646 584 655 687 1095 637 643 1064 1091 533 640 1283 1052 257 685 691 795 1074 810 616 839 469 1131 0 653 491 872 887 822 770 510 656 587 93 868 796 729 766 558 1104 1276 689 995 354 572 269 1481 625 1008 841 739 871 111 528 489 941 548 153 1174 1277 495 54 411 1061 1386 644 1443 107
133 132 940 638 687 133 764 283 570 157 706 132 609 241 469 105 174 952 134 131 168 57 126 321 787 130 112 324 154 533 311 458 800 340 837 634 692 122 84 516 626 141 212 185 613 81 562 768 217 158 655 788 698 434 525 411 504 204 481 667 466 409 33 133 181 764 191 436 189 187 496 653 0 164 290 278 174 221 418 44 155 560 340 164 492 135 126 531 658 411 351 622 704 387 948 556 707 295 89 218 764 150 505 304 336 506 715 632 422 641 321 670 830 253 828 593
261 261 924 705 817 260 922 447 734 160 871 266 747 395 611 258 158 1104 298 183 308 195 287 292 901 203 249 375 15 686 473 620 884 501 1000 491 680 242 245 676 782 289 335 32 698 182 526 689 223 134 614 687 786 427 504 575 626 124 467 824 612 245 197 216 311 826 325 421 348 62 658 491 164 0 403 428 331 309 364 165 136 397 425 307 508 277 81 674 798 383 514 476 590 223 1053 476 718 418 248 381 601 104 436 452 306 342 824 787 363 477 220 755 943 245 986 438
157 157 755 853 788 157 746 314 458 260 609 159 351 150 230 311 465 727 269 418 364 233 211 610 919 201 179 583 388 328 224 336 512 376 768 728 522 170 285 505 428 337 78 404 327 227 454 705 234 288 942 766 882 714 808 332 223 339 763 660 547 615 279 187 111 979 106 719 176 453 480 872 290 403 0 394 171 102 709 257 285 780 85 140 760 161 324 613 404 337 349 726 720 606 658 528 499 476 222 210 977 436 796 133 625 718 863 432 713 847 604 861 542 250 806 835
304 303 1143 469 418 305 496 105 377 422 482 293 565 249 434 173 338 822 159 272 121 289 213 404 534 367 286 281 422 438 224 307 867 103 587 912 901 315 194 261 503 139 336 454 698 328 798 1026 466 431 670 1057 488 440 530 241 523 481 486 399 189 665 247 360 310 591 304 455 219 425 247 887 278 428 394 0 229 397 501 306 427 796 477 275 443 276 404 254 599 653 143 899 978 637 961 819 891 105 237 185 997 361 590 301 413 752 472 509 513 885 492 468 833 503 560 808
95 93 913 682 639 96 648 169 411 245 555 83 440 66 298 150 337 777 100 277 195 135 52 468 763 176 90 419 318 358 144 292 673 236 699 757 672 114 130 396 452 170 106 344 492 159 576 814 266 265 790 856 714 559 653 255 349 323 608 554 399 572 148 163 81 808 74 566 19 362 373 822 174 331 171 229 0 170 570 165 261 728 249 49 596 65 268 466 487 437 225 749 791 554 799 616 661 305 85 64 932 323 661 132 482 672 701 458 577 806 492 692 676 299 711 766
101 102 748 832 810 100 805 339 537 159 687 110 453 189 330 273 390 829 247 353 336 164 187 540 932 107 125 538 293 424 280 412 583 405 841 633 504 101 244 556 525 306 73 306 396 145 406 647 133 187 875 696 874 655 746 395 322 237 702 714 570 513 219 95 89 958 98 657 185 362 532 770 221 309 102 397 170 0 634 180 184 679 120 122 710 123 227 637 506 270 388 630 640 505 744 455 502 461 178 230 875 354 719 207 555 616 869 529 637 744 517 850 634 154 866 736
551 551 1286 473 729 551 945 584 878 514 979 549 1008 633 866 425 244 1315 482 293 411 475 517 102 753 531 529 239 377 908 673 796 1217 604 1063 733 1044 540 440 749 988 420 630 388 1030 489 887 1021 581 493 249 996 586 127 155 733 917 488 136 855 616 416 431 540 598 567 606 106 579 302 741 510 418 364 709 501 570 634 0 454 493 446 755 576 220 550 434 653 1053 747 641 709 884 380 1364 816 1082 416 493 586 605 283 91 701 90 440 671 994 15 535 162 552 1245 608 1005 405
102 102 896 681 721 102 783 298 573 118 713 104 587 229 449 137 210 939 153 174 204 29 125 359 825 86 86 369 152 520 308 457 762 359 849 612 648 87 112 532 616 176 181 179 575 37 519 729 174 124 694 752 739 475 566 415 476 176 522 686 495 407 62 90 153 807 164 477 183 202 512 656 44 165 257 306 165 180 454 0 121 563 301 143 535 113 107 561 637 369 364 601 672 388 915 518 663 333 86 219 766 178 540 288 374 506 753 622 458 641 347 712 799 211 847 603
170 172 808 784 841 169 899 413 672 25 817 180 635 316 507 258 263 1005 272 256 323 140 235 412 943 91 171 460 120 592 404 551 749 476 959 497 561 149 233 648 692 296 227 125 564 105 418 613 88 3 742 632 850 542 625 517 506 62 585 804 616 330 182 106 213 909 228 539 280 196 626 587 155 136 285 427 261 184 493 121 0 495 294 222 614 197 59 682 688 268 477 488 551 321 922 400 590 451 199 323 693 214 569 361 427 434 870 697 493 564 355 821 815 115 964 551
654 654 1071 917 1133 653 1291 835 1130 520 1262 660 1131 792 1001 642 460 1498 689 524 676 593 685 470 1181 584 645 630 410 1081 870 1018 1205 883 1382 355 867 633 635 1056 1178 665 721 385 1029 575 699 724 556 492 618 659 1025 571 588 970 1001 442 580 1194 965 166 592 599 702 1013 716 551 746 377 1040 93 560 397 780 796 728 679 446 563 495 0 779 702 666 673 465 1018 1184 612 903 327 541 175 1396 567 940 755 646 778 203 436 439 847 473 65 1099 1184 432 92 330 991 1298 556 1355 94
211 212 670 931 873 211 826 399 530 268 680 217 372 235 274 379 511 756 343 471 437 282 283 660 1004 226 235 649 409 380 308 410 463 461 841 688 437 218 352 588 477 409 145 419 275 265 377 631 222 296 995 698 963 772 864 413 229 338 820 742 632 612 335 216 177 1056 178 775 257 480 563 868 340 425 85 477 249 120 755 301 294 779 0 211 824 225 343 698 426 274 434 689 661 609 628 466 415 554 285 294 969 475 840 214 675 715 946 481 758 838 637 942 522 226 884 842
51 50 868 720 688 53 695 219 450 204 597 42 445 93 306 171 336 797 132 283 226 113 72 476 810 133 57 443 293 378 182 328 651 285 743 714 625 72 145 444 476 198 65 317 467 127 527 764 219 226 804 807 756 575 669 297 341 284 624 602 448 542 145 119 34 846 33 581 66 345 421 796 164 307 140 275 49 122 576 143 222 702 211 0 619 30 238 516 495 387 273 707 743 527 788 566 618 345 83 112 905 314 665 145 490 644 747 481 582 778 485 733 668 251 758 745
612 611 1422 254 546 613 800 545 805 628 878 606 1003 648 866 449 353 1260 496 363 403 546 549 225 546 621 588 177 517 882 657 749 1269 540 932 938 1175 608 474 646 946 426 683 539 1087 573 1030 1195 696 615 238 1183 371 95 116 683 940 629 93 720 492 623 490 626 649 348 653 114 598 454 645 729 492 508 760 443 596 710 220 535 614 666 824 619 0 600 557 510 1040 882 585 915 1076 585 1389 983 1197 339 539 588 822 406 257 713 214 657 466 952 234 755 359 337 1263 729 854 624
30 28 872 710 692 31 712 231 475 180 620 18 475 120 336 154 308 827 124 257 214 83 64 450 811 110 27 424 263 408 207 355 673 297 765 691 627 48 126 460 505 185 82 287 488 98 522 755 202 201 780 794 751 553 646 320 369 259 601 618 455 514 118 97 49 836 56 558 84 315 438 766 135 277 161 276 65 123 550 113 197 673 225 30 600 0 209 522 525 379 289 684 726 497 814 553 625 338 61 129 875 285 638 175 465 615 746 510 555 749 455 727 695 236 776 715
188 189 865 734 811 187 888 404 679 81 820 195 670 330 537 231 205 1033 257 204 292 134 232 352 906 123 181 408 65 616 413 561 803 464 956 508 619 168 210 638 714 267 258 80 616 110 473 658 147 59 683 669 805 483 565 521 547 81 526 791 592 304 158 137 237 858 251 480 287 139 618 558 126 81 324 404 268 227 434 107 59 465 343 238 557 209 0 657 722 324 471 497 581 289 971 444 649 415 193 325 666 154 511 382 367 406 831 719 434 539 298 775 862 175 953 513
552 550 1368 395 175 553 293 300 366 677 387 540 668 463 569 426 560 810 412 502 366 544 462 575 314 620 536 414 670 524 397 380 1022 237 422 1163 1133 565 449 183 544 390 569 702 875 582 1043 1277 719 685 746 1310 348 552 622 329 679 735 586 210 67 902 501 612 548 485 539 573 452 661 197 1104 531 674 613 254 466 637 653 561 682 1018 698 516 510 522 657 0 684 902 267 1149 1233 870 1071 1072 1112 263 490 408 1213 594 730 492 579 981 276 549 667 1109 694 345 943 755 351 1016
537 537 897 1045 837 538 644 495 336 663 430 533 53 421 188 628 824 331 570 763 648 609 539 950 987 600 551 869 783 164 385 309 390 512 585 1113 734 556 614 506 158 634 463 803 333 616 753 1002 636 691 1257 1089 1027 1023 1118 371 198 744 1072 600 642 1019 634 585 486 1155 473 1035 475 840 487 1276 658 798 404 599 487 506 1053 637 688 1184 426 495 1040 525 722 684 0 689 466 1115 1071 1009 388 873 660 704 571 466 1381 808 1144 354 963 1122 960 156 1060 1251 978 1018 262 648 681 1235
350 351 541 1049 1071 348 1075 607 796 257 946 361 636 459 548 502 530 1020 495 524 570 374 440 674 1186 290 367 728 371 655 549 673 602 673 1104 432 297 338 473 826 751 540 343 358 443 336 150 377 194 267 996 429 1108 807 886 663 490 258 849 984 834 458 429 294 357 1175 368 802 453 444 802 689 411 383 337 653 437 270 747 369 268 612 274 387 882 379 324 902 689 0 659 439 387 470 806 192 343 699 417 499 776 477 814 467 689 547 1118 755 744 648 594 1081 725 158 1136 693
319 318 1103 581 442 321 423 67 238 465 359 307 437 202 317 260 457 679 216 389 238 338 241 542 581 398 310 425 505 302 129 164 766 46 486 974 871 337 269 171 361 241 316 536 610 372 793 1036 491 481 813 1081 577 583 674 98 420 537 629 329 206 759 317 386 301 696 290 598 207 526 149 995 351 514 349 143 225 388 641 364 477 903 434 273 585 289 471 267 466 659 0 965 1015 735 840 840 845 245 279 160 1106 468 731 224 552 853 533 367 652 988 616 564 711 524 487 925
655 657 781 1148 1293 654 1385 899 1157 503 1304 666 1062 799 955 726 614 1446 754 657 782 626 723 693 1372 574 659 827 479 1054 890 1034 1032 960 1448 27 613 635 707 1134 1154 760 696 446 882 593 460 411 498 484 921 333 1242 821 863 1004 917 427 843 1288 1086 292 655 587 691 1260 706 805 768 500 1113 354 622 476 726 899 749 630 709 601 488 327 689 707 915 684 497 1149 1115 439 965 0 217 330 1240 307 703 895 685 811 398 567 730 834 703 291 1293 1159 698 300 555 1209 1165 476 1449 420
696 697 581 1293 1391 694 1439 956 1176 556 1327 707 1019 827 936 808 745 1401 822 772 872 690 778 851 1487 618 706 963 587 1042 919 1052 915 1021 1481 190 452 678 784 1187 1139 846 713 558 792 652 334 199 524 547 1112 117 1376 985 1039 1035 874 500 1014 1345 1167 474 732 629 719 1411 732 972 809 631 1164 572 704 590 720 978 791 640 884 672 551 541 661 743 1076 726 581 1233 1071 387 1015 217 0 508 1129 197 550 996 746 855 609 692 919 845 862 498 1411 1142 876 518 723 1345 1072 492 1501 635
478 478 972 823 998 477 1133 667 958 346 1093 484 956 617 825 475 312 1322 519 369 516 418 511 366 1062 408 469 509 235 905 696 844 1046 718 1218 353 749 457 466 893 1003 501 546 209 867 399 580 662 387 318 603 623 921 491 535 799 827 270 514 1036 813 37 420 423 527 931 541 475 571 212 875 269 387 223 606 637 554 505 380 388 321 175 609 527 585 497 289 870 1009 470 735 330 508 0 1232 473 811 607 472 605 378 277 410 671 374 118 981 1008 370 253 226 888 1131 391 1198 233
814 815 750 1421 1225 815 1018 856 722 896 798 815 404 742 527 949 1122 489 896 1071 986 891 850 1264 1375 851 835 1213 1037 547 737 692 214 885 936 1230 695 828 929 894 540 965 735 1047 367 884 796 997 846 924 1590 1105 1411 1358 1453 751 450 963 1407 983 1027 1231 933 839 766 1536 758 1366 794 1107 875 1481 948 1053 658 961 799 744 1364 915 922 1396 628 788 1389 814 971 1071 388 806 840 1240 1129 1232 0 947 596 1064 872 801 1575 1094 1453 676 1279 1331 1347 536 1370 1445 1261 1400 128 840 1047 1465
523 525 504 1177 1237 522 1260 784 987 399 1138 535 822 645 740 656 634 1204 660 647 723 531 611 762 1343 452 537 848 469 846 736 864 735 850 1295 291 308 508 629 1010 942 694 529 445 600 492 154 214 353 398 1059 240 1249 899 966 851 676 363 934 1168 1005 447 580 460 539 1300 551 890 633 529 986 625 556 476 528 819 616 455 816 518 400 567 466 566 983 553 444 1072 873 192 840 307 197 473 947 0 395 851 582 679 692 580 868 657 775 510 1271 946 810 576 654 1220 882 318 1322 659
603 604 258 1334 1287 602 1213 814 897 572 1037 612 621 650 608 775 853 959 749 834 839 656 688 1002 1419 577 626 1032 704 709 717 791 384 875 1201 686 100 601 745 990 783 809 555 696 328 626 245 401 503 590 1332 511 1375 1130 1215 810 501 594 1175 1137 1047 795 715 574 583 1460 587 1128 671 780 965 1008 707 718 499 891 661 502 1082 663 590 940 415 618 1197 625 649 1112 660 343 845 703 550 811 596 395 0 963 680 709 1083 804 1153 621 1017 877 1362 785 1081 962 934 1352 566 474 1266 1026
362 360 1209 377 398 362 541 209 472 452 563 351 670 339 537 197 296 923 214 240 129 325 274 326 492 409 339 184 416 544 326 410 964 202 650 910 964 368 226 332 607 159 409 449 791 363 849 1063 506 454 568 1083 413 342 430 344 623 496 386 447 211 639 271 406 379 502 377 359 300 400 325 841 295 418 476 105 305 461 416 333 451 755 554 345 339 338 415 263 704 699 245 895 996 607 1064 851 963 0 286 274 950 332 502 397 332 717 420 613 429 846 434 389 936 543 604 755
77 76 924 653 655 78 700 214 487 189 627 69 523 152 382 94 254 863 78 199 158 59 39 392 768 130 54 364 237 444 224 372 734 277 763 695 678 81 66 449 537 128 144 265 549 94 565 789 229 203 721 820 699 492 586 328 424 258 541 604 423 492 63 123 110 780 115 498 101 276 427 739 89 248 222 237 85 178 493 86 199 646 285 83 539 61 193 490 571 417 279 685 746 472 872 582 680 286 0 133 849 238 582 216 406 591 701 543 499 726 407 674 751 265 764 682
159 158 963 650 582 160 583 108 354 308 495 148 423 64 283 162 364 740 104 299 185 190 93 483 710 239 152 412 369 324 93 239 690 174 636 819 725 178 153 331 413 168 161 398 516 219 637 876 330 327 794 920 673 560 655 196 353 384 609 490 342 625 187 227 142 774 131 570 46 405 308 871 218 381 210 185 64 230 586 219 323 778 294 112 588 129 325 408 466 499 160 811 855 605 801 679 709 274 133 0 982 359 677 125 496 723 652 418 594 858 524 653 675 363 646 811
855 856 1179 1077 1318 854 1489 1039 1334 717 1466 862 1328 995 1200 845 659 1699 893 725 878 796 889 649 1356 783 847 813 613 1283 1074 1221 1377 1086 1584 422 1000 835 839 1257 1381 867 921 587 1208 777 838 807 748 690 725 719 1191 732 729 1174 1194 637 731 1393 1162 363 796 798 903 1162 918 710 949 580 1242 111 764 601 977 997 932 875 605 766 693 203 969 905 822 875 666 1213 1381 776 1106 398 609 378 1575 692 1083 950 849 982 0 638 573 1049 650 260 1274 1386 590 131 518 1157 1483 743 1553 200
280 280 1019 601 728 279 856 401 700 232 828 280 760 390 620 208 54 1099 260 92 240 203 272 198 805 249 261 271 111 680 453 595 938 447 946 585 773 265 207 619 772 228 359 136 750 210 624 794 301 214 530 791 683 329 411 542 653 222 371 759 536 307 175 259 330 722 340 325 337 67 603 528 150 104 436 361 323 354 283 178 214 436 475 314 406 285 154 594 808 477 468 567 692 277 1094 580 804 332 238 359 638 0 365 454 213 391 726 777 284 524 170 652 978 329 921 456
639 638 1349 509 793 639 1023 675 968 591 1066 637 1099 724 958 516 330 1406 573 383 502 562 608 194 803 614 617 320 450 999 764 887 1302 693 1145 756 1110 626 531 834 1080 512 718 457 1115 574 949 1068 658 569 193 1033 627 181 155 824 1007 558 164 935 697 444 520 624 686 588 695 159 670 374 827 489 505 436 796 590 661 719 91 540 569 439 840 665 257 638 511 730 1144 814 731 730 919 410 1453 868 1153 502 582 677 573 365 0 792 181 447 722 1086 83 522 220 594 1334 682 1081 381
193 193 879 770 667 194 613 204 330 339 481 187 307 67 166 277 469 651 222 409 310 258 185 599 804 269 203 536 439 233 95 206 567 258 637 838 651 214 261 373 331 290 138 462 397 272 587 838 336 364 916 896 785 683 778 199 227 422 732 527 429 686 279 254 147 892 132 692 122 489 348 941 304 452 133 301 132 207 701 288 361 847 214 145 713 175 382 492 354 467 224 834 845 671 676 657 621 397 216 125 1049 454 792 0 612 789 753 337 708 922 624 767 551 361 672 891
468 468 1230 449 669 468 868 494 789 445 893 465 919 545 777 335 166 1224 392 207 320 393 429 15 708 455 446 166 317 817 582 706 1136 516 982 725 985 458 351 664 898 330 546 335 949 411 833 986 514 427 320 970 553 123 198 644 830 431 160 776 538 411 346 462 514 557 521 114 490 247 655 548 336 306 625 413 482 555 90 374 427 473 675 490 214 465 367 579 963 689 552 703 862 374 1279 775 1017 332 406 496 650 213 181 612 0 455 626 904 100 565 149 519 1158 543 929 449
595 595 1014 904 1102 594 1248 785 1077 458 1212 602 1069 735 940 593 421 1438 638 481 631 536 630 449 1158 523 587 604 354 1022 815 963 1139 836 1336 318 806 574 584 1010 1120 618 661 327 964 517 637 675 492 430 633 616 1008 562 589 917 937 379 576 1151 925 103 539 538 643 1005 657 543 690 328 993 153 506 342 718 752 672 616 440 506 434 65 715 644 657 615 406 981 1122 547 853 291 498 118 1331 510 877 717 591 723 260 391 447 789 455 0 1076 1125 427 135 307 975 1234 492 1312 149
773 772 1615 234 145 774 451 550 634 872 623 762 945 713 843 617 678 1060 624 640 549 744 682 629 82 828 753 472 825 800 660 657 1297 495 599 1311 1373 782 645 455 817 579 808 855 1144 783 1266 1483 925 873 666 1501 122 546 578 604 951 913 559 415 328 1017 691 823 782 259 776 568 690 792 472 1174 715 824 863 472 701 869 671 753 870 1099 946 747 466 746 831 276 960 1118 533 1293 1411 981 1347 1271 1362 420 701 652 1274 726 722 753 626 1076 0 821 686 1191 770 145 1220 962 483 1073
530 530 1031 926 692 531 488 413 187 675 274 523 172 392 206 578 783 322 521 717 583 592 506 892 842 605 538 790 774 104 326 202 545 411 432 1160 849 551 572 367 5 575 470 798 465 608 842 1097 663 700 1179 1174 897 948 1040 268 287 757 995 446 515 1023 603 590 483 1030 469 962 442 820 352 1277 632 787 432 509 458 529 994 622 697 1184 481 481 952 510 719 549 156 755 367 1159 1142 1008 536 946 785 613 543 418 1386 777 1086 337 904 1125 821 0 1004 1259 943 891 415 682 524 1225
556 555 1282 487 744 556 959 594 889 514 992 554 1016 641 874 432 248 1325 490 300 421 480 524 111 768 533 534 253 376 917 682 806 1221 615 1076 723 1041 544 447 762 998 429 635 386 1033 492 883 1015 581 493 252 987 601 142 165 744 923 486 148 869 630 406 437 543 603 581 611 120 586 300 753 495 422 363 713 513 577 637 15 458 493 432 758 582 234 555 434 667 1060 744 652 698 876 370 1370 810 1081 429 499 594 590 284 83 708 100 427 686 1004 0 521 156 566 1250 607 1019 390
728 729 1072 1007 1225 727 1380 920 1212 588 1347 735 1198 869 1071 727 551 1570 773 613 764 671 765 562 1273 654 721 722 489 1155 950 1098 1248 970 1470 327 883 707 719 1143 1253 751 792 462 1078 650 718 710 617 561 694 633 1117 661 674 1052 1064 507 668 1283 1056 235 674 669 775 1102 790 641 824 462 1127 54 641 477 847 885 806 744 535 641 564 92 838 778 755 749 539 1109 1251 648 988 300 518 253 1445 576 962 846 726 858 131 524 522 922 565 135 1191 1259 521 0 423 1082 1353 612 1444 146
449 449 1129 599 802 449 975 552 853 378 973 450 930 558 789 365 160 1265 421 228 378 373 440 142 852 410 431 299 234 847 616 755 1099 588 1078 578 890 434 370 753 937 376 528 238 912 376 730 859 443 354 406 834 702 265 316 698 823 339 290 880 645 263 344 422 499 706 510 250 505 159 740 411 321 220 604 492 492 517 162 347 355 330 637 485 359 455 298 694 978 594 616 555 723 226 1261 654 934 434 407 524 518 170 220 624 149 307 770 943 156 423 0 668 1146 465 1038 321
750 749 1598 90 273 751 576 563 710 827 725 740 996 717 881 582 600 1155 603 574 515 708 663 525 217 793 728 383 758 854 681 709 1328 520 723 1230 1352 756 612 528 886 546 798 787 1164 745 1232 1434 887 824 522 1441 34 424 444 649 981 857 430 525 376 925 652 791 768 140 765 446 685 715 540 1061 670 755 861 468 692 850 552 712 821 991 942 733 337 727 775 345 1018 1081 564 1209 1345 888 1400 1220 1352 389 674 653 1157 652 594 767 519 975 145 891 566 1082 668 0 1272 923 615 957
698 698 757 1293 1099 698 901 728 598 789 682 698 276 618 399 826 1004 425 772 951 861 774 728 1144 1248 740 718 1087 927 419 610 564 195 756 827 1157 660 712 807 767 418 841 618 939 283 770 737 957 743 817 1467 1060 1282 1234 1329 622 327 860 1283 861 898 1132 813 727 648 1407 639 1242 670 994 748 1386 830 943 542 833 676 634 1245 799 815 1298 522 668 1263 695 862 943 262 725 711 1165 1072 1131 128 882 566 936 751 675 1483 978 1334 551 1158 1234 1220 415 1250 1353 1146 1272 0 742 933 1363
205 207 693 891 921 204 947 467 690 100 839 217 594 335 480 345 379 975 344 368 413 217 293 528 1032 135 219 571 231 578 428 566 656 533 991 478 446 189 317 695 678 383 224 227 475 179 309 523 36 115 857 558 950 658 741 544 454 129 701 853 687 391 272 142 227 1016 240 655 317 307 672 644 253 245 250 503 299 154 608 211 115 556 226 251 729 236 175 755 648 158 524 476 492 391 840 318 474 543 265 363 743 329 682 361 543 492 962 682 607 612 465 923 742 0 1009 624
806 804 1522 692 343 807 64 550 370 952 251 794 693 677 660 728 894 648 695 831 682 824 728 925 454 885 797 766 980 567 587 477 1069 488 130 1460 1312 824 744 315 523 698 793 1011 970 858 1260 1510 977 967 1087 1563 601 903 969 473 772 1023 935 162 393 1226 795 873 783 742 770 924 692 985 338 1443 828 986 806 560 711 866 1005 847 964 1355 884 758 854 776 953 351 681 1136 487 1449 1501 1198 1047 1322 1266 604 764 646 1553 921 1081 672 929 1312 483 524 1019 1444 1038 615 933 1009 0 1360
699 700 1163 878 1118 699 1296 858 1157 577 1284 705 1183 832 1050 665 470 1543 716 537 691 633 720 449 1155 635 688 613 452 1124 904 1050 1278 901 1396 447 956 680 663 1070 1219 683 771 432 1100 620 787 818 620 548 549 753 991 533 536 999 1058 503 534 1201 967 236 624 650 749 967 763 511 783 406 1055 107 593 438 835 808 766 736 405 603 551 94 842 745 624 715 513 1016 1235 693 925 420 635 233 1465 659 1026 755 682 811 200 456 381 891 449 149 1073 1225 390 146 321 957 1363 624 1360 0
