0 461 389 1588 210 1581 41 1087 76 1228 1144 521 1367 445 624 1218
461 0 75 1136 645 2006 425 644 423 1604 1339 681 1372 897 162 758
389 75 0 1212 578 1931 352 719 356 1531 1282 620 1341 828 235 829
1588 1136 1212 0 1744 3139 1556 504 1536 2715 2316 1736 2114 1996 982 496
210 645 578 1744 0 1488 251 1240 222 1194 1230 669 1520 254 807 1402
1581 2006 1931 3139 1488 0 1605 2650 1647 512 1203 1455 1767 1287 2157 2709
41 425 352 1556 251 1605 0 1056 84 1242 1134 500 1341 486 587 1181
1087 644 719 504 1240 2650 1056 0 1033 2243 1906 1284 1796 1492 500 346
76 423 356 1536 222 1647 84 1033 0 1302 1216 584 1424 473 586 1181
1228 1604 1531 2715 1194 512 1242 2243 1302 0 697 989 1262 1059 1742 2262
1144 1339 1282 2316 1230 1203 1134 1906 1216 697 0 664 564 1240 1429 1827
521 681 620 1736 669 1455 500 1284 584 989 664 0 851 788 789 1274
1367 1372 1341 2114 1520 1767 1341 1796 1424 1262 564 851 0 1611 1401 1620
445 897 828 1996 254 1287 486 1492 473 1059 1240 788 1611 0 1060 1655
624 162 235 982 807 2157 587 500 586 1742 1429 789 1401 1060 0 595
1218 758 829 496 1402 2709 1181 346 1181 2262 1827 1274 1620 1655 595 0
