0 522 284 1481 1208 1033 1639 843 1052 1633 1246 187 1075 557 289 299
522 0 578 1896 1716 641 1467 1363 644 1319 1100 545 559 1066 806 407
284 578 0 1318 1331 904 1887 934 932 1834 1495 97 1064 560 369 177
1481 1896 1318 0 1345 2031 3078 1127 2069 3114 2692 1367 2329 1005 1236 1489
1208 1716 1331 1345 0 2224 2232 403 2247 2457 1913 1281 2275 807 967 1463
1033 641 904 2031 2224 0 1975 1835 40 1704 1650 943 446 1464 1257 760
1639 1467 1887 3078 2232 1975 0 2105 1955 475 392 1802 1590 2076 1844 1777
843 1363 934 1127 403 1835 2105 0 1860 2259 1749 892 1919 404 579 1076
1052 644 932 2069 2247 40 1955 1860 0 1678 1635 967 412 1491 1281 784
1633 1319 1834 3114 2457 1704 475 2259 1678 0 563 1765 1278 2144 1886 1693
1246 1100 1495 2692 1913 1650 392 1749 1635 563 0 1410 1305 1693 1456 1390
187 545 97 1367 1281 943 1802 892 967 1765 1410 0 1061 540 314 183
1075 559 1064 2329 2275 446 1590 1919 412 1278 1305 1061 0 1600 1351 888
557 1066 560 1005 807 1464 2076 404 1491 2144 1693 540 1600 0 269 720
289 806 369 1236 967 1257 1844 579 1281 1886 1456 314 1351 269 0 497
299 407 177 1489 1463 760 1777 1076 784 1693 1390 183 888 720 497 0
