0 134 1661 602 1542 1220 1658 60 389 270 1033 876 1614 714 371 959
134 0 1763 736 1535 1354 1730 169 271 401 1157 835 1742 831 504 893
1661 1763 0 1222 2984 1174 2560 1679 2034 1427 1535 1593 1650 1611 1373 1783
602 736 1222 0 1766 632 1509 585 982 337 584 1190 1097 440 231 1341
1542 1535 2984 1766 0 2005 1005 1490 1399 1653 1579 2354 1962 1384 1661 2370
1220 1354 1174 632 2005 0 1405 1191 1580 965 427 1778 547 683 857 1944
1658 1730 2560 1509 1005 1405 0 1597 1755 1602 1026 2527 1131 1075 1544 2616
60 169 1679 585 1490 1191 1597 0 397 264 988 937 1572 664 355 1019
389 271 2034 982 1399 1580 1755 397 0 658 1334 964 1924 993 753 970
270 401 1427 337 1653 965 1602 264 658 0 833 950 1395 561 108 1075
1033 1157 1535 584 1579 427 1026 988 1334 833 0 1763 589 344 734 1903
876 835 1593 1190 2354 1778 2527 937 964 950 1763 0 2284 1512 1036 192
1614 1742 1650 1097 1962 547 1131 1572 1924 1395 589 2284 0 932 1289 2439
714 831 1611 440 1384 683 1075 664 993 561 344 1512 932 0 483 1633
371 504 1373 231 1661 857 1544 355 753 108 734 1036 1289 483 0 1169
959 893 1783 1341 2370 1944 2616 1019 970 1075 1903 192 2439 1633 1169 0
